0
0
18
108
159
211
213
268
341
371
418
470
512
520
553
563
601
644
652
667
671
682
798
872
893
919
1004
1064
1110
1110
1111
1170
1182
1271
1312
1347
1467
1656
1682
1725
1761
1887
1931
1996
1997
2002
2026
2048
2063
2077
2105
2147
2180
2219
2271
2401
2499
2501
2641
2866
3008
3053
3073
3091
3096
3142
3156
3177
3258
3327
3359
3575
3617
3719
3731
3741
3771
3771
3812
3897
3962
3973
4055
4240
4423
4470
4565
4593
4640
4676
4691
4709
4718
4970
4996
4998
5048
5126
5197
5213
5356
5437
5439
5478
5514
5526
5577
5588
5626
5748
5913
5970
6148
6320
6347
6362
6371
6387
6406
6512
6570
6691
6718
6906
6998
7026
7062
7112
7140
7261
7350
7420
7446
7582
7621
7668
7770
7802
7815
7823
7848
7864
7876
8012
8020
8068
8139
8168
8209
8209
8237
8242
8436
8664
8676
8795
8949
9008
9021
9022
9067
9131
9199
9258
9290
9323
9335
9353
9381
9449
9569
9583
9631
9659
9660
9815
9837
9918
10004
10004
10059
10104
10107
10185
10251
10503
10625
10627
10628
10683
10719
10722
10777
10869
10873
10890
10919
10974
10992
11068
11070
11104
11107
11114
11172
11265
11403
11490
11548
11611
11623
11654
11655
11785
11902
11973
12042
12048
12053
12093
12103
12152
12198
12199
12244
12290
12370
12375
12385
12393
12517
12543
12588
12607
12644
12728
12817
12929
12958
12974
12992
13040
13107
13115
13485
13692
13762
13768
13918
14057
14169
14192
14224
14328
14397
14399
14438
14450
14532
14582
14652
14782
14945
15079
15141
15189
15217
15296
15469
15485
15498
15508
15517
15758
15948
15983
16029
16095
16130
16202
16402
16447
16565
16569
16610
16677
16698
16870
16912
16926
16953
17074
17103
17118
17127
17151
17185
17230
17256
17311
17359
17402
17423
17431
17443
17461
17494
17499
17600
17686
17716
17719
17735
17811
17870
17888
17893
17901
17939
17962
17992
17995
18223
18264
18310
18332
18346
18472
18473
18533
18555
18606
18773
18847
18875
18974
18976
19020
19034
19073
19103
19161
19335
19573
19607
19706
19780
19792
19844
19865
19877
19882
19941
20004
20175
20249
20322
20393
20455
20546
20745
20821
21020
21147
21197
21214
21231
21278
21297
21314
21340
21384
21529
21547
21580
21597
21747
21789
21848
21877
21913
21928
22058
22084
22125
22265
22297
22316
22398
22479
22540
22578
22598
22666
22848
23021
23032
23064
23189
23296
23384
23402
23491
23498
23550
23594
23657
23772
23813
24085
24092
24135
24138
24179
24183
24189
24192
24215
24220
24247
24285
24354
24443
24468
24631
24787
24853
24878
24977
24995
25041
25090
25143
25178
25192
25270
25315
25406
25479
25629
25650
25651
25715
25753
25849
25854
25856
25884
25885
25911
25991
26008
26052
26117
26159
26282
26492
26555
26578
26591
26612
26620
26622
26690
26707
26768
26800
26823
26866
26910
26929
27086
27179
27285
27317
27371
27375
27437
27533
27545
27546
27619
27623
27640
27727
27966
27979
28026
28030
28046
28103
28147
28177
28224
28229
28298
28324
28412
28435
28495
28514
28800
28873
28937
28956
28956
28984
29008
29030
29044
29056
29071
29082
29114
29153
29215
29220
29249
29335
29415
29418
29450
29610
29641
29722
29785
29982
29991
30000
30037
30072
30095
30231
30346
30364
30425
30451
30452
30466
30477
30560
30644
30682
30696
30819
30827
30867
30880
30928
31008
31132
31145
31219
31334
31372
31374
31395
31441
31456
31475
31624
31625
31680
31702
31816
31904
31905
31932
31941
31948
32003
32070
32243
32313
32425
32457
32492
32518
32521
32552
32571
32658
32663
32679
32795
32816
32833
32833
32856
32889
32903
32948
32950
33185
33225
33298
33413
33448
33452
33609
33653
33754
33764
33766
33784
33859
33933
33952
33952
33963
34000
34002
34051
34108
34114
34171
34203
34273
34295
34356
34394
34410
34423
34463
34464
34536
34571
34594
34598
34608
34774
34892
34893
34943
34970
35029
35070
35088
35095
35218
35321
35338
35368
35736
35745
35751
35822
35831
35952
35973
36073
36232
36275
36282
36305
36323
36326
36379
36430
36499
36524
36596
36604
36755
36758
36782
36784
36796
36845
36847
36904
36930
37027
37039
37062
37193
37201
37215
37307
37314
37429
37486
37492
37492
37655
37686
37726
37751
37801
37889
37917
37990
38008
38035
38056
38061
38068
38103
38105
38326
38334
38349
38381
38407
38440
38448
38578
38591
38681
38685
38690
38714
38741
38780
38785
38786
38914
38985
39046
39183
39184
39189
39210
39278
39491
39648
39777
39809
39973
39980
39980
40003
40011
40075
40080
40097
40129
40148
40217
40221
40236
40247
40255
40316
40362
40427
40445
40496
40508
40539
40550
40620
40643
40705
40719
40736
40737
40756
40771
40800
40840
40842
40931
40949
41113
41141
41199
41239
41247
41254
41255
41290
41392
41422
41422
41573
41577
41602
41618
41662
41670
41685
41706
41728
41731
41771
41821
41914
41986
42033
42289
42302
42307
42347
42480
42600
42628
42653
42701
42720
42781
42796
42914
42916
42933
42990
42997
43029
43082
43150
43221
43240
43269
43272
43344
43350
43367
43408
43440
43444
43453
43632
43700
43713
43726
43924
43941
43944
43986
44010
44052
44060
44064
44065
44111
44112
44114
44163
44185
44261
44272
44311
44323
44373
44438
44443
44487
44545
44615
44800
44818
44864
44898
44904
44933
44967
44986
44999
45071
45089
45120
45197
45206
45235
45278
45280
45314
45401
45522
45579
45650
45661
45663
45667
45677
45682
45696
45739
45760
45833
45863
45865
45889
45958
45961
46009
46165
46165
46188
46197
46207
46233
46328
46451
46461
46470
46475
46520
46663
46784
46815
46926
46980
47083
47123
47175
47212
47294
47425
47561
47572
47625
47676
47803
47845
47898
47904
48038
48128
48231
48234
48282
48296
48375
48392
48478
48545
48561
48580
48663
48701
48751
48773
48825
49017
49058
49349
49433
49496
49561
49721
49763
49777
49839
49965
49965
49972
50161
50220
50224
50254
50266
50597
50609
50640
50683
50713
50747
50758
50839
50845
51135
51207
51229
51251
51346
51368
51558
51653
51786
51833
51891
51913
51935
51971
51994
52064
52284
52344
52363
52370
52423
52521
52554
52574
52591
52733
52828
52904
52937
52939
53007
53050
53075
53097
53100
53101
53198
53202
53230
53331
53539
53613
53622
53685
53766
53806
53892
53938
54147
54171
54361
54364
54413
54437
54452
54499
54502
54594
54682
54693
54696
55054
55129
55163
55178
55189
55355
55563
55572
55579
55612
55617
55918
55922
55943
56035
56066
56134
56169
56259
56444
56566
56714
56916
57053
57058
57110
57143
57215
57215
57222
57290
57348
57356
57407
57445
57589
57788
57820
57825
57833
58033
58175
58206
58249
58282
58341
58351
58430
58513
58525
58549
58574
58575
58656
58680
58692
58709
58772
58807
58815
58837
58844
58853
58946
59133
59134
59196
59336
59360
59406
59455
59456
59457
59556
59678
59717
59740
59749
59799
59847
59860
59981
59989
59995
60289
60382
60385
60412
60466
60498
60615
60636
60658
60764
60793
60841
60870
60879
61007
61259
61267
61271
61428
61463
61483
61597
61706
61786
61806
61813
61966
62014
62061
62067
62114
62210
62213
62285
62358
62392
62423
62444
62479
62605
62652
62732
62850
62877
63001
63101
63148
63168
63174
63174
63251
63334
63395
63455
63479
63599
63599
63651
63678
63686
63721
63838
63879
63918
64100
64107
64381
64448
64468
64476
64484
64676
64679
64792
64816
64945
65113
65141
65224
65294
65397
65403
65532
65537
65608
65689
65738
65740
65818
65834
65894
65967
65967
66180
66253
66463
66570
66632
66720
66830
66877
66932
66937
66970
67000
67001
67010
67039
67141
67158
67211
67231
67380
67443
67616
67634
67650
67817
67820
68131
68240
68368
68389
68430
68496
68520
68694
68717
68876
68992
69002
69049
69109
69162
69272
69466
69484
69498
69556
69607
69717
69795
69879
69950
69965
69995
70062
70187
70322
70328
70370
70376
70388
70477
70521
70598
70618
70618
70713
70771
70779
70853
70869
70870
70946
71010
71115
71214
71255
71428
71454
71472
71485
71512
71622
71658
71695
71726
71801
71818
72021
72038
72191
72347
72391
72531
72630
72929
72957
72977
73103
73105
73308
73446
73530
73681
73768
73794
73797
73854
73905
73941
74106
74164
74215
74289
74341
74442
74456
74556
74567
74697
74736
74769
74795
74795
74917
74931
74953
75121
75235
75274
75328
75344
75413
75453
75465
75491
75520
75536
75543
75851
75869
75870
75994
76101
76102
76109
76274
76432
76443
76455
76649
76669
76822
76839
76870
76884
76889
76911
76913
76920
76930
77138
77142
77196
77244
77329
77411
77445
77477
77499
77746
77878
77932
77973
78030
78146
78184
78223
78366
78421
78462
78472
78501
78543
78550
78571
78663
78708
78809
78825
78837
78873
78956
79015
79124
79229
79591
79618
79668
79718
79722
79773
79848
79861
79937
79951
80009
80030
80197
80405
80469
80553
80666
80722
80847
80958
81021
81082
81082
81267
81271
81307
81409
81434
81468
81469
81554
81605
81680
81685
81750
81758
81767
81786
81846
82007
82107
82254
82417
82428
82430
82768
82782
82908
82938
82956
83111
83121
83266
83383
83385
83573
83591
83606
83689
83771
83806
83836
83895
83916
83973
84124
84166
84344
84347
84448
84452
84489
84567
84616
84624
84686
84701
84952
85027
85042
85131
85171
85172
85205
85231
85235
85242
85259
85353
85453
85473
85534
85671
85756
85802
85805
85838
85904
85965
86196
86273
86370
86460
86655
86696
86726
86782
86866
87003
87158
87164
87353
87455
87456
87484
87574
87628
87646
87770
87916
88055
88120
88230
88337
88347
88364
88379
88387
88476
88524
88572
88734
88976
88988
89226
89227
89308
89326
89446
89469
89666
89680
89848
89928
89998
90203
90226
90378
90395
90646
90664
90686
90725
90754
90872
90910
90978
90979
91021
91040
91079
91091
91129
91297
91389
91450
91539
91613
91661
91662
91931
91940
91996
92017
92022
92033
92098
92129
92212
92311
92383
92400
92453
92460
92476
92506
92532
92573
92618
92674
92977
93019
93029
93052
93131
93255
93257
93289
93315
93460
93475
93476
93481
93549
93558
93634
93722
93732
93819
93832
93860
93912
94120
94142
94211
94213
94388
94515
94552
94609
94623
94709
94868
94883
94969
95017
95064
95101
95181
95184
95186
95220
95236
95240
95621
95656
96042
96108
96179
96260
96272
96684
96757
96774
96785
96806
96825
96938
96964
97002
97087
97140
97206
97213
97243
97253
97276
97374
97378
97545
97588
97608
97615
97769
97826
97855
97857
97861
97929
98022
98024
98347
98348
98420
98459
98542
98652
98658
98679
98932
98978
99024
99167
99213
99287
99346
99409
99423
99428
99662
99740
99824
99963
100021
100053
100219
100221
100300
100440
100453
100486
100501
100548
100643
100647
100695
100698
100778
100916
100968
101018
101022
101084
101223
101265
101269
101324
101354
101364
101468
101493
101511
101526
101592
101607
101633
101646
101657
101914
101946
101966
101989
102008
102084
102163
102195
102251
102290
102371
102407
102407
102411
102524
102538
102641
102656
102716
102754
102906
102913
103071
103078
103125
103218
103255
103277
103301
103375
103418
103465
103470
103630
103787
104006
104096
104136
104148
104206
104225
104314
104526
104569
104669
104997
105050
105098
105101
105153
105240
105258
105297
105369
105388
105694
105805
106026
106055
106190
106290
106419
106469
106524
106586
106610
106839
106858
106955
107084
107131
107217
107350
107413
107452
107477
107562
107571
107608
107627
107653
107836
107901
107961
108009
108032
108038
108070
108242
108247
108341
108399
108412
108549
108677
108691
108703
108703
108741
108814
108889
108899
108991
109021
109025
109135
109409
109508
109717
109731
109735
109775
109795
109929
109960
110116
110270
110288
110303
110318
110426
110432
110440
110588
110637
110828
110868
110882
111067
111134
111153
111200
111203
111230
111293
111307
111459
111465
111475
111508
111524
111563
111623
111633
111642
111662
111670
111688
111796
111844
111935
112005
112031
112083
112177
112240
112262
112345
112452
112538
112583
112690
112704
112747
112999
113326
113415
113458
113556
113580
113927
113944
114082
114106
114121
114229
114240
114362
114363
114373
114490
114576
114662
114664
114682
114817
114880
115107
115114
115182
115238
115290
115320
115341
115343
115367
115404
115421
115576
115662
115684
115722
116166
116237
116322
116416
116851
116866
117132
117173
117496
117723
117725
117761
117850
117868
117896
117985
118034
118084
118104
118142
118265
118435
118452
118506
118774
118806
118822
119330
119452
119543
119620
119675
119682
120004
120061
120124
120213
120235
120395
120439
120464
120523
120559
120624
120643
120703
120793
120827
120865
120908
120942
120983
121010
121033
121167
121200
121251
121257
121493
121555
121572
121718
121793
121950
121994
122114
122175
122218
122230
122256
122557
122687
122816
123023
123072
123141
123441
123484
123558
123676
123687
123701
123760
123800
123835
124022
124151
124248
124306
124321
124374
124417
124422
124436
124464
124530
124561
124585
124715
124741
125000
125184
125199
125348
125441
125484
125485
125777
125845
125899
125982
126020
126058
126076
126124
126150
126221
126534
126538
126639
126674
126703
126743
126838
126932
126934
127121
127274
127485
127530
127670
127677
127748
127787
127907
127949
128014
128057
128158
128214
128372
128379
128523
128597
128707
128728
128771
128795
128909
129059
129113
129163
129181
129242
129510
129599
129844
129984
130157
130193
130250
130274
130314
130379
130581
130623
130692
130929
130952
130986
131117
131252
131319
131351
131353
131361
131383
131393
131487
131529
131549
131713
131782
131877
131884
132016
132092
132121
132139
132281
132297
132300
132599
132671
132766
133007
133035
133125
133174
133539
133709
133736
133810
133943
133985
134333
134355
134421
134440
134466
134476
134614
134641
134862
134871
134936
134950
135128
135161
135244
135269
135314
135334
135346
135355
135442
135473
135610
135776
135787
135826
135998
136055
136143
136260
136404
136446
136667
136681
136710
136776
136870
136872
136874
136973
136999
137059
137146
137242
137559
137660
137742
137762
137771
137821
137825
137831
137867
137895
137939
138132
138361
138409
138459
138551
138748
138778
138857
138979
139009
139118
139231
139251
139284
139312
139408
139463
139517
139738
139909
140151
140194
140429
140653
140729
141146
141296
141483
141827
141848
141885
141965
142272
142460
142461
142533
142564
142568
142639
142639
142871
143079
143141
143194
143303
143313
143576
143620
143688
143741
143807
144064
144081
144304
144321
144338
144354
144427
144469
144701
144725
144758
144780
144831
144846
145011
145064
145234
145279
145465
145672
145695
145723
145908
146038
146154
146168
146175
146240
146265
146285
146364
146399
146550
146583
146635
146646
146698
146803
146951
146982
146991
147097
147128
147165
147340
147367
147555
147610
147861
147883
147890
147957
147971
148055
148187
148243
148248
148273
148277
148419
148421
148725
148786
148810
148947
148964
148967
149028
149095
149214
149266
149278
149340
149579
149707
149718
149757
149827
149884
149953
150032
150058
150083
150149
150434
150441
150460
150462
150483
150601
150668
150677
150789
151001
151074
151171
151294
151511
151575
151627
151742
151756
151897
152059
152112
152120
152144
152243
152265
152491
152587
152702
152749
152798
152804
152851
152861
153086
153124
153222
153450
153579
153583
153684
154011
154122
154251
154311
154334
154509
154560
154839
154871
154920
154991
155001
155162
155189
155204
155237
155264
155339
155373
155504
155814
155827
156136
156229
156269
156291
156304
156511
156699
156886
156927
156928
156975
157133
157225
157252
157259
157397
157506
157624
157655
157660
157681
157714
157724
157777
157812
157952
158012
158059
158077
158085
158257
158413
158606
158609
158624
159253
159617
159659
159945
160021
160266
160656
160918
161045
161069
161197
161304
161382
161627
161875
161938
162025
162272
162475
162561
162594
162598
162620
162640
162670
162798
163086
163097
163203
163369
163410
163640
163726
163748
163789
163826
163844
163922
163947
163978
164041
164085
164133
164200
164280
164410
164519
164524
164643
164932
164962
165299
165519
165561
165564
165726
165733
165784
165827
165928
166010
166167
166313
166537
166632
166655
166880
167051
167174
167318
167591
167632
167677
167739
167862
167983
167991
168154
168219
168333
168465
168483
168495
168573
168759
168862
168900
168911
169311
169628
169826
169914
170116
170184
170204
170267
170271
170362
170374
170383
170419
170510
170745
170802
170819
170840
171029
171032
171156
171187
171188
171427
171645
171696
171756
172072
172096
172096
172119
172196
172346
172487
172567
172573
172616
172687
172767
172778
172941
173171
173282
173553
173576
173820
174038
174074
174217
174251
174410
174507
174578
174917
174965
174977
175192
175193
175221
175284
175395
175530
175553
175569
175711
175764
176083
176228
176237
176393
176394
176407
176572
176727
176747
176800
176965
177060
177123
177154
177167
177355
177402
177516
177523
177660
177912
178461
178554
178893
178979
179072
179160
179283
179373
179610
179714
179794
179823
180085
180190
180217
180261
180275
180355
180557
180571
180740
180907
181268
181314
181445
181450
181529
181572
181687
181838
182060
182119
182172
182361
182414
182642
182688
182836
182978
183018
183036
183056
183254
183381
183487
183800
183823
184063
184129
184206
184218
184325
184345
184442
184544
184659
184853
184910
184947
184962
185040
185070
185463
185607
185683
186143
186211
186309
186639
186999
187113
187149
187656
187657
187678
187718
187797
187878
188127
188297
188553
188658
189065
189243
189248
189296
189565
189651
189652
189790
190081
190145
190209
190266
190329
190548
190589
190729
191012
191297
191309
191365
191368
191420
191465
191716
192056
192100
192363
192967
192980
193196
193207
193240
193518
193994
194023
194175
194184
194329
194378
194561
194576
194699
194955
194967
195263
195343
195633
195697
195926
196000
196198
196264
196299
196385
196555
196636
196667
196750
196757
196891
197079
197088
197295
197407
197410
197482
198205
198720
198762
198837
198932
199185
199227
199686
199831
199896
199986
200059
200619
200770
200828
200975
201080
201239
201252
201399
201401
201703
201732
201837
201857
202101
202170
202220
202274
202339
202432
202566
202600
202695
202717
202872
203039
203141
203159
203346
203544
203563
203756
203773
203931
203948
203963
204008
204068
204096
204305
204312
204588
204702
204745
204797
204969
204992
205342
205377
205378
205684
205838
206023
206449
206609
206678
206728
206799
207034
207053
207514
207516
207609
207663
207900
208486
208682
208756
209006
209160
209621
209839
209854
209953
210129
210219
210233
210591
210607
210640
210900
211051
211262
211351
211573
211585
211651
211662
211662
211778
212272
212345
212421
212521
212835
213047
213198
213233
213237
213625
213836
214531
214658
214764
214872
215587
215621
215624
215968
216080
216333
216351
216871
217035
217090
217232
217579
218067
218145
218364
220093
220818
220831
220913
221034
221111
221127
221266
222069
222274
222480
222527
222660
222702
222807
222808
223059
223066
223075
223568
223593
223922
223992
224241
224324
224401
224429
224528
224669
224892
225067
225160
225203
225263
225334
225390
225506
225857
225869
226428
226429
226854
226919
226928
227372
227653
227663
227909
227915
228006
228183
228265
228332
228694
229065
229173
229766
229779
229937
230094
230733
230802
231009
231210
231346
231553
231917
232038
232211
232292
232402
232745
232905
233186
233404
233474
233501
233880
234157
234290
234375
234488
234706
235084
235227
235277
235384
235483
235597
235607
235781
235792
235913
236764
236947
237191
237263
237302
237435
237508
237738
237928
238300
238491
238615
238740
238802
239076
239650
239768
239840
239877
240369
240540
240722
240785
240865
240874
240948
241255
241277
241883
242043
242084
242089
242174
242385
242477
242672
242805
242821
242975
243553
243607
243626
243673
243679
243778
243992
244159
244390
244436
245269
245291
245494
246155
246296
246421
246513
246600
246765
246796
246908
247120
247827
247990
248155
248255
248340
249383
249608
249641
249825
250092
250780
250862
250970
251487
251578
251861
251873
252012
252192
252793
252923
253036
253303
253487
253550
254106
254175
254189
254655
254728
255271
255552
255610
255894
256055
256132
256215
256314
256675
256780
257199
257284
257437
257547
257559
257701
257813
258089
258385
259169
259314
259388
259697
259720
259949
260211
260281
260463
260522
260685
261536
261787
262568
262606
262800
262912
263241
263273
263379
263554
263659
263829
263918
264033
264034
264212
264613
264837
264905
265348
265624
266344
266439
266546
266859
267000
267179
267285
267457
267636
268238
268569
268613
268893
268903
269168
269548
270062
270659
270784
271458
271694
271961
272631
272884
273220
273719
273766
274744
274866
274905
275229
275475
275657
275928
275979
276125
276152
276369
276684
276857
277170
277250
277361
277492
277666
277680
278072
278518
279271
279769
279871
280034
280083
280141
280196
280207
280318
280321
280381
280425
280572
280715
280799
281637
281729
282031
282105
282187
282349
282548
282736
282836
282923
282963
283007
283338
283479
283515
283761
283774
283932
284123
284545
284769
284784
284884
284959
285097
285185
285244
285784
287019
287942
288143
288347
289399
290003
290254
290560
290591
290719
290840
291016
291303
291469
291570
291943
292200
292721
292926
294197
294287
294384
294599
295020
295383
295599
295841
295878
295998
296029
296232
296618
296959
298289
299149
299634
299932
299973
300216
300796
300870
301172
301484
301853
302116
302217
302348
303264
304036
304867
305055
305857
307310
307935
308128
308403
308530
308889
309055
309161
309565
309779
309802
310074
310093
311490
312128
312128
312456
312490
312506
313180
313899
314206
314760
315510
316655
316662
317512
318301
318453
318539
318885
319434
319650
320058
321049
321585
321707
321789
322061
322252
322909
324669
324883
324904
325604
325912
326170
326349
326731
327200
327523
327710
328071
328265
328311
328868
329506
329521
329797
329908
330199
330306
330475
330543
330607
330845
331295
331547
331724
333563
334219
335226
335736
336016
336105
337995
339579
339894
340010
341017
341252
341700
343012
343036
343817
344638
346060
347804
347932
348500
349044
349155
351079
351121
351194
351770
352213
354698
356175
357325
358833
359090
360274
362831
363835
365560
366153
366753
367036
368258
369029
369176
369735
370061
370434
372071
372977
373273
373390
374333
374448
375751
376223
376409
376781
377511
382696
383035
383363
383550
385000
385117
386806
386916
391379
393074
394681
396670
396722
396724
397233
398181
398906
400029
402292
402704
402850
405465
406814
407271
409457
410110
411878
415257
415465
418837
420737
421489
421636
422053
423534
423942
425830
427899
429037
430166
436027
438369
438570
439655
439896
440555
440630
440783
440833
441081
441793
443748
444189
444901
446775
447534
451535
451936
455032
472520
473338
474333
477388
480421
481462
485172
486612
490852
494585
496805
498309
503689
506802
511248
513283
516810
518211
520061
524847
536424
547771
549870
556104
571922
576814
581877
589792
593567
603437
