0
0
66
98
136
165
243
254
361
381
433
441
511
549
578
606
731
737
749
785
814
870
910
955
988
989
1002
1005
1072
1078
1085
1145
1171
1206
1388
1396
1481
1495
1512
1514
1525
1533
1538
1575
1606
1675
1700
1746
1769
1862
1885
1886
1970
1976
2010
2014
2023
2030
2059
2071
2088
2136
2171
2252
2270
2343
2437
2460
2506
2510
2537
2637
2744
2816
2857
2897
2920
2927
2994
3009
3069
3076
3091
3113
3166
3486
3646
3657
3668
3690
3713
3753
3821
3835
3859
3863
3908
4216
4280
4329
4332
4363
4366
4374
4410
4505
4524
4602
4777
4925
4927
4934
4949
4968
4978
5071
5096
5157
5181
5301
5356
5361
5417
5441
5471
5526
5585
5682
5732
5746
5851
5884
5945
5955
6201
6215
6224
6240
6252
6324
6462
6462
6547
6624
6668
6688
6741
6781
6796
6796
6818
6818
6828
6835
6849
6910
6928
6933
6999
7005
7022
7118
7150
7162
7300
7325
7421
7432
7442
7454
7482
7484
7740
7765
7796
7821
7827
7856
7866
7890
7971
7977
7993
8030
8092
8107
8120
8125
8196
8236
8290
8426
8452
8585
8604
8608
8612
8705
8760
8763
8865
8885
8901
8969
8990
8993
8994
9006
9015
9068
9142
9238
9279
9288
9310
9394
9430
9437
9493
9513
9527
9541
9645
9682
9719
9787
9843
9866
9908
9955
9980
10034
10078
10089
10114
10153
10203
10250
10300
10318
10405
10463
10560
10568
10616
10633
10649
10683
10714
10733
10736
10784
10848
10890
10902
10935
11015
11035
11062
11072
11119
11149
11217
11285
11333
11337
11342
11353
11356
11395
11426
11510
11511
11570
11594
11628
11642
11647
11667
11672
11686
11731
11746
11857
11898
11931
11942
11957
11960
12000
12150
12342
12401
12459
12508
12510
12539
12580
12611
12662
12676
12750
12780
12801
12861
12944
12948
12952
12954
12956
12994
13005
13131
13189
13219
13222
13317
13328
13477
13491
13515
13516
13566
13567
13578
13600
13620
13742
13761
13771
13772
13780
13802
13816
13831
13863
13965
14011
14023
14062
14069
14071
14112
14137
14155
14159
14166
14188
14194
14200
14203
14342
14351
14384
14405
14707
14746
14789
14886
14927
15000
15018
15073
15083
15107
15163
15173
15207
15231
15247
15258
15270
15308
15331
15453
15526
15559
15571
15589
15625
15629
15658
15693
15693
15737
15821
15825
15924
15957
15984
16014
16027
16031
16163
16215
16228
16233
16310
16364
16523
16557
16563
16597
16667
16728
16824
16848
16881
16951
16993
17049
17075
17144
17361
17387
17422
17496
17572
17601
17623
17662
17692
17746
17874
17911
17982
18060
18079
18217
18404
18426
18429
18441
18457
18475
18476
18573
18579
18653
18690
18691
18701
18717
18718
18736
18758
18784
18816
18950
18965
18983
19034
19077
19082
19110
19138
19154
19168
19191
19223
19282
19342
19374
19421
19465
19501
19544
19596
19736
19785
19833
19886
19921
19939
19960
19960
19973
20032
20131
20143
20150
20234
20255
20266
20332
20337
20359
20443
20557
20562
20585
20587
20598
20646
20709
20738
20744
20756
20844
20855
20874
20930
20984
21046
21050
21136
21191
21511
21561
21580
21691
21715
21730
21793
21895
21908
22008
22032
22233
22234
22378
22440
22449
22503
22522
22558
22560
22601
22621
22625
22650
22887
22937
23011
23082
23096
23200
23242
23243
23291
23401
23442
23552
23575
23688
23702
23761
23766
23809
23814
23825
23958
23969
23997
23997
24014
24175
24218
24228
24326
24406
24502
24583
24608
24640
24672
24686
24740
24810
24835
24870
24882
24932
24983
25019
25037
25075
25086
25098
25149
25277
25278
25364
25371
25378
25394
25401
25459
25460
25528
25550
25699
25736
25745
25807
25834
25895
25897
25920
26109
26114
26181
26205
26288
26311
26361
26368
26387
26422
26431
26527
26583
26636
26637
26722
26801
26818
26824
26832
26862
26888
26936
27050
27063
27065
27075
27084
27085
27216
27281
27293
27309
27373
27444
27667
27701
27705
27723
27750
27888
27965
28033
28051
28110
28137
28291
28314
28386
28393
28454
28480
28575
28596
28632
28646
28661
28677
28798
28805
28888
28897
28957
29099
29142
29213
29267
29276
29278
29345
29357
29399
29411
29459
29477
29486
29541
29542
29670
29717
29734
29744
29761
29779
29892
29949
30001
30004
30069
30078
30157
30163
30174
30358
30399
30404
30415
30487
30525
30625
30643
30748
30760
30765
30773
30878
30965
31141
31256
31256
31265
31305
31318
31454
31471
31491
31606
31710
31714
31723
31744
31777
31797
31807
31820
31826
31837
31893
31930
32024
32074
32140
32166
32294
32328
32356
32436
32436
32461
32512
32576
32653
32719
32795
32943
33220
33338
33348
33354
33456
33461
33567
33611
33706
33714
33739
33742
33745
33817
33827
33857
33919
33975
33981
34040
34052
34087
34209
34237
34269
34404
34456
34458
34535
34575
34604
34631
34822
34833
34903
34910
34912
34992
35018
35039
35040
35114
35357
35390
35428
35430
35512
35598
35771
35783
35886
36015
36330
36343
36350
36353
36490
36501
36565
36606
36665
36775
36802
36869
36930
36967
36973
37032
37070
37153
37164
37192
37208
37246
37358
37379
37403
37462
37707
37732
37735
37790
37874
37938
37940
38052
38065
38073
38151
38161
38221
38227
38373
38389
38401
38422
38469
38595
38613
38672
38726
38734
38808
38816
38837
38845
38893
39039
39047
39064
39099
39108
39132
39149
39174
39188
39276
39324
39355
39451
39479
39606
39673
39689
39699
39789
39871
39939
39989
40127
40151
40152
40164
40228
40285
40304
40318
40598
40605
40619
40668
40694
40730
40781
40784
40786
40824
40862
40894
40951
41036
41081
41186
41234
41269
41273
41349
41373
41400
41463
41468
41504
41561
41587
41633
41683
41696
41752
41760
41822
41823
41868
41941
42001
42025
42058
42065
42076
42086
42090
42116
42120
42129
42159
42183
42183
42201
42311
42312
42313
42608
42673
42717
42780
42801
42871
42894
42959
42963
43077
43083
43122
43138
43212
43261
43261
43306
43329
43383
43395
43406
43506
43602
43620
43672
43682
43687
43791
43828
43829
43890
43911
43925
43930
44019
44044
44066
44077
44140
44195
44208
44252
44373
44392
44435
44437
44448
44550
44553
44560
44616
44675
44714
44721
44761
44781
44841
44987
45098
45105
45176
45343
45349
45392
45441
45460
45483
45517
45577
45588
45781
45808
45830
45843
45926
45983
46155
46246
46264
46271
46390
46412
46492
46528
46551
46559
46689
46753
46753
46827
46830
46833
46922
46974
46977
47041
47092
47099
47121
47145
47174
47334
47338
47420
47486
47540
47565
47576
47589
47654
47680
47734
47747
47759
47799
47818
47819
47849
47888
47927
47973
48016
48053
48128
48156
48159
48200
48231
48419
48514
48531
48548
48552
48587
48639
48646
48874
48888
48905
49042
49069
49120
49150
49211
49284
49337
49340
49358
49391
49450
49489
49527
49643
49747
49817
49823
49834
49840
50010
50059
50063
50067
50076
50079
50105
50244
50255
50285
50337
50405
50503
50559
50703
50720
50736
50759
50760
50853
50873
50905
50931
50938
50970
51021
51031
51119
51216
51252
51313
51315
51363
51429
51443
51453
51480
51510
51550
51562
51581
51602
51613
51661
51708
51709
51888
51898
51927
51944
51980
51993
52018
52155
52160
52217
52224
52241
52263
52301
52344
52454
52470
52495
52519
52522
52608
52642
52686
52774
52777
52795
52836
52840
52947
52967
53031
53060
53147
53270
53304
53317
53342
53385
53404
53544
53584
53635
53674
53682
53688
53747
53751
53928
53997
54017
54023
54141
54167
54198
54307
54352
54461
54476
54497
54531
54535
54543
54620
54633
54653
54837
54891
54891
54900
55003
55007
55064
55117
55184
55207
55223
55254
55301
55441
55442
55494
55603
55705
55707
55721
55727
55895
56036
56166
56339
56685
56688
56748
56759
56818
56879
56948
57118
57185
57221
57240
57245
57292
57321
57325
57452
57460
57747
57851
57866
57867
57880
57967
57978
57980
58055
58061
58202
58221
58237
58357
58366
58525
58637
58647
58648
58651
58659
58695
58716
58787
58820
58854
58863
59001
59004
59038
59074
59115
59287
59304
59310
59313
59362
59387
59441
59446
59590
59636
59647
59996
60015
60041
60055
60073
60147
60162
60206
60318
60351
60354
60406
60433
60505
60553
60571
60602
60677
60693
60705
60740
60755
60756
60777
60820
60854
60979
61016
61074
61222
61224
61250
61514
61555
61566
61606
61608
61637
61683
61719
61743
61759
61765
61804
61842
61905
62008
62041
62126
62157
62217
62231
62258
62263
62318
62364
62384
62405
62464
62517
62588
62612
62677
62708
62710
62723
62759
62782
62794
62835
62844
62849
62850
62880
62886
62896
62960
62967
63000
63023
63066
63194
63205
63282
63447
63526
63640
63691
63749
63896
63922
63963
63969
64037
64066
64085
64097
64254
64261
64281
64362
64461
64481
64486
64577
64626
64629
64712
64717
64753
64825
64878
64936
64939
65046
65056
65098
65167
65172
65204
65212
65333
65406
65482
65492
65510
65583
65587
65611
65702
65705
65707
65761
65853
65854
65856
65894
65917
65987
66013
66018
66040
66077
66081
66140
66212
66282
66365
66400
66423
66541
66556
66611
66614
66677
66718
66741
66805
66922
66957
67000
67010
67036
67038
67219
67246
67254
67317
67369
67387
67472
67675
67705
67801
67891
67914
67943
67948
67950
67951
67990
68019
68060
68104
68202
68240
68245
68297
68315
68343
68366
68440
68674
68703
68724
68864
69159
69360
69438
69651
69818
69873
69934
69962
70037
70047
70089
70279
70394
70395
70410
70419
70460
70499
70532
70576
70633
70653
70711
70762
70773
70802
70851
71299
71308
71322
71339
71418
71468
71478
71484
71587
71594
71705
71793
71866
72034
72118
72168
72225
72248
72331
72334
72360
72515
72566
72575
72578
72584
72616
72664
72692
72705
72729
72733
72784
72824
72834
73031
73042
73076
73104
73167
73251
73305
73321
73371
73417
73442
73506
73618
73621
73685
73698
73878
73924
74054
74171
74212
74236
74242
74270
74280
74430
74434
74505
74523
74559
74591
74643
74753
74774
74793
74799
74845
74903
74911
74979
75018
75048
75063
75154
75192
75289
75530
75548
75557
75603
75631
75637
75707
75773
75797
75873
75887
75914
75942
75982
75993
76100
76110
76192
76236
76323
76342
76358
76363
76364
76368
76393
76450
76501
76538
76597
76610
76644
76730
76754
76779
76930
76990
77021
77070
77082
77134
77171
77253
77257
77423
77433
77489
77514
77518
77544
77594
77647
77658
77896
77903
77983
78056
78255
78303
78313
78324
78339
78358
78370
78394
78479
78545
78562
78582
78666
78720
78751
78760
78762
78779
78942
78990
79015
79166
79193
79193
79219
79257
79282
79285
79350
79387
79434
79462
79469
79495
79569
79588
79595
79636
79720
79735
79749
79800
79817
79832
79902
80035
80040
80071
80142
80144
80392
80428
80443
80457
80470
80482
80524
80628
80867
80920
80933
81126
81141
81146
81188
81207
81347
81359
81428
81462
81497
81531
81539
81556
81584
81694
81696
81708
81798
81810
81943
82059
82128
82139
82218
82268
82318
82336
82381
82486
82521
82557
82585
82593
82704
82748
82750
82777
82982
83025
83087
83110
83232
83252
83328
83343
83420
83477
83626
83648
83772
83777
83788
83791
83857
83861
83907
84060
84126
84181
84190
84425
84554
84614
84743
84793
84814
84854
84901
84958
84978
85011
85030
85127
85127
85240
85260
85378
85418
85431
85611
85621
85737
85742
85888
85918
85972
86012
86142
86197
86230
86281
86281
86381
86488
86585
86611
86691
86856
86997
87035
87040
87073
87087
87107
87187
87199
87314
87358
87360
87390
87410
87412
87522
87540
87559
87665
87667
87678
88133
88212
88231
88266
88276
88342
88379
88508
88517
88560
88574
88620
88651
88653
88677
88755
88821
88845
88935
89105
89130
89203
89333
89427
89471
89559
89769
89847
89966
90061
90062
90097
90098
90253
90331
90367
90386
90406
90492
90527
90587
90615
90659
90690
90769
90782
90792
91103
91150
91344
91400
91403
91538
91563
91583
91608
91676
91692
91700
91727
91758
91798
91803
91988
91991
91991
92151
92177
92184
92227
92292
92297
92308
92341
92362
92400
92454
92823
92895
92918
93082
93101
93105
93226
93318
93455
93497
93520
93554
93648
93655
93804
93817
93881
93913
93999
94000
94034
94280
94331
94385
94390
94414
94428
94487
94495
94501
94506
94572
94671
94716
94797
94809
94844
94861
94933
94947
94951
94983
95023
95087
95089
95101
95121
95192
95212
95225
95326
95345
95433
95475
95725
95735
95874
95877
95890
95895
95907
95921
96008
96055
96072
96174
96270
96347
96484
96503
96566
96596
96859
96922
97015
97074
97173
97191
97240
97383
97422
97574
97609
97651
97736
98012
98127
98138
98150
98202
98220
98272
98493
98521
98699
98865
98946
98999
99059
99191
99262
99276
99443
99523
99524
99605
99623
99668
99687
99820
99822
99846
99905
99905
99941
99989
100173
100211
100222
100313
100343
100405
100483
100504
100512
100733
100793
100798
100805
100831
100861
100877
100884
100974
101007
101135
101136
101195
101206
101258
101321
101368
101376
101417
101437
101448
101569
101629
101635
101691
101695
101720
101733
101759
101813
101854
101908
101910
101965
101993
102001
102011
102163
102222
102222
102468
102601
102811
102846
102854
102873
102896
102934
103023
103101
103158
103192
103280
103381
103444
103449
103498
103627
103697
103769
103898
103907
104047
104056
104057
104071
104146
104163
104163
104266
104299
104342
104446
104514
104582
104625
104650
104658
104662
104736
104825
104875
104900
104936
105017
105136
105184
105224
105233
105314
105364
105485
105591
105614
105673
105688
105775
105831
105969
106145
106224
106252
106432
106663
106683
106716
106741
106842
106917
106930
106959
107035
107036
107125
107147
107200
107220
107340
107512
107531
107531
107549
107757
107758
107826
107865
107927
107931
107985
107989
108217
108225
108236
108237
108244
108379
108558
108560
108585
108722
108728
108757
108784
108817
108938
108945
108955
109021
109057
109070
109208
109261
109261
109404
109467
109584
109653
109705
109707
109745
109757
109843
109846
109923
110025
110029
110030
110062
110077
110168
110247
110263
110268
110301
110360
110364
110368
110395
110414
110448
110456
110531
110594
110614
110630
110778
110810
111006
111128
111221
111305
111351
111371
111429
111468
111712
111719
111749
111797
111861
111946
111959
111976
112036
112114
112148
112263
112271
112475
112600
112619
112722
112826
112986
113041
113048
113065
113106
113172
113176
113185
113198
113254
113316
113358
113378
113393
113446
113451
113454
113530
113628
113717
113767
113833
113948
113953
113960
114033
114055
114064
114086
114120
114135
114176
114211
114221
114259
114408
114421
114494
114632
114646
114838
114953
114957
115020
115029
115072
115218
115222
115259
115271
115336
115348
115410
115453
115490
115580
115711
115991
116020
116024
116091
116347
116369
116523
116533
116570
116594
116611
116636
116639
116715
116818
116850
116886
116949
116983
117104
117291
117345
117412
117449
117456
117636
117773
117776
117790
117848
117995
118001
118049
118299
118469
118481
118488
118543
118550
118592
118643
118670
118763
118913
118961
119014
119047
119185
119336
119467
119624
119660
119713
119743
119763
119806
119847
119980
120046
120061
120076
120079
120112
120127
120145
120183
120190
120293
120300
120349
120385
120554
120571
120642
120720
120724
120737
120737
120756
120788
120812
120859
120861
120982
120982
121294
121354
121390
121430
121433
121497
121886
122009
122018
122026
122215
122223
122278
122330
122390
122422
122651
122684
122729
122798
123015
123042
123119
123220
123232
123412
123424
123445
123531
123587
123656
123789
124191
124201
124222
124289
124347
124350
124493
124498
124510
124559
124714
124731
124733
124736
124972
125015
125042
125065
125114
125148
125149
125155
125210
125236
125237
125403
125417
125500
125518
125526
125608
125713
126079
126100
126159
126191
126201
126274
126282
126306
126346
126430
126452
126620
126757
126810
126954
126971
126989
127091
127155
127175
127297
127357
127368
127472
127587
127589
127625
127710
127756
127783
127852
127960
127963
128102
128243
128249
128299
128365
128552
128569
128571
128638
128681
128737
128763
128864
129370
129418
129420
129480
129542
129674
129689
129719
129971
129991
129999
130123
130173
130180
130200
130279
130288
130392
130455
130524
130605
130770
130783
130965
131017
131129
131144
131363
131394
131479
131879
132070
132147
132178
132179
132214
132467
132509
132577
132627
132668
132688
132722
132797
132835
132858
132866
133193
133213
133334
133354
133386
133527
133553
133562
133720
133817
133983
134065
134221
134242
134373
134593
134609
134645
134980
135024
135047
135123
135303
135452
135492
135851
136013
136116
136312
136327
136330
136383
136418
136426
136427
136435
136447
136528
136561
136636
136649
136660
136728
136890
136948
137260
137330
137417
137689
137871
137885
137913
137923
137981
138146
138270
138351
138401
138443
138452
138487
138520
138650
138817
139231
139240
139265
139301
139786
139856
139868
140110
140171
140266
140286
140314
140412
140414
140436
140520
140582
140592
140627
140973
141078
141284
141373
141458
141578
141593
141602
141638
141664
141705
141734
141751
141771
141846
141877
141891
142340
142352
142480
142596
142651
142780
142947
143083
143206
143318
143466
143717
143733
143789
143798
143815
143821
143886
143898
144044
144277
144340
144381
144759
144759
144855
144860
145203
145233
145276
145334
145478
145528
145681
145684
145686
145716
145745
145759
145812
145834
145970
146040
146078
146121
146129
146156
146324
146395
146482
146497
146518
146530
146576
146578
146689
146736
146800
146907
147137
147341
147371
147468
147473
147562
147577
147653
147762
147862
147929
147970
147981
148039
148073
148245
148271
148314
148436
148437
148650
148796
148885
148913
148944
149070
149070
149074
149112
149179
149228
149292
149494
149603
149716
149786
149828
149834
149848
150107
150107
150143
150199
150227
150277
150566
150569
150602
150763
150796
151263
151534
151557
151558
151634
151708
151811
151815
151869
151873
151961
151976
151979
152009
152010
152025
152233
152286
152397
152406
152451
152474
152561
152576
152688
152727
152731
152761
152769
152773
152821
152858
152869
152974
153007
153017
153038
153126
153265
153415
153615
153619
153620
153721
153852
154112
154129
154142
154262
154377
154416
154496
154689
154744
154749
154813
155262
155432
155440
155497
155581
155609
155628
155690
155761
155849
155983
156052
156154
156311
156383
156546
156572
156765
157003
157027
157055
157061
157280
157293
157339
157385
157422
157528
157642
157663
157790
157805
157963
158015
158304
158420
158613
158662
158726
158819
158827
158845
158918
158996
159063
159136
159180
159406
159444
159507
159751
159840
159841
160161
160389
160408
160452
160526
160892
160914
160958
161129
161253
161324
161542
161634
161754
161967
162078
162127
162129
162167
162318
162412
162640
162651
162676
162686
162807
163068
163212
163416
163425
163459
163472
163788
163985
164061
164138
164274
164316
164374
164591
164617
164618
164642
164666
164694
164701
164750
164775
164782
164799
164823
164915
164975
164983
165028
165169
165247
165302
165351
165365
165596
165677
165755
165856
166015
166028
166125
166222
166554
166679
166741
166788
166794
166851
166855
166958
166979
167374
167485
167715
167814
167905
167935
167998
168091
168190
168348
168442
168580
168606
168614
168619
168703
169214
169268
169347
169444
169789
169841
169994
170219
170223
170312
170335
170565
170607
170641
170747
171006
171166
171395
171402
171570
171622
171894
172024
172187
172218
172299
172368
172382
172572
172647
172707
172755
173178
173353
173388
173686
173746
173935
174076
174126
174141
174159
174342
174403
174448
174494
174509
174539
174572
174613
174662
174692
174975
174988
175007
175161
175497
175634
175740
175742
175922
176056
176168
176176
176189
176226
176257
176424
176824
176857
176916
176969
177044
177106
177113
177227
177262
177416
177433
177457
177532
177567
177657
177725
177749
177879
177917
178029
178057
178169
178180
178230
178261
178319
178539
178545
178658
178726
178787
179036
179081
179158
179190
179262
179488
179739
179760
179772
179807
179843
179983
180123
180139
180154
180249
180418
180578
180786
180992
181013
181093
181167
181214
181247
181317
181429
181545
181655
181779
181814
181906
181991
182257
182425
182485
182515
182614
182632
182645
182780
182848
182867
183049
183151
183154
183237
183262
183294
183314
183671
183733
183813
183831
183833
183850
184243
184275
184305
184523
184623
184752
184921
184970
185004
185105
185270
185316
185533
185595
185716
185719
185769
185821
185949
186180
186338
186397
186399
186407
186476
186627
186664
186841
186850
186932
187053
187100
187186
187320
187575
187618
187693
187836
187958
188117
188169
188220
188263
188452
188711
188825
189209
189358
189471
189474
189557
189685
189772
190110
190667
190952
190972
190990
191072
191615
192097
192119
192292
192333
192462
192516
192554
192753
192758
192813
192892
193007
193149
193307
193460
193749
193805
193871
194037
194105
194183
194184
194434
194498
194656
195118
195278
195341
195381
195461
195532
195588
195699
195790
195981
196107
196303
196308
196698
196743
196779
196855
197071
197128
197530
197578
197582
197651
197813
197971
197985
198032
198167
198184
198252
198390
198497
198551
198863
198884
198978
199425
199656
199989
200019
200068
200183
200215
200279
200697
200820
200856
201265
201418
201818
201874
202208
202250
202292
202293
202336
202514
202574
202643
202767
202770
202888
203052
203054
203149
203154
203236
203417
203445
203470
203614
203644
203698
203846
204087
204137
204423
204500
204643
204899
205309
205312
205316
205396
205456
205487
205715
205734
205753
205836
206111
206188
206254
206590
206651
206674
206730
206792
206872
207156
207190
207233
207378
207486
207571
207621
207764
207932
208106
208172
208237
208281
208559
208572
208681
208757
208825
209099
209120
209133
209184
209258
209325
209434
209496
209608
209905
209945
209957
210033
210084
210113
210693
210697
210792
210806
210913
210949
211586
211930
212143
212331
212445
212568
212870
212959
213090
213488
213677
213710
213907
214101
214191
214346
214569
214696
214723
214861
214955
214993
215118
215275
215566
215696
215858
216330
216394
216561
216663
216671
216699
217007
217023
217047
217093
217112
217159
217217
217228
217351
217365
217391
217575
218047
218216
218393
218746
218805
218981
219316
219550
219568
219795
219813
220107
220170
220367
220368
220638
220897
220966
221021
221036
221248
221261
221356
221453
221557
221585
221921
221929
221944
221992
222236
222326
222439
222446
222465
222640
222893
223014
223094
223097
223324
223418
223457
223606
223826
223905
224207
224212
224513
224661
224706
224730
224867
225238
225755
225842
225981
226122
226278
226565
226731
226937
227049
227079
227118
227151
227198
227211
227223
227253
227454
227694
228097
228289
228428
228587
228649
228700
228905
229184
229202
229212
229222
229517
229581
229910
229964
229979
230067
230140
230147
230260
230319
230421
230548
231081
231185
231375
231407
231418
232363
232386
232521
232614
232734
232752
232775
232834
233003
233012
233111
233171
233292
233380
233403
233439
233473
233865
233903
233907
233956
234007
234167
234307
234558
234579
234755
234863
234874
234954
235432
235693
235958
236082
236173
236338
236445
236580
236637
236721
236826
236908
237039
237166
237276
237367
237686
237775
237931
237969
238287
238339
238404
238722
238906
239616
239639
239973
240003
240081
240191
240238
240249
240747
241196
241378
241871
242193
242343
242379
242534
242641
242690
242729
242748
242782
243076
243129
243335
243543
243574
243590
243961
244022
244208
244251
244344
244346
244445
244562
245088
245159
245313
245394
245832
246098
246210
246222
246254
246822
246842
247225
247612
247782
248223
248365
248748
249095
249272
249440
249611
249896
249996
250084
250396
250605
250733
250861
250992
251329
251697
251718
252138
252185
252265
252519
252653
252850
252895
252926
253032
253120
253157
253238
253257
253435
253622
253661
253814
253837
253888
253967
254015
254120
254151
254558
255161
255530
255557
255593
255633
255727
255743
255979
256001
256032
256251
256440
256561
256744
256933
257110
257213
257454
257507
257682
258718
258733
258825
258962
259152
259353
259429
259752
259987
260410
260986
261050
261065
261121
261510
261581
261830
262038
262309
262330
262474
263076
263239
263284
263336
263458
264012
264063
264187
264281
264413
264424
264607
264892
265003
265302
265302
266382
266523
266656
266726
266838
266849
266995
267002
267041
267179
267340
267637
267958
268412
268587
268824
268842
269015
269428
270196
270358
270989
271014
271292
271370
271592
271847
271986
272400
272414
272560
272588
272918
273143
273267
273535
273723
273943
274136
274153
274943
275143
275777
276287
276432
276450
276641
277079
277297
277460
277596
277925
278047
278144
278513
278670
278738
278960
279165
279406
279432
279567
279619
279652
279702
279989
280214
280305
280418
280442
280764
280926
280985
281098
281768
281813
281930
281965
282002
282523
282940
282981
283136
283186
283372
283835
283930
284272
284288
284661
284752
284780
284958
286186
286358
286380
286657
286660
288152
288261
288436
288484
288863
289026
289349
289575
289866
289928
290060
290097
290289
290388
290401
290586
290852
291011
291399
291568
291692
291988
292345
292423
292488
292640
292794
293041
293095
293439
293728
293822
294168
294243
294362
294524
294581
294711
294721
295491
295712
296087
296492
296515
296588
297175
297659
297702
298248
298275
298477
298831
298965
299034
299097
299939
300255
300290
300467
300852
300905
300970
301116
302700
303131
303238
303638
304515
304558
304618
304675
305006
305132
305329
305493
305628
305924
306282
307108
307186
307284
307775
307847
307884
309804
309818
310116
310236
310373
310484
310591
311226
313239
313385
314441
314636
314959
315463
315948
315977
316856
317034
319525
319546
319799
320221
320589
321033
321831
322634
323046
323473
323642
324672
324795
325034
325077
325505
325658
325859
326506
327570
328053
328161
328440
328511
328757
328796
329394
329484
330596
330889
331503
332806
333067
333199
333914
334440
335774
335799
336102
336214
336470
336679
336851
337528
337545
337666
338788
338824
339968
340045
340504
340996
341867
342598
342909
342933
344161
344889
345676
347357
347384
347919
348310
348358
349159
349431
349527
351017
351274
351592
352070
352277
352625
352850
353035
353403
354740
355459
356535
356537
357046
357170
357278
358109
358333
359099
360043
360502
360993
362351
362531
362534
362629
362674
363602
363866
364520
365650
366307
366982
368375
369678
371883
372569
372704
372848
373015
373084
373772
374169
374931
376044
376243
376603
378144
379197
379791
380306
381309
381542
382576
383378
383967
385069
387553
390720
390955
391872
395077
395573
396681
398224
398941
399951
400023
400105
400164
400901
402331
402854
402908
403350
403692
403889
404419
404530
405490
407117
407783
408091
409142
409288
411137
413597
414778
416017
416165
418384
418598
420016
420267
421076
421541
422094
423052
425752
428921
430343
431017
431874
432529
434272
437164
440880
447059
447219
449403
451953
452037
453489
459786
467594
470100
471261
472945
475441
477250
477747
491254
491440
497423
514145
531292
537886
540293
541700
549969
550743
553866
621751
