0
0
67
118
262
389
911
996
1279
1354
1375
1435
1439
1514
1565
1762
1798
1885
1930
2087
2152
2236
2244
2372
2464
2729
2758
2779
3043
3142
3290
3305
3319
3340
3368
3439
3506
3564
3659
3691
3702
3732
3761
3780
3836
3858
3889
4066
4081
4224
4389
4734
4767
4936
4944
4953
4994
5162
5212
5258
5345
5348
5389
5425
5458
5466
5516
5559
5706
5725
5797
5867
5898
5966
5979
5999
6045
6222
6291
6323
6366
6429
6442
6596
6732
6754
6775
6793
6933
6995
7070
7097
7205
7205
7216
7226
7267
7315
7336
7403
7600
7641
7648
7772
8096
8160
8174
8244
8302
8324
8402
8409
8411
8752
8799
8816
8840
8859
8924
8943
9182
9252
9306
9327
9381
9442
9465
9469
9519
9560
9585
9611
9654
9751
9752
9837
9895
9900
10015
10052
10100
10105
10452
10679
10793
10892
10977
11035
11083
11249
11259
11377
11386
11553
11633
11742
11790
11814
11860
11899
11919
11939
11998
12022
12022
12252
12271
12298
12342
12476
12592
12717
12826
12834
12897
12913
12924
12956
13251
13264
13475
13526
13572
13626
13674
13790
13801
13901
13971
14025
14054
14118
14134
14135
14148
14169
14220
14245
14292
14315
14325
14416
14481
14504
14570
14746
14841
14949
15028
15198
15261
15393
15532
15600
15666
15714
15724
15883
15909
15927
15987
16070
16081
16143
16155
16158
16288
16331
16391
16394
16403
16524
16574
16598
16644
16714
16901
17064
17106
17297
17305
17359
17383
17472
17732
18030
18053
18155
18156
18505
18512
18545
18677
18731
18807
18900
19218
19296
19353
19585
19772
19788
19933
20041
20062
20116
20223
20699
20910
20940
20964
21174
21177
21273
21306
21378
21452
21466
21532
21597
21828
21841
21954
22080
22332
22334
22345
22401
22426
22486
22572
22648
22753
22840
23023
23218
23439
23494
23502
23553
23611
23684
23732
23916
23966
23986
24008
24032
24048
24148
24228
24229
24247
24295
24362
24417
24452
24639
24647
24694
24750
24779
24788
25079
25263
25293
25358
25410
25413
25627
25732
25856
25870
26094
26191
26259
26287
26310
26395
26431
26541
26593
26595
26699
26733
26756
26776
26834
26841
26869
26947
27018
27179
27202
27245
27250
27269
27423
27448
27532
27575
27605
27620
27629
27667
27692
27738
27744
27793
27803
27951
28261
28330
28336
28412
28827
28832
28852
28903
28969
29127
29151
29381
29596
29897
29967
29987
30205
30273
30354
30391
30417
30454
30530
30637
30725
30956
30988
31004
31006
31007
31053
31074
31188
31274
31329
31633
31706
31772
31776
31952
31956
31982
32002
32009
32141
32230
32269
32350
32355
32594
32701
32734
32745
33095
33227
33232
33257
33267
33276
33277
33292
33319
33422
33468
33470
33548
33560
33715
33768
33909
33918
34086
34096
34206
34238
34265
34268
34532
34537
34653
34674
34681
34860
35003
35013
35067
35077
35185
35343
35406
35463
35665
35671
35962
36067
36099
36172
36260
36295
36427
36434
36539
36553
36571
36585
36616
36669
36670
36680
36864
36911
36914
36952
36999
37008
37044
37078
37094
37438
37443
37490
37638
37676
37929
37995
38124
38215
38254
38254
38295
38325
38330
38389
38488
38641
38663
38693
38866
38880
39093
39132
39148
39237
39276
39315
39352
39361
39538
39604
39607
39652
39694
39858
39875
39934
40059
40129
40136
40307
40493
40675
40961
40994
41138
41164
41196
41351
41366
41398
41424
41593
41805
41840
41931
42010
42139
42234
42380
42406
42460
42524
42841
42859
42983
43002
43058
43065
43178
43267
43451
43526
43619
43755
43774
43779
43795
44028
44039
44043
44233
44303
44441
44443
44804
44806
45092
45114
45149
45178
45196
45265
45314
45354
45414
45486
45563
45723
45786
45992
46022
46106
46318
46321
46362
46385
46501
46574
46743
46791
46949
46963
47047
47118
47142
47334
47369
47505
47638
47655
47892
48265
48275
48357
48458
48490
48521
48616
48662
48679
48705
48724
48814
48918
48964
49081
49297
49574
49619
49648
49845
50010
50054
50226
50348
50520
50590
50625
50741
50771
51028
51088
51187
51205
51255
51267
51449
51505
51628
51733
51751
51837
51838
51975
52186
52191
52255
52301
52320
52352
52382
52448
52543
52578
52695
52713
52753
52780
52862
52966
52977
53193
53198
53242
53303
53353
53390
53509
53556
53590
53652
53654
53670
53870
54059
54097
54128
54369
54449
54632
54633
54820
54936
54997
55042
55051
55086
55103
55113
55262
55307
55345
55493
55511
55524
55561
55590
55765
55807
55893
55918
55924
55980
56038
56126
56176
56186
56228
56332
56405
56433
56451
56529
56538
56601
56773
56828
56881
56889
56894
57049
57113
57236
57271
57272
57300
57444
57647
57708
57875
57913
57926
57929
57937
57993
58288
58399
58478
58605
58626
58863
58973
59076
59090
59154
59163
59265
59315
59398
59457
59549
59752
59798
59927
59974
60076
60264
60355
60476
60587
60608
60615
60848
61045
61048
61162
61180
61218
61269
61342
61386
61391
61451
61555
61565
61583
61587
61675
61684
61777
61800
61936
61937
62026
62048
62057
62059
62268
62309
62363
62470
62609
62683
62690
62842
62988
63010
63098
63308
63334
63334
63348
63360
63511
63582
63584
63738
63883
63948
64063
64080
64280
64353
64517
64527
64603
64612
64703
64710
64793
64817
64969
65100
65422
65481
65579
65608
65687
66142
66159
66266
66412
66424
66691
66702
66772
66778
66888
66897
66910
66938
67081
67205
67362
67377
67632
67893
68087
68179
68386
68401
68513
68616
68678
68694
68754
68818
68839
68884
68942
69009
69011
69032
69097
69139
69203
69235
69297
69484
69603
69698
69787
69805
69815
70134
70141
70496
70592
70626
70663
70941
71005
71311
71341
71403
71414
71415
71437
71729
71937
72076
72109
72126
72170
72270
72402
72460
72473
72476
72514
72721
72932
72940
73118
73135
73151
73160
73271
73316
73762
73833
73849
73954
73968
74301
74351
74368
74518
74620
74863
74899
75187
75305
75531
75612
75629
75669
75686
75730
75762
75792
75809
75850
75895
75974
75975
75986
75996
76054
76145
76175
76208
76299
76468
76503
76606
76713
76761
76985
77044
77160
77215
77346
77592
77623
77801
77817
77851
77896
77908
77908
77928
78026
78044
78219
78294
78397
78487
78582
78613
78642
78658
78724
78776
78785
78848
78896
79002
79009
79108
79116
79158
79268
79342
79355
79491
79807
80264
80281
80329
80334
80607
80657
80751
80763
80876
80915
80935
81212
81362
81445
81518
81606
81755
81859
81889
82007
82069
82073
82296
82364
82378
82382
82430
82471
82592
82634
82843
83029
83080
83094
83121
83131
83138
83140
83315
83352
83383
83461
83526
83622
83696
84104
84300
84324
84332
84366
84413
84534
84677
84708
84764
84937
84943
84956
85097
85099
85137
85141
85167
85173
85560
85597
85670
85735
86030
86063
86066
86123
86167
86209
86232
86339
86406
86456
86464
86464
86615
86998
87048
87110
87337
87367
87373
87520
87525
87590
87792
87844
88114
88178
88183
88216
88594
88690
88774
89390
89439
89501
89594
89595
90170
90303
90345
90588
90732
90741
90873
90910
90930
90983
91026
91070
91152
91181
91201
91357
91362
91378
91777
92036
92223
92303
92443
92457
92464
92593
92674
92711
92822
92825
93011
93138
93211
93232
93257
93337
93588
93835
93836
93882
93942
94075
94146
94225
94357
94442
94509
94605
94622
94696
94748
94771
94992
95116
95169
95364
95389
95537
95555
95591
95862
95892
95940
95955
95992
96051
96057
96218
96260
96319
96371
96406
96498
96777
96777
96793
96831
96852
96888
97076
97240
97520
97612
97693
97731
97760
97765
97850
97942
97976
98040
98131
98204
98855
98934
98993
99048
99163
99247
99565
99817
99863
99905
100104
100225
100267
100275
100338
100450
100509
100776
100839
100910
100945
101188
101210
101576
101740
101981
101988
102169
102248
102388
102464
102486
102642
102645
102660
102705
102747
102774
102837
103073
103377
103401
103521
103654
103673
103689
103866
103949
104125
104210
104326
104388
104542
104593
104679
104717
104819
104866
104986
105076
105123
105314
105316
105339
105430
105434
105502
105522
105595
105812
106069
106112
106194
106369
106475
106560
106594
106619
106655
106791
106958
107046
107078
107394
107511
107676
107935
108130
108305
108387
108567
108632
108717
108902
108954
109113
109459
109677
109920
110051
110305
110519
110589
110653
110828
110849
110867
110930
111005
111027
111037
111096
111117
111272
111380
111422
111476
111861
112226
112337
112371
112453
112526
112592
112698
113468
113641
113906
113929
114074
114082
114139
114160
114699
115089
115097
115104
115418
115632
115801
116184
116265
116346
116416
116482
116516
116539
116578
116697
116831
116956
117839
117922
118000
118085
118249
118320
118397
118402
118503
118533
118692
118913
119075
119220
119455
120016
120187
120281
120340
120832
120975
121051
121064
121236
121289
121415
121949
122124
122149
122186
122712
122748
122935
122977
123343
123796
124069
124277
124515
124570
124736
124763
124776
125163
125182
125185
125193
125361
125386
125475
125570
125791
126099
126126
126213
126274
126311
126372
126390
126461
126591
126644
126716
126752
126772
126774
126795
126838
126952
127295
127374
127506
127638
127742
127810
127815
127847
127886
127886
128009
128029
128267
128626
128673
128739
128740
128803
128821
129007
129253
129360
129435
129553
129599
129645
129679
129965
130003
130058
130143
130236
130238
130435
130454
130475
130560
130662
130789
130858
131037
131202
131432
131458
131472
131694
131735
131845
131998
132510
132513
132626
132655
132762
132870
132995
133148
133608
133780
133944
134024
134411
134456
134577
134775
134789
134835
134856
134864
134871
134920
135158
135282
135282
135374
135424
135481
135609
135850
135946
136039
136362
136498
136519
136644
137325
137506
137787
137864
137884
138096
138432
138461
138516
138593
139141
139160
139271
139278
139444
139523
139935
139969
140000
140060
140198
140199
140473
140509
140688
140904
140916
140928
140978
140980
141028
141112
141214
141229
141283
141319
141324
141348
141388
141559
141726
141970
142262
142605
142931
142980
143087
143146
143151
143332
143678
143882
143981
144164
144176
144469
144689
144805
145002
145018
145188
145293
145301
145680
145767
145824
146003
146141
146146
146345
146363
146627
146750
146791
147050
147117
147398
147461
147464
147664
147774
147816
147867
148140
148205
148340
148383
148402
148510
148531
148687
148705
148727
148766
149055
149132
149361
149831
149879
149880
149942
149957
149992
150528
150569
150570
150607
150714
150963
151207
151387
151913
151919
152093
152110
152150
152164
152491
152506
152511
152589
152624
153047
153054
153195
153218
153510
153569
153583
153651
153720
153768
153830
153861
154123
154156
154166
154186
154474
154499
154551
154871
155398
155401
155497
155886
156034
156036
156056
156119
156169
156279
156568
156605
156799
156845
157146
157203
157235
157271
157517
157719
157843
158435
158448
158515
158882
159090
159404
159536
159863
159865
159921
160085
160166
160525
160600
160733
160880
161310
161320
161454
161488
161560
161796
161995
162054
162075
162131
162224
162412
162413
162501
162611
162905
162918
163006
163133
163268
163276
163400
163473
163501
163657
163658
163859
163873
163909
164150
164169
164233
164322
164856
165063
165155
165215
165298
165304
165643
165948
165995
166338
166535
166735
167062
167202
167296
167405
167494
167642
167702
167871
168011
168275
168570
168661
168870
168995
169224
169354
169455
169646
169798
169861
169977
170018
170243
170335
170469
170712
171333
171364
171402
171442
171533
171714
171938
173060
173099
173423
173924
174081
174195
174434
174600
174713
174815
174900
175103
175199
175415
175633
176067
176067
176361
176394
177090
177137
177196
177369
177378
177410
177632
177854
178084
178402
178415
178452
178939
179163
179366
179650
180097
180344
180348
180358
180602
180838
180950
181039
181068
181189
181224
181524
181914
181922
181960
182275
182295
183049
183279
183815
184352
184387
184393
184986
185159
185345
185421
185786
185839
185972
186000
186130
186165
186187
186265
186331
186455
186557
187083
187184
187247
187362
187776
187987
188323
188394
188759
189008
189505
190741
191017
191721
191746
191759
191778
192252
192372
192715
192889
192940
193401
193579
194002
194516
194748
194930
195051
196522
196638
196858
197667
197715
197726
197918
198359
198782
199148
199333
199611
199640
200116
200266
200274
200615
200818
201088
201115
201410
201462
201926
201954
202176
202182
202444
202572
202662
202745
202759
203262
203431
203454
203803
204114
204657
204767
205228
205300
205348
205409
205588
205636
205706
205787
206213
206367
206864
206989
207500
207903
208091
208254
208817
209028
209164
209288
209379
209618
209927
210222
210658
210720
210800
211067
211334
211680
211705
212137
212248
212625
212731
212882
213390
213791
214047
214074
214214
214239
214327
214452
214609
215977
216037
216084
216093
216137
217029
217035
217048
217525
218113
218297
218588
218989
219053
219169
219514
219743
219760
220038
220094
220179
220260
220573
220657
221103
221366
221664
221700
222127
222199
222232
222379
222870
223083
223340
223498
223504
223645
223730
223874
224043
224053
224319
224786
224907
225672
225692
226075
226117
226924
227614
228118
228445
228578
228703
229187
229191
230015
230134
230196
230799
231220
231700
232160
232279
232639
232645
232823
233168
233515
233678
233821
233902
234054
234281
234386
234467
234582
234644
235242
235471
235542
235990
236335
236615
236861
237006
237111
237146
237259
237662
237694
237743
237922
238790
239746
240357
240568
240899
240972
241042
242054
242344
242962
243099
243883
244095
244514
244711
244723
244870
245007
245157
245240
245632
245949
245958
247631
247670
248556
249120
249363
249713
250114
250315
250413
250571
250870
251029
251073
251114
251443
251444
251462
252142
252412
252583
252919
253217
253372
253384
253393
253558
253645
254129
254142
254145
254171
254290
254357
254433
255005
255222
257119
257129
257263
257316
257939
258182
258328
258733
258844
259117
259232
259773
260622
260634
260717
261001
261084
261373
261472
261528
261816
262253
262395
262411
263099
263370
263556
263596
263623
264631
265419
265836
266809
267087
267237
267309
267603
268730
269462
269561
270161
270455
271027
271632
271977
272819
273204
273636
273757
273886
273945
274353
274631
275216
275231
275632
275712
276506
277130
277458
277613
279404
279650
280843
281228
281389
282006
282337
282373
282807
282891
282896
283246
283266
283335
283837
284255
284817
286283
286965
287710
288356
289025
289157
290331
290458
290589
292131
293155
294670
294737
295164
295507
296260
296806
298891
299224
300822
300823
302295
302346
302469
302741
303256
303276
303517
303699
303951
304028
304273
304356
304622
304751
305887
307605
308320
308777
309336
309724
309999
310464
311798
312017
312508
313341
313551
313847
314586
315183
317985
318513
318725
319506
320053
320063
321010
321224
321918
322789
322826
323093
324106
327091
327806
327980
330637
330927
331133
331189
332126
332298
333554
334799
335441
336189
337894
337978
338131
339809
340068
340902
341019
341162
344660
344700
344757
344946
345277
345526
345963
346490
347253
347258
348082
350387
351061
354028
358420
363408
365983
366866
367415
368945
369960
370815
372385
372402
372529
373703
379228
379798
380000
381559
382636
384322
387655
389347
390040
392021
393421
395044
395468
396929
400052
406859
408506
410956
412544
413765
417819
417999
419758
422217
424451
424834
428118
428143
433432
438271
438386
438923
439408
442131
442638
444976
445648
450370
452514
457309
464710
473083
475497
475887
478956
486031
486428
493154
496641
511169
517449
580675
596637
