0
0
152
180
194
212
299
329
570
596
608
659
717
731
770
770
888
917
1010
1011
1134
1148
1171
1182
1198
1242
1312
1341
1395
1406
1421
1509
1559
1593
1677
1693
1822
1831
1841
1843
1936
2015
2036
2200
2298
2351
2367
2405
2493
2542
2556
2574
2583
2586
2651
2676
2722
2818
2870
2991
3049
3222
3247
3336
3342
3428
3442
3449
3473
3709
3826
3913
3919
3923
3987
4128
4213
4250
4343
4377
4464
4553
4588
4603
4665
4682
4710
4851
4920
4940
4947
4985
5033
5192
5287
5365
5459
5487
5588
5640
5677
5724
5758
5957
5991
6037
6145
6149
6152
6179
6308
6492
6514
6586
6614
6778
6850
6924
6931
6950
6975
6981
7057
7079
7124
7153
7161
7176
7188
7188
7217
7379
7441
7483
7500
7519
7528
7561
7599
7798
7821
7850
7970
8017
8264
8276
8405
8480
8542
8563
8659
8699
8743
8772
8775
8784
8909
8925
9002
9019
9119
9250
9262
9299
9356
9506
9536
9676
9697
9721
9792
9842
9849
9909
10131
10253
10293
10312
10374
10391
10403
10447
10447
10468
10477
10575
10622
10654
10792
10815
10848
10870
10959
11150
11250
11258
11279
11291
11441
11589
11684
11722
11762
11927
11949
11971
11976
12083
12097
12114
12137
12198
12248
12269
12277
12337
12560
12580
12599
12659
12723
12823
12889
13021
13115
13210
13271
13317
13360
13374
13439
13516
13536
13540
13570
13890
13913
13995
14024
14111
14240
14261
14289
14483
14564
14578
14677
14712
14888
14941
15049
15061
15228
15327
15417
15458
15524
15543
15621
15631
15713
15831
15941
15996
16019
16089
16288
16294
16330
16352
16364
16479
16536
16821
16849
16898
17073
17151
17162
17183
17266
17452
17509
17541
17607
17612
17617
17645
17714
17735
17738
17820
18062
18077
18232
18270
18457
18514
18553
18656
18731
18825
18829
18847
18948
19108
19203
19241
19264
19385
19675
19685
19755
19781
19862
20036
20042
20054
20152
20247
20283
20329
20369
20520
20779
20857
20889
20990
21003
21046
21429
21461
21500
21651
21685
21747
21764
21814
21889
22004
22158
22180
22187
22231
22237
22336
22339
22432
22493
22643
22649
22774
22794
22841
22848
22907
22933
22953
22975
22984
23015
23108
23130
23160
23225
23232
23266
23318
23327
23468
23478
23577
23760
24019
24078
24088
24089
24095
24149
24234
24430
24482
24488
24520
24530
24612
24624
24849
24867
24873
24908
25012
25086
25251
25456
25504
25572
25587
25630
25804
25829
25903
26047
26057
26073
26154
26186
26267
26280
26309
26332
26334
26403
26438
26508
26596
26638
26661
26675
26684
26788
26837
26855
26878
27010
27129
27136
27136
27269
27359
27378
27544
27550
27628
27713
27759
27763
27767
27824
27860
27885
27897
27970
28026
28039
28078
28099
28175
28204
28428
28534
28635
28811
28868
28899
28902
29019
29026
29073
29285
29403
29447
29615
29762
29781
29793
29794
29904
29921
29931
29993
30160
30166
30330
30395
30446
30447
30470
30680
30737
30775
30946
30979
30990
31291
31396
31443
31528
31542
31621
31662
31674
31682
31889
31895
31999
32261
32291
32361
32409
32497
32536
32655
32656
32781
32836
32931
33049
33071
33080
33119
33166
33217
33282
33360
33486
33500
33500
33588
33750
33885
34005
34061
34195
34225
34229
34320
34341
34351
34418
34522
34607
34626
34680
34871
34931
34950
34966
35057
35166
35171
35252
35260
35409
35444
35550
35642
35731
35786
35813
35941
36130
36146
36154
36209
36209
36321
36527
36532
36555
36611
36697
36704
36729
36818
36874
36913
36981
37079
37143
37148
37157
37297
37328
37374
37382
37392
37440
37615
37631
37636
37714
37718
37947
38047
38103
38202
38264
38385
38477
38587
38599
38632
38841
39002
39010
39164
39265
39285
39349
39476
39487
39515
39566
39627
39665
39677
39691
39694
39743
39857
39863
39907
39916
39925
39936
39936
39975
40054
40189
40279
40295
40386
40458
40475
40608
40628
40684
40711
40733
40828
40854
40874
40883
40901
40905
40911
40923
40973
41150
41230
41273
41329
41424
41476
41489
41494
41531
41538
41569
41577
41604
41654
41656
41680
41715
41748
41816
41842
42018
42047
42063
42198
42240
42330
42435
42471
42497
42747
42781
42827
42844
42907
43060
43089
43235
43357
43766
43775
43780
43831
44077
44135
44174
44198
44270
44360
44398
44419
44569
44620
44717
44733
44914
45018
45077
45139
45150
45159
45183
45247
45291
45332
45422
45436
45451
45489
45508
45662
45745
45818
45899
46078
46129
46131
46286
46304
46329
46366
46546
46556
46707
46823
46861
47113
47117
47207
47215
47241
47267
47304
47364
47448
47701
47728
47778
47838
47844
47848
47887
47932
48016
48024
48040
48043
48053
48444
48449
48458
48466
48476
48487
48649
48706
48753
48782
48877
48925
48930
48955
48956
48957
48996
49004
49098
49427
49473
49484
49559
49572
49606
49719
49768
49793
49816
49962
50148
50173
50371
50454
50598
50712
50717
50747
50756
50767
50882
51212
51228
51283
51287
51326
51511
51584
51729
51808
51907
51939
51952
52022
52049
52092
52155
52161
52444
52449
52477
52488
52554
52638
52668
52847
52907
52968
53146
53225
53383
53641
53726
53777
53819
53822
53866
53959
54002
54093
54159
54190
54222
54526
54546
54736
54758
54799
54836
54874
54996
55270
55369
55466
55548
55572
55625
55710
55830
55835
55903
55922
56175
56203
56491
56588
56596
56597
56614
56643
56707
56756
56840
56862
56984
57002
57117
57118
57138
57305
57323
57385
57393
57420
57553
57695
57739
57854
57865
57895
57982
57997
58037
58091
58104
58114
58117
58182
58182
58195
58260
58400
58460
58469
58491
58528
58531
58542
58657
58703
58756
58818
58955
58979
59024
59079
59117
59318
59321
59369
59385
59628
59724
59983
59987
60005
60144
60280
60419
60431
60520
60658
60925
61061
61086
61132
61710
61791
61857
61874
62033
62189
62229
62373
62387
62704
62853
62921
62931
63170
63460
63476
63480
63593
63665
63697
63740
63864
63893
63941
64063
64067
64137
64179
64273
64337
64350
64472
65029
65052
65107
65452
65453
65485
65550
65570
65618
65732
65855
66087
66100
66140
66145
66263
66569
66688
66698
66718
66725
66792
66920
66927
67153
67290
67376
67633
67673
67713
67718
67819
67838
67862
67889
68027
68040
68086
68090
68185
68228
68338
68339
68363
68447
68460
68508
68635
68678
68852
68906
68917
68977
69202
69235
69337
69474
69616
69639
69653
69682
69799
69819
70000
70015
70057
70198
70265
70273
70423
70554
70554
70646
70680
70742
70754
70774
70851
70878
71036
71057
71073
71112
71149
71253
71340
71356
71391
71481
71506
71601
71699
71700
71726
71906
71970
72009
72082
72181
72264
72296
72361
72386
72516
72541
72555
72773
72898
72930
72965
72995
73019
73185
73291
73310
73331
73340
73361
73404
73688
73729
73802
73810
73910
73957
74010
74077
74155
74177
74205
74237
74361
74362
74581
74623
74641
74734
74753
74858
75006
75215
75240
75304
75344
75499
75558
75717
75738
76019
76043
76167
76185
76214
76326
76339
76428
76480
76500
76513
76663
76726
76770
76872
76883
76983
76991
77063
77163
77260
77295
77386
77402
77749
77888
77914
77921
77922
78055
78166
78314
78352
78493
78515
78568
78572
78573
78629
78702
78785
78805
78829
78892
78987
79028
79062
79194
79196
79340
79554
79576
79642
79754
79850
79886
79895
80003
80107
80192
80214
80394
80473
80507
80593
80648
80746
80786
80890
80944
81001
81004
81037
81280
81798
81819
81876
81929
81982
82090
82161
82213
82356
82442
82482
82503
82789
82917
82919
82977
83007
83103
83146
83166
83278
83361
83540
83541
83777
83821
83885
83892
83901
84002
84047
84186
84204
84232
84269
84274
84316
84523
84589
84772
84925
84952
84952
85074
85183
85240
85267
85392
85413
85449
85464
85532
85609
85622
85638
85896
86041
86114
86125
86323
86386
86439
86505
86554
86670
86705
86819
86957
87022
87073
87098
87242
87303
87503
87751
87912
87987
87991
87994
88247
88249
88267
88393
88401
88414
88591
88661
88698
88973
88988
89164
89195
89345
89383
89435
89529
89701
89790
89854
89904
90095
90145
90236
90331
90345
90387
90722
90772
90905
91023
91029
91086
91250
91327
91615
91629
91647
91713
92067
92193
92238
92386
92511
92518
92566
92604
92978
93053
93076
93126
93190
93242
93276
93377
93445
93469
93545
93569
93606
93652
93739
93781
93899
93961
93990
94112
94215
94241
94248
94251
94324
94382
94454
94532
94610
94645
94725
94975
95016
95057
95102
95129
95230
95293
95316
95339
95434
95518
95658
95727
95818
95853
95876
95942
95947
96318
96432
96630
96863
97109
97112
97216
97240
97267
97311
97369
97386
97567
97613
97676
97763
97769
97835
97884
98020
98118
98143
98253
98254
98260
98328
98359
98483
98592
98618
98619
98627
98764
98769
98808
98859
98926
99117
99469
99567
99750
99801
100096
100099
100186
100190
100282
100304
100561
100619
100715
100801
100962
100989
100991
101365
101421
101534
101543
101638
101666
101923
101949
101982
102017
102258
102306
102351
102413
102434
102582
102630
102743
102747
102749
102792
103183
103256
103286
103325
103491
103498
103514
103550
103633
103660
103708
103979
104185
104279
104317
104420
104549
104596
105192
105209
105213
105248
105332
105409
105477
105490
105530
105630
105780
105790
105808
105895
105921
106052
106086
106094
106331
106353
106665
106766
106930
107026
107135
107158
107268
107327
107509
107644
107677
107713
107832
107856
107923
107938
108129
108194
108445
108470
108731
108766
108770
108922
109052
109364
109404
109572
109787
109821
109874
109880
110018
110077
110193
110279
110352
110509
110515
110623
110637
110777
110810
110820
110905
111002
111073
111176
111280
111305
111313
111590
111682
111743
112229
112478
112552
112616
112794
112958
113038
113141
113238
113252
113258
113612
113618
113669
113794
113877
114463
114470
114654
114817
114833
114970
115051
115103
115126
115158
115286
115302
115433
115464
115728
116011
116150
116361
116363
116420
116424
116432
116526
116561
116596
116814
116842
116894
116896
117013
117043
117211
117277
117659
117865
118018
118273
118273
118332
118452
118514
118578
118637
118699
118742
119052
119145
119203
119233
119686
119748
119780
119930
119977
119983
120125
120154
120407
120464
120494
120534
120574
120611
120635
120808
120810
120977
121031
121301
121359
121515
121574
121627
121655
121678
121782
121927
121992
121999
122157
122317
122340
122478
122510
122637
122701
122838
122883
122960
123171
123231
123366
123396
123431
123578
123713
123751
123960
124061
124188
124236
124440
124669
124687
124727
124739
124771
124803
124831
124891
124954
124957
125323
125472
125598
125775
125847
125919
125936
125984
126121
126148
126287
126453
126466
126874
126970
126979
127033
127048
127126
127150
127171
127179
127278
127419
127455
127541
127632
128040
128198
128278
128374
128552
128690
128735
128940
129036
129060
129207
129300
129327
129404
129443
129520
129700
129719
129908
129924
129958
129964
129999
130060
130402
130439
130705
130972
130985
131114
131185
131247
131341
131364
131438
131499
131568
131864
132077
132171
132488
132668
132755
132883
133280
133345
133581
133603
133627
133655
133695
133870
133960
134056
134210
134500
134506
134534
134747
134891
135001
135036
135090
135113
135127
135213
135358
135365
135500
135708
135818
136079
136124
136164
136608
136630
136697
136822
136927
136989
137025
137104
137153
137340
137392
137399
137481
137525
137565
137705
137746
137752
137875
137942
137966
137973
138018
138223
138283
138319
138366
138473
138572
138753
138845
138906
138999
139024
139128
139208
139257
139516
139623
139828
139859
139872
139888
139892
140153
140194
140384
140478
140514
140768
140831
141040
141055
141062
141116
141168
141182
141559
141563
141580
141751
141831
142163
142322
142367
142407
142448
142511
142519
142921
143017
143318
143467
143468
143477
143592
143805
144013
144165
144256
144423
144509
144554
144612
144653
144775
144974
145108
145185
145260
145301
145374
145507
145641
145816
145838
145896
146056
146131
146133
146454
146713
146885
146907
146937
147094
147183
147233
147515
147647
147667
148472
148573
148592
148816
148819
149005
149115
149241
149281
149385
149740
150019
150034
150118
150220
150362
150482
150611
150743
150775
151031
151231
151232
151297
151417
151546
151581
151985
152057
152084
152464
152526
152899
153026
153634
153679
153719
153759
153840
153912
153922
153975
154102
154114
154153
154171
154263
154347
154447
154562
154573
154608
154635
154752
154763
154852
155140
155208
155453
155545
155551
155629
155738
155792
155902
155992
156103
156103
156299
156560
156594
156847
156872
157110
157151
157203
157283
157297
157310
157455
157689
157718
157843
157859
158064
158126
158235
158315
158349
158424
158622
159168
159416
159447
159639
159796
159810
159829
159879
160064
160141
160273
160282
160331
160361
160394
160455
160514
160703
160797
160885
161085
161090
161100
161353
161397
161625
161755
161805
162166
162456
162608
162643
162703
162744
162896
162929
163340
163627
163726
164004
164008
164050
164421
164623
164669
164676
164800
164880
165071
165147
165304
165514
165521
165599
165623
165693
165759
165846
166122
166224
166514
166550
166554
166670
166722
166829
166896
167011
167038
167057
167323
167379
167708
167980
168016
168213
168358
168538
168890
168923
168995
169002
169420
169771
169961
170024
170066
170250
170309
170556
170564
170615
170639
170775
170833
170945
170948
171004
171106
171184
171210
171397
171610
171698
171731
171767
171800
172179
172239
172295
172472
172606
173035
173064
173175
173466
173538
173793
173829
173980
174034
174312
174351
174380
174426
174452
174483
174563
174641
174916
174926
175238
175574
175636
175644
175704
175752
175870
175877
175886
175994
176023
176027
176258
176266
176705
176720
176768
176838
177188
177210
177244
177492
177566
177773
178014
178109
178154
178229
178287
178433
178486
178811
179360
179938
180050
180066
180163
180194
180204
180317
180424
180522
180664
180801
180839
181033
181049
181119
181168
181335
181458
181534
181594
181612
182437
182792
182938
182988
183071
183195
183788
184039
184466
184557
184654
184900
184974
185730
185902
186105
186241
186344
186507
186633
186831
186839
186960
187236
187390
187400
187659
187695
187743
188226
188407
188798
188808
189018
189291
189365
189487
189769
189830
190004
190036
190070
190271
190282
190337
190497
190529
190581
190704
190739
191109
191242
191311
191382
191438
191684
191794
192013
192224
192371
192611
192760
192909
193524
193859
193878
194098
194462
194487
195277
195659
195884
196022
196051
196165
196224
196338
196390
196550
196856
197147
197212
197368
197397
197533
197545
197884
199107
199234
199768
199773
199820
199884
200182
200198
200269
200631
200678
200846
200920
200971
200992
201004
201447
201457
201481
201562
201586
201906
202687
202798
203074
203314
203814
204110
204319
204656
204824
204911
205028
205741
205804
205995
206257
206975
207080
207148
207381
207540
207884
208435
208658
208983
209112
209305
209334
209382
209395
209557
209635
209643
209823
209852
210003
210165
210508
210529
210642
210681
210766
210804
211358
211478
211615
211752
211927
212052
212604
212801
212832
212888
213015
213239
213262
213333
213410
213652
214051
214203
214837
214926
215244
215421
215481
215540
215615
215844
216002
216116
216378
216390
216944
216975
217023
217120
217189
217636
217885
218719
218739
218928
219051
219354
219581
219788
219966
220107
220404
220416
220850
220978
221210
221786
221963
222055
222360
222373
222785
222917
223016
223121
223517
223717
223755
223996
224104
224254
224298
224610
224662
225042
225045
225091
225925
225994
226042
226407
226888
226986
227651
227719
227804
227917
227985
228186
228409
228825
229253
229440
229984
230043
230824
231322
231649
231968
231982
232769
233388
233563
233593
233895
234134
234348
234579
235012
235076
235165
235209
235251
235654
235783
235873
235966
235976
236548
237063
237091
237320
237887
237912
237948
237967
238240
238316
238520
238855
239056
239066
239144
239585
240096
240258
240320
240437
240585
240661
241358
241465
241472
241535
241809
241873
242053
242311
242451
242523
243074
243243
243710
243936
243981
244795
245024
245149
245403
245588
246064
246760
246880
246983
247010
247207
247832
248183
248317
248723
248960
249727
249899
250070
250256
250438
251275
251558
252095
252387
252478
252539
252654
252804
252813
253121
254129
254358
254448
254637
254845
254901
255322
255329
255522
255967
256173
256281
256420
256745
257307
257392
257445
257554
257900
257924
258183
258264
260070
260185
260188
260448
260575
260642
260757
260862
260959
261009
261513
261683
261686
261747
262036
262264
262497
262558
263141
263273
263433
263597
263691
263796
264132
264419
264559
264581
264805
265234
265567
265764
265889
266112
266208
267430
267598
267936
268007
268132
268817
269113
269809
270115
270350
270735
270867
271991
272213
272258
274639
274657
274793
274988
275085
275458
275634
275789
276185
276825
276900
276910
277491
277626
278025
278213
278250
278683
279690
279975
280304
280366
281550
281909
282274
283717
283771
285374
285875
286203
286585
286997
287183
287196
287715
287884
288431
289191
289437
289638
289747
289761
290690
291373
291464
292428
292974
293039
293405
293594
293693
293880
294687
294867
294921
295023
295029
295140
296027
296467
296721
296880
297072
297179
298233
299295
299416
299444
299553
299974
300300
300856
301205
303004
303150
303538
303592
303631
303732
303982
305120
305979
306066
306512
307649
307959
308404
308930
309198
309239
309741
309940
310124
310699
310844
310885
310902
313122
313687
313962
314351
314387
315788
317463
317495
317839
318933
319285
320672
320705
320752
320767
320962
321329
321347
321472
323508
323516
324455
324511
324586
324903
325576
326274
326338
326552
326638
326828
327035
327882
329153
329953
330410
330828
332822
333098
333182
333598
336329
336874
336914
337151
337569
338104
338693
338824
339021
340495
341656
342642
343492
344942
345531
346638
347066
347433
348035
351282
351447
351775
352389
352604
354418
355296
355591
355663
355938
356516
357117
357431
357540
358450
359496
359784
365787
366536
367945
368419
369933
370895
371005
371541
371560
372095
373195
373689
375757
376219
376852
377428
377748
377824
378418
380916
381207
381973
383413
384035
384418
386235
386821
387568
391816
392911
393851
395665
396384
397610
397743
400177
403063
403676
405582
406190
407145
407547
407771
408939
410298
410898
411416
411507
414847
415412
417274
422432
424127
424263
424450
425480
428734
430366
430992
433018
434334
435377
436090
439292
442166
443877
446130
446770
453436
453495
459702
463276
470325
474684
476812
487311
492998
497649
500971
502170
512860
519302
527596
530839
531563
537271
570018
580565
594274
597970
609324
612705
