0
0
4
40
139
194
232
234
331
441
468
506
509
510
599
609
629
646
678
719
749
772
822
857
894
970
972
1003
1051
1212
1213
1226
1248
1280
1295
1362
1500
1533
1565
1569
1579
1664
1722
1740
1760
1859
1896
1905
1925
1955
1983
2010
2057
2113
2150
2221
2309
2417
2482
2526
2538
2550
2564
2614
2650
2666
2706
2760
2766
2829
2830
2888
2972
3188
3289
3289
3375
3468
3568
3584
3612
3624
3625
3673
3706
3732
3740
3763
3783
3895
3908
3925
3934
3967
4027
4037
4045
4049
4127
4165
4188
4225
4295
4301
4370
4384
4409
4469
4480
4615
4853
4876
4898
4910
5055
5094
5136
5157
5242
5254
5268
5275
5284
5363
5368
5385
5389
5394
5411
5534
5575
5578
5654
5673
5673
5714
5732
5754
5788
5795
5881
6026
6041
6049
6058
6128
6271
6336
6346
6429
6540
6721
6738
6769
6811
6877
6968
7009
7040
7069
7095
7174
7197
7220
7224
7268
7317
7357
7388
7531
7548
7552
7597
7604
7713
7715
7789
7843
7858
7860
7907
7914
7925
7926
8042
8048
8055
8084
8147
8160
8201
8242
8247
8263
8362
8398
8399
8416
8454
8467
8487
8563
8631
8659
8681
8794
8804
8816
8819
8884
8927
8937
8938
8938
8976
9010
9038
9064
9072
9195
9210
9216
9230
9266
9305
9337
9397
9450
9497
9508
9536
9568
9613
9655
9660
9754
9803
9814
9897
9919
9959
9967
10007
10110
10120
10267
10299
10330
10334
10376
10411
10425
10507
10668
10670
10685
10750
10802
10872
10969
11049
11090
11102
11162
11192
11262
11284
11345
11451
11460
11560
11611
11692
11708
11774
11775
11812
11873
11893
12008
12134
12159
12173
12215
12242
12248
12260
12306
12316
12333
12391
12441
12549
12710
12731
12832
12858
12861
12899
12904
12914
12931
12950
12970
13002
13014
13047
13081
13108
13113
13120
13193
13195
13198
13221
13236
13253
13277
13290
13305
13307
13408
13431
13439
13549
13590
13604
13652
13656
13723
13810
13836
13913
13955
13960
14005
14017
14051
14113
14201
14202
14249
14276
14435
14450
14469
14492
14496
14510
14537
14594
14627
14644
14661
14664
14772
14818
14822
14828
14843
14867
14883
14892
14957
14994
14997
15012
15019
15031
15041
15081
15085
15105
15113
15119
15135
15153
15250
15250
15281
15304
15331
15348
15407
15419
15473
15532
15562
15572
15628
15678
15719
15825
15986
16006
16083
16135
16152
16158
16217
16233
16291
16322
16346
16348
16387
16395
16407
16411
16452
16461
16561
16638
16642
16674
16787
16850
16945
17005
17006
17037
17067
17130
17200
17214
17268
17306
17355
17365
17376
17415
17615
17619
17634
17695
17764
17822
17839
17859
17867
17877
17931
18178
18202
18271
18326
18345
18378
18382
18388
18413
18449
18479
18497
18527
18549
18608
18637
18658
18659
18661
18664
18764
18834
19003
19100
19124
19138
19150
19198
19215
19229
19248
19249
19272
19320
19347
19377
19380
19388
19460
19566
19644
19660
19678
19718
19813
20012
20020
20030
20078
20159
20185
20186
20252
20263
20267
20370
20477
20539
20587
20607
20614
20615
20665
20714
20716
20788
20796
20823
20871
20903
20982
21021
21022
21042
21046
21092
21107
21181
21198
21237
21516
21577
21638
21697
21713
21728
21812
21818
21891
21900
21991
22050
22067
22074
22139
22175
22209
22231
22252
22262
22324
22363
22390
22402
22433
22449
22475
22502
22521
22627
22727
22733
22764
22790
22836
22837
22873
22918
22932
22948
22949
22953
23118
23127
23242
23266
23286
23313
23317
23421
23430
23490
23564
23573
23618
23638
23660
23698
23743
23767
23814
23892
23894
23902
23925
23945
23958
23965
24112
24125
24129
24176
24216
24224
24257
24266
24273
24352
24370
24430
24497
24546
24555
24562
24606
24638
24705
24720
24733
24773
24885
24932
24932
25009
25075
25143
25146
25168
25182
25221
25241
25337
25345
25382
25410
25444
25447
25457
25467
25469
25602
25649
25721
25764
25773
25866
25892
25898
25925
25926
25982
25985
26005
26007
26020
26037
26077
26149
26151
26155
26241
26242
26285
26293
26308
26348
26358
26417
26426
26498
26532
26575
26624
26682
26724
26759
26775
26798
26816
26945
26945
26963
26985
27007
27010
27012
27017
27017
27026
27037
27068
27090
27106
27160
27222
27225
27269
27295
27316
27409
27427
27433
27478
27536
27571
27630
27694
27717
27724
27739
27765
27801
27840
27858
27920
27926
27935
28030
28042
28054
28059
28097
28105
28139
28181
28285
28306
28370
28435
28542
28564
28670
28731
28820
28869
28887
28909
28942
28991
29020
29052
29059
29071
29092
29138
29160
29240
29247
29270
29271
29438
29471
29491
29564
29689
29743
29745
29753
29785
29802
29892
29938
30011
30030
30058
30076
30149
30164
30168
30170
30229
30230
30237
30249
30251
30278
30361
30469
30522
30609
30641
30721
30779
30799
30959
30961
31041
31092
31146
31211
31415
31417
31446
31457
31642
31702
31716
31724
31748
31824
31830
31898
31996
32004
32160
32163
32172
32206
32231
32235
32317
32317
32461
32463
32519
32519
32535
32581
32594
32695
32865
32906
32940
33002
33020
33022
33032
33081
33159
33160
33350
33380
33402
33516
33569
33577
33636
33766
33789
33901
33903
33953
33955
33961
34007
34165
34169
34177
34189
34318
34333
34337
34466
34618
34629
34651
34687
34730
34732
34766
34775
34885
34932
34943
34960
35198
35211
35221
35285
35329
35355
35359
35372
35386
35391
35444
35450
35518
35528
35651
35788
35815
35857
35894
35940
35957
36016
36039
36349
36409
36446
36458
36467
36483
36502
36538
36558
36564
36603
36607
36648
36659
36663
36713
36765
36782
36783
36824
36836
36840
36910
36922
36941
37062
37109
37136
37155
37180
37255
37266
37329
37352
37499
37500
37539
37568
37586
37623
37631
37644
37654
37667
37682
37718
37844
37878
37886
37898
37908
37915
37922
37923
37940
37981
38033
38121
38129
38204
38218
38267
38307
38333
38456
38525
38548
38619
38674
38719
38783
38827
38883
38886
38909
38944
38961
39019
39032
39032
39039
39052
39060
39177
39210
39246
39272
39319
39323
39359
39371
39392
39409
39469
39506
39610
39637
39648
39702
39770
39792
39810
39900
39938
39950
39981
40045
40099
40122
40122
40130
40186
40259
40368
40371
40391
40438
40454
40475
40492
40517
40532
40600
40639
40655
40680
40709
40711
40716
40724
40762
40827
40833
40833
40895
40914
40975
41062
41082
41194
41332
41351
41358
41363
41369
41379
41380
41380
41392
41452
41455
41496
41547
41615
41618
41775
41799
41806
41838
41842
41859
41880
41893
41898
41908
41915
41948
41954
41955
41957
42013
42026
42051
42090
42094
42169
42231
42253
42263
42265
42309
42387
42437
42440
42455
42495
42501
42516
42597
42603
42652
42669
42732
42782
42794
42902
42983
42985
43003
43007
43041
43045
43066
43072
43145
43244
43261
43300
43311
43323
43342
43509
43520
43544
43556
43585
43587
43619
43707
43736
43772
43783
43795
43826
43832
43846
43871
43933
43959
44003
44013
44024
44038
44062
44088
44115
44132
44140
44195
44262
44315
44318
44396
44432
44554
44572
44601
44639
44663
44676
44721
44743
44744
44955
44979
45031
45149
45165
45206
45253
45259
45276
45313
45396
45397
45422
45463
45495
45527
45557
45566
45706
45716
45720
45733
45741
45770
45786
45795
45901
45988
45999
46000
46002
46005
46023
46032
46038
46075
46177
46197
46215
46220
46248
46290
46320
46369
46369
46478
46484
46532
46534
46535
46555
46621
46656
46668
46680
46704
46731
46763
46810
46824
46833
46881
46886
46978
47029
47068
47073
47204
47260
47385
47400
47549
47685
47721
47752
47802
47872
47884
47885
47892
47919
47943
47969
47990
48052
48092
48140
48238
48239
48261
48271
48305
48349
48366
48407
48411
48418
48430
48519
48592
48609
48641
48642
48658
48734
48753
48803
48808
48868
48888
48937
49004
49009
49062
49095
49101
49126
49150
49228
49271
49290
49320
49329
49331
49359
49361
49415
49460
49508
49509
49709
49753
49760
49812
49913
49916
49957
49977
49997
50083
50114
50210
50211
50217
50234
50281
50327
50329
50495
50589
50596
50629
50653
50672
50702
50720
50739
50756
50760
50808
50892
51005
51044
51054
51064
51109
51129
51169
51174
51176
51184
51186
51199
51317
51403
51427
51473
51554
51606
51639
51648
51705
51752
51838
51877
51924
51992
52061
52105
52153
52193
52262
52275
52287
52295
52448
52480
52488
52536
52544
52639
52645
52706
52770
52779
52830
52877
52910
52915
52989
53001
53094
53110
53237
53329
53400
53408
53473
53489
53534
53574
53606
53666
53711
53729
53734
53893
53920
53931
53957
54046
54081
54134
54208
54267
54309
54340
54361
54392
54437
54497
54538
54570
54571
54688
54698
54725
54763
54819
54840
54842
54872
54889
54900
54933
54953
54998
55065
55081
55086
55117
55179
55193
55206
55238
55292
55301
55306
55321
55378
55574
55605
55660
55666
55705
55819
55871
55900
55909
55963
56001
56021
56026
56029
56045
56059
56105
56116
56118
56228
56266
56267
56534
56739
56753
56776
56820
56836
56843
56878
57063
57069
57075
57160
57177
57304
57441
57533
57639
57651
57667
57693
57705
57742
57827
57867
57870
57916
57938
57969
57992
58007
58039
58041
58084
58109
58175
58176
58190
58234
58238
58239
58280
58411
58420
58432
58435
58461
58616
58652
58697
58779
58788
58841
58863
58888
58896
58947
58997
59031
59062
59082
59212
59212
59216
59217
59239
59288
59295
59304
59320
59377
59387
59454
59458
59483
59490
59493
59552
59563
59615
59647
59730
59919
59937
59965
59977
60016
60027
60032
60102
60262
60263
60281
60307
60320
60325
60388
60397
60406
60472
60512
60527
60537
60689
60691
60765
60775
60823
60825
60832
60881
60960
60972
61009
61055
61068
61082
61130
61173
61178
61192
61335
61412
61487
61547
61591
61723
61755
61802
61906
61924
61943
61991
62108
62200
62230
62235
62236
62291
62382
62531
62539
62639
62756
62823
62825
62853
62946
63009
63013
63027
63034
63153
63258
63277
63353
63424
63524
63591
63598
63644
63764
63956
63964
63977
63984
63986
64023
64071
64096
64159
64173
64190
64268
64292
64363
64375
64423
64495
64503
64549
64691
64747
64771
64873
64887
64951
65059
65116
65160
65189
65229
65246
65295
65309
65324
65381
65435
65470
65537
65553
65580
65901
65906
65999
66058
66106
66108
66136
66177
66201
66243
66277
66349
66353
66353
66367
66500
66503
66522
66574
66578
66585
66621
66656
66660
66827
66875
66923
66987
67133
67151
67189
67218
67228
67233
67435
67468
67476
67493
67495
67538
67727
67735
67754
67771
67789
67802
67805
67815
67977
68019
68033
68109
68111
68302
68361
68440
68547
68609
68677
68716
68734
68798
68815
68905
68942
68945
68979
69012
69146
69197
69247
69249
69366
69432
69441
69543
69552
69613
69623
69688
69791
69874
69888
69971
69971
69987
70100
70140
70158
70319
70486
70525
70559
70604
70628
70716
70732
70870
70879
70903
70923
70933
70993
71014
71063
71075
71136
71158
71282
71423
71536
71570
71600
71636
71682
71742
71853
71962
71971
72013
72046
72094
72166
72190
72198
72258
72278
72308
72415
72420
72469
72471
72480
72510
72519
72525
72553
72568
72712
72728
72754
72764
72786
72833
72870
72887
72916
72929
72968
72975
72991
72994
73014
73100
73168
73419
73446
73480
73546
73580
73605
73615
73743
73762
73762
73817
73925
73992
74000
74031
74036
74042
74165
74304
74525
74533
74546
74591
74610
74612
74708
74768
74814
74826
74836
74841
74905
74987
74995
75009
75024
75034
75063
75141
75163
75168
75189
75210
75330
75442
75578
75590
75635
75648
75684
75709
75717
75735
75786
75872
75960
75987
76024
76024
76206
76301
76391
76448
76460
76460
76480
76529
76567
76576
76671
76700
76850
76870
76874
76884
76889
76889
76900
76968
77036
77039
77048
77049
77132
77143
77154
77232
77247
77260
77264
77473
77477
77512
77528
77613
77642
77656
77662
77680
77725
77748
77859
77869
77883
77901
77916
77982
78000
78024
78058
78089
78112
78160
78237
78247
78295
78369
78507
78554
78560
78572
78572
78585
78845
78864
78947
79053
79085
79100
79162
79191
79312
79342
79376
79524
79544
79552
79563
79698
79728
79767
79769
79872
79920
79923
79942
79946
79959
79974
80039
80044
80119
80158
80259
80309
80584
80607
80607
80647
80667
80734
80779
80798
80881
80943
80984
81042
81044
81082
81116
81145
81159
81208
81213
81218
81355
81441
81498
81535
81540
81606
81666
81768
81807
81820
81827
81841
81858
81868
81887
81907
81970
81978
82047
82067
82150
82183
82199
82250
82254
82312
82335
82344
82385
82415
82433
82521
82605
82609
82628
82667
82673
82793
82853
82876
82996
83026
83064
83127
83268
83328
83399
83429
83457
83465
83479
83574
83643
83680
83741
83777
83847
83995
84021
84070
84099
84117
84186
84196
84248
84265
84299
84320
84351
84447
84464
84465
84483
84495
84504
84625
84639
84641
84658
84678
84797
84831
84871
84957
85021
85128
85135
85145
85145
85162
85168
85202
85253
85270
85283
85296
85420
85463
85526
85769
85799
85831
85839
85973
86026
86031
86070
86081
86181
86340
86373
86478
86496
86601
86640
86697
86785
86794
86816
86904
86913
86921
86939
86976
87000
87001
87009
87079
87092
87117
87302
87332
87398
87417
87517
87543
87599
87613
87613
87680
87697
87739
87745
87745
87860
87918
87999
88116
88159
88335
88432
88513
88581
88830
88834
88864
88892
88981
89055
89258
89265
89516
89640
89647
89715
89841
89862
89904
89943
89963
90027
90106
90204
90311
90314
90328
90476
90501
90524
90549
90569
90670
90825
90845
90971
91123
91308
91365
91577
91605
91666
91675
91680
91698
91708
91726
91791
91986
92086
92195
92278
92288
92297
92322
92398
92421
92447
92471
92492
92512
92655
92663
92667
92800
92914
92916
92936
92939
92961
93088
93167
93188
93226
93251
93273
93293
93360
93433
93471
93515
93544
93571
93603
93643
93649
93665
93683
93722
93763
93838
93843
94010
94037
94131
94194
94231
94438
94442
94572
94677
94714
94757
94761
94798
94822
94830
94865
94960
95004
95033
95108
95171
95306
95363
95373
95440
95574
95757
95773
95774
95833
95847
95935
95958
95961
96024
96055
96059
96151
96239
96365
96382
96754
96764
96764
96777
96822
96848
96873
96960
97065
97194
97349
97352
97374
97468
97483
97810
97901
97933
98090
98118
98206
98243
98268
98273
98327
98330
98354
98390
98470
98541
98552
98653
98672
98674
98688
98736
98747
98790
98853
99012
99090
99301
99390
99399
99425
99553
99693
99695
99807
99899
100056
100106
100128
100205
100217
100219
100311
100316
100332
100356
100481
100492
100727
100728
100772
100870
101017
101033
101188
101338
101487
101654
101662
101706
101708
101737
101820
101838
101919
101943
102044
102162
102192
102239
102262
102283
102424
102482
102543
102546
102564
102592
102803
102808
102831
102912
102915
102921
102979
102985
103029
103034
103066
103211
103250
103252
103297
103338
103415
103750
103757
103808
103880
103883
103902
103912
103971
104051
104066
104107
104153
104174
104246
104332
104336
104390
104399
104432
104460
104460
104470
104516
104542
104651
104704
104737
104813
104839
104866
104949
104975
105057
105095
105135
105147
105178
105280
105291
105293
105312
105315
105378
105409
105691
105743
105842
105907
105984
105987
106004
106007
106014
106047
106259
106286
106358
106361
106453
106458
106569
106597
106677
106685
106766
106827
106858
106888
106908
106915
106919
106927
106955
107042
107080
107132
107154
107232
107265
107339
107422
107467
107492
107495
107504
107525
107583
107614
107716
107719
107768
107823
108028
108043
108111
108116
108129
108185
108269
108299
108326
108338
108566
108584
108616
108635
108655
108671
108680
108731
108754
108887
108978
109124
109234
109237
109266
109403
109420
109469
109500
109566
109631
109657
109662
109686
109729
109745
109808
109830
109855
109889
109902
109922
110020
110044
110050
110292
110353
110364
110370
110417
110468
110490
110520
110573
110655
110704
110865
110951
111017
111037
111040
111056
111081
111086
111162
111162
111184
111255
111299
111314
111321
111322
111427
111508
111569
111588
111628
111812
111976
112015
112024
112123
112238
112270
112280
112292
112368
112406
112410
112477
112592
112820
112847
112952
113027
113099
113107
113121
113136
113348
113378
113382
113386
113407
113416
113450
113452
113459
113530
113604
113621
113627
113720
113768
113984
114051
114244
114261
114282
114340
114362
114405
114457
114525
114541
114662
114758
114842
114880
115035
115245
115312
115315
115339
115446
115460
115575
115596
115605
115727
115776
115804
115834
115869
115934
115960
115979
116088
116309
116329
116428
116464
116536
116571
116666
116671
116897
116937
116937
116972
116998
117005
117276
117290
117314
117428
117503
117695
117944
117960
117978
117986
118088
118112
118369
118386
118399
118405
118576
118584
118594
118744
118745
118773
118851
118880
118925
118928
118997
119049
119170
119173
119287
119333
119343
119543
119688
119799
119862
119892
119974
119975
120119
120120
120158
120186
120199
120204
120292
120403
120428
120515
120641
120719
120752
120895
121000
121146
121154
121236
121243
121389
121399
121434
121513
121554
121643
121758
121775
121784
121877
121880
121911
121998
122098
122154
122165
122196
122223
122230
122294
122313
122324
122415
122458
122497
122605
122618
122670
122740
122749
122788
122793
122794
122799
122976
123022
123218
123313
123343
123349
123373
123382
123408
123606
123753
123756
123812
123818
124024
124211
124264
124273
124314
124427
124440
124658
124663
124668
124689
124794
124863
124874
124891
124894
124907
124921
125000
125053
125091
125101
125110
125120
125124
125149
125190
125248
125278
125309
125313
125314
125584
125654
125694
125731
125752
125756
125835
125888
125890
125892
125940
125960
125992
126015
126172
126195
126212
126302
126453
126564
126623
126683
126715
126785
126801
126840
126847
126849
126937
127085
127157
127188
127277
127350
127408
127491
127500
127630
127655
127746
127799
128030
128070
128130
128169
128269
128292
128324
128410
128456
128533
128583
128670
128747
128792
128800
128829
128841
128847
128895
128969
128985
129045
129051
129092
129105
129134
129145
129241
129251
129283
129297
129370
129594
129698
129891
129893
130036
130122
130147
130179
130201
130277
130284
130316
130324
130326
130343
130394
130459
130501
130501
130563
130591
130647
130681
130685
130774
130803
131002
131031
131116
131136
131160
131189
131272
131354
131393
131425
131449
131513
131692
131741
131792
131820
131838
131891
131999
132126
132252
132326
132337
132476
132480
132547
132679
132739
132805
132807
132869
132881
132899
132903
132935
133081
133142
133153
133162
133185
133224
133354
133696
133743
133751
133751
133885
133936
134024
134078
134111
134127
134165
134175
134286
134386
134476
134536
134564
134806
134820
134832
134896
134910
134933
134935
134977
135008
135102
135195
135259
135297
135359
135380
135389
135404
135429
135455
135475
135532
135629
135651
135786
135837
135876
135885
135908
135950
135979
136005
136098
136282
136349
136463
136470
136699
136699
136714
136763
136847
137021
137192
137216
137235
137337
137362
137545
137552
137604
137994
138221
138310
138360
138558
138596
138607
138638
138672
138713
138835
138850
138907
138932
139027
139108
139114
139156
139161
139365
139436
139720
139721
139747
139823
139849
139889
139991
140093
140254
140293
140495
140564
140648
140663
140676
140746
140780
140785
140904
140905
140957
140980
141106
141164
141302
141383
141387
141390
141401
141495
141696
141794
141861
141949
142193
142619
142707
142801
142817
142823
142892
142956
142985
143109
143156
143185
143202
143409
143417
143446
143472
143480
143508
143523
143553
143606
143657
143739
144107
144316
144317
144425
144564
144637
144724
144765
144773
144821
144845
144893
144914
144948
145002
145195
145215
145220
145298
145350
145384
145616
145639
145722
145833
145907
145918
145919
146098
146126
146228
146243
146367
146371
146375
146388
146543
146577
146606
146662
146854
146996
147029
147154
147238
147269
147317
147369
147384
147387
147412
147472
147526
147541
147548
147575
147681
147700
147813
147992
148034
148115
148205
148385
148394
148477
148521
148547
148592
148725
148754
148756
148918
148923
148974
149130
149171
149226
149282
149513
149644
149725
149755
149804
149804
149903
149951
150024
150080
150122
150218
150231
150280
150304
150392
150457
150485
150493
150531
150563
150667
150710
150750
150761
150900
150913
150932
150962
150970
151106
151108
151128
151256
151302
151310
151310
151327
151361
151480
151620
151639
151791
152123
152124
152181
152186
152248
152256
152459
152542
152563
152563
152812
152822
152937
153018
153061
153204
153276
153372
153399
153409
153412
153565
153638
153733
153788
154100
154182
154213
154352
154583
154702
154792
154808
154824
154834
154956
154970
154993
155119
155270
155420
155832
156034
156038
156213
156247
156278
156321
156388
156406
156658
157211
157300
157395
157415
157466
157567
157965
158019
158122
158229
158376
158380
158405
158408
158417
158525
158557
158588
158594
158618
158635
158749
158756
158969
158982
159063
159065
159089
159092
159098
159152
159237
159319
159696
159896
159898
159905
159931
160174
160221
160236
160318
160335
160396
160433
160520
160560
160572
160641
160736
160796
160817
160822
160951
161192
161306
161377
161479
161501
161638
161829
162020
162040
162084
162087
162189
162193
162213
162341
162481
162482
162519
162608
162719
162770
162840
162950
163014
163020
163258
163370
163443
163521
163569
163597
163628
163643
163722
163847
163892
163919
163990
164063
164133
164180
164261
164333
164506
164561
164586
164650
164657
164717
164809
164873
165223
165297
165313
165494
165494
165504
165512
165566
165658
165790
166026
166033
166034
166080
166125
166158
166252
166286
166343
166351
166361
166365
166437
166767
166777
166807
167169
167236
167386
167519
167670
167717
167758
167767
167769
167992
168085
168118
168218
168246
168292
168446
168493
168553
168574
168578
168579
168653
168785
168804
168882
169018
169127
169158
169278
169303
169423
169500
169595
169667
169887
169902
169921
169940
169970
169972
170202
170240
170247
170314
170395
170488
170515
170682
170749
171053
171059
171151
171205
171213
171273
171376
171382
171480
171535
171626
171664
171687
171844
171862
171945
172040
172513
172711
172787
172793
172904
173133
173156
173355
173379
173423
173520
173531
173534
173535
173536
173608
173611
173621
173639
173665
173798
173888
173952
173972
173991
174036
174071
174172
174336
174338
174371
174401
174414
174555
174589
174601
174626
174644
174702
174748
174757
175203
175288
175316
175657
175834
175897
175917
176103
176232
176367
176375
176400
176440
176517
176645
176647
176722
176737
176846
176933
176936
176965
177065
177174
177180
177252
177301
177317
177322
177336
177665
177708
177721
177988
178047
178110
178112
178328
178546
178557
178611
178679
178690
178759
178789
178844
178866
178904
178916
179133
179201
179258
179295
179389
179592
179601
179740
179781
179795
179808
180003
180100
180272
180497
180549
180596
180671
180694
180705
180724
180818
180897
181011
181099
181130
181168
181270
181387
181731
181742
181747
181778
181865
181941
181947
182044
182259
182278
182283
182398
182961
182979
182992
183156
183275
183306
183453
183547
183651
183671
183673
183862
183964
183970
183971
184061
184099
184158
184322
184323
184384
184426
184482
184621
184639
184757
184869
184880
184967
185076
185182
185199
185322
185327
185401
185407
185548
185679
185701
185711
185719
186020
186071
186173
186216
186291
186352
186712
186726
187055
187073
187091
187186
187305
187346
187493
187529
187536
187690
187807
187823
187927
188192
188230
188264
188271
188273
188335
188556
188559
188580
188792
188986
189158
189179
189296
189351
189484
189500
189604
189936
190001
190039
190128
190229
190287
190303
190329
190527
190533
190559
190656
190728
190760
190802
191013
191121
191138
191272
191406
191574
191579
191622
191632
191744
191751
191775
192198
192198
192199
192209
192233
192392
192514
192654
192921
193073
193102
193515
193528
193582
193606
193675
193725
193738
193745
193778
193799
193938
193980
194126
194139
194141
194235
194242
194252
194397
194421
194483
194489
194565
194602
194614
194720
194999
195146
195179
195243
195268
195379
195454
195522
195598
195808
195883
195905
195959
195974
196051
196171
196369
196428
196476
196519
196914
196996
197006
197017
197024
197095
197113
197130
197213
197340
197340
197404
197417
197432
197528
197568
197637
197788
197911
198037
198084
198133
198228
198266
198560
198621
198668
198780
198945
198997
199237
199348
199373
199423
199504
199569
199600
199760
199968
200017
200041
200310
200369
200411
200438
200492
200570
200781
200854
200913
201317
201394
201401
201445
201557
201732
201736
201748
201762
201769
201794
201845
201870
201996
202299
202309
202461
202487
202546
202655
202848
202927
203086
203239
203293
203317
203460
203747
203993
204105
204407
204456
204613
204648
204820
204890
204906
205102
205346
205438
205782
205863
206003
206073
206099
206202
206219
206283
206326
206474
206748
206829
206921
206949
207161
207291
207462
208045
208171
208191
208199
208324
208355
208708
208761
208776
209024
209272
209278
209326
209441
209623
209627
209650
209732
209874
210003
210159
210411
210555
210985
211302
211644
211722
211790
211828
211918
211979
211985
212347
212495
212591
212726
212813
212858
213033
213153
213188
213297
213423
213535
213711
213712
213769
213773
213828
213879
213983
214087
214117
214138
214143
214282
214409
214435
214533
214643
214999
215106
215157
215174
215230
215234
215359
215360
215424
215552
215573
215763
215786
215837
215840
215896
215898
216053
216068
216148
216170
216293
216491
216750
216915
217054
217085
217123
217190
217297
217466
217526
217861
217888
217968
218088
218121
218199
218275
218355
218483
218494
218637
218671
218755
218784
219124
219288
219512
219648
219758
219866
220003
220126
220288
220984
221006
221135
221202
221307
221333
221520
221691
221762
221981
221982
222082
222338
222385
222466
222608
222780
222894
222945
223000
223043
223239
223579
223710
223710
224154
224467
224490
224511
224585
224745
224779
224875
225076
225387
225720
225800
225986
226140
226163
226220
226554
226575
226632
226678
227079
227106
227202
228408
228483
228890
229170
229235
229294
229299
229315
229353
229417
229757
229824
229829
229861
229930
230264
230420
230525
230548
230592
230727
230738
230833
230928
230953
231184
231255
231295
231345
231352
231389
231488
231584
231678
232020
232143
232235
232318
232458
232506
232775
232874
233038
233104
233154
233362
233552
233658
233721
234072
234137
234331
234384
234557
234624
234785
234985
234988
235623
235761
235932
236095
236172
236737
236744
236762
237077
237082
237389
237620
238359
238599
239304
239309
239433
239571
239659
239885
240219
240239
240439
240625
240802
240886
240992
241169
241250
241911
242110
242149
242318
242774
242783
243031
243418
243464
243728
243737
243797
243808
244292
244372
244586
244946
245344
245993
246002
246168
246397
246690
246844
246937
246954
246955
247049
247265
247333
248051
248092
248094
248863
249002
249077
249140
249381
249520
249686
249806
250106
250209
250228
250339
250342
250366
250385
250401
250484
250546
250792
250943
250986
251523
251919
252018
252252
252261
252266
252508
252632
252682
253287
253566
253601
253707
253768
253807
253870
253873
253909
254523
254736
254847
255062
255423
255669
256181
256203
256277
256407
256718
256859
257338
257387
257658
257703
257739
258382
258491
258642
258698
258710
259180
259187
259246
259335
259460
259515
259573
259664
259697
260084
260868
261050
261131
261235
262032
262080
262087
262134
262251
262257
262635
262762
262791
262993
263285
263349
263412
263623
264344
264621
264666
264813
265139
265475
265530
265852
265889
265890
266289
266312
266483
266492
266765
267333
267700
267989
268074
268367
268636
268876
268983
269566
269653
270418
270872
270918
270984
271457
271664
271797
271995
272003
272405
272629
272745
272927
272997
273639
273655
273763
273813
273853
273867
273929
273972
274018
274962
275230
275329
275400
275409
275888
276017
276267
276343
276518
276723
276851
277498
277603
277917
278088
278645
278684
278824
278955
278974
279033
279098
279149
279199
279640
279931
279950
280294
280444
280464
280798
280922
281442
281503
281900
281978
282291
282535
282655
282731
283424
283542
283927
284178
284593
284934
285468
285488
286041
286089
286561
286589
286594
286899
287411
287823
288310
288657
288825
288879
288914
289069
289628
289632
289723
289839
290432
290456
290519
290584
290715
291108
291208
291515
291929
292025
292627
292698
292892
292959
293261
293304
293339
293588
293626
293672
293745
293810
294479
294823
294885
294995
295030
295076
295231
295368
295388
295421
295671
296209
296630
297152
297713
298157
298685
298747
298935
299202
299601
299679
300229
300565
300952
301279
301396
301582
301841
301956
302261
303465
303710
304068
304315
304391
304717
305155
305812
306108
306362
306552
307540
307930
309024
309665
310090
310214
310433
310506
310770
311690
311944
312229
312323
312507
312993
313202
313288
314106
314388
314617
315133
315612
316643
316773
316839
317038
317141
317408
317676
317731
317744
317910
318004
318031
318041
318109
318207
318770
318826
319605
319755
319968
320065
320605
320734
321095
321213
321420
321452
321527
321753
322227
322757
322850
322899
322931
323375
324276
324522
324736
324763
324837
325363
325602
325681
325682
325754
326284
327516
327649
327952
328264
328285
328904
328955
330299
330466
331178
331191
331404
331640
332006
332249
332671
332921
332949
332958
333352
334043
334204
334220
334298
334343
334546
334712
335149
335713
335780
335789
335918
335981
336399
336612
336728
337265
337495
337754
337814
338266
339236
340629
341135
341582
341959
342467
342908
342956
343824
344308
344440
344505
345837
347167
347513
347579
349998
350253
350369
350535
351368
351999
352127
352174
352707
352875
353410
353558
353697
354112
354860
354893
355325
355526
355666
356901
357185
358114
358235
358296
358816
359190
359459
360971
361706
363208
363805
364041
364217
364411
365397
365908
366092
367352
368128
368150
369124
371224
373227
373755
373856
373865
375183
375452
375526
375594
375833
375908
377338
377709
378701
380281
381635
382042
383022
383360
386259
386570
387626
387790
389666
390266
390702
390935
391079
391095
392395
392971
393630
394171
394578
394701
397682
398900
399550
400908
402079
402124
402593
402863
403649
403837
404892
405941
406007
407711
408161
408823
408876
409377
410596
411691
411809
415236
415987
416429
416548
416608
417300
418197
418376
418817
418907
420606
421554
421926
422546
422818
423151
433122
439717
440104
445793
446950
451179
452919
455561
456757
457216
458206
461801
462968
463680
464044
467010
468497
468914
470053
474639
475408
476051
479104
486879
487624
489146
493650
497250
506653
510014
513913
515104
516828
518416
530129
531051
535657
536864
543009
544842
547336
558552
585935
587277
691154
