0
0
31
92
172
263
297
310
321
331
381
437
480
510
661
684
685
728
808
808
817
874
895
952
990
998
1004
1044
1046
1063
1068
1069
1093
1103
1156
1199
1292
1346
1349
1391
1410
1411
1420
1522
1528
1625
1665
1710
1749
1797
1905
1981
2020
2031
2048
2086
2089
2202
2258
2266
2334
2415
2423
2454
2538
2567
2672
2750
2760
2836
3007
3131
3151
3169
3348
3393
3507
3574
3590
3618
3738
3777
3908
3918
3941
4070
4086
4102
4112
4119
4126
4148
4224
4440
4472
4674
4715
4718
4773
4879
4919
4927
4952
4970
5036
5094
5095
5098
5179
5189
5191
5205
5352
5375
5412
5618
5762
5764
5809
5846
5859
5879
5978
5980
6006
6111
6134
6144
6190
6205
6207
6299
6423
6455
6531
6547
6562
6619
6647
6654
6656
6733
6831
6842
6860
6874
6900
6943
6950
6966
6992
6992
7002
7064
7102
7231
7268
7342
7387
7405
7417
7429
7483
7562
7595
7610
7733
7804
7945
7974
8002
8038
8041
8086
8137
8173
8187
8260
8267
8280
8289
8390
8426
8497
8503
8521
8527
8532
8568
8576
8580
8658
8688
8703
8708
8760
8829
8860
8998
9017
9039
9041
9043
9056
9126
9377
9399
9478
9494
9623
9628
9679
9716
9718
9720
9721
9754
9773
10013
10041
10049
10064
10064
10143
10175
10182
10192
10239
10318
10328
10341
10377
10401
10465
10514
10587
10673
10728
10740
10744
10751
10785
10785
10795
10874
10935
10952
10972
10995
11067
11106
11166
11216
11222
11274
11328
11349
11351
11353
11378
11396
11406
11436
11457
11467
11527
11555
11628
11727
11819
11912
11947
12024
12028
12054
12102
12162
12184
12331
12335
12347
12423
12441
12560
12649
12692
12858
12965
13022
13099
13149
13166
13179
13231
13243
13248
13263
13282
13289
13354
13369
13382
13410
13509
13510
13540
13581
13584
13584
13628
13716
13795
13810
13881
14017
14044
14054
14075
14254
14294
14310
14328
14330
14436
14513
14519
14544
14585
14629
14745
14762
14777
14842
14884
14939
15104
15114
15157
15254
15281
15318
15444
15459
15550
15615
15653
15663
15674
15694
15697
15765
15776
15785
15825
15836
15849
15893
15951
15961
15993
16078
16169
16183
16268
16379
16421
16490
16539
16604
16692
16736
16760
16765
16785
16875
16966
17085
17096
17137
17188
17196
17247
17252
17279
17285
17421
17458
17473
17525
17566
17585
17690
17787
17809
17868
17908
17933
17995
18001
18123
18132
18206
18265
18344
18380
18426
18529
18573
18607
18768
18826
18890
18948
19004
19092
19215
19223
19293
19356
19387
19391
19426
19435
19460
19556
19556
19582
19589
19622
19645
19682
19724
19762
19765
19783
19921
19934
19961
20023
20072
20122
20141
20294
20299
20300
20331
20369
20394
20404
20467
20544
20553
20572
20695
20706
20711
20733
20766
20798
20815
20840
20867
20911
21055
21135
21156
21214
21216
21292
21295
21296
21315
21337
21359
21411
21414
21437
21462
21475
21550
21605
21648
21660
21698
21761
21815
21874
21904
21933
22049
22098
22171
22212
22216
22240
22251
22415
22438
22462
22491
22497
22510
22549
22597
22641
22642
22642
22749
22886
22913
22959
23025
23091
23191
23225
23238
23316
23316
23329
23339
23371
23396
23402
23481
23619
23666
23729
23732
23825
23993
24023
24032
24147
24154
24260
24274
24286
24435
24456
24463
24559
24569
24586
24736
24739
24792
24877
24919
24958
24958
25022
25024
25034
25217
25266
25373
25453
25496
25509
25591
25618
25735
25867
25908
25911
25922
25941
25944
25997
26005
26063
26189
26211
26294
26299
26306
26370
26452
26496
26528
26538
26596
26614
26636
26717
26740
26746
26787
26865
26869
26912
26923
26966
26984
27202
27234
27322
27328
27338
27389
27494
27537
27579
27701
27708
27740
27781
27956
27997
28051
28058
28101
28183
28189
28251
28425
28438
28480
28533
28589
28594
28639
28669
28697
28724
28783
28784
28869
28907
28915
28984
29012
29094
29140
29171
29293
29306
29354
29385
29438
29440
29494
29525
29545
29548
29808
29898
30100
30135
30154
30173
30192
30249
30306
30406
30487
30607
30619
30792
30839
30942
30945
31007
31014
31019
31120
31142
31269
31270
31337
31342
31461
31516
31570
31663
31675
31731
31739
31779
31870
31956
31966
31967
32037
32147
32186
32198
32226
32346
32367
32404
32474
32821
32944
32958
32969
33057
33085
33146
33212
33263
33403
33407
33426
33464
33509
33512
33519
33549
33552
33710
33799
33803
33861
33893
33969
33972
33999
34003
34048
34077
34103
34136
34267
34297
34312
34379
34396
34404
34464
34550
34630
34643
34756
34764
34813
34877
34920
34932
35063
35082
35091
35158
35284
35327
35376
35468
35477
35489
35520
35578
35741
35762
35860
35886
35890
35891
35921
35936
35952
36364
36380
36415
36447
36506
36525
36611
36654
36749
36825
36874
36893
36913
37062
37158
37268
37337
37395
37439
37443
37510
37638
37651
37729
37730
37799
37844
37909
38000
38147
38211
38429
38456
38558
38625
38735
38744
38754
38897
38910
38959
39132
39148
39166
39221
39225
39244
39283
39285
39305
39329
39378
39620
39924
39931
39941
40008
40065
40071
40098
40157
40161
40237
40250
40519
40587
40598
40656
40686
40702
40707
40742
40784
40976
41037
41059
41070
41149
41182
41226
41266
41275
41399
41475
41537
41607
41696
41797
41915
41934
41944
41948
42057
42126
42200
42242
42349
42365
42374
42437
42459
42493
42560
42582
42717
42761
42802
42852
42905
42926
42964
42985
42994
43140
43151
43188
43225
43249
43284
43303
43331
43397
43513
43623
43633
43692
43785
43970
43979
44074
44154
44163
44223
44244
44330
44471
44483
44517
44524
44541
44588
44627
44657
44679
44691
44791
44891
44904
45019
45202
45208
45360
45418
45507
45712
45772
45784
45855
45856
45862
45913
45963
45970
45976
45976
45983
45983
46035
46056
46124
46266
46320
46341
46349
46371
46582
46596
46713
46757
46803
47038
47082
47123
47136
47153
47294
47362
47402
47643
47663
47687
47707
47711
47758
47782
47791
47793
47817
47818
47884
47901
47913
47921
47985
47990
48002
48095
48170
48354
48362
48415
48437
48446
48661
48696
48768
48806
48819
48839
48839
48893
49070
49075
49088
49119
49141
49245
49263
49338
49383
49384
49489
49529
49532
49567
49583
49738
49802
49804
49826
49876
49889
50121
50155
50155
50250
50256
50278
50306
50332
50345
50367
50369
50371
50376
50400
50462
50465
50527
50538
50549
50584
50678
50745
50768
50785
50888
51082
51130
51198
51366
51375
51415
51450
51558
51612
51762
51779
51900
51905
51952
52027
52030
52151
52259
52282
52423
52445
52507
52521
52559
52633
52637
52642
52668
52682
52719
52743
52846
52860
52941
53000
53103
53131
53193
53221
53252
53362
53390
53551
53579
53580
53637
53710
53742
53854
53935
54016
54131
54131
54199
54207
54257
54350
54422
54540
54646
54658
54742
54836
54911
54970
55046
55047
55102
55106
55224
55289
55306
55325
55372
55394
55491
55525
55546
55561
55632
55820
55839
55875
55905
56000
56035
56050
56131
56185
56190
56192
56251
56291
56298
56487
56604
56629
56660
56665
56683
56744
56784
56789
56967
57008
57034
57231
57265
57277
57309
57332
57370
57412
57692
57727
57728
57742
57776
57781
57794
57866
57871
57900
57919
57922
57936
57989
58011
58019
58042
58070
58107
58121
58186
58234
58359
58424
58458
58490
58496
58626
58759
58763
58764
58798
58877
58888
58925
59024
59032
59070
59071
59092
59165
59495
59497
59500
59519
59682
59725
59886
59890
59932
59945
59946
60122
60205
60330
60446
60452
60479
60486
60532
60557
60791
60794
60850
60896
60959
61123
61266
61269
61334
61369
61406
61413
61438
61478
61489
61496
61556
61653
61733
61737
61738
61772
61850
61854
61916
61980
62048
62134
62272
62274
62312
62412
62506
62615
62677
62707
62762
62766
62795
62815
62828
62844
62925
62978
63010
63099
63103
63221
63300
63310
63444
63485
63489
63526
63542
63553
63623
63631
63644
63765
63772
63774
63811
63847
64012
64014
64041
64045
64087
64107
64170
64180
64224
64253
64330
64394
64488
64527
64672
64699
64818
64913
65026
65048
65109
65129
65206
65236
65250
65338
65417
65507
65533
65694
65772
65786
65792
65895
65930
65972
65989
66006
66024
66128
66133
66203
66224
66280
66343
66370
66473
66481
66508
66566
66690
66731
66795
66875
66934
66953
67015
67021
67097
67108
67142
67193
67200
67213
67317
67319
67375
67503
67508
67567
67628
67822
67831
67854
67883
67946
67968
68013
68054
68085
68134
68266
68279
68344
68366
68390
68420
68456
68476
68476
68511
68557
68588
68651
68713
68735
68750
69065
69098
69104
69219
69226
69277
69282
69292
69314
69346
69375
69583
69619
69630
69727
69845
69888
70150
70191
70303
70325
70343
70366
70380
70416
70453
70615
70625
70632
70671
70695
70770
70804
70835
70899
70908
70976
71048
71065
71176
71285
71299
71337
71455
71459
71492
71628
71675
71722
71723
71726
71787
72084
72104
72128
72146
72147
72159
72353
72368
72388
72408
72494
72510
72561
72562
72569
72633
72660
72727
72840
72858
72864
72876
72921
72988
73107
73160
73180
73262
73305
73311
73344
73382
73462
73624
73646
73710
73732
73791
73791
73800
73896
73999
74096
74099
74173
74284
74291
74358
74403
74407
74440
74523
74540
74657
74688
74699
74712
74735
74806
74850
74887
74931
75325
75552
75558
75577
75615
75666
75742
75760
75843
75853
75957
75988
76106
76158
76221
76336
76448
76459
76584
76729
76863
76921
76951
76980
76993
77043
77072
77075
77126
77156
77164
77173
77194
77223
77235
77292
77294
77295
77313
77357
77369
77416
77519
77531
77582
77643
77710
77839
77846
77928
77955
77967
78024
78110
78123
78205
78382
78580
78598
78702
78718
78809
78877
78884
78942
79038
79095
79136
79273
79436
79560
79640
79731
79757
79998
80133
80147
80230
80232
80296
80353
80624
80631
80690
80723
80970
80987
81042
81061
81066
81103
81148
81158
81175
81193
81280
81293
81359
81396
81559
81560
81599
81655
81667
81780
81786
81836
81852
82177
82185
82250
82267
82273
82320
82396
82432
82507
82517
82684
82687
82727
82770
82882
82887
82911
82953
83014
83090
83112
83189
83381
83488
83526
83599
83609
83822
83833
83878
83992
83999
84042
84094
84115
84146
84148
84268
84332
84405
84531
84568
84571
84605
84662
84671
84819
84824
84850
84978
85020
85044
85044
85045
85092
85146
85177
85265
85274
85302
85335
85455
85482
85571
85858
85917
85957
86040
86046
86066
86282
86285
86400
86402
86412
86497
86512
86561
86648
86769
86865
86893
87138
87146
87149
87252
87362
87522
87544
87547
87629
87654
87680
87704
87707
87787
87859
87929
88054
88087
88106
88301
88358
88371
88374
88473
88508
88514
88540
88689
88693
88735
88858
88936
89065
89158
89183
89313
89332
89365
89434
89462
89591
89828
89860
89873
89878
89893
89905
89907
89948
89968
90046
90089
90209
90315
90395
90439
90527
90585
90680
90687
90782
90829
90838
90842
90895
90921
90932
90955
90971
91162
91454
91508
91574
91577
91584
91702
91799
91845
91857
91893
91941
91972
91985
92032
92141
92167
92170
92255
92329
92335
92425
92434
92480
92497
92544
92580
92676
92686
92718
92734
92781
92819
92885
92921
92991
92996
93010
93022
93254
93354
93492
93564
93587
93631
93736
93840
93840
93916
93926
93935
94046
94283
94283
94311
94379
94409
94494
94525
94565
94595
94622
94674
94753
94760
94768
94768
94796
94844
94907
94980
95023
95063
95147
95329
95357
95362
95431
95468
95539
95586
95733
95781
95919
96024
96123
96138
96188
96322
96379
96415
96495
96578
96694
96901
96949
96999
97107
97151
97214
97261
97265
97282
97497
97683
97715
97817
97846
97849
97899
97910
97994
98118
98124
98282
98325
98338
98429
98479
98499
98637
98741
98749
98853
98869
98903
99055
99083
99119
99193
99232
99317
99390
99408
99443
99513
99584
99622
99782
99891
99952
99957
100113
100244
100246
100270
100439
100458
100478
100619
100740
100785
100843
100874
100925
100960
101000
101207
101254
101258
101259
101399
101421
101499
101522
101549
101614
101665
101823
101877
101911
101958
102072
102145
102295
102299
102373
102544
102650
102680
102946
103122
103194
103327
103567
103827
103855
103944
104064
104132
104227
104231
104305
104330
104345
104358
104362
104376
104403
104481
104498
104526
104581
104606
104608
104811
104822
104947
105086
105141
105240
105360
105413
105449
105530
105575
105601
105644
105660
105786
105872
106107
106141
106237
106525
106615
106705
106802
106821
106971
107015
107205
107235
107293
107334
107387
107433
107512
107514
107530
107595
107603
107618
107626
107700
107704
107707
107758
107850
107876
107943
107958
107990
108108
108156
108344
108376
108439
108476
108558
108742
108814
108930
109006
109095
109161
109579
109631
109660
109693
109738
109780
109948
109984
110022
110052
110071
110075
110090
110135
110140
110175
110265
110266
110326
110361
110366
110433
110483
110485
110491
110565
110586
110664
110771
110834
110849
110887
110918
111065
111146
111201
111548
111621
111641
111726
111841
111855
111867
111966
112043
112264
112297
112392
112401
112443
112533
112551
112981
113008
113022
113027
113036
113171
113319
113348
113670
113801
113835
113922
113951
113967
114108
114119
114124
114165
114179
114379
114394
114678
114903
114914
114926
114965
114987
115007
115325
115326
115473
115507
115626
115662
115677
115793
115863
115888
116040
116139
116148
116158
116329
116363
116397
116431
116537
116591
116799
116803
116808
116928
117128
117149
117172
117174
117200
117201
117416
117543
117591
117663
117722
117737
117819
117843
117846
117914
118181
118279
118307
118742
118782
118953
118956
119071
119330
119337
119344
119347
119485
119517
119541
119747
119751
119761
119826
119929
120090
120272
120476
120520
120648
120783
120878
121064
121212
121235
121329
121348
121447
121462
121604
121615
121636
121636
121719
121826
122034
122041
122045
122258
122269
122362
122383
122391
122426
122545
122567
122815
122830
122862
122884
122890
122906
122914
122914
122919
123092
123094
123179
123221
123435
123535
123547
123548
123659
123808
123887
123898
123900
123916
123962
124031
124107
124172
124209
124278
124291
124311
124355
124371
124411
124429
124435
124462
124551
124633
124741
124749
124776
124837
124865
124895
124933
125128
125173
125195
125197
125388
125417
125450
125502
125549
125780
126008
126025
126075
126096
126129
126132
126190
126265
126296
126433
126433
126468
126531
126664
126792
126853
126868
126873
126890
126970
126994
127050
127062
127097
127124
127216
127321
127333
127484
127544
127548
127579
127697
127934
127952
128007
128058
128220
128259
128422
128429
128530
128696
128749
128772
128841
128899
128912
128942
128965
129084
129183
129271
129562
129569
129636
129637
129687
129831
130116
130128
130244
130371
130387
130498
130583
130730
130747
130789
130810
130857
130941
131011
131048
131059
131324
131382
131565
131696
131863
131921
131984
132133
132250
132267
132282
132306
132375
132389
132498
132669
132861
132926
133010
133053
133095
133279
133419
133441
133483
133877
133880
133935
133954
133962
134058
134138
134168
134192
134200
134230
134407
134517
134549
134626
134683
134761
134868
134914
134957
134982
135034
135063
135110
135191
135199
135367
135582
135720
135875
136008
136109
136198
136295
136341
136547
136551
136556
136557
136572
136632
136749
136795
136893
136926
137129
137146
137158
137158
137195
137332
137336
137346
137356
137360
137385
137395
137396
137484
137494
137510
137550
137563
137584
137710
137815
137852
137861
137887
137916
137962
138262
138579
138649
138755
138805
138824
138955
139203
139354
139363
139367
139404
139532
139634
139892
139919
140030
140343
140700
140715
140762
140855
140988
141009
141062
141159
141338
141385
141522
141545
141623
141737
141842
141848
141934
141948
141954
141963
141969
141983
142037
142205
142308
142384
142398
142451
142478
142571
142634
142897
142913
142941
143064
143562
143646
143674
143692
143811
144102
144121
144251
144355
144357
144467
144481
144547
144605
144651
144673
144696
144702
144791
144922
145131
145223
145338
145665
145913
146014
146047
146080
146414
146429
146494
146627
146636
146741
146765
146948
146962
147007
147026
147106
147185
147203
147243
147431
147567
147699
147724
147773
147811
147934
147959
147979
148010
148013
148036
148108
148111
148119
148142
148155
148347
148485
148490
148526
148539
148577
148605
148787
148913
148952
149047
149128
149130
149377
149378
149379
149688
149689
149828
149868
149934
149979
149991
150026
150073
150075
150371
150461
150470
150483
150505
150566
150664
150696
150901
150993
151101
151163
151269
151285
151343
151354
151418
151464
151609
151720
151725
151734
151739
151799
151811
151883
151929
152141
152492
152514
152544
152555
152686
152777
152851
152890
153095
153312
153339
153450
153551
153645
153693
153802
153840
153881
153884
154051
154154
154172
154173
154259
154317
154363
154402
154629
154664
154870
154968
155040
155045
155207
155321
155379
155395
155559
155683
155901
156126
156307
156341
156394
156407
156440
156648
156675
156727
156746
156772
156909
157038
157053
157138
157218
157385
157387
157428
157534
157613
157657
157770
157840
157864
157919
157932
158001
158005
158077
158139
158321
158418
158465
158586
158711
158767
158841
158980
158997
159142
159143
159182
159207
159411
159502
159550
159612
159617
159714
160063
160137
160146
160496
160696
160730
160779
160913
160961
160978
161035
161186
161371
161390
161633
161792
161839
161920
162196
162260
162262
162551
162603
162732
162739
162757
162793
162874
163078
163125
163446
163557
163589
163592
163641
163667
163671
163763
163797
163848
164110
164146
164156
164163
164209
164325
164355
164374
164513
164552
164588
164629
164639
164641
164656
164681
165094
165191
165483
165725
165792
165806
165925
165968
166013
166033
166069
166120
166304
166311
166381
166469
166495
166706
166715
166807
167005
167243
167348
167438
167447
167462
167519
167588
167703
167770
167822
167829
167832
167870
167910
167958
167967
167977
168026
168232
168320
168364
168383
168400
168419
168622
168691
168859
169164
169265
169393
169475
169478
169563
169706
169775
169859
169898
170113
170156
170233
170236
170252
170372
170436
170438
170472
170549
170694
170702
170823
170918
170953
170973
171064
171125
171339
171540
171619
171647
171794
171893
172143
172154
172166
172260
172289
172558
172940
173004
173156
173180
173274
173295
173353
173531
173615
173696
173744
173899
174034
174188
174331
174361
174380
174414
174733
174738
174764
174829
174867
174891
174891
174917
174984
175048
175288
175372
175504
175523
175858
176167
176233
176479
176705
176810
176919
176937
177026
177068
177197
177248
177296
177303
177311
177431
177506
177507
177543
177651
177677
177681
177710
177942
177975
177995
178035
178123
178261
178356
178480
178846
178848
178921
179020
179020
179250
179396
179410
179543
179764
180134
180192
180240
180391
180453
180699
180824
180878
180911
181116
181305
181469
181793
181816
181930
181933
181965
182006
182019
182082
182214
182274
182319
182343
182389
182416
182454
182535
182696
183091
183129
183426
183507
183540
183666
183690
183885
184073
184458
184540
184664
184700
184735
184831
184865
184904
185118
185295
185580
185631
185933
186009
186176
186242
186256
186286
186353
186376
186378
186380
186669
186883
186892
186921
187088
187254
187271
187274
187282
187303
187353
187831
187853
187899
187992
188184
188449
188548
188900
188925
188934
189058
189109
189568
189589
189633
189687
189762
189778
189796
189806
189812
189820
189826
190033
190046
190092
190128
190155
190283
190563
190701
190897
190942
191155
191184
191264
191281
191473
191579
191842
192121
192167
192310
192319
192375
192591
193009
193016
193318
193531
193538
193554
193744
193786
193921
194112
194167
194248
194297
194313
194675
194794
195046
195167
195382
195677
195851
195899
195901
196224
196374
196406
196521
196717
196810
197010
197131
197240
197252
197316
197518
197896
198220
198388
198477
198555
198613
198808
199093
199212
199307
199316
199729
200003
200197
200376
200430
200540
200575
200788
201017
201280
201290
201520
201538
201554
201601
201656
201999
202158
202235
202265
202345
202354
202748
202793
202999
203014
203314
203353
203446
203450
203721
203842
203903
204060
204149
204151
204196
204416
204575
205047
205050
205160
205169
205211
205322
205608
205695
205948
205987
206256
206366
206803
206804
206811
206826
206923
206942
206953
207027
207043
207265
207281
207480
207480
207595
207658
207674
207820
208256
208437
208450
208515
208717
208933
208978
209166
209551
209608
209737
209852
209943
210114
210276
210887
211169
211350
211391
211581
211593
211870
212157
212160
212593
212794
212988
213074
213196
213235
213346
213631
213745
213933
213979
214062
214103
214121
214132
214256
214382
214511
214752
214841
214919
214941
215022
215385
215409
215650
215867
216000
216013
216139
216296
216557
216644
216823
217082
217100
217102
217317
217330
217494
217586
217610
217618
217698
217823
217916
218041
218278
218787
218864
219277
219503
219567
219719
219980
219992
220469
220594
220648
220670
220691
220717
220923
220941
221344
221724
221728
222020
222066
222077
222115
222366
222453
222506
222569
222731
222791
222846
222939
222987
223053
223150
223242
223705
223730
224045
224469
224654
224872
224940
224969
225068
225703
225898
226548
226571
226912
226954
227010
227129
228008
228217
228341
228709
229184
230078
230139
230223
230876
231155
231166
231176
231726
232079
232159
232598
232625
232745
233208
233269
233270
233313
233630
233934
234425
234530
234856
234941
234954
235061
235124
235429
235974
236032
236050
236108
236405
236572
236786
236816
236833
236833
237256
237348
237488
237922
238239
238516
238713
238721
238889
238985
239016
239429
239606
239615
239623
239629
239744
239853
239963
240145
240236
240482
240535
240662
241128
241296
241461
241805
241878
241883
242169
242201
242718
242724
242945
243172
243333
243382
243416
243551
243774
243959
244024
244226
244622
244669
244710
244826
245084
245604
245605
245872
246272
246369
246471
246521
246661
246802
246826
246903
246919
247115
247457
248067
248313
248659
248714
248738
249140
249776
250014
250476
250501
250557
250872
250895
250930
251423
251576
251612
251683
251696
251802
251970
252096
252113
252312
252519
252558
252771
252999
253397
253762
253941
254267
254595
254673
255360
255419
255440
255693
255879
256029
256163
256475
257005
257161
257256
257881
257885
258018
258104
258681
258816
258891
258894
259120
259588
259824
260291
260728
260838
261127
261166
261303
261373
261696
261781
262280
262730
263332
263462
263625
263708
263871
263932
263948
264105
264206
264323
264882
264884
265615
265654
265756
265879
265955
266358
267088
267184
267184
267514
268034
268042
268177
268431
268670
269092
269143
269518
269877
270031
270127
270142
270159
270790
271091
271442
271986
272027
272700
272726
273060
273173
273345
273583
273727
274164
274234
275251
275258
275320
275369
275482
275940
276036
276225
276432
276452
277002
277221
277439
277772
277965
278205
278391
278862
279310
279542
279647
279861
279913
280258
280336
280469
280683
280690
281077
281165
281233
281359
281540
281553
282017
282653
282657
282801
283343
283380
283427
283737
284471
284592
284756
284835
284845
285090
285156
285325
285537
286135
286470
286551
286888
287026
287130
287983
288191
288691
288750
289307
289437
289576
289968
290230
290512
290929
292282
292335
292704
292704
293408
293437
293488
293669
293989
294053
294152
294212
295076
296019
296818
296886
296908
297136
297248
297441
297477
297830
298336
298974
299399
299433
299472
299582
300038
300951
301071
301761
301785
302030
302074
302171
302458
302699
302995
303218
303618
303721
303915
303948
304583
304998
305273
305292
305700
305809
305897
306441
307405
307435
307506
307888
308005
308536
308669
309113
309581
309706
309745
310004
311277
311519
312101
312426
312602
312940
313050
313056
313497
313796
313847
313956
314151
314169
314702
315216
315931
316201
316602
316875
317244
317295
317329
317620
318388
318807
319147
319425
319893
320746
321011
322444
322611
322612
322949
323349
323987
324415
325147
325927
326126
327004
327257
329018
329443
329481
329583
330023
330317
330467
330478
330655
331565
331594
331660
331784
332946
333468
334097
334318
334710
335412
335650
335997
336294
336562
336809
337556
338017
339058
339365
339490
339571
340005
340081
340640
340849
342430
342545
342557
342647
343746
344791
345951
347311
347510
348255
348615
349591
349824
350317
350593
351411
351816
351837
352060
352431
353032
353400
353637
354005
354371
354736
355203
356276
356972
358604
358843
358930
360038
360516
361655
361779
362548
363619
364004
364041
364587
365031
365038
365448
366520
366642
366867
368127
368250
368521
371208
371686
371803
372896
373340
373646
373709
374329
374342
375023
375169
375304
375404
375811
376061
377935
379300
380443
382394
382572
383155
384788
387253
387595
388501
389006
389453
391671
392958
393867
394419
395687
397376
398003
398008
398207
401260
401433
403462
403989
404504
404809
407924
407954
408238
408911
409249
410585
410622
411590
411704
412147
412440
412845
413325
415248
417142
418483
418999
422194
424060
424650
425193
426015
427621
428069
431409
431959
433003
436199
437503
438109
438747
438867
439321
439506
440934
444465
445141
445143
447984
448850
454740
455718
455919
458315
462658
462961
463083
463322
463675
464105
464736
464979
482132
487393
496528
498187
499202
502397
502925
504237
508259
517337
517530
523362
540313
545958
546395
559220
562267
567927
573211
587649
