0
0
104
140
199
365
371
403
473
478
487
584
585
615
641
687
699
792
849
865
914
1088
1127
1152
1161
1173
1187
1280
1338
1437
1498
1594
1704
1709
1755
1919
1986
2197
2386
2389
2532
2539
2607
2652
2661
2678
2685
2783
2888
2948
2950
3062
3277
3298
3333
3364
3476
3560
3613
3836
3852
3862
3988
4156
4176
4211
4318
4322
4474
4568
4599
4651
4708
4774
4901
4940
5019
5042
5098
5121
5136
5300
5303
5481
5596
5613
5689
5733
5808
5941
5947
5999
6098
6169
6344
6447
6597
6614
6776
6818
6870
6935
7083
7119
7402
7442
7461
7521
7531
7547
7598
7675
7785
7982
8038
8051
8084
8156
8349
8472
8561
8595
8650
8687
8722
8741
8784
8810
8840
8920
8990
9025
9188
9256
9344
9455
9663
9683
9904
9946
10068
10220
10247
10255
10271
10330
10379
10673
10806
10813
10836
10861
10920
10939
10943
10943
10955
11042
11067
11130
11479
11622
11686
11781
11783
11853
11882
11938
12004
12086
12137
12159
12262
12342
12425
12524
12567
12623
12698
12793
12818
12897
12923
13109
13128
13164
13313
13401
13431
13542
13567
13616
13652
13716
13788
13830
13836
13850
13887
13906
13959
13989
14053
14317
14326
14336
14356
14463
14579
14612
14620
14688
14793
14951
14983
15024
15047
15153
15297
15301
15592
15624
15787
15918
15951
15964
16019
16048
16085
16095
16104
16295
16301
16314
16356
16433
16536
16645
16795
16807
16846
16869
16904
16917
16995
17055
17209
17420
17472
17532
17541
17598
17668
17679
17682
17688
17702
17714
17780
17790
17989
17995
18058
18113
18333
18352
18491
18539
18724
18728
18776
18813
18836
18838
18872
18945
19084
19085
19124
19138
19274
19301
19304
19364
19398
19596
19697
19756
19806
19943
19991
20042
20064
20115
20305
20577
20637
20692
20723
20795
20804
20811
21033
21132
21189
21310
21485
21521
21596
21689
21715
21784
21790
22007
22017
22066
22120
22167
22187
22227
22281
22547
22551
22638
22728
22749
22784
22804
22832
22849
22882
22886
23005
23041
23119
23137
23147
23283
23378
23379
23453
23497
23538
23589
23651
23662
23676
23819
24094
24154
24156
24159
24279
24280
24305
24363
24387
24548
24824
24844
24853
25127
25396
25432
25457
25489
25504
25527
25541
25566
25683
25779
25813
25816
25982
26017
26035
26163
26301
26368
26447
26488
26554
26581
26593
26615
26683
26719
26738
26832
26898
26919
27006
27148
27392
27634
27639
27686
27751
27916
27925
27955
28152
28266
28340
28362
28450
28454
28486
28614
28679
28782
28793
28995
29071
29140
29241
29257
29310
29492
29675
29745
29781
29817
29850
29948
30029
30138
30193
30246
30320
30397
30514
30523
30598
30645
30648
30702
30744
30841
30992
31105
31114
31136
31197
31258
31395
31397
31572
31663
31691
32267
32272
32449
32529
32529
32547
32688
32690
32850
32876
32883
32936
33100
33108
33173
33225
33312
33453
33523
33558
33601
33720
33726
33805
33814
33919
34252
34435
34461
34473
34630
34736
34739
34789
34794
34884
34917
35129
35136
35221
35245
35453
35567
35612
35767
36082
36347
36369
36406
36414
36422
36524
36550
36571
36667
36726
36876
36883
37109
37166
37203
37264
37451
37598
37688
37840
37877
38047
38124
38127
38242
38293
38337
38354
38359
38428
38455
38476
38525
38533
38629
38665
38788
38907
38970
39003
39058
39080
39198
39395
39396
39460
39461
39684
39723
39784
39885
40068
40088
40269
40342
40406
40412
40533
40578
40672
40673
40729
40863
40887
40888
40977
41080
41139
41178
41203
41249
41262
41267
41320
41519
41683
41839
41905
42184
42240
42333
42343
42377
42405
42446
42452
42458
42469
42564
42599
42643
42710
42912
43084
43132
43137
43143
43168
43253
43367
43389
43691
43692
43697
43867
44008
44037
44201
44225
44340
44365
44527
44571
44580
44589
44688
44945
44984
44989
45145
45196
45210
45269
45326
45336
45377
45428
45458
45546
45554
45608
45744
45946
45989
46014
46026
46066
46172
46182
46212
46257
46423
46440
46645
46717
46805
46834
46872
46964
47195
47315
47696
47718
47833
47859
47915
47922
48112
48122
48166
48167
48303
48332
48395
48414
48457
48475
48489
48521
48557
48951
49212
49215
49510
49524
49654
49719
49881
49900
49965
49973
50077
50141
50176
50275
50382
50523
50558
50619
50654
50686
50705
50865
50929
51041
51091
51134
51158
51198
51202
51296
51355
51400
51516
51675
51704
51749
51794
51926
52025
52055
52059
52081
52128
52142
52202
52355
52395
52525
52540
52665
52712
52721
53022
53050
53100
53101
53172
53240
53685
53814
53816
53889
53926
53974
54038
54174
54258
54262
54476
54478
54521
54559
54603
54653
54723
54803
54819
54876
54920
54992
55112
55180
55184
55186
55291
55344
55358
55364
55378
55536
55610
55670
55709
55725
55753
55756
55852
55937
55942
56027
56101
56145
56263
56350
56380
56413
56451
56531
56785
57119
57343
57449
57480
57527
57571
57662
57758
57799
57852
57912
58017
58380
58419
58441
58443
58474
58503
58530
58540
58698
58712
58803
58833
58888
58972
58996
59087
59122
59208
59216
59326
59332
59420
59424
59433
59827
59914
59961
60131
60186
60220
60331
60410
60470
60606
60835
60952
61005
61047
61080
61112
61215
61238
61304
61304
61316
61406
61409
61439
61461
61479
61717
61722
61747
61771
61786
61805
61818
61860
61882
61912
61920
62073
62151
62152
62429
62713
62780
62817
62881
62970
63042
63127
63137
63188
63198
63261
63306
63314
63356
63396
63455
63465
63483
63557
63578
63607
63607
63615
63618
63752
63859
63976
64066
64133
64226
64323
64334
64340
64468
64569
64594
64654
64660
64671
64688
64780
64824
64912
65044
65081
65169
65366
65396
65412
65517
65668
65733
65762
65901
66045
66050
66126
66156
66232
66369
66644
66695
66704
66824
66849
67189
67192
67238
67325
67348
67379
67398
67448
67494
67525
67531
67623
67739
67831
67857
67946
68006
68017
68039
68052
68071
68149
68232
68317
68331
68405
68544
68662
68831
68904
68907
69012
69025
69077
69138
69169
69232
69464
69500
69559
69691
69764
69825
69883
69928
69958
69969
70136
70205
70545
70595
70656
70665
70711
70714
70794
70814
70818
70907
71117
71125
71146
71159
71163
71349
71360
71374
71558
71754
71766
71783
71786
71835
71838
71952
71975
71988
72205
72243
72327
72403
72413
72481
72482
72496
72558
72588
72834
72985
73007
73033
73053
73253
73380
73405
73457
73467
73602
73710
73732
73793
73836
73882
73883
73942
74138
74180
74213
74351
74577
74664
74690
74757
74770
74798
74815
74910
74927
74991
75153
75206
75256
75439
75780
75810
75862
75866
75867
76230
76572
76730
76789
76793
76869
76905
76927
76928
76954
77228
77236
77244
77251
77575
77675
77760
77983
78040
78091
78095
78141
78542
78588
78809
79024
79122
79234
79236
79251
79357
79526
79576
79823
79868
79877
79953
80244
80302
80350
80616
80660
80751
80751
80805
80907
81029
81107
81126
81168
81173
81379
81535
81689
81740
81898
82003
82033
82038
82062
82127
82133
82160
82245
82326
82598
82607
82619
83080
83112
83138
83148
83166
83308
83400
83414
83424
83433
83460
83498
83618
83632
83846
83870
83972
84102
84236
84254
84256
84317
84341
84371
84398
84842
84883
85093
85120
85124
85197
85199
85424
85537
85565
85604
85638
85731
85848
86012
86145
86238
86290
86394
86443
86541
86570
86578
86622
86672
86700
86773
86792
87005
87107
87225
87257
87280
87415
87446
87570
87622
87655
87681
87761
87816
87896
87936
87953
87964
87992
88119
88179
88237
88377
88395
88718
88861
88862
88875
88936
88987
89012
89099
89119
89133
89185
89253
89310
89523
89666
89821
89856
89986
90008
90245
90270
90281
90352
90435
90586
90796
90886
90922
91080
91126
91148
91177
91381
91411
91445
91462
91634
91754
91887
91925
92096
92148
92174
92286
92335
92379
92462
92492
92564
92631
92649
92893
92949
92975
93089
93133
93195
93266
93346
93460
93815
93839
93866
93956
94009
94119
94317
94420
94460
94763
94813
94882
94986
95054
95082
95106
95124
95464
95481
95545
95667
95860
95885
96112
96204
96262
96355
96444
96532
96671
96728
96762
96836
96949
97038
97057
97301
97406
97509
97710
97798
97926
97962
98114
98117
98230
98362
98407
98538
98683
98735
98909
98962
99137
99152
99261
99339
99426
99499
99639
99777
99778
99857
100107
100222
100228
100370
100497
100615
100632
100695
100710
100733
100776
100789
100798
100862
101216
101323
101383
101499
101658
102037
102329
102449
102461
102560
102648
102765
102787
102852
102893
102913
103135
103157
103313
103320
103400
103535
103569
103704
103997
104043
104095
104102
104224
104263
104357
104430
104570
104664
104792
104843
104924
104957
104996
105061
105111
105196
105283
105319
105356
105576
105606
105757
106045
106294
106368
106871
106949
107031
107338
107339
107401
107473
107539
107564
107651
107666
107696
107887
107926
108089
108161
108177
108195
108256
108325
108330
108347
108374
108489
108622
108626
108708
108873
108989
108990
109093
109153
109261
109310
109458
109700
109792
109808
109964
110149
110196
110208
110246
110291
110308
110362
110398
110438
110473
110552
110629
110953
110976
111033
111330
111342
111988
112030
112104
112352
112712
112859
113637
113652
113715
113759
113923
113938
114265
114486
114652
114882
115089
115382
115444
115679
115718
115805
115842
115986
116441
116455
116463
116478
116596
116819
116850
117007
117013
117069
117074
117209
117291
117322
117438
117515
117533
117688
117769
117780
117781
117803
117906
118162
118259
118271
118278
118347
118529
118714
118773
119081
119232
119282
119804
119988
120035
120276
120331
120414
120417
120499
120525
120558
120570
120625
120860
120966
121010
121079
121133
121333
121336
121516
121578
121613
121731
122017
122024
122033
122085
122116
122116
122159
122454
122511
122543
122635
122688
122767
122858
123037
123228
123294
123578
123610
123699
123748
123797
123830
123860
123908
124149
124304
124522
124560
124777
124862
124940
124994
125125
125360
125462
125494
125500
125548
125582
125876
125972
126018
126076
126185
126197
126721
126756
127058
127106
127118
127178
127235
127348
127618
127625
127648
127693
127693
127864
127936
127939
128083
128088
128096
128133
128138
128272
128307
128535
128535
128576
128665
128695
128768
129022
129165
129185
129216
129246
129351
129613
129624
129750
129849
129934
130000
130338
130536
130603
130670
130767
130778
130786
130798
130860
130901
130941
130951
130969
131006
131061
131088
131088
131143
131174
131279
131469
131483
131592
131654
131679
131740
131797
131824
131864
131972
132090
132176
132205
132232
132305
132390
132454
132567
132672
132818
132980
132994
133073
133134
133386
133424
133430
133510
133548
133604
133684
133750
133990
134246
134450
134630
134664
134941
134978
135107
135115
135151
135656
135852
136023
136028
136091
136462
136484
136526
137031
137088
137120
137166
137247
137312
137473
137504
137869
137947
137961
138048
138092
138149
138318
138456
138506
138522
138611
138829
138838
138859
138906
139051
139068
139339
139408
139507
139507
139703
139753
140031
140090
140203
140235
140240
140327
140372
140589
140696
140801
140865
141309
141375
141664
141775
141822
141846
141888
142095
142101
142135
142442
142448
142472
142535
142630
142775
142862
143105
143533
143744
143763
143842
144085
144424
144445
144678
144700
144714
144759
144805
144914
144936
145056
145129
145173
145212
145258
145348
145357
145430
145494
145596
145620
145778
146179
146551
146604
146695
146699
146938
146961
147063
147091
147152
147224
147439
147574
147615
147732
147775
148041
148100
148357
148517
148641
148782
148912
148937
149469
149787
149860
150167
150175
150668
150756
151029
151110
151164
151468
151620
151914
151930
152076
152217
152273
152427
152484
152580
152671
153123
153250
153563
153631
153677
153771
153778
153798
153944
153968
154272
154520
154608
154731
154859
154997
155037
155068
155351
155371
155441
155481
155494
155581
155601
155902
155967
155969
156161
156495
156640
156687
156704
156880
156889
157213
157674
158100
158703
158750
158755
158865
158975
159014
159094
159194
159224
159257
159300
159478
159699
159750
159927
159946
160017
160363
160398
160410
160493
160538
160651
160949
161023
161152
161451
161483
161531
161869
162175
162505
162529
162632
162673
162756
163096
163118
163149
163170
163288
163305
163341
163344
163446
163546
163660
163926
163976
164138
164185
164480
164528
164541
164811
164898
164981
165040
165066
165201
165515
165855
166288
166336
166438
166499
166526
166989
167032
167041
167196
167425
167450
167772
167857
167929
167934
168166
168528
168552
168792
168841
168846
168874
168953
168958
169316
169361
169565
169571
169767
169892
170031
170096
170247
170374
170380
170479
170556
170573
170610
170647
170677
170696
170964
171318
171340
171376
171546
171556
171575
171583
171586
171682
172052
172092
172263
172301
172350
172355
172377
172659
172756
172865
172893
173290
173430
173770
173838
174036
174096
174498
174560
175252
175310
175350
175912
176046
176186
176223
176230
176428
176864
176866
177035
177053
177118
177240
177248
177355
177390
177564
177609
177695
178029
178112
178161
178243
178917
178985
179083
179252
179382
179401
179808
180000
180342
180811
180897
180924
180926
181605
181699
182101
182150
182183
182229
182371
182540
182779
183318
183524
183953
183987
184487
184576
184704
184743
184849
185095
185109
185131
185378
185398
185422
185764
185815
186717
186765
186843
186876
187081
187139
187217
187504
187579
187631
187819
188320
188519
188792
188985
189625
189678
189765
190090
190115
190320
190487
190548
190620
191026
191157
191263
191801
191859
192492
192566
192877
192996
193285
193492
193687
193803
194075
194079
194369
194591
194858
194878
195137
195187
195302
195837
196272
196598
196884
196938
197073
197218
197420
197499
198024
198788
198810
198854
198978
199294
199476
199929
200071
200082
200470
200492
200638
200970
201158
201287
201612
201970
202432
202943
203160
203205
203329
203913
204258
204261
204479
204559
205179
205258
205442
205561
205725
206065
206169
206484
206632
206643
206697
206715
206842
207240
207344
207345
207362
207412
207433
207888
207935
207961
207991
208094
208612
208918
208950
209158
209284
209525
209760
209908
210026
210027
210163
210509
210605
210647
210975
211024
211047
211255
211443
211940
212212
212493
212603
212914
212988
213011
213266
213555
213569
213808
214041
214707
215205
215299
215342
215384
215610
215630
216003
216286
216411
216471
216774
217069
217257
217303
217487
217534
217840
218025
218071
218129
219006
219328
219586
219658
220060
220242
220459
220674
221064
221297
221501
221560
221603
221693
221740
222841
223085
223240
223352
223434
223556
223940
224376
224405
224612
224814
225313
225642
225810
225891
226087
226341
226383
226414
226544
226545
226562
226637
226791
226981
227440
227707
227744
227824
227864
228460
229323
229520
230143
230221
230257
230590
230653
230654
231122
231196
231490
231701
231765
231946
232453
232685
232775
232920
233136
233147
233307
233341
233484
233590
233592
233739
233845
233955
234117
234190
234220
234299
234321
234693
234708
234713
235169
235331
235536
235666
236199
236815
237008
238269
238328
238535
239212
239631
239747
239938
240369
240575
240660
241084
241093
241154
241378
241573
241648
241975
243377
244087
244296
245968
246083
246169
247265
247267
248043
248312
249670
249740
249886
250140
250258
250931
250982
251007
251474
251791
251947
252145
252343
252364
252691
252978
253368
253892
253910
254143
254908
255449
255526
256146
256388
256779
257111
257350
257609
258502
258900
259113
259504
259575
259794
260296
260621
261251
262049
262568
262939
263109
263655
263721
263801
264377
264390
264892
265225
265311
265818
266443
267267
267284
267523
267538
267817
268720
268817
269164
269390
269416
269424
269876
270044
270286
270347
270566
270976
271265
271409
271784
271958
272199
272234
272460
272581
272678
272719
272725
272892
272904
272922
273783
274060
275499
276175
277016
277129
277485
277492
277619
277801
277841
277844
278191
278483
279731
280228
280311
280544
280612
281398
281671
282365
282551
282593
283544
284005
284635
284656
285122
286074
286097
287051
287126
287930
288973
289698
289903
290009
290549
290552
290624
290763
290912
291005
291231
291865
292568
292872
292875
293490
293548
293957
294028
295987
296090
296132
296328
296801
297147
297398
297609
298122
298695
298721
300812
302340
302688
302915
303354
304037
304379
305017
305234
305533
305775
306125
306152
306253
307027
307791
307826
308699
308743
309444
309479
310052
310479
310653
310777
311000
311297
312031
313056
313242
315112
315207
317025
317036
317111
317173
317574
317869
317987
318023
318913
319061
319732
322149
322776
323013
326118
326272
326424
327648
327914
330136
330520
331606
332326
332383
332806
333729
334326
334657
335663
336946
337243
339796
340221
340508
341772
341885
343333
344061
344186
344572
346547
346690
347275
347850
348449
348694
349269
350387
351016
351221
351511
352512
353881
354934
355330
355782
358722
359520
360093
360162
362122
362422
363814
364489
364541
365783
368070
368626
368932
369259
369564
369799
369925
371421
372155
373789
373915
375435
378679
379156
381275
383522
385186
388197
391532
392048
392417
395681
396059
397612
400024
401145
401617
402238
405164
405385
406998
410740
411170
413476
413791
416450
418411
419872
421487
423810
423994
427552
429318
433388
440123
446020
451425
457728
459509
468888
474275
476652
480858
489097
491893
494188
508782
513526
537395
544407
557417
577949
641353
700278
