0
0
71
139
264
415
619
648
650
664
676
728
774
862
1177
1209
1370
1605
1641
1644
1648
1812
1888
1995
2051
2067
2270
2435
2579
2765
2785
2806
3099
3146
3247
3279
3344
3396
3489
3492
3551
3608
3650
3785
3856
3969
4064
4353
4445
4505
4753
4780
4804
4998
5088
5209
5285
5317
5404
5510
5602
5674
5838
5945
6137
6268
6268
6326
6486
6637
6816
6965
6968
7150
7262
7278
7325
7507
7539
7546
7565
7576
7579
7929
7956
7976
8072
8199
8252
8410
8510
8568
8625
8648
8790
8817
8823
8870
8945
9206
9253
9316
9637
9660
9759
10027
10236
10359
10389
10431
10461
10600
10656
10664
10668
10672
10750
10832
11157
11393
11462
11657
11800
11927
12100
12125
12198
12363
12398
12437
12463
12482
12612
12706
12718
13030
13062
13250
13257
13483
13513
13544
13663
13902
13943
13953
13993
14070
14076
14114
14253
14287
14598
14795
14883
14885
14963
15251
15308
15519
15761
15787
15863
16232
16251
16259
16310
16492
16523
16551
16751
17195
17226
17558
17609
17677
17809
17883
18161
18191
18201
18351
18360
18663
18730
18766
18775
18901
19129
19366
19408
19715
19945
19951
20179
20180
20330
20493
20510
20637
20897
20961
20988
21027
21174
21180
21232
21275
21333
21373
21636
21960
22003
22082
22089
22169
22210
22323
22327
22376
22393
22431
22502
22586
22677
22791
22904
22975
23132
23142
23227
23406
23444
23468
23557
23691
23707
23899
24042
24066
24069
24214
24279
24345
24433
24535
24562
24564
24701
24768
24831
24890
24936
24951
24970
24976
25273
25327
25421
25431
25493
25571
25613
25735
26194
26320
26488
26627
26725
26803
26964
27115
27446
27497
27626
27641
27681
27717
27865
28021
28074
28139
28189
28254
28369
28550
28631
28632
28814
28851
28968
28992
29029
29085
29111
29135
29141
29201
29217
29375
29424
29495
29575
29710
29710
29801
30168
30239
30411
30415
30425
30437
30546
30677
31139
31143
31236
31456
31478
31598
31691
31761
31769
31827
31970
32245
32280
32283
32392
32441
32542
32676
32749
32827
32898
32985
33054
33084
33164
33265
33307
33329
33364
33393
33393
33713
33860
33917
33950
33958
33991
34021
34156
34319
34334
34371
34405
34468
34535
34554
34572
34577
34682
34743
35007
35228
35340
35366
35376
35446
35578
35581
35681
35709
35832
35880
35883
35956
35960
35991
36061
36084
36120
36327
36655
36658
36659
36738
36894
36957
37135
37299
37321
37545
37607
37662
37780
37844
37929
38014
38030
38087
38172
38176
38200
38657
38791
38811
38896
39000
39064
39185
39189
39227
39554
39558
39579
39646
39648
39664
39861
40066
40204
40222
40291
40478
40669
40688
40910
40993
41100
41268
41352
41423
41437
41454
41601
41684
41699
41723
41867
41888
41947
42018
42357
42398
42418
42570
42585
42655
42671
42830
42833
42857
42952
43085
43346
43371
43578
43607
43643
43826
43848
43948
43976
43994
44164
44167
44189
44257
44273
44302
44322
44656
44727
44818
44856
45144
45154
45428
45448
45496
45588
45669
45675
45809
46012
46027
46037
46201
46433
46529
46541
46719
46745
46812
47014
47038
47072
47182
47266
47271
47290
47429
47439
47476
47538
47764
47766
47856
48002
48094
48236
48373
48452
48614
48711
48764
48844
48918
48962
49291
49311
49323
49416
49499
49790
49918
50197
50245
50276
50590
50654
50668
50704
50726
50777
50966
51119
51452
51456
51515
51535
51638
51645
51841
52173
52222
52284
52330
52361
52390
52463
52506
52592
52879
52903
53224
53258
53388
53469
53484
53599
53778
53807
53955
54033
54120
54263
54287
54372
54471
54791
54830
54914
54938
54993
55310
55402
55665
55668
55713
55739
55769
55795
56027
56087
56088
56167
56403
56474
56529
56617
56716
56862
56962
57063
57208
57278
57292
57502
57535
57549
57550
57596
57619
57653
57718
58015
58104
58236
58375
58395
58707
58792
58814
58828
58924
59424
59461
59479
59665
59756
60093
60408
60551
60823
60861
60985
61130
61132
61343
61347
61366
61413
61500
61530
61544
61700
61791
61845
61899
61906
61917
61996
62106
62338
62345
62439
62854
62950
62984
63422
63486
63541
63857
63972
64187
64401
64487
64525
64813
64970
65242
65259
65265
65529
65636
65722
65770
65797
65840
65885
66053
66131
66192
66365
66545
66832
67037
67047
67250
67386
67391
67413
67425
67534
67563
67629
68081
68192
68592
68601
68609
68637
68654
68790
68849
68886
68994
69152
69232
69357
69417
69485
69633
69858
70046
70051
70136
70233
70270
70280
70398
70451
70570
70713
70786
70795
70916
71256
71334
71405
71500
71532
71560
71573
71594
71669
71750
71786
72116
72291
72498
72799
72808
72863
73193
73222
73375
73418
73455
73746
73813
73867
73913
74047
74259
74319
74617
74641
74668
74671
74671
74877
74955
75102
75396
75531
75652
76153
76496
76705
76861
76936
77026
77180
77544
77639
77774
77889
77942
77951
78020
78068
78071
78110
78128
78141
78286
78372
78595
78607
79114
79162
79224
79296
79476
79562
79701
79707
79882
80225
80248
80407
80605
80656
81136
81195
81327
81609
81609
81846
81936
81942
81975
82101
82129
82136
82168
82343
82375
82464
82490
82508
82654
82677
82684
82842
82900
83021
83296
83391
83403
83409
83476
83480
83488
83492
83644
83693
83751
83768
83816
83829
84079
84165
84175
84175
84253
84451
84455
84468
84655
84723
84921
84931
85031
85078
85139
85141
85164
85186
85357
85628
85821
85869
85917
85965
86123
86305
86352
86484
86677
86686
86813
86917
87091
87217
87373
87418
87503
87518
87661
87876
87888
87977
88024
88099
88308
88457
88471
88595
88645
88728
88748
88860
89059
89124
89149
89173
89178
89401
89842
89882
89892
90389
90397
90508
90542
90559
90624
90965
91046
91139
91169
91252
91259
91306
91339
91358
91592
92134
92138
92183
92258
92292
92344
92362
92392
92395
92402
92423
92435
92554
92590
92835
92913
93155
93223
93400
93440
93551
93577
93661
93747
93751
93950
94023
94092
94247
94414
94438
94465
94673
94678
94724
94807
94892
95017
95145
95330
95562
95636
95915
96089
96268
96329
96353
96474
96518
96716
96926
97064
97079
97157
97219
97332
97367
97452
97458
97568
97777
97898
97912
98037
98173
98237
98421
98745
99169
99741
99831
99856
99862
100159
100246
100302
100411
100630
100635
100668
100674
100896
100904
100909
101036
101141
101209
101306
101429
101517
101531
101541
101629
101685
101808
102000
102044
102171
102220
102535
102962
103072
103263
103380
103447
103549
103572
104016
104048
104081
104336
104446
104456
104549
104693
104707
104926
105142
105151
105335
105356
105433
105523
105679
105846
106403
106585
106770
106955
107149
107231
107308
107342
107565
107572
107796
107944
108034
108153
108189
108288
108438
108645
108810
108913
108952
109018
109019
109260
109325
109706
109962
109977
110093
110165
110302
110650
110702
110769
110831
110842
110934
110988
111082
111135
111570
111687
111715
111842
112270
112522
112573
112767
112954
113345
113426
113433
113480
113584
113712
113797
113808
113821
113871
114157
114368
114922
115105
115147
115221
115223
115545
115761
115874
115987
116184
116386
116552
116553
116889
116905
116919
117049
117463
117503
117606
117686
117824
117874
117955
118045
118478
118740
118772
118849
119096
119448
119511
119626
119646
119903
120024
120036
120356
120517
120624
120843
120843
120906
121185
121362
121393
121459
121556
121657
121699
121971
121978
122162
122271
122450
122480
122587
122782
122831
122946
122998
123277
123300
123418
123575
123650
123788
123838
123974
124102
124352
124789
124838
125557
125587
125596
125797
125845
125932
126122
126555
126714
126723
126828
126905
127311
127376
127537
127625
127898
127900
128228
128266
128420
128483
128723
129043
129084
129315
129461
129463
129488
129628
129998
130008
130234
130355
130382
130416
130627
130635
130651
131056
131115
131176
131269
131548
131567
131603
131653
132009
132142
132332
132470
132500
132697
132863
132913
133122
133132
133320
133421
133481
133835
134224
134373
134455
134606
134774
134954
134993
135018
135108
135461
135467
135483
135723
135817
136618
136635
136685
136869
136933
137335
137728
137730
137983
138006
138026
138092
138182
138295
138295
138376
138472
138531
138833
139048
139224
139242
139312
139356
139410
139535
139863
139959
140092
140231
140292
140761
140811
140952
141155
141167
141291
141395
141538
141584
141655
141781
141785
141843
141902
141908
142127
142313
142407
142569
142745
142836
143120
143391
143420
143522
143614
143681
143720
143751
143757
143796
143803
143941
143977
144245
144317
144522
144619
144634
144664
144674
144689
144843
144907
145184
145202
145249
145357
145712
145860
145969
145979
146314
146369
146384
146685
146803
146982
147124
147648
147663
147672
147714
148135
148436
148510
148636
148689
148827
148989
149247
149360
149649
149808
149904
149913
150051
150098
150209
150476
150661
150758
151019
151085
151174
151659
151743
151852
151909
151992
152049
152454
152633
152647
152794
152936
153012
153695
153972
154190
154518
154734
154968
154986
155048
155147
155532
155588
155663
156110
156227
156259
156331
156350
156513
156517
156777
156850
157183
157231
157370
157615
157668
157925
157970
158201
158539
158654
158934
158937
159078
159090
159240
159391
159445
159649
159691
159878
159890
159953
160282
160350
160456
160587
160953
161024
161245
161538
161544
161583
161608
161858
161942
162005
162049
162491
162504
162642
162652
162695
162762
162762
162872
162910
162918
163007
163093
163641
164030
164102
164343
164345
164707
164873
164953
165103
165150
165252
165460
165707
165819
165856
166107
166157
166425
166777
166970
167462
167472
167562
167576
167760
167796
167923
168208
168279
168564
168738
169313
169355
170491
171008
171220
171280
171417
171916
172104
172157
172318
172861
172945
173081
173092
173212
173451
173546
173803
173840
173885
174475
174905
174996
175263
176307
177180
177436
177518
177677
177821
178069
178071
178117
178550
178650
179150
179789
179985
180123
180140
180665
180863
181182
181247
181276
181278
181310
181464
181499
182153
182601
182658
182841
182851
182985
183125
183147
183234
183395
183556
183739
183947
184367
184387
184638
184808
185087
185356
185530
185741
185818
186512
186765
186816
186879
186965
187422
187731
187757
187803
188008
188126
188295
188320
189039
189122
189180
189608
189681
189938
190036
190232
190405
190422
190480
190600
190645
190779
190780
190889
191048
191258
191551
191651
191835
191878
192131
192331
192381
192607
193015
193391
193498
193912
194111
194135
194160
194256
194286
194354
194502
194603
195084
195190
195321
195566
195625
196149
196205
196311
196810
196886
197059
197137
197523
197567
197822
198390
198396
198435
198478
198860
198937
200147
200227
200346
200745
200923
201074
201272
201412
201793
201814
201883
202320
202346
202426
202690
202690
203043
203082
203408
203636
203667
203770
203996
204223
204583
204907
205575
205578
205704
206056
206247
206355
206730
206778
207019
207279
207344
207344
207489
207678
208068
208115
208207
208540
208595
209234
209257
209369
209454
209513
209530
210227
210351
210667
210774
210920
210979
211013
211168
211183
211390
211575
211646
211699
211936
212055
212186
212186
212358
212665
212870
213206
213208
213565
213650
213696
213794
214056
214364
214478
214673
214814
214964
215432
215619
215621
215769
215955
216245
216358
216422
217509
217843
217846
218230
218447
218598
218630
219115
219404
220085
220624
220872
221074
221360
221653
221751
221991
222131
222541
222611
223170
223446
223849
224158
224256
224426
224470
224692
224973
225146
225171
225265
225377
225547
226239
226275
227095
227230
227407
227537
227693
227813
228626
229411
230404
230538
230672
230796
231214
231449
231533
232348
232536
232884
232884
233145
233659
234136
234161
234997
235143
235933
236102
236121
236172
236360
236416
236847
236889
236974
237029
237058
237551
237582
238118
238539
238959
239769
239773
239916
240011
240208
240333
240714
240987
241063
241691
241923
242559
242800
244135
244691
244952
244972
245035
245146
245208
245512
245781
246036
246116
246577
247123
247413
247418
247790
248235
249045
249236
249433
249550
250019
250193
250397
250550
250637
251172
251402
251702
251947
252059
252787
253121
253217
253844
253985
254072
254187
254332
254931
254970
255838
256496
256544
256992
257353
257553
258081
258495
259348
259876
260318
260592
261150
261174
263366
263451
263517
264307
265252
266115
266177
266209
266827
267330
267628
267644
268593
269407
269444
269813
270761
270886
270933
271914
272608
272610
273545
273555
273559
273711
273834
273911
274465
275293
275607
275901
276077
276304
276796
276872
277010
277867
278772
279402
279566
279643
280449
280453
280527
281131
281466
282161
282213
282517
282781
282961
284065
284271
284726
284755
285847
286207
287169
287451
287460
287921
288244
288336
288564
289926
289981
290274
291440
291888
291930
292596
293454
294092
295045
295222
296201
297326
297979
299527
299892
300017
300233
301130
301455
301598
302817
302969
304627
306904
307395
307682
308019
308194
309436
309603
309841
310226
310529
310701
311124
312814
313134
313237
313420
313680
314374
314895
315362
316993
317970
318380
320195
320303
320734
323217
323970
324409
325158
325431
325654
328282
329468
330078
331047
331484
333498
334603
336109
336419
336936
337905
337970
340488
340835
342049
342818
343189
343316
347266
347858
348017
349924
353728
354708
355222
355485
356012
356306
357200
359085
360528
361879
364008
365264
365481
365963
368079
369574
370114
370508
370567
372472
373898
374692
375568
377091
378200
380764
380987
383585
383922
387889
387948
388699
389626
390884
391207
395649
395882
396311
399971
400838
400977
402217
406644
407320
409479
419137
421000
422070
422109
424849
426522
433576
445074
455063
455427
456264
456685
457479
458109
458688
460454
469816
470137
470696
471840
475063
479476
493853
503583
507857
507963
550226
568710
570752
617871
