0
0
91
96
271
456
480
495
514
591
658
673
703
776
868
883
907
940
978
1008
1035
1121
1139
1321
1386
1479
1512
1515
1600
1606
1867
1873
2032
2177
2286
2391
2403
2469
2525
2618
2709
2720
2895
2992
3147
3213
3230
3261
3276
3389
3508
3515
3544
3573
3621
3623
3668
3717
3793
3933
3941
3942
4232
4323
4478
4497
4794
4897
4936
5108
5161
5176
5180
5236
5254
5309
5330
5514
5642
5798
5825
5827
5873
5881
6042
6068
6097
6108
6340
6415
6430
6460
6630
6865
6931
6936
6936
6973
7018
7220
7244
7345
7388
7390
7445
7497
7602
7625
7658
7677
7679
7684
7715
7734
7834
7846
7853
7998
8016
8063
8147
8296
8306
8352
8501
8510
8518
8599
8615
8615
8640
8666
8676
8734
8783
8794
8800
8846
8883
8994
9001
9092
9095
9099
9128
9215
9342
9351
9360
9450
9474
9474
9498
9521
9598
9618
9939
9999
10010
10035
10063
10135
10212
10246
10338
10426
10432
10455
10489
10538
10549
10675
10690
10693
10759
10863
10905
10995
11105
11225
11260
11293
11330
11446
11494
11510
11586
11597
11693
11763
11801
11969
12049
12051
12075
12249
12516
12633
12698
12706
12718
12855
12867
12907
12910
12918
12921
12959
12959
12991
12998
13103
13104
13111
13115
13136
13149
13306
13323
13476
13537
13538
13579
13681
13749
13834
13876
13900
14029
14043
14045
14072
14081
14147
14162
14260
14377
14385
14635
14817
14843
14901
15207
15228
15338
15371
15380
15439
15661
15712
15738
15753
15808
15863
15917
15982
16082
16152
16171
16184
16217
16266
16321
16413
16433
16552
16587
16629
16906
16959
17309
17521
17551
17568
17756
17828
17895
17919
17922
18035
18176
18235
18313
18412
18490
18546
18595
18598
18627
18651
18652
18690
18705
18792
18819
19013
19052
19408
19435
19558
19682
19686
19771
19802
19809
19832
19835
19851
19852
19899
20117
20141
20175
20236
20267
20305
20490
20551
20577
20895
20938
20960
21045
21149
21189
21230
21250
21330
21361
21406
21434
21490
21549
21555
21559
21679
21691
21738
21770
21787
21841
21975
22065
22095
22143
22186
22237
22372
22535
22554
22599
22813
22901
23006
23143
23154
23201
23217
23265
23268
23339
23496
23535
23599
23830
23923
23999
24130
24155
24195
24214
24231
24269
24389
24407
24504
24535
24653
24744
24758
24957
24996
25028
25059
25124
25173
25218
25363
25364
25385
25518
25521
25568
25603
25718
25799
25948
26103
26138
26271
26297
26355
26362
26376
26399
26523
26748
26793
26838
26925
26964
27029
27137
27192
27284
27289
27411
27445
27475
27618
27680
27724
27730
27744
27785
27812
27877
27877
27894
27969
27974
28032
28093
28143
28292
28357
28435
28436
28493
28538
28608
28632
28646
28668
28817
28855
28925
28930
28968
29006
29041
29094
29201
29234
29382
29424
29468
29469
29524
29663
29684
29725
29738
29786
29800
29931
29958
29994
30276
30348
30489
30490
30738
30810
30876
30938
31100
31233
31240
31332
31347
31405
31500
31587
31599
31624
31763
31794
31889
31916
31959
31960
31977
32199
32226
32277
32357
32501
32667
32781
32798
32824
32839
33042
33066
33158
33197
33227
33408
33524
33526
33561
33580
33584
33698
33776
33792
33864
33989
34032
34042
34088
34103
34183
34344
34410
34412
34429
34578
34589
34606
35051
35066
35101
35203
35598
35700
35714
35724
35782
35853
35922
35966
36045
36170
36466
36512
36562
36572
36661
36749
36820
36995
37044
37070
37133
37164
37191
37250
37282
37360
37413
37420
37512
37628
37690
37700
37760
38015
38139
38166
38221
38327
38521
38531
38849
38948
38990
39027
39106
39117
39209
39446
39726
39747
39803
40160
40178
40228
40302
40493
40519
40587
40618
40624
40810
40816
40830
40860
40936
40954
40994
40998
41051
41077
41212
41252
41422
41576
41593
41602
41608
41651
41664
41683
41817
41990
42014
42294
42468
42493
42619
42839
42845
42850
42857
42935
42938
43049
43061
43160
43222
43258
43289
43488
43578
43659
43686
43701
43720
44078
44129
44170
44208
44272
44347
44435
44442
44552
44562
44651
44690
44710
44781
44906
44927
44956
45007
45108
45170
45246
45420
45424
45464
45501
45516
45641
45763
45784
45820
45923
45968
45984
46056
46100
46126
46139
46441
46637
46765
46801
46838
46863
46931
47063
47290
47339
47378
47389
47407
47433
47596
47737
47913
47966
47986
48014
48031
48103
48154
48194
48202
48320
48510
48580
48584
48692
48954
49277
49295
49381
49382
49424
49439
49513
49545
49560
49590
49688
49774
49809
49828
49838
50055
50062
50118
50124
50233
50279
50294
50464
50481
50664
50702
50761
50875
50929
51056
51070
51099
51120
51220
51263
51426
51454
51553
51586
51592
51596
51742
51775
51872
51981
52004
52008
52106
52202
52255
52275
52367
52373
52553
52612
52753
52773
52827
53017
53109
53205
53252
53311
53346
53369
53488
53565
53676
53708
53870
53986
54052
54155
54258
54274
54305
54317
54349
54445
54454
54560
54568
54753
54836
54886
54920
54938
54981
55104
55165
55219
55232
55258
55265
55370
55593
55626
55679
55715
55809
55820
55847
55943
56034
56143
56176
56217
56257
56403
56425
56448
56463
56576
56645
56794
56846
56877
56889
56903
57091
57221
57288
57401
57512
57546
57619
57621
57808
57878
57967
58108
58144
58266
58280
58314
58354
58375
58717
58897
58919
58942
59024
59028
59101
59187
59343
59428
59520
59683
59695
59729
59924
59973
59983
60269
60307
60328
60541
60601
60739
60800
60856
60997
61031
61064
61069
61126
61129
61153
61238
61275
61295
61380
61405
61449
61512
61701
61709
61845
61888
62001
62268
62299
62318
62327
62426
62489
62609
62633
62637
62679
62826
62886
62944
62974
62990
63027
63133
63154
63274
63319
63332
63434
63576
63756
63830
63846
63895
63926
63963
64054
64181
64197
64556
64573
64578
64599
64668
64690
64833
64898
64987
64995
65191
65216
65227
65242
65486
65540
65561
65596
65657
65880
65896
65900
65915
65935
66022
66053
66123
66240
66296
66314
66345
66409
66492
66546
66612
66740
66769
66773
66865
66903
67007
67049
67105
67177
67272
67285
67338
67381
67486
67517
67727
67824
67841
67982
68019
68042
68127
68201
68246
68478
68486
68510
68633
68657
68761
68834
68865
68920
69075
69077
69091
69116
69441
69464
69675
69937
69950
70028
70311
70331
70343
70497
70522
70522
70530
70569
70600
70642
70721
70786
70829
70831
70912
70928
70951
70956
71137
71156
71174
71294
71313
71383
71549
71687
71690
71716
71761
71891
71891
71898
71919
71956
71981
72046
72067
72152
72179
72311
72332
72377
72474
72489
72563
72576
72599
72629
72801
72838
72859
72859
72918
72921
72965
73144
73161
73161
73175
73192
73214
73272
73306
73323
73340
73446
73467
73484
73613
73705
73710
73752
73780
74023
74073
74082
74184
74209
74301
74304
74306
74407
74422
74440
74476
74564
74588
74753
74779
74797
74883
74966
74996
75194
75198
75204
75204
75225
75256
75275
75318
75474
75792
75808
75915
76023
76098
76187
76237
76308
76324
76445
76508
76561
76711
76792
76823
76831
77051
77137
77200
77245
77369
77404
77549
77715
77839
77840
77897
78003
78077
78115
78120
78161
78449
78494
78525
78616
78650
78757
78761
78771
78861
78872
78895
78913
78936
78938
78968
78972
79056
79126
79138
79155
79184
79187
79195
79203
79216
79225
79265
79291
79301
79334
79465
79491
79584
79628
79698
79707
79950
80196
80205
80567
80582
80599
80620
80620
80656
80683
80713
80731
80825
81052
81081
81111
81203
81225
81370
81410
81446
81485
81498
81546
81620
81682
81846
81977
82015
82071
82096
82180
82236
82243
82294
82325
82466
82520
82571
82594
82803
82915
82917
82996
83031
83035
83166
83299
83462
83535
83574
83597
83608
83660
83695
83952
83998
84050
84251
84257
84296
84373
84380
84387
84515
84526
84579
84634
84669
84909
84926
84974
84990
84990
85005
85019
85172
85258
85308
85501
85565
85850
85873
86002
86091
86105
86191
86462
86469
86887
86930
87018
87074
87083
87089
87098
87147
87186
87188
87194
87339
87629
87632
87781
87848
87934
87990
88050
88078
88209
88298
88354
88378
88450
88567
88621
88668
88969
88979
88981
89013
89065
89086
89344
89445
89475
89677
89780
89869
89885
89944
89957
90129
90218
90358
90427
90725
90773
90797
90945
90958
90980
91067
91143
91236
91298
91349
91353
91481
91511
91618
91624
91629
91684
91691
91730
91801
91855
92252
92256
92265
92352
92414
92541
92572
92588
92664
92750
92898
93003
93013
93024
93026
93113
93170
93343
93357
93360
93370
93373
93443
93511
93579
93741
93761
93784
93788
93811
93924
93990
94035
94262
94302
94315
94336
94336
94365
94384
94416
94494
94662
94729
94758
94806
94856
94869
94904
94986
95090
95237
95308
95343
95349
95351
95481
95497
95506
95634
95641
95769
95946
95964
95980
96408
96503
96749
96799
96805
96823
96961
97003
97082
97142
97227
97244
97282
97336
97425
97613
97616
97742
97762
97847
97903
97960
98115
98266
98272
98339
98422
98534
98543
98558
98626
98689
98717
98818
98873
99030
99066
99164
99222
99390
99668
99818
99852
99852
99878
99926
99977
100020
100046
100118
100205
100371
100374
100506
100619
100663
100774
100798
100863
101095
101114
101152
101269
101470
101526
101573
101586
101621
101670
101731
101737
101844
101990
102201
102224
102518
102615
102625
102646
102711
102752
102794
103003
103005
103104
103265
103513
103531
103617
103619
103655
103698
103703
103877
103926
103981
104057
104090
104098
104235
104332
104362
104366
104384
104728
104794
104832
104837
104868
104872
104881
104970
105139
105214
105229
105236
105239
105328
105349
105381
105554
105583
105626
105702
105770
105781
105863
106282
106347
106358
106399
106406
106545
106982
107095
107122
107179
107273
107289
107395
107555
107566
107605
107695
107897
107927
108061
108077
108155
108352
108370
108398
108618
108661
108690
108896
108969
109082
109308
109400
109426
109497
109531
109669
109713
109733
109796
109917
110145
110164
110250
110363
110482
110484
110543
110605
110632
110643
110687
110720
110815
110890
110949
110971
111061
111096
111122
111162
111269
111392
111405
111462
111481
111492
111623
111707
111711
111776
111781
111807
111922
112095
112158
112222
112260
112280
112294
112310
112339
112549
112683
112814
112853
112952
113049
113073
113074
113099
113367
113373
113458
113665
113853
113869
114107
114256
114315
114483
114500
114580
114589
114641
114713
114809
114874
115114
115134
115157
115285
115325
115328
115434
115444
115600
115632
115736
115795
115883
115923
115978
115985
115994
116074
116128
116154
116158
116192
116705
116792
116935
117001
117050
117059
117110
117141
117198
117247
117339
117463
117472
117490
117579
117591
117626
117709
117912
118034
118094
118294
118351
118452
118681
118727
118809
118949
119245
119476
119489
119633
119761
119841
119869
120020
120138
120155
120250
120302
120396
120418
120517
120638
120694
120718
120825
120957
121032
121080
121107
121129
121327
121345
121432
121435
121438
121510
121568
121597
121650
121713
121759
121785
121803
121855
121863
121871
121912
122134
122378
122401
122411
122422
122447
122536
122553
122606
122634
122673
122910
123334
123367
123401
123444
123477
123542
123646
123773
123781
123796
123854
123906
123973
124024
124049
124102
124119
124122
124164
124328
124600
124649
124823
125000
125110
125239
125239
125242
125432
125437
125479
125555
125598
125922
125955
126062
126257
126262
126312
126576
126632
126702
126784
126795
126883
126920
126937
126948
126993
127050
127066
127082
127126
127211
127346
127354
127381
127475
127539
127579
127611
127672
127771
127841
127915
127917
128217
128228
128288
128471
128491
128917
129184
129270
129503
129695
129741
129928
130039
130068
130287
130517
130524
130618
130677
130803
130897
130926
131243
131323
131400
131519
131549
131879
132129
132227
132271
132300
132384
132448
132882
132891
132918
133019
133038
133090
133123
133255
133477
133509
133509
133539
133607
133622
133684
133713
133839
133862
133901
134023
134134
134188
134192
134217
134338
134393
134585
134844
135093
135224
135295
135427
135583
135685
135717
135901
136136
136195
136205
136225
136365
136497
136624
136877
136911
137029
137034
137224
137240
137280
137782
137828
137939
138125
138202
138392
138396
138444
138472
138515
138629
138897
138995
139250
139382
139627
139633
139828
139851
139859
139933
139933
140057
140061
140090
140305
140337
140477
140480
140489
140513
140583
140607
140610
140918
140989
141064
141259
141274
141367
141441
141509
141963
142051
142218
142407
142473
142627
142853
143040
143085
143197
143347
143388
143562
143611
143717
143811
143949
144009
144123
144338
144363
144364
144368
144579
144789
144988
145159
145259
145346
145409
145508
145769
145821
146002
146026
146072
146112
146121
146201
146289
146322
146388
146395
146565
146710
147019
147337
147366
147406
147921
147922
147930
148001
148292
148367
148474
149005
149021
149261
149343
149618
149697
149883
149894
150024
150052
150710
151114
151170
151226
151276
151298
151360
151769
151793
151846
151951
152001
152006
152173
152284
152393
152798
152871
153200
153210
153234
153236
153557
153842
154210
154281
154366
154388
154444
154468
154501
154607
154690
154713
154829
155047
155091
155343
155427
155467
155540
155556
155564
155784
155834
155981
156064
156113
156156
156202
156272
156357
156715
156947
157032
157073
157305
157613
157901
158210
158429
158597
158629
158942
158966
159014
159176
159263
159441
159718
159806
159872
159948
160106
160357
160450
160457
160483
160491
160621
160909
161083
161169
161199
161448
161508
161518
161669
161981
162023
162130
162226
162256
162352
162515
162551
162695
162760
162881
162932
162950
163049
163285
163421
163588
163944
164298
164320
164363
164539
164641
164920
164968
165192
165272
165291
165494
165591
165609
165904
165910
166022
166102
166124
166253
166264
166327
166663
167044
167110
167258
167291
167626
167698
167931
167941
168043
168190
168555
168567
168651
168667
168712
168844
168852
168898
168950
169169
169770
169814
169826
170238
170412
170625
170649
170719
170769
170845
170968
171031
171088
171164
171209
171394
171615
171696
171718
171783
171821
171868
171977
172267
172400
172533
172632
172633
172817
173016
173030
173218
173334
173490
173558
173649
173753
173754
173824
173918
174050
174086
174139
174317
174726
174954
175091
175115
175481
175837
175967
176003
176251
176378
176403
176498
176517
176578
176618
176733
176901
176909
177054
177091
177178
177261
177375
177378
177467
177572
177827
178137
178603
178638
178667
178718
178743
178850
179130
179294
179584
179674
179936
180042
180082
180500
180520
180714
180755
180851
181006
181102
181159
181208
181434
181597
181656
181715
181844
181869
181876
181948
182423
182453
182575
182613
182686
183390
183428
183433
183441
183456
183505
183561
183838
184004
184105
184439
184685
184695
184730
184740
184927
185093
185696
185770
185792
185885
185898
186329
186441
186502
186674
186876
186922
186928
186997
187094
187417
187419
187493
187767
187875
188034
188289
188303
188450
188991
189365
189414
189552
189778
190025
190057
190079
190137
190212
190270
190374
190413
190453
190709
190840
190859
190951
190986
191029
191076
191340
191361
191430
191758
191926
192119
192164
192324
192349
192525
192554
192723
192741
192895
193321
193585
193634
193672
193718
193798
194114
194144
194327
194529
194775
194881
195043
195168
195387
195768
195898
195948
196112
196205
196410
196577
196743
196881
196969
197013
197310
197570
197721
198023
198378
198551
198675
198702
198722
198747
198880
198927
198927
199107
199422
199957
199990
200397
200685
200720
200752
200950
201331
201644
201703
201883
201938
202140
202303
202392
202873
202925
203078
203484
203606
203685
203753
204147
204196
204411
204547
204755
204853
205023
205089
205206
205236
205369
205545
205595
205741
205872
206147
206345
206350
206389
206919
207103
207170
207341
207529
208018
208045
208277
208378
208737
208946
209290
209306
209354
209479
209779
209887
209932
210141
210144
210161
210368
210431
210577
210610
210926
210955
211137
211149
211187
211298
211637
211733
211825
211929
211938
212001
212182
212204
212539
212586
212602
212667
212705
212973
214046
214053
214286
214295
214354
214374
214406
214409
214459
214705
214776
215311
215404
215438
215530
215719
215722
215742
215995
217183
217223
217422
217539
217773
217829
218352
218660
218735
218823
218860
218954
219519
219918
219931
220045
220620
220884
221454
221666
221714
222075
222126
222307
222364
222660
223114
223123
223232
223272
223427
223603
223666
224093
224359
224737
225291
225358
225372
225439
225520
227019
227239
227732
227789
227818
227856
227928
228057
228181
228225
228651
228892
228920
229217
229980
230249
230293
230623
230733
231045
231162
231224
231539
231571
231736
231817
232027
232177
232434
232678
232778
232847
232913
233023
233151
233347
233420
233555
233596
234930
235269
235357
235463
235610
235840
236193
236667
236697
236921
236981
237487
237763
238184
238515
238871
238916
238971
239026
239096
239110
239361
239480
239676
239778
239848
239885
241019
241278
241777
242266
243489
243611
243625
243915
244188
244399
244527
244877
245020
245224
245297
245390
245743
246393
247008
247411
247456
247747
247951
247983
248081
248118
248151
248280
248735
248951
249271
249443
249596
249786
250030
250623
250912
251112
251347
251738
251786
252389
252425
252583
252880
252989
253198
253271
253320
253607
253734
253752
253869
253942
254175
254311
255068
255334
255405
255532
256022
256059
256277
256884
257163
257650
257828
258080
258297
258847
259824
260263
260433
260629
260870
261045
261586
261627
261888
261895
262162
262366
262577
263421
263606
263607
263750
264296
264516
265300
265491
265493
266019
266250
266468
266778
266930
266936
267391
268009
268483
268742
269155
269322
269491
269880
270204
270472
270522
270685
271171
271491
271603
271842
271895
272467
272491
272496
272668
272975
274138
274168
274241
274346
274510
274657
275844
276206
276905
276991
277286
277485
278426
278559
279122
279167
279340
279446
279513
279974
280043
280044
281869
282057
282217
282315
282705
284334
285652
286296
286489
286805
286841
287051
287783
287910
287935
288579
288734
289108
290023
290344
290538
291743
292217
292450
292551
294467
294514
294761
297007
297144
297436
298240
298490
299637
300300
300374
300589
300643
301498
301903
302370
302404
302566
303070
304296
304896
305073
305385
305707
306345
306794
308192
308619
309860
309868
310063
311871
312097
312269
312702
312821
313158
313483
313815
314041
314153
314336
314671
315136
317083
317532
317983
318182
318465
318520
318690
318794
319762
319871
320076
320121
320179
320342
320874
321831
321878
322056
322422
323555
324160
325721
326776
327679
329091
329506
329899
330573
330845
330894
331415
331498
332083
332382
333828
334904
335385
336032
337880
338939
339824
343122
343632
344086
345832
345993
346046
347480
347753
348284
348422
349200
349263
349584
351263
352547
352790
353105
353153
353602
353877
354196
354243
354681
355961
357481
357572
358500
360624
360825
362474
363332
363596
364656
364767
364945
365643
367518
369920
370544
372065
374067
374580
375868
377366
378144
380955
381244
382626
383875
384779
385678
386697
387350
388405
388699
388849
390135
390171
390828
392593
395746
399847
401232
401620
401965
405178
407696
410543
413456
414127
415087
415187
420953
423371
425785
428739
431923
432471
434349
436016
441471
442463
450916
451028
451804
458495
467449
470024
473486
490860
497325
505620
507063
521057
536862
537198
576929
589722
655235
