0
0
20
106
154
563
575
700
709
902
993
1275
1305
1378
1589
1635
1764
1835
1842
1922
1975
2024
2136
2365
2611
2660
2685
2697
2857
2957
3031
3051
3093
3196
3229
3239
3281
3451
3470
3571
3579
3623
3629
3743
3870
4095
4211
4329
4392
4393
4418
4445
4564
4929
4986
5054
5075
5100
5181
5206
5283
5455
5585
5608
5803
5805
5844
5909
5940
5964
5981
5998
6054
6063
6237
6256
6545
6593
6661
7387
7810
7821
8078
8274
8318
8474
8634
8809
8824
8826
8945
9387
9438
9499
9549
9592
9671
9693
10024
10252
10322
10386
10566
10647
10657
10750
10760
10890
10986
11086
11087
11161
11165
11256
11571
11886
11938
12021
12037
12062
12133
12188
12356
12360
12524
12527
12643
12753
12795
12839
12907
12948
12991
13016
13052
13060
13162
13318
13439
13719
13843
13858
14199
14206
14342
14540
14568
14600
14603
14700
15121
15133
15276
15403
15434
15579
15868
16027
16111
16145
16285
16516
16571
16691
16833
16889
17434
17479
17662
17685
17687
18420
18463
18478
18569
18626
18644
18660
18736
19062
19346
19353
19373
19436
19624
19877
19898
19983
20031
20263
20347
20662
20664
20915
20963
21150
21182
21347
21384
21430
21454
21669
21728
21820
21847
22292
22372
22617
22620
22773
22827
22841
22909
23037
23077
23366
23541
23613
23630
23712
24011
24055
24116
24124
24548
24945
25000
25001
25057
25087
25545
25604
25609
25636
25831
25925
25988
26000
26044
26094
26275
26359
26363
26563
26591
26632
26739
26744
26763
26832
26867
27082
27392
27463
27663
27784
27803
27908
27937
27943
27973
27979
28024
28073
28132
28230
28299
28307
28344
28431
28473
28554
28639
28683
28770
28954
29138
29187
29230
29244
29252
29590
29708
30249
30279
30320
30391
30484
30485
30563
30821
30836
31030
31244
31254
31836
31923
31997
32069
32072
32116
32176
32276
32422
32588
32690
32989
33308
33475
33681
33814
33908
33909
34091
34151
34301
34349
34408
34444
34589
34592
34665
34680
35530
35548
35650
35680
35703
35823
35965
36465
36573
36769
36786
36820
36920
37162
37522
37603
37927
38004
38105
38248
38434
38578
38674
38693
38806
38905
38923
39161
39213
39437
39537
39686
39758
39812
39901
39910
39928
39990
40089
40359
40523
40631
40648
40732
40739
40852
41005
41140
41340
41419
41504
41586
41627
41648
41773
41788
41844
42204
42316
42418
42468
42811
43073
43206
43266
43370
43494
43631
43856
43950
44014
44182
44300
44477
44635
44780
44783
45098
45181
45420
45425
45486
45510
45513
45619
45774
45783
45964
46172
46173
46192
46233
46462
46572
46675
46862
46956
47010
47284
47418
47618
47654
47748
47867
47933
47985
48074
48197
48281
48314
48414
48485
48544
48745
48879
48886
49161
49172
49216
49307
49337
49512
49618
49657
49767
49795
49848
49969
50126
50138
50261
50368
50428
50442
50691
50721
50855
50956
50960
50970
51042
51154
51304
51457
51501
51538
51599
51701
51751
51852
51923
51979
51988
52069
52107
52200
52227
52538
52634
52755
52854
52892
53201
53220
53238
53424
53840
53921
54060
54126
54279
54638
54720
54745
54792
54803
55092
55195
55206
55321
55589
55892
55980
55989
55998
56408
56629
56800
56867
56904
56908
56994
57125
57182
57504
57563
57737
58072
58141
58172
58177
58338
58359
58568
58581
58616
58789
58874
59112
59161
59301
59418
59514
59668
59758
59898
59948
59996
60153
60212
60577
60587
61015
61022
61129
61149
61194
61308
61456
61498
61498
61637
61734
61875
61875
61944
62129
62218
62268
62653
62670
63106
63110
63358
63416
63504
63514
63544
63699
63717
63778
63879
64106
64299
64418
64421
64566
64617
64647
64833
64888
65044
65047
65107
65227
65961
66220
66463
66540
66648
66853
67056
67564
67805
67848
67879
68078
68240
68344
68420
68506
68559
68691
68810
68951
68958
69043
69110
69268
69475
70373
70407
70457
70569
70721
70820
70856
70862
70959
70974
71384
71455
71523
71589
71825
71905
71909
72131
72135
72248
72263
72373
72401
72426
72504
72513
72593
72668
72711
72808
72904
73337
73489
73544
73588
73691
73825
73842
73992
73998
74054
74135
74214
74315
74378
74423
74468
74545
74849
74979
75005
75170
75334
75376
75379
75574
75672
75976
75996
76018
76253
76570
76761
76952
77074
77109
77148
77183
77193
77497
77562
77618
78005
78173
78271
78486
78666
78698
78701
78726
78752
78897
79110
79214
79721
79781
79876
80066
80472
80527
80653
80905
80970
81008
81217
81276
81310
81411
81517
81836
81912
82005
82012
82043
82049
82138
82282
82285
82288
82553
82573
82631
82702
82877
82878
82884
83051
83144
83334
83399
83505
83659
83667
83956
83960
84457
84489
84522
84530
84762
85088
85191
85195
85233
85294
85497
85633
85651
85685
85729
85748
86254
86433
86815
86815
86881
86914
86939
86966
87077
87204
87411
87581
87634
87949
88013
88025
88154
88390
88654
89227
89277
89278
89282
89413
89470
89544
89565
89647
89740
89787
90373
90490
90632
91433
91452
91503
91521
91610
91622
91980
91994
92054
92511
92642
92699
92767
92805
93102
93116
93154
93171
93188
93212
93348
93428
93601
93670
93839
93972
94113
94185
94257
94504
94648
94736
94931
95124
95253
95305
95382
95518
95612
95711
96028
96082
96302
96435
96477
96480
96703
96712
96740
97164
97407
97428
97545
97702
97776
97920
97924
98092
98144
98357
98414
98547
98677
98796
99287
99338
99989
100034
100230
100236
100996
101019
101029
101275
101333
101479
101527
101558
101617
101770
101908
102198
102321
102545
102621
102713
102791
102953
103098
103145
103619
103805
103806
104037
104101
104127
104291
104535
104602
104633
104677
104832
104941
105146
105180
105307
105588
105635
106333
106557
106622
106810
106866
107125
107272
107379
107382
107399
107441
107689
107826
108100
108198
108531
108778
108814
108887
108932
109265
109370
109655
110297
110667
110672
110803
110811
111275
111464
111495
111534
111770
111936
112037
112058
112387
112389
112980
113608
113694
113871
113898
114033
114183
114261
114294
114492
114704
114775
114805
114863
115102
115218
115378
115466
115557
115733
115771
115771
115877
116029
116095
116123
116345
116562
116588
116729
117039
117473
117624
117659
117816
118026
118180
118210
118317
118344
118511
118513
118887
119004
119103
119275
119409
119565
119705
119863
120451
120482
120504
120559
120597
120788
121092
121402
121411
121457
121578
121738
121953
122001
122103
122426
122576
122635
122726
123344
123383
123555
123623
123951
123958
124184
124386
124465
124646
124974
125187
125224
125464
125530
125641
125721
125874
126064
126278
126533
126548
126704
126888
127143
127385
127415
128015
128121
128205
128521
128537
128782
128880
128884
129044
129278
129752
129782
129838
129931
130289
130477
130554
131001
131056
131335
131364
131593
131668
131675
131804
132006
132212
132222
132446
132451
132576
133362
133727
133811
133870
134108
134389
134915
135096
135184
135312
135391
135465
135682
135963
136140
136522
137150
137871
138026
138063
138346
138421
138775
139049
139357
139477
139549
139852
140260
140290
140495
140564
140642
140896
140912
140929
141227
141265
141741
141885
142216
142924
143067
143072
143446
144030
144112
144494
144852
145065
146006
146102
146202
146994
147552
147675
147696
148342
148579
148822
149560
150291
150448
150544
150641
150667
150716
151387
151545
151607
151745
151768
151873
152426
152753
152832
153267
153466
153477
153729
153747
153799
153801
153940
153954
154151
154201
154245
154352
154503
154546
154720
154894
155349
155375
155544
155883
156109
156510
156707
157357
157549
157602
157988
157989
158308
158385
158396
158420
158430
158728
159293
160023
160150
161118
161192
161531
161610
161711
161860
161995
162066
162167
162286
162344
162415
162583
162598
162899
162952
163143
163655
163834
163921
164135
164475
164980
165129
165337
165572
165946
166140
166678
166915
166967
167241
167348
167640
167674
167686
167690
167930
167936
168091
168149
168199
168495
168559
168602
168960
169011
169432
169493
169564
169653
169806
169832
170286
170301
170815
170832
171055
171064
171452
171979
172352
172888
173286
173501
173575
173820
174091
174238
174386
175066
175309
175631
175747
175913
176130
176302
176347
176474
177045
177174
178137
178318
178386
178939
179020
179035
179258
179374
179609
179757
180221
180382
180568
180573
180723
180800
180930
181022
181442
181490
181649
182017
182278
182516
182622
182686
182830
182863
182904
183249
183470
183710
183756
183915
183948
184046
184183
184507
184745
184985
185522
185814
185853
186452
186959
187181
187311
187434
187438
187461
187597
187764
187893
188004
188223
188306
189142
189305
189716
190001
190039
190151
190259
190267
190445
190785
190887
191090
191128
191297
191444
192255
192547
192699
192842
192923
193200
193259
193374
193785
193811
194145
195099
196250
196295
196757
196903
196943
197053
197258
197271
197336
197505
197506
197521
197550
197675
197826
198194
198303
198593
198783
199375
199887
200142
200187
200303
200824
200994
201054
201110
201446
201549
201655
202188
202830
202832
203301
204265
204334
204706
205340
205702
205768
206037
206214
207172
207602
208185
208599
208862
209176
209363
209366
209392
209425
209874
210053
210375
210377
210548
210723
210741
211189
211889
211985
212047
212501
212608
212798
212925
213141
213261
213526
213651
214024
214205
214313
214750
215210
215385
215772
215773
215914
216525
216687
216986
217216
217660
218062
218180
218419
218630
218967
219701
219913
220772
220912
221096
221307
221315
222435
223243
223330
223638
223762
223971
224404
224627
225031
225430
225993
226156
226685
226727
227338
227730
227990
228404
228480
228658
228896
229231
229446
229610
229702
230029
230440
231181
231641
232038
232371
233199
233458
234131
235583
236142
236197
236513
236690
236730
237217
237263
237979
238176
238310
239055
239213
239755
239792
239911
240880
241027
241304
241613
242926
243270
243405
243534
243720
243791
244525
244660
246448
247780
247982
248624
248775
249035
249314
249386
249769
250292
250566
250896
251785
252636
252672
252822
253461
253608
255275
255304
255718
256153
257454
257745
258723
259249
259376
259693
259795
260180
261098
262162
263453
263746
264573
264602
264646
265521
266576
266650
266909
267100
267182
267338
267515
267853
268187
268277
268722
268743
268907
268964
269001
269334
270354
270987
270998
271906
273156
273771
274100
274124
274707
274983
275227
275309
275847
275905
276087
276240
277304
277998
278946
279190
280380
281433
281556
283006
283663
285044
285170
285734
285890
286746
286779
287263
288079
290582
290669
290757
291347
292695
294097
294270
294390
296264
297066
297191
297372
299204
301326
301762
301924
302695
303500
303841
304062
304654
305323
306018
306454
306494
308516
309635
310120
310502
311169
311473
311843
312060
312683
312992
313893
314283
314652
315077
317132
318109
318417
318934
321095
321563
321953
323097
323976
325049
325105
325292
325705
325775
326979
327042
330668
332446
334826
336234
337992
338318
339251
339655
340061
345138
345383
346095
350762
350904
351749
351767
353983
355289
356844
357049
357690
357704
358013
360198
361376
361392
361849
363134
363271
364079
364803
367493
367865
368749
370710
377988
378480
379829
381585
383434
384982
385459
386320
386839
395405
398275
398676
398852
402054
405907
406570
407620
410227
414654
419309
419835
420685
423357
424057
424092
425031
427059
431931
436577
438405
440926
453689
456694
458982
461730
462845
463283
466758
467708
469424
469954
473175
474317
496399
502867
504807
505653
511302
516635
527385
531272
541924
565077
570754
579300
667628
