0
0
69
383
827
1085
2551
3605
3861
5065
5442
6182
6523
7574
7727
8161
9345
9526
10072
13176
13720
14863
15558
15869
16031
17741
18132
18264
18265
19337
21646
23060
23248
23915
24690
24818
25932
26376
26938
27187
28540
28978
29159
30207
30977
31183
31229
31265
33070
33265
34812
37442
38479
38819
38933
39168
40249
40319
40671
41200
42252
42452
43484
43778
44369
44776
45019
45956
46416
48424
48708
48827
49012
49994
50873
52802
53805
55485
55688
56143
56270
56545
56632
57724
57851
58183
59918
61205
61229
61269
61815
63351
64350
64705
64976
67178
67224
67356
67478
68053
68481
68768
70555
70563
75690
77310
77839
78072
78277
79420
80261
81127
81211
81548
82240
83003
83214
85693
86184
87552
87574
88012
88927
89165
90455
90713
93389
94271
95723
95785
95861
96375
96621
96951
97769
98189
98344
98686
101170
103742
105337
107225
108076
109371
109679
114635
115006
115025
115794
116073
117679
120042
121178
121485
123696
123915
124163
125486
127737
129040
129555
130198
131374
133856
134957
135909
136746
142054
145418
146608
150602
152405
152816
155892
159537
159849
161416
162594
164974
165541
165936
168460
169673
170493
171866
172579
173755
176618
180827
181446
181580
182235
183538
187992
192794
199077
200521
201053
205391
206392
207521
213837
213999
215862
217369
218776
229574
230372
230699
234132
237986
239627
240667
242236
243720
244631
255219
257523
260030
261017
262408
263435
263524
264153
276828
278236
292285
305758
307115
320812
344195
344809
363738
385297
401262
420179
437414
466472
