0
0
42
98
168
183
249
292
420
442
464
486
512
552
595
600
602
617
622
652
723
728
826
858
962
1025
1026
1076
1153
1178
1370
1384
1512
1567
1634
1697
1753
1790
1836
1885
1926
1953
1993
1999
2033
2075
2078
2159
2160
2206
2230
2254
2293
2301
2312
2321
2344
2520
2545
2704
2795
2904
2943
2945
3008
3060
3098
3114
3160
3181
3187
3206
3219
3230
3230
3272
3284
3406
3434
3466
3470
3502
3539
3543
3616
3654
3659
3867
3987
4046
4064
4155
4159
4353
4523
4557
4680
4713
4715
4750
4826
4836
4839
4878
4901
4945
4966
5010
5022
5198
5383
5393
5503
5549
5799
5843
5867
5876
5900
5921
5930
6028
6064
6091
6124
6213
6230
6296
6328
6423
6498
6614
6646
6725
6754
6760
7040
7355
7357
7585
7657
7758
7890
7933
8015
8016
8028
8035
8136
8169
8170
8175
8292
8402
8457
8531
8565
8612
8617
8711
8742
8772
8837
8873
8999
9024
9088
9129
9149
9290
9308
9346
9376
9386
9497
9511
9520
9663
9674
9697
9714
9746
9966
10004
10046
10124
10155
10157
10159
10180
10244
10347
10409
10412
10435
10522
10523
10557
10702
10740
10795
10868
10900
10985
11003
11049
11194
11435
11612
11645
11648
11667
11711
11724
11916
11919
11926
11946
11968
11982
11986
12004
12005
12045
12079
12087
12099
12146
12191
12373
12460
12478
12497
12604
12723
12820
12889
12918
13013
13124
13127
13290
13305
13320
13463
13478
13483
13525
13551
13594
13599
13620
13642
13722
13886
13945
13997
14001
14095
14324
14329
14378
14417
14451
14533
14599
14638
14648
14654
14680
14762
14862
14927
14981
15046
15060
15145
15217
15349
15403
15411
15429
15434
15448
15463
15465
15525
15542
15659
15685
15764
15815
15872
15935
16094
16118
16125
16137
16267
16290
16297
16491
16498
16587
16641
16752
16761
16795
16930
16956
16997
16997
17042
17080
17090
17091
17135
17155
17247
17279
17369
17374
17418
17455
17569
17589
17714
17726
17813
17836
17848
17897
17921
17974
18000
18042
18119
18147
18171
18188
18210
18277
18324
18396
18462
18597
18599
18791
18907
19101
19122
19208
19517
19528
19590
19591
19627
19682
19811
19815
19870
19896
19999
20043
20068
20088
20121
20210
20244
20338
20352
20370
20483
20507
20522
20542
20573
20577
20594
20602
20766
20805
20877
20941
20971
21010
21039
21093
21229
21239
21436
21462
21508
21545
21742
21789
21821
21910
21923
21998
22031
22062
22207
22297
22320
22377
22469
22530
22658
22836
22860
22958
22984
22991
22997
23017
23051
23242
23351
23369
23414
23487
23575
23626
23701
23836
23863
23899
23934
23964
23979
24024
24135
24233
24337
24436
24444
24459
24566
24624
24636
24640
24702
24774
24860
24877
24895
24965
25115
25233
25315
25328
25371
25395
25400
25453
25577
25592
25618
25739
25778
25791
25896
25922
25982
26111
26333
26333
26380
26548
26595
26706
26774
26858
26872
27017
27061
27110
27139
27434
27488
27495
27495
27498
27512
27657
27742
27776
27875
27956
27972
27996
28043
28065
28073
28159
28364
28375
28420
28495
28530
28600
28627
28924
28981
29017
29041
29162
29186
29191
29406
29480
29796
29869
30023
30080
30138
30167
30180
30216
30359
30548
30563
30569
30587
30693
30739
30955
31076
31141
31222
31289
31315
31331
31408
31443
31444
31470
31515
31524
31675
31737
31759
31769
31848
31914
31919
32121
32150
32317
32364
32417
32432
32628
32642
32647
32675
32773
32784
32817
32836
32844
32898
32939
33063
33397
33648
33795
33830
33839
33843
33896
34023
34038
34065
34074
34170
34228
34288
34302
34348
34408
34410
34468
34491
34494
34499
34501
34529
34687
34751
34854
34865
34907
35030
35061
35087
35089
35105
35167
35176
35187
35231
35266
35298
35414
35500
35528
35535
35570
35615
35649
35694
36046
36049
36107
36129
36313
36350
36639
36776
36888
36934
36943
37029
37054
37072
37151
37193
37288
37391
37427
37468
37478
37617
37678
37680
37732
37899
37940
38022
38044
38224
38231
38339
38378
38394
38407
38429
38489
38497
38734
38843
38963
38973
38983
39022
39061
39116
39197
39206
39224
39280
39303
39589
39617
39767
39785
39884
40129
40391
40418
40585
40638
40688
40749
40841
40904
40945
40954
40960
41049
41090
41200
41358
41382
41449
41474
41479
41551
41720
41751
41767
41812
41827
41871
41943
41964
41999
42033
42127
42159
42165
42173
42175
42196
42226
42263
42334
42448
42456
42543
42548
42553
42573
42593
42632
42768
42781
42878
42893
42906
42920
42932
43006
43008
43421
43430
43489
43546
43610
43702
43780
43864
43971
43996
44111
44148
44215
44272
44300
44304
44498
44567
44695
44827
44901
44929
45064
45208
45279
45371
45457
45548
45719
45882
45903
45996
46010
46069
46110
46140
46248
46320
46324
46488
46620
46621
46656
46793
46833
46875
46886
47064
47123
47179
47307
47344
47356
47428
47456
47473
47554
47600
47920
47920
47924
48039
48190
48203
48313
48401
48404
48435
48475
48482
48521
48526
48739
48794
48847
48879
48941
48982
49009
49022
49135
49153
49351
49370
49517
49604
49816
49822
49876
49926
50075
50258
50281
50284
50377
50400
50575
50584
50662
50796
50832
50834
51051
51122
51146
51220
51344
51360
51395
51396
51415
51509
51549
51571
51774
51850
51893
52025
52054
52291
52382
52448
52513
52592
52664
52684
52812
52841
52859
52871
52909
52922
52944
52949
53182
53194
53200
53405
53452
53482
53489
53596
53684
53736
53743
53787
53797
53798
53954
54058
54185
54244
54326
54483
54534
54546
54581
54711
54713
54721
54728
54734
54854
55199
55218
55246
55313
55327
55349
55587
55708
55783
55946
55989
56118
56118
56128
56132
56153
56269
56286
56324
56448
56567
56590
56942
56952
57026
57076
57253
57288
57292
57317
57334
57362
57436
57554
57681
57709
57805
57811
57838
57849
57976
58019
58075
58081
58150
58338
58342
58346
58397
58420
58544
58557
58564
58658
58665
58897
58969
58999
59008
59028
59119
59194
59245
59268
59285
59290
59554
59610
59634
59734
59734
59747
59753
59785
59884
60062
60091
60149
60300
60330
60401
60409
60502
60582
60752
60777
60838
60869
60878
60897
61154
61424
61438
61664
61718
61782
61954
61969
61977
62000
62020
62049
62069
62186
62195
62202
62283
62484
62516
62533
62537
62629
62644
62696
62807
62883
62894
62998
63009
63167
63321
63332
63366
63411
63575
63618
63690
63753
63834
63883
63896
64140
64176
64206
64253
64476
64521
64548
64579
64635
64672
64776
64815
64876
64878
64931
64971
64985
64989
65054
65206
65300
65409
65440
65525
65670
65673
65844
65921
65925
65983
65991
66012
66218
66406
66559
66679
66689
66705
66941
66966
67014
67093
67187
67271
67323
67487
67567
67668
67713
67746
67764
68053
68080
68083
68135
68204
68402
68450
68479
68508
68588
68649
68749
68758
68838
69022
69097
69217
69275
69279
69295
69302
69487
69614
69765
69781
69948
70011
70012
70090
70139
70232
70244
70281
70342
70409
70459
70596
70611
70621
70681
70767
70785
70984
70991
71117
71185
71230
71476
71498
71590
71592
71594
71600
71605
71707
71900
71976
72043
72325
72332
72356
72376
72511
72607
72712
73051
73100
73111
73168
73183
73272
73285
73356
73384
73396
73400
73423
73500
73533
73657
73670
73744
73844
73987
74030
74032
74157
74160
74162
74201
74543
74575
74773
74801
74980
75062
75142
75144
75194
75195
75233
75235
75275
75336
75353
75511
75536
75568
75612
75614
75727
75797
75803
76017
76233
76440
76661
76668
76670
77005
77026
77083
77210
77214
77223
77248
77337
77353
77366
77417
77586
77614
77668
77731
77850
77896
77914
78012
78064
78111
78177
78185
78358
78380
78471
78496
78704
78727
78764
78796
78897
78922
79057
79073
79075
79156
79167
79183
79437
79459
79475
79560
79575
79599
79616
79654
79825
79839
79895
79924
79987
80006
80095
80100
80108
80205
80226
80437
80501
80511
80532
80547
80563
80793
80813
80896
80918
80975
81022
81036
81043
81084
81253
81256
81345
81411
81560
81805
81901
81904
81928
81964
81970
82063
82166
82234
82259
82346
82373
82764
82803
82830
82995
83172
83239
83261
83280
83389
83755
84028
84068
84169
84179
84213
84284
84291
84406
84452
84642
84670
84710
84762
84830
84870
84914
85031
85146
85366
85380
85414
85476
85651
85703
85708
85745
85770
85792
85843
85892
85937
86080
86273
86291
86358
86513
86594
86614
86701
86702
86814
86815
86871
86945
86956
87049
87108
87121
87148
87179
87284
87349
87565
87568
87917
88012
88093
88117
88128
88217
88415
88535
88555
88652
88780
88783
88984
89061
89358
89409
89537
89685
89705
89728
89880
90010
90015
90116
90287
90302
90397
90417
90454
90473
90556
90579
90618
90648
90782
90796
90822
90910
90941
90952
90978
91052
91074
91083
91153
91158
91257
91281
91633
91755
91891
91895
91908
91983
91988
92082
92287
92481
92771
92920
92921
92983
93023
93040
93178
93197
93205
93313
93432
93439
93458
93544
93561
93573
93582
93755
93765
93869
94308
94408
94488
94627
94641
94646
94765
94817
94914
94953
94993
95172
95175
95179
95267
95318
95344
95374
95412
95455
95585
95677
95702
95957
96002
96025
96146
96161
96279
96298
96314
96345
96493
96599
96603
96618
96641
96730
96808
96835
96860
96879
96940
97022
97052
97184
97223
97266
97336
97517
97604
97653
97673
97760
97792
97801
97813
97852
97882
97930
97973
98133
98201
98315
98338
98346
98488
98731
98926
99112
99165
99192
99317
99351
99529
99578
99621
99732
99781
99789
99967
100271
100332
100335
100355
100472
100519
100588
100682
100763
100889
100951
101004
101169
101184
101189
101251
101290
101293
101352
101520
101639
101769
101850
101861
101999
102369
102404
102539
102565
102837
102946
103081
103129
103249
103442
103473
103514
103557
103577
103830
104067
104379
104464
104473
104481
104520
104592
104606
104612
104612
104626
104931
104946
105001
105007
105058
105197
105231
105251
105263
105333
105438
105562
105654
105825
106092
106140
106245
106311
106315
106360
106374
106404
106620
106627
106693
106763
106890
106958
106991
107061
107099
107174
107445
107459
107468
107481
107515
107685
107753
107759
107805
107988
108018
108091
108106
108331
108466
108503
108570
108668
108720
109166
109252
109333
109368
109390
109434
109550
109667
109764
109771
109833
109910
109921
109980
110082
110311
110349
110470
110480
110708
110813
111020
111318
111343
111448
111482
111523
111638
111701
111703
111752
111848
111878
112030
112218
112548
112610
112716
112741
112978
112995
113107
113246
113387
113455
113788
113820
114062
114097
114185
114264
114577
114716
114803
114879
114890
115064
115170
115222
115257
115345
115346
115459
115479
115495
115611
115836
115846
115902
115952
115983
116081
116086
116321
116344
116347
116560
116772
116825
116859
116959
117263
117745
117767
117839
117914
118033
118160
118164
118297
118337
118371
118387
118399
118465
118481
118506
118566
118846
119080
119333
119404
119503
119598
119622
119728
119733
119760
119899
120070
120101
120132
120187
120222
120267
120290
120359
120577
120841
120894
120975
121099
121142
121186
121231
121325
121365
121398
121439
121477
121549
121796
121858
121862
122065
122096
122231
122238
122394
122524
122611
122875
122911
123059
123233
123304
123530
123709
123820
123950
124034
124065
124138
124273
124494
124653
124707
124709
124739
124794
124862
124896
125138
125177
125289
125455
125484
125553
125610
125617
126000
126037
126116
126117
126294
126323
126368
126413
126493
126581
126654
126672
126686
126715
126760
126904
126974
127045
127143
127224
127353
127377
127395
127643
127698
127790
128000
128092
128127
128137
128372
128731
128739
128769
128782
128807
129212
129257
129486
129555
129653
129719
129855
129918
129922
130052
130327
130329
130513
130771
130876
130933
130937
131047
131123
131334
131337
131434
131437
131459
131511
131795
132092
132313
132502
132640
132647
132697
132804
132928
133081
133148
133597
133654
133668
133698
133807
133892
134084
134183
134308
134423
134437
134526
134743
134868
134949
134967
134979
135057
135126
135255
135384
135476
135493
135548
135633
135638
135662
135691
135780
135986
136073
136113
136283
136312
136425
136453
136739
136746
136772
137318
137357
137481
137564
137629
137680
137747
137941
138013
138044
138083
138150
138222
138367
138374
138392
138502
138645
138689
138747
139045
139046
139050
139172
139216
139708
139813
139868
139925
140113
140462
140794
140798
140879
140941
141002
141119
141253
141407
141466
141636
141657
141804
141898
141922
141924
141962
142082
142271
142644
142819
142844
142858
142911
143092
143156
143160
143290
143333
143632
143636
143661
143772
143778
143827
143881
144070
144149
144196
144249
144299
144302
144352
144405
144430
144499
144583
144899
145089
145122
145253
145254
145286
145320
145324
145382
145430
145610
145665
145789
145827
145942
146034
146047
146207
146328
146406
146494
146557
146738
146771
146874
147064
147102
147247
147376
147421
147657
147759
147787
147916
147964
148164
148273
148321
148347
148565
148569
148641
148668
148801
148877
148962
149221
149270
149276
149889
149977
149989
150023
150157
150328
150384
150444
150449
150522
150543
150847
150869
150888
150942
151021
151103
151125
151164
151219
151257
151363
151413
151646
151704
151764
151996
152598
152631
152691
152745
152887
153401
153795
153844
153925
153942
153953
154070
154120
154128
154195
154603
154815
154833
154893
155164
155250
155604
155664
155726
155751
155784
155981
156182
156195
156232
156272
156429
156480
156522
156572
156607
156626
156646
156647
156746
157086
157111
157238
157381
157426
157528
157529
157643
157643
158129
158145
158158
158188
158211
158372
158428
158608
158764
158780
158802
159096
159196
159348
159418
159610
159654
159720
159746
159891
160167
160207
160215
160301
160333
160346
160440
160630
160649
160669
160770
160813
160843
161227
161380
161408
161618
161685
162147
162176
162438
162479
162543
162650
162774
162842
162846
162991
163135
163198
163247
163278
163414
163482
163497
163599
163774
163836
163889
164406
164469
164479
164546
164582
164804
164843
164850
164869
165332
165419
165566
165642
165658
165823
165855
166092
166097
166668
166689
166869
167147
167157
167184
167397
167497
167715
167818
168058
168136
168143
168283
168434
168714
168766
169183
169415
169625
169661
169716
169990
170049
170123
170451
170503
170712
170752
170873
170924
170951
170990
171226
171494
171883
171912
171958
172153
172220
172235
172340
172988
173064
173350
173364
173507
173632
173660
174032
174060
174264
174354
174409
174411
174822
174836
174958
175103
175235
175327
176187
176274
176342
176485
176514
176624
176743
176853
176981
177113
177252
177346
177528
177565
177946
178009
178027
178138
178216
178476
178744
178978
179235
179267
179380
179386
179479
179570
179721
179831
179965
180083
180161
180291
180624
180680
180685
180786
180902
181052
181055
181129
181146
181182
181494
181557
181743
181934
182101
182111
182191
182392
182448
182462
182762
183047
183144
183226
183408
183963
184188
184464
184465
184493
184554
185140
185148
185230
185419
185441
185494
185777
185779
185811
185844
185906
186092
186140
186408
186437
186643
187165
187618
187853
187883
187969
187985
187986
188099
188215
188342
188374
188892
189165
189625
190226
190266
190379
190479
190845
191188
191304
191679
191683
191825
191907
192035
192467
192601
192645
193021
193304
193314
193388
193451
193893
193899
194053
194080
194422
194658
195238
195343
195456
195708
195807
196173
196598
196769
197053
197241
197330
197512
197742
197790
197961
198077
198139
198345
198371
198992
199168
199228
199402
199459
200102
201093
201115
201410
201488
202336
202515
202539
202556
203392
203535
204028
204553
204627
204681
204747
204756
204987
205055
205220
205408
205680
205908
205954
206125
206226
206233
206238
206293
206404
206507
206582
206963
206991
207108
207142
207170
207503
207607
207787
207836
207860
207913
208260
208341
208520
208723
208827
209111
209274
209461
209483
209779
210129
210154
210370
210453
210542
210637
210755
210808
211012
211067
211107
211154
211295
211364
211897
212005
212011
212221
212560
212703
212875
212945
213217
213364
213858
213905
213917
213972
214390
214608
215107
215286
215320
215329
215454
215928
216146
216507
216759
216828
217055
217068
217075
217178
217298
217532
217561
217669
217791
217804
218329
218365
218419
218778
219103
219104
219240
219405
219548
219797
219821
219947
219978
220143
220658
220717
220723
220871
220938
220969
221093
221140
221209
221702
221732
221753
221990
222161
222225
222488
222501
222605
222609
222716
223526
224042
224288
224305
224548
224735
224808
224838
224920
225349
225439
225580
225782
225973
226298
226708
226723
227016
227221
227311
227538
227586
227628
228574
228590
228781
229011
229410
229440
229613
229780
229791
229791
230716
230952
230957
231044
231102
231245
231631
231663
231794
232645
232662
232724
232964
233021
233025
233641
233844
233863
233999
234062
234235
234470
234848
234855
234862
235926
235946
235992
236837
236880
237009
237040
237713
237909
238086
238321
238873
239084
239188
239570
239666
239965
240007
240221
240242
240289
240290
240426
240786
240923
241065
241187
241758
242047
242322
242540
242889
243014
243056
243088
243621
243668
243696
243875
243921
244005
244286
244521
244563
244585
244689
244696
245405
245878
245946
245990
246338
246634
246877
246974
246996
247257
247315
247720
247854
248029
248370
248730
248817
249111
249194
249478
249650
250037
250056
250062
250700
250744
251200
251370
251770
252061
252127
252527
252986
253207
253296
254037
254343
254682
254817
254848
254873
254965
254984
255155
255198
255318
255483
255746
255959
256187
256810
256984
257443
257699
258757
259430
260189
260299
260401
261528
261537
261620
261985
262465
262707
263230
263405
263770
263801
264112
264510
264808
265665
265739
265936
266142
266714
266845
267210
267319
267458
267687
267887
268496
268718
268934
269472
269536
270088
270210
270362
270428
270711
270829
271147
271305
271390
271706
271750
271952
272025
272239
272324
272619
273070
273759
274664
275319
275394
275536
275558
275565
275568
276451
276969
277052
277178
277655
278411
278918
278949
279258
279855
279910
280663
281362
281459
282807
282873
282914
283341
283650
283700
284073
284212
284267
284311
284748
285040
285083
285084
285875
285895
286627
286935
287666
288571
288694
289156
289664
289667
289741
290177
290456
291270
291487
291657
291808
291906
291970
291975
292415
292529
292660
292738
292829
294700
295191
295556
295714
296249
296712
297482
297888
298092
298408
298499
298742
298832
299112
299155
299630
300230
300557
301321
301717
302061
303000
303341
303478
303525
303672
304071
304313
304751
304852
305735
306526
307030
308623
308962
309368
309394
309965
310063
310323
310506
311207
311652
312706
312953
313950
314463
314802
315272
315277
316215
316679
317326
317540
317680
317965
318062
318193
319220
320807
320818
321350
322582
324200
324570
325485
325506
326206
326670
326841
327304
327801
328586
328632
329090
329770
329900
330130
330287
331169
332102
332520
332754
334843
335428
335895
336141
336532
338369
338620
338930
339211
339480
339809
341404
341939
342395
342406
342789
343177
344157
344884
344944
345734
347492
347808
348268
348420
349165
349262
350213
350850
351805
352417
352955
354433
354540
355100
356283
356702
357799
359462
359526
360170
360741
360757
362124
362532
362884
363279
364089
367306
367932
370625
370925
371567
372225
373435
373560
373722
373943
375563
375678
376026
376420
376495
378788
380511
380840
381270
383212
384285
384615
385240
385916
386068
388669
388725
396913
401586
401769
403787
404006
407171
407840
408304
411332
411609
415885
417433
418842
419866
422012
424073
424944
431250
436214
437022
446620
447204
452769
455088
456883
459794
470611
473681
475537
481419
493702
496837
508819
511254
517202
529927
535524
562482
569077
591949
648988
