0
0
15
176
257
275
327
349
411
413
418
424
441
451
455
550
579
638
749
790
811
830
831
860
897
920
948
995
1018
1020
1039
1076
1088
1104
1255
1533
1535
1650
1732
1741
1753
1790
1807
1826
1880
2050
2060
2071
2118
2201
2256
2273
2310
2326
2329
2512
2615
2712
2728
2832
2867
2988
3001
3032
3044
3051
3068
3077
3101
3130
3167
3198
3319
3331
3484
3502
3508
3632
3638
3714
3737
3809
3868
3896
3938
3944
4007
4073
4164
4294
4298
4346
4386
4434
4457
4490
4499
4546
4590
4720
4855
5010
5041
5140
5185
5201
5208
5234
5256
5324
5389
5406
5417
5461
5510
5513
5514
5580
5581
5609
5617
5626
5639
5732
5903
5925
5946
5996
6056
6101
6108
6157
6251
6308
6407
6599
6678
6696
6731
6773
6784
6793
6820
6864
6872
6930
6946
7007
7044
7102
7154
7160
7231
7242
7262
7282
7297
7401
7497
7500
7527
7569
7577
7607
7628
7726
7755
7759
7798
7837
7852
7879
7920
8123
8130
8151
8166
8166
8167
8261
8281
8306
8319
8328
8399
8420
8433
8434
8456
8464
8465
8492
8556
8563
8618
8644
8783
8831
8959
8999
9084
9092
9097
9108
9117
9196
9205
9295
9340
9394
9410
9504
9508
9510
9544
9546
9575
9621
9702
9789
9869
9931
9991
10020
10126
10150
10159
10190
10193
10229
10242
10273
10337
10444
10530
10591
10594
10626
10676
10720
10764
10795
10858
10924
10969
10993
11065
11108
11136
11148
11253
11346
11365
11637
11672
11675
11700
11746
11785
11815
11835
11858
11861
11894
11910
11948
12036
12066
12093
12145
12152
12153
12224
12225
12246
12278
12325
12335
12460
12540
12563
12576
12709
12727
12961
12967
12992
13003
13134
13243
13271
13272
13285
13323
13328
13348
13349
13375
13384
13500
13525
13576
13641
13683
13835
13859
13870
13909
13986
14021
14030
14034
14052
14165
14201
14229
14250
14256
14346
14392
14432
14442
14495
14505
14512
14521
14601
14664
14730
14730
14795
14821
14870
14873
14883
14899
14942
14949
14979
15001
15033
15034
15077
15094
15347
15369
15400
15519
15691
15714
15802
15828
15925
15956
16106
16114
16127
16324
16341
16377
16471
16482
16547
16568
16590
16603
16636
16864
16874
16921
16987
17007
17008
17082
17125
17130
17157
17278
17279
17297
17325
17382
17392
17497
17511
17529
17548
17575
17620
17684
17700
17738
17744
17777
17796
17826
17851
17874
17910
17927
18052
18075
18077
18081
18129
18203
18207
18248
18348
18375
18389
18457
18528
18529
18556
18569
18637
18681
18737
18754
18754
18840
18854
18884
18923
18927
18959
18978
19090
19130
19248
19265
19295
19319
19405
19429
19500
19591
19592
19593
19645
19726
19756
19805
19903
19912
19921
19939
19948
19987
20031
20084
20089
20137
20144
20346
20433
20578
20631
20686
20718
20720
20728
20810
20925
20926
20992
21075
21092
21154
21280
21310
21318
21324
21355
21447
21489
21566
21673
21678
21838
21853
21857
21913
21918
21936
21936
21938
21953
21973
22054
22121
22126
22167
22174
22189
22284
22318
22358
22358
22429
22471
22514
22519
22832
22854
22919
22923
22928
22955
23103
23133
23162
23173
23269
23387
23541
23574
23650
23658
23752
23792
23871
23951
24000
24020
24024
24098
24100
24216
24294
24307
24308
24342
24382
24497
24534
24627
24646
24707
24715
24799
24803
24822
24888
24889
24960
25020
25041
25128
25164
25239
25290
25295
25301
25363
25455
25525
25573
25597
25601
25602
25616
25652
25706
25726
25748
25811
25818
25897
25924
25945
25954
25969
25971
25975
25988
26063
26077
26093
26126
26179
26186
26285
26391
26495
26622
26628
26737
26786
27074
27136
27183
27210
27239
27256
27300
27337
27361
27414
27420
27443
27513
27519
27544
27694
27911
27969
27984
28198
28221
28284
28358
28363
28393
28410
28432
28525
28526
28544
28548
28548
28631
28688
28736
28808
28864
28941
29024
29124
29140
29200
29474
29495
29531
29547
29547
29631
29670
29682
29731
29732
29735
29792
29800
29817
29823
29831
29848
29983
30105
30393
30493
30515
30575
30637
30688
30777
30850
30882
30918
30940
30953
30984
31012
31019
31038
31051
31116
31125
31128
31156
31188
31334
31345
31390
31390
31429
31478
31530
31544
31663
31675
31822
31827
31863
31869
31872
31875
31881
31894
31945
31947
31978
32074
32104
32171
32177
32237
32283
32377
32424
32450
32458
32631
32631
32645
32662
32666
32673
32719
32746
32751
32861
32897
32940
33038
33071
33104
33121
33149
33154
33225
33253
33287
33362
33415
33563
33688
33689
33734
33741
33848
33872
33881
33981
33990
34053
34155
34191
34208
34228
34271
34308
34379
34445
34549
34606
34623
34661
34662
34679
34680
34696
34729
34878
34879
34950
34986
34990
35026
35170
35244
35266
35273
35284
35301
35370
35478
35500
35528
35584
35650
35665
35779
35788
35900
36038
36096
36115
36116
36176
36205
36257
36275
36284
36287
36310
36329
36379
36401
36438
36490
36556
36608
36634
36642
36643
36785
36827
36862
36876
36878
36904
36928
37030
37045
37046
37123
37144
37255
37276
37326
37400
37446
37483
37492
37496
37616
37695
37718
37780
37987
38046
38083
38166
38197
38249
38311
38356
38438
38483
38488
38491
38651
38768
38779
38795
38842
38845
38986
39164
39179
39230
39257
39285
39317
39336
39364
39473
39486
39501
39518
39525
39881
39953
39956
39981
40080
40087
40101
40143
40295
40314
40316
40353
40503
40506
40559
40637
40708
40770
40791
40802
40824
40965
40982
40987
40999
41001
41049
41051
41083
41127
41250
41315
41350
41360
41366
41384
41452
41526
41604
41610
41782
41842
41968
41989
42013
42025
42046
42048
42058
42180
42329
42386
42401
42401
42442
42493
42497
42513
42538
42560
42563
42632
42648
42751
42854
42906
42936
42998
43042
43065
43126
43197
43247
43305
43350
43457
43509
43588
43622
43630
43659
43775
43792
43794
43832
43875
43920
43923
43932
43940
43971
43988
44110
44122
44250
44257
44290
44355
44360
44362
44362
44444
44516
44597
44598
44630
44637
44665
44700
44712
44762
44917
44923
44924
44969
45068
45141
45193
45236
45248
45253
45320
45402
45468
45668
45700
45706
45784
45813
45824
45922
45927
45998
46129
46169
46174
46176
46208
46225
46321
46328
46405
46472
46484
46494
46591
46784
46818
46839
46944
47011
47044
47184
47200
47205
47205
47258
47285
47302
47311
47348
47349
47356
47381
47395
47432
47470
47478
47584
47631
47847
47882
47975
48065
48170
48199
48294
48312
48361
48380
48384
48422
48426
48433
48445
48468
48547
48592
48639
48674
48712
48773
48814
48885
48932
48934
48989
48989
48998
49028
49121
49144
49147
49265
49485
49555
49731
49756
49786
49803
49851
49916
50034
50060
50539
50666
50677
50693
50702
50711
50735
50747
50773
50894
50941
50983
51001
51182
51197
51331
51388
51443
51487
51521
51564
51687
51728
51729
51770
51775
51850
51881
51884
51900
51905
52039
52138
52163
52165
52241
52253
52325
52421
52456
52654
52664
52816
52873
52906
53032
53314
53316
53329
53336
53415
53434
53489
53497
53515
53561
53582
53597
53628
53673
53717
53826
53849
53864
53912
53916
53946
53954
54015
54033
54076
54121
54160
54271
54337
54344
54409
54440
54442
54507
54513
54518
54542
54582
54583
54739
54798
54872
54920
54924
54925
54972
55022
55115
55135
55153
55155
55286
55338
55552
55662
55725
55736
55781
55796
55892
55929
56003
56045
56127
56160
56160
56166
56197
56198
56313
56347
56418
56429
56569
56685
56725
56836
56876
56986
56986
56998
57116
57137
57321
57401
57448
57491
57536
57650
57664
57669
57690
57714
57764
57827
57837
57922
58040
58118
58141
58217
58254
58380
58449
58478
58491
58491
58538
58558
58599
58664
58671
58729
58834
59023
59024
59209
59288
59336
59346
59371
59383
59384
59397
59509
59566
59719
59832
59867
59876
59917
60005
60006
60021
60091
60135
60213
60230
60298
60338
60352
60363
60499
60585
60659
60707
60777
60781
60897
60934
61041
61049
61055
61132
61155
61192
61193
61265
61306
61309
61329
61349
61392
61408
61485
61492
61510
61555
61572
61699
61739
61809
61822
61942
61980
61986
61989
62006
62036
62040
62080
62087
62102
62244
62311
62328
62465
62476
62614
62616
62691
62741
62805
62812
62840
62848
62981
62991
63000
63011
63253
63257
63270
63322
63386
63417
63426
63460
63511
63549
63560
63605
63673
63739
63768
63833
63869
63886
63929
64029
64039
64042
64043
64138
64158
64212
64216
64239
64240
64241
64296
64430
64545
64620
64633
64676
64705
64758
64773
64856
65014
65030
65129
65202
65273
65386
65454
65496
65618
65636
65732
65898
65906
65914
66022
66074
66121
66121
66141
66179
66212
66213
66225
66291
66384
66388
66450
66510
66521
66547
66563
66592
66642
66662
66830
66952
66981
67116
67180
67201
67223
67245
67333
67407
67450
67463
67471
67475
67492
67781
67823
67865
67879
67918
67929
67940
67958
67972
67987
68038
68048
68071
68099
68166
68189
68200
68281
68347
68401
68562
68572
68601
68632
68641
68747
68778
68879
68921
68924
69013
69030
69100
69175
69190
69259
69261
69262
69363
69365
69497
69523
69606
69713
69792
69797
69880
69954
70069
70157
70163
70175
70190
70243
70262
70306
70366
70421
70425
70443
70469
70598
70647
70652
70676
70685
70696
70716
70843
70966
70976
71116
71122
71146
71208
71341
71375
71405
71459
71494
71518
71575
71580
71599
71609
71672
71704
71751
71783
71834
71856
71880
72057
72066
72288
72334
72480
72556
72612
72682
72761
72812
72819
72903
72911
72947
72988
73059
73087
73120
73148
73268
73295
73305
73331
73357
73392
73444
73510
73512
73554
73578
73650
73755
73912
73934
73943
74018
74048
74139
74152
74173
74203
74218
74255
74264
74267
74435
74437
74595
74627
74723
74726
74807
74857
75064
75085
75132
75141
75155
75165
75202
75207
75338
75408
75491
75505
75530
75541
75561
75564
75621
75627
75652
75680
75689
75698
75716
75744
75828
75844
75907
75927
75947
76100
76250
76263
76264
76306
76577
76760
76838
76888
76964
77015
77056
77122
77176
77183
77271
77367
77373
77411
77493
77506
77611
77613
77635
77664
77664
77668
77716
77744
77791
77833
77932
77969
78093
78137
78198
78242
78403
78431
78484
78639
78758
78788
78823
78859
79011
79061
79124
79165
79186
79195
79210
79218
79267
79413
79490
79492
79567
79601
79615
79718
79785
79785
79868
79873
80071
80077
80148
80342
80344
80405
80507
80551
80580
80607
80612
80756
80983
80988
81010
81065
81076
81108
81157
81207
81217
81337
81337
81496
81548
81563
81564
81735
81883
81995
82033
82052
82139
82147
82206
82219
82266
82276
82337
82381
82431
82438
82521
82544
82551
82660
82729
82750
82815
83040
83092
83143
83360
83512
83684
83685
83788
83907
83932
83947
84112
84117
84172
84185
84193
84235
84252
84458
84471
84497
84539
84639
84690
84720
84777
84789
84807
84919
84943
84955
85165
85205
85247
85277
85316
85408
85415
85467
85469
85480
85493
85516
85537
85624
85645
85686
85716
85731
85760
85780
85931
85978
86018
86064
86073
86316
86448
86478
86635
86776
86809
86812
86869
86893
86950
87083
87115
87292
87465
87473
87486
87533
87546
87597
87631
87686
87789
87842
87888
87931
88001
88147
88344
88552
88584
88658
88673
88683
88694
88892
88895
89067
89088
89115
89140
89312
89383
89451
89580
89582
89686
89705
89713
89721
89818
89883
89895
90000
90026
90121
90207
90256
90401
90460
90469
90501
90501
90543
90546
90581
90609
90642
90648
90855
90878
90924
91001
91021
91032
91054
91114
91241
91294
91314
91459
91487
91511
91686
91689
91689
91729
91749
91790
91892
91987
92073
92104
92260
92268
92560
92656
92818
92904
92935
93023
93093
93161
93212
93242
93408
93419
93490
93534
93546
93620
93726
93773
93816
93867
93878
93916
94013
94043
94061
94064
94196
94225
94235
94252
94254
94290
94402
94445
94487
94497
94497
94559
94582
94671
94726
94740
94830
94840
95015
95081
95090
95123
95172
95252
95256
95297
95369
95417
95549
95583
95672
95694
95748
95757
95857
95901
95965
95991
96061
96204
96298
96398
96421
96448
96464
96483
96487
96580
96591
96817
96822
96905
97079
97320
97322
97326
97327
97385
97392
97506
97557
97582
97674
97680
97742
97801
97853
97915
97939
98054
98073
98136
98191
98294
98494
98543
98576
98738
98751
98775
98848
98905
98925
98982
99001
99029
99139
99157
99163
99230
99339
99383
99432
99456
99502
99532
99609
99673
99694
99818
99819
99870
99939
99954
100003
100028
100102
100124
100129
100136
100177
100234
100280
100332
100411
100571
100653
100663
100825
100934
101009
101010
101026
101030
101075
101118
101163
101211
101274
101385
101423
101525
101548
101732
101733
101756
101827
101945
101965
102044
102178
102195
102383
102501
102592
102634
102736
102757
102859
103011
103066
103081
103099
103223
103478
103514
103564
103595
103787
103796
103874
103883
104010
104148
104507
104565
104617
104683
104709
104823
104961
105087
105125
105237
105301
105388
105389
105525
105594
105655
105714
105904
105974
105979
106019
106170
106605
106636
106779
106786
106830
106942
106967
107007
107145
107249
107371
107399
107400
107456
107460
107539
107643
107711
107841
107844
107934
107944
108016
108019
108066
108154
108192
108193
108288
108369
108382
108496
108523
108530
108642
108671
108700
108721
108742
108755
108756
108759
108849
108855
108914
108940
109145
109154
109199
109250
109273
109283
109421
109433
109482
109609
109657
109679
109691
109700
109710
109868
109927
109948
109952
109960
109980
109996
110144
110201
110218
110381
110540
110617
110665
110715
110810
110885
110932
110993
111012
111033
111059
111092
111151
111153
111159
111162
111234
111272
111314
111337
111388
111411
111463
111480
111490
111490
111518
111544
111644
111655
111701
111747
111844
111848
111871
111992
112031
112091
112169
112327
112343
112360
112467
112478
112547
112558
112578
112589
112599
112643
112697
112735
112813
112875
112877
113050
113050
113266
113284
113305
113349
113577
113583
113615
113642
113649
113777
113829
114016
114049
114198
114202
114219
114225
114234
114255
114267
114271
114285
114377
114405
114585
114647
114704
114774
114915
114929
114950
114953
115319
115329
115361
115496
115702
115728
115734
115791
115919
115924
116039
116060
116100
116183
116212
116413
116418
116461
116525
116553
116568
116654
116661
116702
116729
116965
116986
117010
117016
117102
117126
117210
117237
117286
117457
117732
117754
117860
117971
118026
118094
118213
118267
118492
118567
118979
119071
119244
119315
119318
119334
119411
119472
119486
119622
119628
119956
119969
120123
120166
120254
120255
120286
120385
120448
120467
120542
120560
120564
120567
120597
120634
120792
121011
121022
121026
121046
121065
121139
121291
121309
121428
121435
121473
121521
121528
121713
121737
121890
121947
122014
122016
122066
122105
122110
122152
122206
122291
122350
122350
122360
122413
122563
122579
122661
122698
122784
122833
123080
123137
123142
123189
123233
123264
123271
123298
123352
123390
123405
123486
123665
123686
123693
123712
123851
123920
123977
124041
124056
124114
124160
124184
124444
124505
124528
124568
124749
124836
124902
124932
124956
124959
124971
125135
125211
125214
125428
125579
125588
125737
125778
125838
125926
126028
126037
126040
126093
126423
127077
127092
127322
127349
127440
127455
127459
127460
127553
127712
127770
127890
128102
128137
128140
128177
128281
128383
128480
128774
128804
128836
128843
128855
128955
129014
129094
129161
129183
129476
129511
129622
129928
129956
130029
130054
130074
130094
130208
130384
130460
130483
130711
130854
130893
130901
130929
130946
130950
130955
130998
131003
131081
131170
131292
131456
131480
131481
131539
131798
131939
131974
131981
131986
132000
132066
132104
132123
132280
132487
132492
132570
132602
132725
132835
132838
132925
133010
133028
133309
133330
133340
133645
133861
133888
133890
133917
133988
134000
134080
134120
134136
134214
134283
134359
134405
134413
134431
134572
134759
134914
135003
135079
135298
135438
135602
135627
135836
135885
136065
136205
136491
136608
136794
136852
136972
137125
137176
137282
137317
137444
137447
137541
137548
137567
137608
137619
137695
137783
137812
137853
138137
138223
138318
138371
138401
138423
138511
138531
138673
138693
138816
138879
138954
139074
139090
139162
139337
139383
139393
139547
139635
139707
139733
139750
139798
139813
139816
139953
139963
140085
140284
140306
140399
140457
140583
141038
141057
141066
141106
141118
141209
141224
141251
141291
141404
141544
141572
141589
141615
141622
141648
141672
141708
141802
141812
141904
141996
142041
142151
142535
142640
142851
143114
143191
143240
143250
143318
143323
143399
143436
143449
143499
143554
143672
143712
143771
143829
143847
143998
144033
144111
144313
144398
144401
144476
144480
144685
144705
144761
144890
144935
145000
145414
145463
145476
145719
145724
145843
145854
145888
146188
146373
146558
146564
146604
146686
146934
147080
147092
147138
147144
147223
147257
147262
147325
147355
147490
147511
147541
147571
147668
147772
147849
147853
148112
148764
148807
148832
148974
148997
149053
149155
149164
149238
149296
149328
149410
149735
149779
149917
149963
150028
150070
150123
150174
150260
150324
150451
150462
150562
150822
150872
151136
151142
151157
151210
151239
151313
151328
151359
151403
151408
151507
151657
151839
152062
152204
152230
152323
152423
152458
152789
152845
153234
153256
153336
153543
153683
153697
153971
154072
154115
154171
154230
154245
154258
154424
154704
154918
155070
155432
155562
155676
155753
155775
155838
155917
156716
156735
156867
156954
157103
157170
157266
157352
157413
157423
157442
157591
157595
157770
157776
157936
157965
158051
158102
158279
158354
158521
158540
158576
158595
158627
158651
158844
158937
159049
159159
159249
159275
159358
159414
159476
159809
159819
159867
159918
159943
159955
159964
159986
159991
160048
160078
160101
160193
160222
160306
160315
160513
160637
161015
161088
161140
161175
161320
161400
161465
161498
161727
161755
161986
162014
162380
162441
162531
162531
162620
162698
162701
162742
162763
162803
162810
162931
163104
163143
163163
163245
163486
163521
163628
163699
163801
163817
163934
164214
164266
164583
164634
164737
164796
164882
165029
165063
165310
165320
165422
165497
165793
166017
166093
166231
166258
166450
166572
166644
166736
166765
166847
166880
166967
167061
167083
167100
167139
167180
167193
167308
167325
167361
167392
167416
167428
167489
167543
167806
168051
168140
168150
168468
168512
168603
168613
168697
168879
169090
169162
169193
169208
169250
169315
169336
169406
169698
169745
169883
169901
170017
170041
170051
170107
170199
170304
170334
170517
170556
170999
171045
171126
171147
171185
171298
171814
172044
172216
172280
172353
172413
172425
172466
172579
172823
172835
172836
172853
172931
172984
173228
173585
173595
173811
174049
174157
174405
174479
174840
174853
174979
175055
175066
175169
175379
175412
175653
175716
175766
175894
176098
176127
176135
176456
176471
176560
176571
176580
176613
176715
176719
176763
176842
177054
177063
177093
177170
177266
177336
177360
177532
177586
177646
177735
177783
177816
177877
177896
178136
178142
178164
178212
178314
178335
178659
178691
178877
179190
179231
179251
179372
179527
179554
179670
179777
179802
179922
180016
180272
180665
180821
180833
180945
181050
181144
181158
181194
181208
181221
181233
181340
181432
181445
181495
181509
181561
181563
181572
181602
181665
181727
181735
181792
182056
182113
182477
182515
182594
182714
182947
183171
183300
183410
183440
183517
183527
183535
183813
184001
184106
184127
184134
184164
184178
184261
184363
184454
184581
184647
184809
184951
184951
184952
185159
185181
185386
185480
185730
185766
186029
186098
186187
186264
186279
186350
186386
187198
187319
187332
187452
187529
187585
187599
187649
187652
187751
188129
188143
188164
188591
188647
188663
188757
188778
188886
188930
188967
189245
189314
189358
189388
190030
190205
190286
190484
190510
190733
190844
190976
191118
191142
191168
191203
191356
191425
191529
191601
191976
192018
192204
192311
192338
192402
192577
192649
192738
192751
192825
192924
193184
193313
193750
193759
193894
194007
194194
194209
194238
194289
194456
194549
194662
194817
194961
195079
195293
195356
195510
195536
195630
195815
196040
196151
196214
196320
196348
196585
196615
196625
196866
197081
197177
197260
197324
197352
197425
197776
197782
197917
198166
198602
198619
198669
198727
198854
198865
198870
198872
199118
199367
199409
199426
199461
199824
200144
200211
200314
200562
200593
200607
200642
200724
200773
200827
201128
201236
201360
201370
201424
201511
201571
201803
201816
201828
201837
201855
201872
202308
202329
202490
202757
202823
202962
203218
203232
203330
203411
203435
203592
203871
203905
204150
204291
204369
204554
204764
205035
205134
205234
205404
205486
205488
205799
205902
206306
206810
206937
207319
207344
207571
207677
207705
207774
207832
208297
208370
208493
208700
208747
208774
208885
209071
209236
209348
209517
209620
209639
209683
209884
209945
210244
210326
210356
210805
210890
210981
211005
211080
211119
211141
211199
211202
211214
211356
212005
212095
212109
212160
212299
212393
212668
212687
212720
212742
212775
212910
212931
213046
213048
213083
213288
213382
213402
213408
213556
213586
213614
213727
213771
213844
213955
214457
214502
214566
214748
214878
215083
215491
216369
216559
216570
216614
216864
216889
217309
217424
217510
217666
217785
217903
217905
217906
218003
218165
218306
218392
218515
218691
219021
219263
219276
219368
219431
219510
219532
219608
219680
219886
220109
220186
220402
220735
220964
221008
221031
221120
221710
221793
221838
221975
222025
222069
222421
222437
222452
223029
223141
223677
223686
223749
223839
223909
223997
224042
224098
224099
224290
224667
224840
225046
225051
225104
225362
225458
225972
225980
226021
226029
226176
226228
226303
226354
226520
226549
226557
226728
226950
227134
227258
227335
227789
227846
227869
227873
228180
228186
228271
228481
228662
228753
228758
229063
229520
229533
229686
229878
230004
230681
230834
230874
230889
231014
231282
231425
231572
231625
231906
231913
232372
232454
232570
232604
232628
232770
232879
233339
233547
234017
235151
235328
235612
235883
235895
236588
236754
236886
236904
236930
237000
237019
237052
237114
237121
237187
237240
237440
237963
238190
238383
238476
239606
239690
239694
239811
239838
240191
240348
240526
240873
240981
241088
241272
241297
241301
241572
241710
242001
242556
242842
242848
243420
244078
244118
244300
244329
245045
245208
245572
245725
245789
245842
246015
246198
246506
246699
247123
247399
247484
247508
247547
247839
247855
247905
248017
248078
248213
248250
248258
248581
249009
249313
249363
249531
249938
250590
251638
252151
252239
252692
252902
253055
253393
253966
254288
254543
254888
254998
255172
255507
256509
256723
257281
257647
257729
257808
257856
257947
258175
258398
258637
258732
258972
259075
259145
259323
259353
259372
259374
259674
259694
259717
259877
259953
260065
260269
260418
260449
260830
260987
261031
261035
261066
261653
261858
262071
262176
262225
262492
262940
263141
263275
263486
263531
263954
264313
264629
264741
264948
265063
265232
265753
265885
265951
266156
266660
266861
266901
267135
267245
267329
267609
267674
268761
269277
269320
269388
269513
269625
269762
270271
270393
270488
270511
270516
270517
270567
270778
270863
270918
271572
271718
271722
271761
271870
271941
272440
272491
272544
272889
273145
273204
273374
273543
273575
274132
274393
274752
275712
275804
276190
276230
276468
276872
277181
277476
277493
278352
278617
278972
279041
279284
279387
279452
279829
280039
280282
280332
280541
280808
280923
280978
281489
281796
282006
282592
282718
283151
283400
283550
284420
284702
284729
284818
284941
285236
285424
285500
285754
286525
286717
286724
286738
286909
287033
287568
287813
288085
288132
288146
288723
288858
289289
289652
289884
289910
290197
290278
290454
290632
290649
290848
291284
291472
292498
292931
293301
293379
293747
293823
293890
293990
294578
294736
294743
295270
295915
296914
296973
297021
297120
297908
298422
298557
298806
299017
299350
299611
299616
300172
300300
300779
300890
302161
302900
302949
303397
304188
304397
304547
305201
305329
305597
305964
306305
306873
307017
307186
307304
308255
308667
309730
310104
310197
310479
310876
310965
311602
311690
311834
311901
312067
312296
312368
312645
312975
313790
314078
314681
314829
315136
315415
315910
316029
316161
316326
316792
316848
316936
317137
317730
317742
317770
318943
319038
319882
320143
320304
320452
320501
321090
321295
323578
323799
324897
325012
325159
327444
327560
327815
327963
328053
328458
328716
329615
329969
330225
330508
330556
330876
331970
332162
333306
333712
334820
335569
335837
336102
336606
337269
337799
337804
338931
338974
339039
339323
341105
341445
341688
341873
342075
342335
343026
343073
343724
345367
345998
346145
346170
346215
346406
346841
347610
347944
347950
350634
351084
351309
351684
351753
352130
355289
355617
355635
355820
355826
356619
357628
358158
359405
359425
360927
361773
362080
362806
363188
363321
363393
363950
364927
365985
366714
366852
369165
369914
370125
370221
370419
370727
370891
370987
371388
372093
372128
372188
374051
375128
376281
378243
378277
382502
382573
382679
385405
387021
388097
389434
390245
391448
391806
393882
394043
394861
395519
400615
401710
402743
403008
405313
406046
407176
407734
410087
414092
415850
415882
418591
418802
419274
419425
420351
420514
421251
428091
429162
435775
438680
439553
449014
449086
452513
452813
453196
457788
464317
468092
481795
486964
487116
487170
490818
493446
495200
504705
505954
521107
540731
550733
568259
597296
