0
0
331
383
623
625
767
814
832
1089
1141
1335
1439
1519
1530
1710
2004
2005
2021
2052
2058
2077
2168
2186
2202
2402
2531
2546
2611
2872
2971
2997
3068
3101
3116
3138
3228
3259
3272
3315
3319
3373
3396
3445
3608
3706
3707
3708
3785
3791
3799
3833
3931
4203
4254
4264
4401
4552
4602
4625
4844
4864
5012
5163
5280
5301
5326
5444
5520
5933
5942
5982
6016
6087
6091
6092
6096
6118
6119
6134
6139
6143
6168
6213
6214
6250
6362
6547
6588
6603
6637
6643
6649
6664
6809
6869
6899
6900
6917
7002
7058
7311
7385
7396
7408
7413
7428
7529
7645
7660
7879
8133
8207
8286
8474
8584
8617
8651
8693
8702
8826
8897
8905
8958
8958
8986
9088
9110
9197
9232
9287
9300
9335
9410
9412
9421
9458
9478
9514
9640
9771
9826
9829
9866
10086
10093
10245
10252
10277
10303
10412
10524
10540
10544
10558
10570
10628
10647
10662
10672
10722
10784
10799
10833
10995
11148
11222
11453
11560
11565
11581
11610
11804
11850
12010
12074
12108
12113
12323
12428
12437
12449
12523
12562
12641
12708
12815
12850
12868
12935
13008
13052
13259
13288
13341
13359
13379
13436
13458
13493
13542
13603
13634
13643
13710
13778
13846
13847
13864
14031
14087
14222
14267
14277
14339
14418
14424
14467
14543
14546
14649
14817
14847
14876
14905
14978
15030
15071
15157
15252
15266
15292
15391
15446
15604
15606
15614
15664
15674
15740
15910
15945
15975
16023
16052
16112
16188
16195
16210
16261
16262
16455
16552
16578
16626
16653
16666
16754
16851
16964
16986
16995
17032
17057
17089
17165
17166
17194
17217
17271
17286
17421
17432
17445
17460
17462
17467
17514
17605
17875
17903
18005
18228
18270
18282
18458
18662
18677
18680
18736
18910
18952
18963
18987
19111
19187
19235
19285
19312
19351
19365
19414
19419
19433
19433
19490
19504
19672
19677
19762
19773
19786
19867
19993
20000
20061
20153
20181
20189
20248
20290
20475
20522
20565
20683
20753
20755
20756
20802
21131
21147
21209
21726
21768
21855
21858
21869
21931
21949
21981
22017
22033
22046
22190
22199
22280
22292
22467
22628
22792
22798
22841
22884
22938
22970
23008
23074
23148
23346
23389
23425
23541
23558
23582
23795
23840
23870
23979
23986
24044
24056
24155
24234
24266
24280
24345
24429
24454
24473
24510
24519
24603
24612
24665
24670
24712
24726
24756
24774
25011
25053
25056
25063
25066
25114
25125
25162
25246
25332
25392
25425
25465
25502
25557
25567
25571
25690
25707
25750
25838
25884
25893
25987
25995
26116
26197
26204
26231
26244
26251
26298
26308
26414
26442
26618
26686
26694
26694
26775
26806
26830
26900
26902
26939
26993
27106
27193
27199
27295
27369
27470
27497
27526
27530
27630
27649
27720
27844
27859
27989
28049
28063
28065
28087
28120
28259
28287
28300
28492
28504
28555
28573
28578
28617
28679
28834
28986
28988
29179
29207
29216
29238
29288
29406
29439
29537
29575
29579
29596
29676
29679
29859
29906
29907
30047
30113
30164
30182
30247
30328
30331
30393
30434
30533
30570
30630
30714
30830
30844
31010
31247
31348
31412
31465
31562
31594
31606
31639
31641
31663
31740
31780
31817
31824
31902
32022
32096
32132
32199
32200
32398
32427
32436
32567
32575
32590
32664
32695
32706
32711
32749
32912
32951
32963
33006
33015
33035
33077
33089
33213
33263
33285
33348
33367
33427
33438
33518
33520
33565
33599
33617
33626
33634
33937
33947
34102
34209
34257
34280
34311
34314
34364
34476
34563
34742
34782
34800
34805
34880
34965
34996
35101
35240
35271
35271
35319
35337
35389
35415
35516
35664
35711
35752
35769
35805
35814
35820
35876
35905
35971
35986
36019
36155
36158
36237
36276
36393
36398
36410
36436
36520
36588
36621
36642
36933
36936
37060
37172
37174
37263
37325
37404
37456
37458
37598
37637
37883
37933
37935
37959
38072
38139
38298
38300
38321
38342
38431
38445
38522
38861
38895
38907
38961
38976
38985
39014
39082
39088
39091
39410
39415
39515
39563
39869
39990
40007
40111
40146
40162
40167
40174
40204
40265
40312
40322
40503
40558
40596
40619
40639
40706
40875
40880
40912
40949
40976
40991
41086
41275
41468
41508
41605
41609
41622
41665
41768
41844
41852
41931
42002
42018
42070
42111
42301
42305
42602
42610
42614
42693
42769
42771
42804
42812
42879
42895
43004
43011
43065
43172
43212
43360
43367
43394
43417
43432
43686
43786
43902
43941
43986
44058
44285
44316
44323
44368
44392
44475
44494
44613
44686
44730
44847
44869
44964
45107
45145
45155
45257
45274
45374
45583
45608
45631
45648
45670
45771
45996
46064
46104
46140
46167
46187
46262
46347
46710
46712
46714
46753
46795
46858
46897
46944
46963
47003
47046
47182
47215
47238
47306
47332
47409
47446
47500
47658
47658
47861
47890
47891
47919
48013
48347
48351
48377
48394
48396
48419
48811
48846
48856
48862
48865
49030
49051
49052
49064
49083
49205
49218
49338
49394
49435
49493
49569
49623
49656
49833
49903
50037
50068
50096
50197
50212
50235
50248
50249
50413
50418
50432
50441
50542
50543
50586
50595
50634
50669
50689
50708
50734
50780
50824
50894
50903
50955
50960
51021
51276
51378
51407
51462
51479
51809
51862
51873
51922
51951
52013
52122
52175
52214
52230
52351
52395
52478
52501
52584
52638
52721
52726
52797
52839
52887
52889
52934
52997
53002
53036
53109
53138
53162
53173
53273
53359
53512
53586
53671
53762
53772
53802
53809
53857
53884
53944
53966
54047
54112
54196
54281
54413
54566
54566
54700
54701
54769
54786
54804
54833
54838
54892
54898
54927
54971
54985
55017
55033
55033
55034
55117
55169
55293
55351
55395
55427
55434
55501
55537
55546
55569
55702
55723
55745
55753
55803
55810
55829
55829
55873
55888
55917
56106
56139
56184
56217
56371
56392
56420
56472
56482
56507
56514
56645
56658
56700
56732
56758
56780
56830
56876
56973
57153
57210
57272
57339
57458
57460
57572
57626
57648
57731
57752
57753
57771
57777
57783
57841
57904
57939
58105
58139
58152
58153
58193
58356
58357
58437
58451
58459
58492
58495
58517
58562
58650
58793
58834
58859
58895
58951
58989
59057
59151
59188
59297
59437
59622
59666
59701
59839
60017
60064
60117
60247
60295
60310
60338
60518
60565
60652
60770
60814
60824
60852
60945
61015
61052
61095
61242
61278
61287
61382
61507
61552
61772
61811
61815
61819
61928
62105
62162
62223
62350
62353
62372
62412
62472
62603
62696
62737
62775
62821
63004
63038
63058
63060
63060
63137
63170
63189
63205
63499
63503
63651
63734
63735
63832
63924
64009
64136
64213
64314
64351
64396
64481
64516
64531
64624
64643
64778
64797
64824
64877
64907
65040
65042
65102
65132
65317
65464
65527
65560
65623
65629
65782
65902
65917
65918
66027
66093
66147
66148
66389
66424
66445
66447
66504
66534
66708
66723
66770
66825
66968
66993
67038
67055
67121
67353
67394
67551
67601
67632
67645
67711
67721
67774
67791
67815
67835
67840
67880
68023
68050
68155
68162
68203
68295
68399
68445
68465
68824
68852
68875
68881
68897
68959
68967
69023
69065
69110
69203
69252
69301
69358
69395
69399
69431
69461
69488
69537
69591
69606
69666
69924
70038
70224
70284
70326
70428
70430
70544
70662
70893
70941
71125
71230
71245
71366
71366
71623
71905
71948
72148
72175
72236
72268
72304
72403
72521
72682
72810
72878
72946
72959
72980
73094
73203
73320
73356
73369
73442
73715
73715
73751
73762
73802
73866
73879
73885
74001
74008
74029
74109
74184
74320
74341
74355
74415
74481
74547
74823
74852
74898
74960
75069
75115
75117
75131
75208
75232
75280
75320
75343
75359
75401
75431
75658
75675
75688
75802
75967
76020
76123
76151
76183
76267
76311
76367
76383
76526
76587
76655
76677
76838
76842
76851
76936
77037
77186
77278
77310
77326
77397
77546
77617
77704
77758
77859
77868
77881
78044
78161
78254
78330
78409
78500
78510
78514
78648
78653
78753
78800
78993
79034
79359
79380
79385
79506
79734
79830
79854
79980
79998
80192
80259
80321
80332
80475
80511
80579
80689
80814
80878
80898
80918
80985
80990
81013
81060
81219
81355
81369
81423
81574
81608
81613
81667
81836
81848
81870
81871
82099
82142
82335
82336
82411
82461
82465
82542
82659
82704
82795
82868
83039
83095
83116
83121
83138
83157
83179
83201
83273
83425
83485
83621
83658
83707
83708
83776
83780
83872
83874
83979
83981
83990
83991
84032
84138
84141
84161
84207
84374
84383
84397
84479
84483
84575
84599
84690
84698
84938
84943
84963
85000
85002
85057
85080
85092
85163
85208
85296
85377
85394
85466
85480
85498
85510
85538
85653
85878
86150
86418
86420
86710
86745
86763
86892
87007
87026
87053
87101
87145
87314
87375
87436
87448
87527
87548
87713
87842
87995
88207
88214
88272
88325
88334
88592
88624
88643
88848
88935
88973
89002
89026
89077
89123
89125
89181
89204
89253
89298
89433
89545
89821
89824
89937
89965
89988
90028
90065
90144
90194
90253
90299
90381
90636
90838
90901
90906
90910
91023
91047
91075
91201
91235
91239
91528
91542
91566
91673
91727
91922
92005
92054
92055
92055
92267
92316
92449
92667
92682
92857
93001
93009
93205
93215
93232
93396
93518
93593
93604
93649
93662
93699
93704
93761
93768
93867
93901
94005
94070
94448
94626
94693
94699
94702
94752
94903
94948
95000
95045
95086
95259
95301
95339
95406
95444
95444
95580
95861
95878
95991
96072
96386
96398
96711
96720
96736
96772
96787
96792
96869
96892
96991
97028
97089
97163
97273
97277
97309
97520
97632
97710
97731
97785
97870
98023
98067
98174
98176
98402
98447
98454
98487
98519
98729
98776
98822
98831
98890
98987
99263
99282
99288
99315
99354
99379
99417
99417
99724
100028
100046
100107
100156
100187
100406
100449
100512
100615
100693
100726
100726
100742
100777
100787
100810
100835
100837
101045
101078
101279
101515
101554
101609
101634
101641
101648
101688
101709
101725
101809
101947
101967
102020
102038
102047
102260
102421
102434
102477
102490
102589
102617
102670
102823
102972
102985
103007
103058
103136
103178
103246
103263
103362
103404
103467
103511
103664
103699
103739
103754
103861
103917
103935
104002
104022
104071
104169
104197
104443
104524
104615
104749
104937
105074
105238
105360
105371
105415
105468
105523
105540
105618
105679
105710
105770
105826
105901
105923
106092
106215
106243
106274
106435
106547
106568
106684
106797
106890
106916
106961
106964
106970
107139
107146
107150
107248
107446
107450
107531
107584
107792
107794
107899
107945
108158
108493
108606
108638
108812
108861
109014
109025
109092
109109
109144
109229
109253
109578
109587
109656
109957
109981
110071
110093
110256
110265
110266
110314
110347
110416
110422
110425
110468
110479
110537
110646
110654
110731
110735
110824
110847
110930
110937
110953
111027
111066
111115
111137
111231
111270
111272
111298
111340
111387
111401
111489
111516
111563
111577
111599
111641
111746
111768
112064
112129
112134
112212
112263
112389
112464
112506
112527
112537
112630
112778
113006
113155
113178
113652
113847
114318
114352
114565
114626
114780
114800
114843
114938
114941
114985
115015
115136
115175
115315
115318
115358
115379
115406
115410
115478
115498
115499
115577
115720
115725
115750
115846
116039
116191
116268
116300
116308
116462
116581
116631
116661
116741
116765
116882
117002
117091
117204
117487
117537
117550
117710
117787
117882
117927
118062
118097
118102
118186
118364
118518
118583
118587
118944
119103
119235
119274
119351
119380
119405
119497
119605
119763
119809
120154
120239
120351
120369
120370
120442
120526
120583
120630
120888
120891
120910
120936
120941
120996
121008
121076
121159
121205
121213
121237
121252
121286
121362
121429
121491
121526
121571
121696
121707
121854
121891
121973
121989
122156
122327
122697
122710
122849
122864
122915
122962
123371
123381
123603
123610
123622
123740
123778
123821
123849
123863
124160
124373
124441
124501
124618
124771
124829
124929
125057
125063
125172
125176
125231
125388
125396
125523
125694
125961
125994
126153
126261
126281
126443
126497
126621
126714
126794
126819
126914
127182
127234
127271
127355
127483
127504
127725
127769
127781
127813
128064
128088
128319
128757
128948
129135
129208
129411
129558
129600
129749
129749
129752
130007
130245
130273
130374
130535
130601
130688
130735
130852
130876
130970
130991
131006
131038
131146
131174
131619
131806
131864
131944
132039
132064
132441
132544
132609
132755
132756
132883
132977
132988
133027
133045
133096
133286
133331
133348
133350
133366
133551
133603
133675
133722
133747
133816
134145
134319
134482
134524
134524
134566
134667
135113
135115
135219
135267
135417
135484
135622
135638
136083
136099
136316
136325
136476
136486
136520
136652
136715
136913
136950
136953
137068
137154
137205
137228
137355
137356
137708
137746
138554
138871
138919
138953
139144
139287
139386
139427
139621
139933
139991
140065
140126
140470
140539
140568
140589
140837
140933
141046
141217
141222
141314
141393
141573
141577
141725
141781
141799
142052
142188
142352
142436
142582
142681
142762
142887
143148
143187
143299
143319
143651
143728
143780
143793
143957
144282
144332
144495
144535
144767
144976
145014
145036
145064
145066
145078
145176
145206
145222
145307
145969
146082
146271
146294
146295
146347
146353
146408
146477
146537
146541
146851
147112
147170
147175
147460
147506
147510
147619
147653
147685
147730
147834
148134
148149
148475
148529
148579
148673
148920
149290
149337
149367
149534
149698
149714
149896
149904
150061
150319
150383
150407
150522
150594
150684
150881
151012
151138
151343
151353
151385
151728
152081
152097
152170
152181
152295
152495
152614
152646
152848
153303
153616
153736
153747
153882
153914
154184
154456
154500
154667
154740
154799
154910
154943
155384
155484
155623
155880
155917
155963
155967
156093
156443
156533
156862
156982
156983
157261
157328
157414
157427
157472
157484
157487
157797
157896
157956
157958
157979
158018
158057
158079
158148
158182
158282
158351
158468
158682
158700
159068
159120
159266
159497
159502
159717
160123
160180
160406
160488
160561
160801
160859
161126
161358
161446
161573
161581
161625
161638
161654
161658
161839
162206
162409
162683
162691
162944
162998
163032
163129
163285
163381
163414
163415
163433
163549
163574
163759
163951
163962
164001
164052
164209
164244
164245
164302
164324
164554
164570
164898
164980
165058
165374
165537
165695
165907
166054
166173
166297
166322
166452
166528
166707
166858
166870
167080
167396
167430
167438
167440
167626
167757
167914
167926
167975
168128
168198
168227
168306
168513
168707
168851
168926
168946
168946
168967
169091
169218
169227
169762
169806
169941
170123
170162
170188
170287
170545
170697
170757
170867
171013
171136
171359
171373
171475
171648
171706
171743
171773
171831
171973
171992
172029
172034
172080
172321
172424
172626
172991
173345
173458
173622
173673
173683
174059
174260
174266
174370
174385
174497
174517
174578
174674
175077
175395
175414
175773
175911
176132
176329
176586
176714
176775
176877
177092
177127
177226
177529
177583
177769
177813
177815
178086
178173
178228
178250
178406
178753
179084
179094
179271
179317
179429
179640
179755
179796
179825
179844
179860
179924
180007
180134
180247
180275
180406
180416
180593
181067
181210
181263
181333
181382
181467
181682
181685
181705
181756
182229
182609
182669
182670
183305
183322
183589
183678
183792
184038
184061
184110
184127
184238
184239
184271
184350
184400
184404
184451
184511
184568
184587
184599
184607
184709
184716
184855
184981
185081
185362
185433
185552
185805
185862
186487
186500
186706
186762
186795
186954
186970
187188
187202
187277
187482
187540
187741
187825
187935
188003
188345
188380
188538
188541
188608
188631
188799
188874
188979
188982
189328
189625
189720
190333
190405
190454
190504
190523
190584
190880
190928
190950
191381
191538
191741
191879
192001
192008
192135
192152
192218
192623
192647
192811
193019
193220
193670
193724
194062
194085
194429
194588
194742
195038
195351
195522
195560
195579
195684
195715
195720
195985
196354
196358
196463
196791
196859
196879
196938
197120
197371
197579
197590
197634
197668
197824
197879
197880
197950
198055
198136
198194
198284
198599
198739
198843
198918
198981
199022
199221
199744
200008
200077
200113
200218
200267
200370
200378
200382
200511
201169
201245
201722
201979
202182
202468
202501
202569
202667
202814
202970
203092
203113
203131
203137
203317
203576
203637
203644
203676
203855
204079
204082
204303
204898
204944
205200
205498
205952
206036
206042
206126
206326
206351
206475
206600
206622
206716
206738
206834
206921
207060
207424
207956
208121
208174
208237
208384
208651
209091
209141
209247
209432
209469
209517
209577
209861
209870
209913
210002
210126
210183
210449
210565
210647
210657
210706
210812
210921
210948
210976
211256
211321
211445
211542
211894
212502
212607
212609
213061
213353
213425
213511
213803
214025
214030
214040
214047
214530
214532
214577
215111
215265
215268
215293
215329
215948
216130
216183
216589
216693
217259
217264
217709
217724
218438
218691
218951
219324
219761
219836
219970
220294
220325
220623
220859
220977
221769
222021
222119
222658
223021
223024
223460
223514
223538
223831
223939
224118
224146
224214
224352
224648
225055
225397
225408
225697
225748
226215
226228
226358
226396
226559
226673
226675
226716
226954
226961
227072
227236
227664
227777
228047
228344
228824
228863
228964
229082
229280
229380
229945
230788
230832
231083
231102
231106
231315
231458
231523
231525
231530
231585
231687
231901
232528
232866
232901
232932
232989
233162
233326
233641
233851
234012
234155
234474
234475
235181
235237
235388
235676
235939
236248
236422
236594
236753
236760
236788
237379
237735
237964
237971
238015
239051
239161
239174
239297
239413
240057
240071
240154
240401
241022
241063
241314
241605
241612
241762
241991
242291
242373
242495
242902
243091
243241
243573
243594
243690
243808
244102
244911
245079
245390
245507
245990
246270
246413
246437
246527
246597
246878
247143
247397
247538
247643
247710
248211
248337
248446
248708
248921
249284
249672
249747
250203
250221
250740
250816
251059
251463
251573
251625
251672
252048
252050
252714
253642
253932
255387
256179
256571
257093
257109
257192
258243
258348
258581
259363
259429
259712
259722
260053
260149
260226
260291
261537
261842
262002
262015
262154
262548
262698
263314
264612
264638
265898
267821
267986
268966
269342
269604
269769
269851
269931
269999
270344
270439
270655
271178
271560
271945
272053
272273
272479
273196
273596
273695
273792
274009
274044
274324
274670
275392
275426
275668
275704
275856
276026
276127
276769
276803
277415
278927
279450
279805
279873
280100
280612
281213
281224
281249
281272
281416
281425
281777
282225
282256
282596
282830
283034
283076
283196
283402
284394
284671
286062
286319
286651
287285
287901
288259
288289
288456
288553
289215
289674
290813
291115
292829
292907
293181
293231
293530
293773
293955
294135
294237
294544
295199
295269
295482
295574
296077
296792
296902
297572
298673
299520
299811
300005
300156
300205
300229
300426
300442
300543
300638
300682
300792
301239
301246
301300
301426
301807
302354
302688
302741
302816
303451
304056
304090
304149
305652
305829
306469
306748
307325
307647
307891
307943
308591
308930
309546
309689
309900
310212
311034
311145
312056
312090
312638
312862
312874
313465
315212
315351
315709
315811
315885
316140
316756
318102
318812
319379
319800
319825
320069
320427
320611
320716
321439
321496
321894
322108
323218
323238
323909
324086
324482
325182
325381
325600
325876
326405
326870
326985
327254
328066
328410
328499
328571
328850
330629
332664
333984
335446
336287
336315
336419
336559
337788
338255
338277
339911
340338
340804
341252
341595
341616
341769
341888
341890
341943
342153
342399
342632
344418
345580
346425
348133
348537
349275
350933
352339
352782
353272
355576
356295
356615
357800
357930
357989
359141
359193
362100
362134
364421
365090
365689
365723
365970
369157
369423
373328
373353
373376
373536
377397
378187
378373
378689
378700
380403
380906
381067
382731
383694
384263
384982
385796
387461
387493
388553
388608
389262
390584
391572
399204
400983
403029
404184
404193
405665
405805
408672
408807
410610
411567
412651
414434
415651
416772
418311
419837
433487
433688
437148
440597
443860
448041
454039
456336
456365
464435
465414
465690
465842
470933
486754
487070
492200
493637
493961
496219
497439
499969
501699
502933
511657
520602
528459
570135
623326
