0
0
46
122
388
536
536
606
675
781
803
826
870
926
1132
1179
1213
1214
1248
1417
1466
1643
1725
1880
2074
2138
2172
2248
2438
2638
2660
3039
3046
3051
3113
3193
3205
3212
3243
3292
3321
3388
3401
3419
3462
3548
3562
3657
3682
3812
3912
3990
4039
4194
4263
4311
4314
4395
4414
4415
4436
4614
4651
4654
4659
4757
4767
4845
4912
4916
4918
5098
5231
5236
5267
5283
5429
5486
5511
5563
5690
5863
5990
6083
6090
6122
6136
6150
6169
6523
6575
6764
6835
6841
6939
6947
6986
7047
7094
7259
7292
7309
7869
7902
7919
7993
8204
8247
8421
8467
8553
8575
8582
8658
8704
8704
8823
8849
8850
8998
9152
9162
9271
9292
9300
9343
9353
9421
9526
9663
9692
9712
9727
9761
9815
9830
10004
10093
10161
10239
10348
10371
10371
10375
10390
10396
10408
10421
10529
10576
10722
10940
11022
11086
11179
11239
11286
11298
11367
11373
11425
11594
11672
11680
11773
11796
11830
11869
11878
11906
12008
12028
12117
12139
12162
12167
12168
12215
12226
12488
12551
12612
12759
13025
13242
13304
13342
13495
13542
13615
13745
13821
13821
13845
13924
13955
14022
14076
14137
14159
14402
14412
14418
14425
14529
14533
14538
14591
14648
14712
14843
14867
14937
14939
15020
15072
15074
15089
15139
15152
15168
15327
15626
15734
15949
16218
16278
16299
16305
16306
16311
16525
16543
16568
16586
16843
16857
16994
17010
17056
17126
17258
17314
17348
17517
17744
17766
17787
17814
17817
17885
17951
18043
18138
18170
18175
18232
18291
18323
18420
18421
18628
18629
18632
18664
18753
18834
18906
19013
19273
19279
19352
19359
19378
19393
19459
19489
19526
19653
19659
19696
19716
19750
19791
19950
20013
20050
20057
20076
20217
20262
20280
20282
20299
20410
20431
20445
20511
20535
20576
20726
20805
20847
20968
20998
21009
21093
21277
21284
21392
21673
21674
21755
21781
21972
22003
22006
22134
22140
22209
22423
22489
22580
22609
22783
22805
22807
23055
23153
23187
23210
23236
23333
23370
23419
23589
23594
23611
23651
23654
23690
23782
23867
23985
24006
24032
24102
24207
24239
24315
24412
24450
24473
24654
24894
24936
24958
25013
25140
25193
25204
25360
25424
25467
25481
25502
25606
25638
25640
25641
25653
25663
25693
25718
25782
25988
26036
26156
26171
26194
26204
26210
26236
26326
26453
26459
26488
26523
26704
26708
26755
26768
26784
26944
27070
27075
27084
27101
27118
27280
27294
27313
27362
27392
27410
27440
27451
27486
27630
27641
27716
28031
28190
28205
28226
28238
28247
28284
28327
28334
28888
28956
29013
29041
29153
29156
29166
29281
29315
29322
29332
29484
29497
29501
29574
29577
29580
29641
29715
29722
29771
29828
29869
29879
29931
30116
30193
30207
30228
30263
30358
30428
30452
30466
30474
30532
30607
31066
31194
31214
31375
31490
31495
31691
31864
31883
31945
31959
32082
32149
32229
32378
32381
32382
32436
32551
32672
32684
32778
32812
32886
32906
32915
32922
32924
32929
32959
33022
33240
33418
33466
33470
33676
33908
33970
33993
34024
34115
34133
34146
34176
34345
34361
34427
34441
34459
34885
34893
34905
34943
34957
34964
35050
35111
35113
35114
35143
35144
35200
35562
35651
35746
35787
35816
35880
35929
35992
36087
36106
36245
36343
36359
36778
36849
36856
37011
37048
37211
37229
37237
37285
37435
37505
37588
37592
37631
37731
37732
37743
37784
37900
37911
37966
38024
38084
38115
38245
38429
38536
38558
38640
38858
38947
39035
39170
39339
39397
39403
39489
39492
39540
39582
39583
39602
39639
39655
39712
39756
39800
39867
40121
40256
40265
40297
40388
40396
40414
40453
40491
40545
40587
40624
40687
40698
40716
40735
40753
40834
40907
40965
41227
41360
41463
41493
41498
41522
41543
41556
41592
41715
41756
41788
41840
41906
42000
42044
42152
42172
42213
42277
42338
42364
42406
42589
42592
42734
42752
42812
42961
42988
43172
43173
43383
43498
43647
43648
43651
43748
43764
43774
43850
43926
43955
44055
44097
44144
44151
44246
44298
44333
44365
44386
44466
44531
44550
44878
45071
45132
45142
45353
45412
45431
45517
45577
45630
45640
45707
45826
45933
46021
46284
46301
46307
46349
46408
46594
46642
46740
46816
46870
46929
46929
46931
47121
47144
47168
47201
47253
47307
47327
47380
47389
47535
47721
47734
47754
47815
47958
47996
48012
48084
48323
48452
48477
48499
48505
48623
48628
48654
48657
48711
48715
48802
48818
48818
48848
49013
49146
49344
49440
49537
49762
49908
49935
49963
49985
50153
50193
50273
50343
50443
50843
50845
50865
50903
50937
50948
51246
51424
51449
51484
51535
51674
51695
51746
51764
51872
51895
51939
51987
52025
52128
52258
52378
52487
52497
52506
52515
52594
52984
53035
53241
53360
53365
53372
53553
53575
53645
53681
53710
53843
53870
54150
54169
54271
54334
54340
54341
54550
54644
54654
54654
54716
54808
54923
55002
55054
55179
55298
55385
55390
55498
55544
55557
55667
55858
55871
55915
55940
55991
56003
56184
56663
56741
56794
56851
56888
56950
56951
57039
57040
57043
57115
57143
57201
57202
57264
57613
57730
57756
57846
57976
58082
58094
58230
58276
58321
58482
58486
58634
58845
58846
58886
58933
58949
58999
59110
59265
59388
59428
59431
59434
59494
59545
59642
59650
59674
59710
59734
59897
59965
60012
60120
60122
60171
60174
60260
60273
60548
60596
60723
60742
60808
61022
61049
61244
61406
61585
61670
61711
61849
61900
61989
62024
62163
62213
62298
62336
62446
62661
62826
62894
63032
63096
63264
63267
63338
63481
63484
63499
63529
63553
63610
63757
64019
64030
64502
64669
64677
64730
64755
64794
64838
64876
64883
65067
65280
65406
65483
65591
65600
65649
65703
65804
65962
65989
66082
66123
66260
66425
66498
66747
66747
66888
66928
67049
67120
67121
67240
67286
67392
67534
67682
67763
67881
67998
68022
68104
68152
68169
68171
68179
68189
68192
68210
68252
68263
68315
68330
68349
68350
68367
68388
68442
68657
68734
68797
68810
68817
68890
68896
68943
69106
69156
69162
69163
69187
69251
69257
69337
69366
69439
69544
69668
70011
70053
70317
70339
70394
70440
70450
70549
70577
70784
70808
70930
70960
71090
71095
71148
71238
71422
71569
71575
71582
71802
72097
72103
72233
72354
72421
72598
72629
72733
72765
72769
73090
73238
73261
73279
73283
73527
73703
73842
73885
73935
74002
74083
74084
74102
74116
74188
74203
74304
74358
74370
74373
74405
74419
74442
74472
74604
74692
74759
74810
74866
74948
75043
75194
75367
75482
75526
75536
75573
75629
75655
75769
75778
76055
76085
76086
76150
76153
76239
76275
76368
76419
76454
76491
76552
76568
76639
76659
76726
76821
76932
76997
77016
77059
77331
77332
77524
77572
77580
77763
77960
77978
78088
78124
78346
78451
78543
78543
78592
78679
78855
78936
79052
79067
79089
79091
79271
79442
79480
79536
79537
79555
79687
79716
80055
80077
80120
80267
80276
80374
80388
80423
80505
80525
80539
80550
80572
80636
80845
80850
80945
80988
81083
81183
81444
81504
81512
81570
81769
81796
81811
81869
81947
81995
82110
82160
82189
82215
82506
82558
82643
82672
82770
82838
82898
82949
83130
83182
83203
83647
83653
83659
83744
83763
83769
83840
83903
83963
83988
84023
84102
84162
84172
84314
84479
84588
84621
84639
84646
84647
84736
84750
84826
84826
85165
85225
85373
85577
85599
85622
85734
85851
85913
85956
86092
86110
86225
86342
86412
86489
86543
86558
86599
86645
86666
86731
86915
87016
87092
87195
87286
87503
87592
87600
87630
87651
87960
88080
88125
88178
88190
88230
88336
88455
88466
88468
88517
88569
88636
88706
88711
88776
88793
88795
89028
89212
89252
89295
89314
89568
89578
89607
89658
89964
90012
90117
90121
90138
90365
90402
90470
90509
90581
90695
90786
90910
90923
90940
90967
91298
91313
91384
91491
91640
91913
91923
92087
92140
92194
92273
92290
92410
92465
92616
92649
92660
93028
93264
93276
93322
93438
93468
93520
93735
94104
94168
94328
94373
94407
94414
94937
94999
95008
95229
95320
95343
95363
95583
95685
95764
95904
96102
96348
96354
96446
96507
96601
97037
97251
97699
97749
97899
97998
98047
98141
98179
98395
98478
98646
98725
98749
98812
99117
99118
99129
99248
99352
99703
99750
99751
99783
100107
100168
100369
100386
100416
100475
100656
100674
100802
100817
100910
101095
101139
101311
101313
101343
101447
101580
101815
101851
101953
101973
102250
102563
102611
102834
102983
102998
103114
103344
103456
103724
103770
103838
103899
103984
104049
104362
104405
104952
105024
105226
105332
105723
105734
105937
105977
106014
106030
106080
106229
106609
106780
106881
106909
107072
107102
107200
107239
107565
107631
107694
108005
108119
108187
108275
108404
108418
108425
108984
109004
109158
109452
109655
109902
110084
110135
110191
110314
110530
110626
110716
110802
110834
111001
111121
111181
111348
111372
111425
111583
111746
111751
111992
112151
112174
112237
112260
112440
112851
112894
112956
113414
113573
113630
113738
113790
113855
113876
113945
114061
114073
114078
114149
114227
114337
114416
114766
114794
114849
114947
114966
115023
115145
115158
115273
115327
115401
115451
115575
115578
115650
115853
116008
116117
116143
116289
116331
116486
116563
116827
117061
117160
117199
117537
117562
117785
117845
117882
117888
117983
118078
118150
118186
118481
118553
118617
118627
118642
118728
119430
119482
120265
120650
120658
120691
120764
120941
121041
121082
121106
121189
121202
121292
121596
121614
121659
121680
121704
121779
122028
122222
122277
122772
122773
122779
122805
122871
123028
123058
123325
123426
123482
123582
123583
123596
123669
123703
123936
124009
124019
124022
124082
124167
124241
124659
124708
124945
124950
125083
125253
125414
125579
125891
126180
126334
126547
126725
126742
126746
126760
126768
126898
126982
127272
127274
127306
127363
127412
127460
127485
127590
127641
127670
127675
127738
127808
127876
127957
128080
128343
128656
128780
128914
128974
129184
129257
129356
129404
129544
129558
130097
130134
130216
130359
130529
130671
130745
130954
131065
131134
131143
131193
131334
131436
131654
131697
131735
131951
132028
132120
132202
132309
132475
132492
132658
132925
133191
133308
133760
133794
133889
134230
134297
134389
134395
134444
134709
134900
135438
135518
135651
135657
135964
136365
136906
137177
137193
137219
137346
137353
137429
137547
137607
137675
137731
137770
137868
137906
137922
137969
137972
137985
138087
138221
138311
138602
138888
139040
139202
139208
139255
139260
139357
139409
139417
139556
139649
139819
139869
140144
140151
140252
140414
140477
140522
140641
140651
140854
141008
141101
141190
141209
141258
141493
141524
141648
141861
141908
141972
142048
142061
142492
142667
142693
142817
142904
142953
143110
143675
143873
143886
143902
144088
144151
144153
144216
144263
144434
144456
144459
144865
144890
144979
145005
145006
145013
145071
145165
145745
145909
146005
146064
146070
146089
146092
146189
146414
146567
146655
146700
146861
146903
147060
147638
147848
147854
148069
148205
148398
148420
148549
148805
148874
148904
148906
149104
149188
149239
149418
149535
149873
149902
149926
149952
149971
150022
150171
150239
150337
150406
150476
150595
150643
151115
151180
151295
151358
151366
151436
151751
152175
152233
152249
152289
152352
152476
152510
152620
152730
152818
152840
153145
153216
153248
153369
153381
153522
153708
153845
153895
154111
154140
154177
154501
154542
154542
154691
154767
154776
154864
155164
155946
156362
156396
156768
156808
156878
157560
157759
157992
158723
158940
159097
159176
159211
159294
159318
159521
159551
159606
159738
159814
159872
159970
160164
160251
160474
160989
161024
161144
161162
161172
161295
161305
161425
161454
161620
161863
161980
162343
162343
162571
162742
162983
163024
163088
163253
163255
163276
163812
163879
163910
164013
164069
164121
164200
164346
164427
164506
164562
164764
165384
165600
165686
165791
165904
165948
166039
166048
166122
166237
166537
166599
166784
167132
167169
167251
167326
167393
167395
167525
167561
167656
167734
168171
168208
168228
168276
168962
169043
169236
169263
169283
169527
169683
169755
170008
170169
170283
170344
170676
170796
170831
171222
171237
171524
171718
171938
172453
172533
172603
173584
173593
173754
173853
173884
174073
174141
174253
174348
174496
174606
174782
175102
175106
175457
175934
175935
176034
176400
176581
176611
176631
176639
176982
177033
177036
177246
177273
177412
177502
177517
177765
177857
177892
177969
178149
178282
178560
178564
178707
178918
179049
179126
179281
179526
179555
179883
179921
179988
180209
180398
180451
180451
180568
180660
180955
180996
181125
181183
181350
181600
181917
182225
182560
182566
182699
183110
183221
183225
183241
183342
183440
184006
184256
184263
184299
184314
184516
184527
184579
184676
184723
184944
185228
185464
185802
185881
185894
185984
186298
186338
186662
186906
186938
186964
187179
187222
187231
187373
187378
188215
188249
188484
188708
189206
189341
189479
189548
189857
189873
189891
189985
190417
190687
190777
190845
190875
191002
191297
191545
191631
191952
192385
192387
192611
192716
192716
192851
193176
193318
193397
193421
193423
193603
193652
193776
193918
194174
194217
194259
194841
194959
194966
195194
195527
195555
195646
195669
195782
195911
196122
196696
196883
196957
197204
197794
198116
198166
198545
198630
198771
198919
199211
199511
199609
199644
199661
199746
199988
200050
200095
200166
200203
200267
200498
200726
200739
200991
201172
201253
201328
201427
201647
201904
201958
202229
202444
202803
203474
203488
203529
203579
203721
204164
204217
204317
204413
204638
204694
204702
204720
204771
204774
204962
205060
205140
205686
205939
206005
206021
206212
206334
206365
206504
206946
207000
207159
207211
207470
208082
208761
208861
209247
209307
209701
209829
209903
210240
210415
210601
210615
210731
210918
211108
211467
211496
211786
211866
211956
211988
212301
212471
212711
212961
213014
213226
213907
214169
214211
214320
214385
214458
215010
215788
216215
216309
216468
216548
216662
217318
217589
217654
218275
218393
218764
219128
219215
219895
220006
220621
220751
221008
221175
221194
221776
221830
222131
222217
222576
222611
222790
222807
223084
223489
223866
224564
224703
224764
224872
224878
224906
225153
225961
225987
226260
226285
226407
226495
226733
226795
227075
227113
227412
227428
227672
227682
228716
228725
228860
229006
229749
229806
230070
230127
230179
230305
231037
231141
232042
232913
233410
233921
234010
234284
234414
234867
234971
235000
235154
235363
235510
235692
236680
236757
237858
239017
239266
239477
239596
239713
240180
240237
240260
241908
242089
242159
242189
242342
242472
242605
242786
242842
242992
243241
243347
243352
243731
243772
244382
244725
244909
245069
245070
245801
245885
247054
247120
247232
247328
247736
247781
247849
248098
248247
248494
248512
249233
249995
250198
250271
250640
250754
250809
250839
250994
251139
251734
251741
253229
253376
254494
255148
255279
255396
255709
256201
256617
256962
257157
257441
257489
258978
259636
259969
259993
260045
260523
260737
260777
260831
261294
261453
262150
263404
263411
263441
263448
263752
263758
263798
263993
264561
264864
264905
264962
265181
266011
266192
267096
267127
267894
268250
268353
268515
269472
269821
270283
271857
272174
272655
272751
273380
273381
273720
274332
274526
274552
274815
274890
275119
276139
276699
277185
277411
277638
278518
279828
279947
280491
281350
281463
281828
282846
282876
282969
284126
284915
285614
285693
285957
287003
287496
288587
288839
289848
289852
289949
289994
290426
290681
291371
291518
292615
292687
293460
293920
294092
294162
294476
294993
294999
295298
295704
295761
296014
296426
296792
297569
298040
298250
298745
299349
299362
300540
300594
301874
302145
303603
304003
304097
304205
304659
304835
304956
307483
307894
307980
308804
310233
311250
311299
311379
311747
311750
312666
313831
314770
315261
315444
315674
315800
315882
316284
318031
318162
318655
319934
320033
320127
320640
321091
321600
322221
323388
324016
324390
324450
324643
324895
325651
326442
326556
326690
327383
327804
329245
330017
330834
330866
331285
331755
332408
333222
333543
336097
336408
336788
337157
337847
337892
340263
340522
341070
343207
343395
343434
344031
344399
345344
345538
346254
347573
347929
348211
349714
350735
350851
351021
351132
353491
353529
354021
354080
355771
358066
358406
361544
362296
362312
363014
364595
365738
367508
367509
368753
370403
371277
373198
374932
375367
377682
377717
377840
378896
380101
382478
383882
384683
388467
389340
389855
391090
393684
395048
395498
399932
401114
403304
406180
407711
412461
417873
418947
420444
420577
421505
421832
425334
427272
437091
440167
441655
444888
452490
454463
456551
457355
458120
459247
463290
464859
465303
467428
473536
473695
475751
479041
479243
481857
482547
490099
501321
513103
526010
526011
593106
657385
673750
694284
