0
0
31
48
78
222
256
356
401
434
472
510
560
815
853
854
933
1095
1167
1204
1247
1292
1314
1328
1421
1517
1587
1702
1814
1898
1900
2272
2274
2310
2310
2316
2394
2416
2622
2884
2916
2926
2960
3147
3167
3252
3482
3540
3664
3925
4005
4070
4128
4154
4160
4182
4186
4264
4406
4446
4583
4723
4778
4797
4807
4884
5085
5150
5226
5563
5595
5609
5668
5702
5721
5827
5879
5998
6013
6186
6207
6289
6308
6311
6530
6764
6767
6775
6801
6981
7079
7084
7120
7192
7204
7270
7315
7351
7449
7478
7544
7718
7739
7750
7861
7879
7897
7914
8061
8076
8163
8209
8357
8404
8486
8752
8915
9075
9164
9215
9330
9369
9434
9599
9669
9745
9759
9901
9953
9965
10020
10126
10178
10351
10388
10462
10557
10656
10714
11085
11089
11171
11172
11325
11325
11349
11373
11544
11631
11720
11725
11802
11834
11852
11890
11946
12007
12014
12065
12097
12210
12469
12635
12687
12813
12895
12985
12993
13022
13062
13115
13124
13140
13186
13329
13404
13439
13484
13512
13567
13593
13705
13715
13721
13725
13949
13982
14084
14209
14210
14282
14297
14380
14400
14407
14426
14429
14440
14447
14542
14607
14717
14874
14910
14912
14934
15080
15094
15279
15413
15423
15499
15616
15641
15789
15861
16106
16177
16242
16252
16305
16339
16412
16418
16430
16763
16817
16868
16886
16938
17017
17067
17164
17237
17284
17358
17388
17393
17401
17422
17546
17571
17838
17868
17913
17920
17944
17963
18068
18136
18196
18226
18292
18390
18409
18473
18497
18522
18586
18624
18662
18695
18716
18737
18769
18851
18864
18898
18945
19272
19272
19665
19707
19917
19937
20006
20148
20169
20173
20231
20239
20247
20276
20361
20380
20544
20571
20629
20670
20754
20758
20947
20990
21002
21068
21124
21184
21208
21245
21307
21316
21349
21360
21451
21466
21497
21505
21558
21569
21703
21858
21911
21957
21973
22122
22146
22459
22523
22527
22558
22594
22619
22629
22637
22701
22767
23153
23167
23261
23297
23426
23436
23476
23509
23573
23611
23657
23870
24073
24137
24139
24269
24283
24293
24351
24426
24459
24507
24510
24518
24538
24557
24639
24669
24705
24708
24728
24736
25093
25136
25165
25427
25445
25519
25537
25589
25661
25698
25765
25800
25829
26001
26059
26080
26104
26120
26125
26154
26201
26306
26467
26479
26541
26621
27002
27064
27065
27156
27253
27319
27342
27366
27397
27605
27605
27624
27667
27752
27805
27913
27922
28035
28095
28200
28226
28250
28265
28305
28348
28487
28601
28623
28693
28808
29177
29196
29306
29411
29665
29688
29693
29699
29730
29798
29822
29872
29929
29977
30100
30113
30210
30316
30457
30469
30471
30487
30488
30530
30656
30700
30732
30753
30789
30922
30994
31006
31096
31230
31292
31322
31378
31506
31604
31651
31654
31671
31698
31851
31866
31871
31937
31977
32104
32163
32397
32462
32496
32622
32670
32788
32829
32978
33016
33058
33109
33159
33211
33231
33233
33296
33335
33470
33529
33639
33755
33762
33784
33976
34036
34068
34132
34207
34229
34316
34417
34486
34489
34499
34546
34563
34803
35130
35157
35246
35280
35369
35429
35480
35563
35652
35678
35723
35726
35727
35744
35763
35766
35804
35828
35928
35956
35995
36023
36202
36336
36379
36425
36451
36477
36588
36656
36665
36687
36687
36844
36883
36895
37033
37061
37085
37565
37678
37694
37842
38004
38036
38071
38192
38200
38233
38242
38371
38469
38518
38522
38611
38626
38669
38803
38896
38991
39023
39134
39255
39393
39401
39512
39536
39543
39612
39811
39891
40114
40168
40220
40225
40310
40352
40468
40592
40744
40809
41044
41107
41229
41324
41325
41366
41373
41378
41467
41573
41582
41662
41666
41736
41766
41797
41820
41876
41892
41954
41996
42115
42182
42215
42234
42327
42398
42454
42525
42589
42622
42661
42688
42708
42797
42957
43028
43087
43231
43259
43318
43538
43590
43616
43616
43788
43800
43809
43902
44059
44129
44208
44240
44336
44367
44380
44614
44735
44810
44863
44890
45010
45082
45109
45141
45267
45308
45340
45363
45479
45522
45632
45732
45780
45788
45789
45940
46103
46124
46178
46233
46286
46346
46390
46397
46498
46556
46668
46699
46839
46890
46910
46915
46925
46926
47098
47113
47131
47381
47511
47612
47667
47715
47778
47818
47905
48196
48204
48217
48383
48554
48736
48756
48779
48810
48858
48875
48910
48962
48963
49121
49123
49198
49236
49251
49318
49355
49415
49473
49602
49662
49736
49821
50233
50320
50401
50416
50636
50744
50760
50780
50886
50953
51033
51072
51173
51207
51212
51351
51618
51631
51668
51751
51788
51829
51833
52157
52202
52205
52533
52569
52599
52728
52735
52909
52924
53081
53084
53145
53286
53323
53346
53377
53574
53583
53663
53834
53853
53947
54053
54077
54103
54111
54241
54294
54302
54309
54325
54429
54431
54450
54501
54517
54607
54608
54755
54904
55010
55078
55110
55112
55279
55299
55354
55359
55370
55378
55381
55385
55388
55432
55432
55449
55465
55743
55913
55924
55930
55969
56014
56027
56043
56116
56182
56291
56325
56373
56484
56608
56641
56796
56831
56879
56916
57187
57317
57471
57493
57497
57577
57590
57624
57625
57790
57862
58059
58115
58117
58156
58258
58380
58481
58534
58548
58643
58674
58810
59014
59027
59110
59200
59216
59217
59333
59491
59524
59569
59610
59616
59720
60026
60189
60197
60198
60365
60368
60626
60630
60726
60770
60775
60795
61127
61167
61247
61292
61360
61403
61406
61579
61649
61825
61878
61988
62057
62070
62115
62149
62149
62214
62226
62250
62392
62442
62475
62533
62610
62756
62929
62938
63042
63071
63072
63125
63141
63148
63337
63362
63365
63420
63587
63613
63650
63727
63842
63846
63962
64069
64254
64340
64377
64378
64436
64439
64447
64511
64549
64709
64740
64779
64987
65078
65193
65352
65380
65386
65484
65535
65762
65800
66030
66042
66064
66082
66084
66281
66410
66466
66494
66718
66806
66934
67098
67104
67141
67568
67570
67735
67795
67808
67819
67819
67820
67847
67882
67939
67999
68096
68113
68153
68225
68275
68282
68369
68390
68396
68473
68556
68576
68614
68824
68882
68886
69060
69107
69118
69121
69201
69234
69294
69356
69485
69493
69533
69592
69642
69929
69947
70068
70154
70155
70203
70220
70277
70307
70552
70563
70572
70649
70817
70863
70970
71075
71084
71125
71147
71371
71398
71424
71448
71449
71465
71574
71684
71744
71840
71858
71882
71928
72056
72078
72102
72126
72145
72186
72229
72237
72301
72335
72377
72491
72545
72585
72649
72652
72654
72676
72723
72767
72897
72910
72941
73022
73133
73249
73297
73371
73504
73558
73662
73869
73920
74010
74025
74137
74162
74250
74308
74328
74359
74477
74552
74579
74585
74639
74642
74931
75010
75055
75087
75145
75192
75270
75329
75385
75445
75531
75573
75690
75722
75840
75883
75932
75949
76055
76090
76202
76396
76498
76653
76655
76793
76800
76864
76963
77025
77127
77205
77346
77368
77454
77481
77531
77613
77614
77747
77960
78060
78130
78165
78254
78301
78367
78369
78417
78523
78548
78562
78567
78659
78825
78834
78894
78986
79199
79348
79394
79463
79470
79475
79518
79666
79759
79852
79929
80035
80194
80293
80582
80660
80875
80995
81026
81032
81208
81407
81426
81473
81508
81595
81732
81774
81942
82079
82260
82265
82284
82454
82600
82672
82770
82951
83105
83131
83291
83306
83318
83430
83459
83526
83533
83654
83773
83804
83931
84015
84019
84158
84167
84276
84407
84645
84788
84796
84805
85114
85205
85562
85583
85617
85704
85778
86083
86108
86324
86360
86411
86413
86892
86921
86945
87017
87154
87219
87262
87392
87453
87472
87619
87645
87728
87731
87924
88065
88325
88524
88639
88724
88728
88789
88871
89115
89198
89199
89356
89358
89559
89643
89676
89743
89858
89900
89947
90199
90243
90306
90381
90382
90647
90742
90764
90794
90823
90968
91011
91020
91162
91327
91336
91362
91389
91525
91628
91688
91783
91870
91933
92031
92062
92065
92072
92410
92621
92812
92817
92909
92946
93551
93558
93747
93907
93949
93950
93964
93975
94032
94165
94170
94172
94319
94413
94424
94560
94763
94765
94794
94838
94859
94885
94988
95091
95127
95317
95321
95397
95452
95502
95505
95551
95648
95721
95887
95903
95912
96110
96115
96123
96150
96488
96535
96579
96605
96647
96743
96753
96922
96925
96979
97053
97105
97140
97173
97249
97441
97496
97593
97753
97797
97813
97834
97999
98171
98184
98254
98291
98707
98791
98831
99072
99202
99256
99385
99417
99523
99531
99567
99614
99706
99712
99719
99820
99877
99924
100162
100294
100339
100558
100621
100733
100735
100811
100847
100877
100913
101379
101412
101419
101523
101577
101732
101785
101827
101942
102071
102197
102333
102338
102347
102530
102608
102661
102733
102742
102753
102811
102852
102971
102973
103127
103260
103285
103406
103411
103492
103880
103911
103940
103999
104148
104269
104273
104292
104357
104385
104505
104543
104663
104833
104854
104967
104967
105019
105021
105063
105120
105173
105182
105185
105248
105283
105630
105774
105812
105937
106052
106076
106128
106246
106411
106457
106497
106602
106741
106797
106800
106811
106850
106890
106910
106990
107027
107028
107072
107127
107212
107347
107370
107408
107418
107562
107634
107707
107741
107800
107804
107941
107955
108042
108180
108214
108316
108463
108675
108807
109027
109163
109351
109376
109455
109478
109636
109676
109950
110022
110076
110094
110095
110358
110497
110586
110742
110770
110829
110949
110977
111162
111190
111348
111446
111457
111574
111701
111732
111900
112060
112229
112416
112711
112858
113056
113634
113706
113821
113904
113912
113920
114051
114061
114076
114085
114222
114315
114323
114378
114382
114429
114470
114557
114688
114758
115044
115101
115137
115173
115421
115551
115844
115902
116065
116173
116207
116264
116278
116456
116468
116504
116565
116611
116706
116780
116802
116917
117118
117152
117358
117403
117560
117776
117830
117927
117946
118076
118400
118633
118639
118687
118697
118724
119092
119289
119411
119425
119492
119546
119926
120409
120578
120647
120660
120681
120753
120824
121116
121179
121261
121298
121316
121548
121567
121699
121968
122015
122041
122047
122139
122279
122296
122427
122436
122628
122680
122703
122845
122864
123263
123301
123323
123431
123520
123598
123788
123851
123927
124057
124078
124080
124083
124229
124261
124281
124282
124382
124397
124559
124667
124767
124817
124838
124854
124925
124938
125047
125073
125196
125420
125500
125668
125733
125853
126202
126247
126291
126307
126579
126719
127036
127258
127266
127735
127843
127952
128033
128356
128458
128470
128483
128509
128637
128716
128776
128779
128807
128824
128934
128963
128994
129012
129035
129171
129228
129292
129344
129421
129726
129833
130109
130549
130579
130652
130724
130813
130820
130922
131013
131179
131192
131462
131525
131581
131701
131733
131791
131843
131843
131945
132121
132174
132178
132312
132788
132871
132917
133159
133310
133408
133540
133733
133760
133850
133873
133932
134017
134082
134085
134109
134410
134435
134656
134843
134854
135187
135219
135240
135371
135542
135661
135665
135751
135826
135971
136083
136198
136235
136421
136486
136590
136862
136983
137248
137624
137690
137909
137927
138061
138123
138212
138224
138326
138390
138542
138734
138754
138870
139074
139190
139270
139351
139388
139585
139963
140049
140189
140353
140610
140616
140692
140748
140881
141045
141282
141322
141429
141438
141612
141746
141900
141918
141922
141945
142003
142098
142600
142658
142666
142836
142893
142942
142960
142962
143343
143607
143665
143767
143847
143849
143895
143998
144290
144328
144492
144721
144839
144853
144891
145036
145092
145114
145143
145170
145282
145298
145412
145497
145522
145596
145625
145649
146076
146208
146334
146408
146502
146581
146623
146671
146683
146734
146739
146883
146889
146942
147192
147228
147490
147516
147548
147563
147824
147851
147961
147997
148051
148093
148304
148910
148941
149211
149235
149286
149308
149387
149416
149632
149925
150006
150153
150196
150345
150357
150421
150468
150482
150695
150717
150729
150737
150766
150784
150810
150824
150881
151026
151034
151071
151184
151276
151424
151555
151557
152103
152198
152208
152621
153321
153384
153544
153659
153751
153751
153794
153916
153956
153976
154013
154304
154313
154351
154474
154522
154562
154676
154704
154809
154811
154873
154916
154944
154946
155063
155084
155104
155158
155429
155462
155494
155532
155623
155673
155715
156157
156275
156303
156425
156463
156540
156557
156571
156767
156855
156876
157225
157367
157376
157663
157885
158186
158337
158468
158582
158607
158747
158937
159243
159296
159345
159345
159463
159509
159936
159976
160029
160033
160107
160137
160192
160218
160468
160755
160766
161006
161319
161654
162325
162423
162459
162761
162773
162878
163235
163388
163552
163589
163933
163975
164030
164032
164331
164482
164562
164607
164709
164752
164765
164823
165004
165189
165479
165593
165691
165757
165766
165839
166203
166297
166374
166446
166511
166524
166727
166907
167040
167218
167232
167374
167385
167487
167544
167629
167797
168073
168195
168240
168259
168267
168343
168886
169085
169131
169184
169354
169385
169460
169595
169703
169750
169973
170150
170328
170389
170419
170433
170445
170642
170780
170790
170847
171224
171466
171601
171653
171709
171823
171827
172141
172269
172423
172457
172824
173048
173391
173590
173731
173777
173812
173854
174042
174090
174418
174513
174541
174618
174796
174860
174952
175104
175111
175150
175224
175269
175312
175380
175516
175568
175620
175692
176390
176411
176432
176441
176707
176785
176829
176835
177033
177182
177388
177586
177834
178068
178136
178794
178939
178995
179074
179652
179673
179822
179927
180060
180193
180427
180624
180873
181074
181194
181347
181391
181440
181522
181577
181636
181641
181692
181727
181826
181986
182097
182245
182429
182432
183390
183458
183462
183496
183575
183715
183784
183792
183864
183957
184129
184182
184786
185163
185392
185471
185946
186568
186619
187025
187048
187363
187387
187411
187453
187487
187522
187575
187738
187904
188295
188416
188700
188737
188923
189258
189353
189808
189949
190169
190344
190383
190404
190472
190517
190571
190630
190874
191156
191282
191298
191325
191397
191668
192087
192124
192167
192442
192502
192623
192625
192880
193045
193050
193472
193490
193492
193496
193506
193660
193725
193840
193846
193857
193934
193955
194119
194140
194174
194202
194227
194336
194392
194434
194481
194634
195094
195229
195380
195682
195705
196079
196168
196313
196436
196447
196504
196612
196844
196980
197096
197109
197284
197425
197653
197788
198045
198252
198261
198348
198389
198881
198905
199208
199294
199379
199515
199852
200072
200827
201122
201187
201615
201809
201873
202179
202234
202274
202501
202616
202618
202776
203237
203582
203673
203682
203943
203977
203981
204151
204184
204333
204505
204506
204734
205185
205404
205425
205849
206304
206414
206989
207468
207469
207659
207708
208288
208440
208721
208791
208840
208899
208995
209023
209119
209358
209460
209612
209720
210404
210550
211045
211143
211228
211676
211694
212080
212245
212311
212561
212791
212832
212922
213141
213197
213291
213842
213937
214081
214191
214400
214421
214570
214674
214967
215173
215229
215282
215469
215532
215976
216010
216014
216038
216109
216357
216796
216916
217000
217118
217332
218455
218590
218770
218922
219427
219664
219717
219866
219954
220034
220660
221059
221296
221446
222183
222447
222544
222592
222643
223009
223053
223263
223410
223543
224148
224983
225173
225192
225197
225446
225602
225761
225886
226280
226396
226448
226641
226882
226909
226967
226969
227014
227206
227216
227444
227580
227634
227841
227850
227879
228436
228673
229020
229553
229675
229805
230647
230808
230969
231687
232207
232313
232854
233549
233561
233879
234929
234977
235497
236026
236579
236891
237048
237099
237239
237815
238589
238789
238898
239151
239661
239722
240045
240090
240181
240411
240448
240533
240596
240660
240760
240887
241169
241620
241933
241969
242012
242073
242157
242779
242959
243258
243325
243464
243700
243760
243892
244461
244678
244685
244688
244854
245444
246048
246161
246430
247160
247459
247652
247886
248616
248803
248897
249119
249616
249817
250378
250663
251053
251470
252050
252059
253165
253208
253255
253305
253688
253698
254125
254944
255944
256106
256550
256900
257401
257500
257510
257852
258007
258026
258094
258280
258519
258663
258718
259377
259720
259909
260034
260228
260353
261156
261288
261912
261993
262423
262604
262657
262690
262915
263156
263327
263411
263444
263468
263541
265047
265128
265289
265364
265499
265702
266855
267151
267205
267270
267614
267782
267805
268210
268851
269181
269259
269469
269749
270055
270192
270837
271129
272284
272344
272900
273048
273226
273634
273705
274253
274281
274442
274542
275037
276086
276650
276873
277124
277957
278084
278092
278595
278957
279449
279451
279777
280095
280224
280244
280289
280886
280966
281622
282558
282697
283161
283653
283695
283713
283879
284214
284305
284629
285589
286054
286123
286191
286819
287218
287291
287355
287769
287919
288283
289359
289530
289711
289762
289772
290194
290403
290510
290604
291156
291336
291378
292542
292628
293089
293290
293360
293445
293606
293786
294275
294926
295296
295307
296070
296837
297069
297171
297773
298857
299102
299295
299336
300562
300950
301511
301569
301801
302683
302916
303638
304625
305893
305932
306204
306221
306348
306639
307279
309327
310374
310449
310524
310892
312249
312811
312883
312939
313142
314466
314644
314836
315678
315830
316228
317122
317457
317620
317867
318595
319005
319295
320085
320784
320822
320868
322204
322730
323544
324799
325029
325441
325860
326146
326637
326931
327850
327912
327961
328222
328826
329391
330123
330391
330443
330540
330864
330935
331066
332416
333194
333457
333536
333911
334150
335183
335808
336168
336707
337214
337545
338270
338458
338951
339239
339758
340936
341061
341574
341771
341988
342559
343067
343452
343891
344065
344104
344348
345076
345517
345882
346226
346908
347507
347911
348509
348618
350199
350776
352114
352583
354414
354838
355505
355557
356435
357668
357736
357801
358811
359150
359747
360184
361182
362537
364913
365227
366633
367228
367713
369501
369684
370488
370594
371243
371543
372062
373606
373663
374443
375690
375890
375954
377162
377237
377281
377349
379108
379537
379762
380151
380216
380267
381019
381122
381430
383259
383735
385225
386268
386995
389258
390470
391463
391594
392535
394769
398972
400581
400650
402540
402835
403825
404779
405256
408390
408514
410899
414499
416846
417445
417651
418560
420908
422412
424189
425191
426625
427074
431551
433220
433839
434795
435044
436415
437431
439116
441183
441298
442185
445798
451326
451687
453177
453783
459488
470304
470831
470910
474881
494738
503675
511008
540692
554043
569843
587290
639168
