0
0
156
211
226
310
325
398
496
497
548
554
568
756
780
843
1053
1091
1316
1500
1556
1603
1836
1938
2193
2244
2259
2347
2483
2565
2779
2797
2890
2960
2961
3057
3103
3178
3237
3379
3475
3493
3681
3693
3709
3794
3975
4190
4194
4214
4214
4341
4451
4517
4544
4608
4704
4734
4835
4945
4969
4996
5098
5202
5373
5445
5457
5532
5586
5638
5685
5731
5755
5817
5824
5845
5895
5933
5980
6001
6022
6194
6278
6358
6370
6601
6677
6716
6718
6730
6773
6783
6788
6963
6971
7073
7109
7129
7193
7409
7487
7488
7492
7641
7642
7680
7792
7835
7878
7880
7916
8027
8044
8159
8168
8198
8278
8355
8433
8451
8491
8503
8669
8734
8878
8884
8935
9062
9300
9323
9388
9397
9572
9589
9677
9699
9797
9868
9953
10026
10048
10145
10238
10263
10423
10670
10712
10717
10805
11103
11123
11149
11190
11387
11411
11436
11502
11505
11710
11736
11766
11928
11931
12035
12056
12157
12211
12249
12295
12514
12533
12572
12637
12796
12827
12863
12896
13045
13183
13341
13397
13474
13483
13492
13510
13601
13626
13643
13690
14053
14062
14108
14116
14298
14418
14436
14601
14672
14702
14821
14846
14914
14917
14951
14962
15086
15189
15200
15250
15259
15631
15663
15678
15723
15780
15866
15958
16127
16202
16275
16290
16379
16400
16409
16509
16847
16870
16953
16980
16990
17157
17320
17455
17606
17812
17864
17889
18124
18138
18231
18269
18311
18329
18427
18430
18456
18543
18544
18630
18643
18764
18768
18839
18917
18986
19014
19061
19129
19143
19274
19315
19433
19492
19573
19592
19645
19656
19670
19689
19741
19860
19919
19980
20051
20150
20155
20167
20178
20219
20266
20319
20327
20699
20730
20736
20808
20840
20957
20957
20966
21091
21273
21353
21553
21641
21645
21831
22070
22312
22478
22569
22784
22814
22818
22928
23177
23190
23315
23472
23481
23486
23597
23599
23655
23709
23741
24017
24037
24040
24154
24181
24199
24222
24226
24233
24273
24285
24684
24811
24841
24919
25012
25153
25194
25283
25296
25299
25301
25426
25619
25734
25784
25786
25825
25860
25862
25917
25995
25996
26325
26368
26375
26407
26482
26549
26569
26594
26654
26700
26762
26857
26955
26978
27040
27081
27121
27149
27185
27294
27326
27366
27375
27378
27505
27523
27584
27610
27675
27847
27960
28032
28060
28087
28230
28249
28401
28403
28426
28473
28551
28603
28643
28645
28646
28778
28913
28916
28958
29012
29197
29210
29214
29242
29299
29354
29382
29451
29458
29503
29546
29624
29660
29738
29770
29775
29815
29894
29948
29983
29991
30020
30027
30077
30096
30151
30174
30300
30413
30464
30547
30606
30719
30730
30812
30813
30895
30930
31033
31084
31226
31241
31266
31302
31323
31467
31595
31603
31616
31721
31805
31830
31842
31936
32097
32293
32321
32443
32470
32552
32659
32721
32776
32845
32858
32870
33046
33127
33223
33412
33494
33565
33735
33811
33859
33919
33931
33976
33992
34112
34138
34158
34203
34284
34334
34343
34374
34500
34578
34827
34840
35013
35035
35054
35057
35263
35330
35394
35520
35532
35567
35598
35618
35733
35772
35946
35971
35993
36030
36110
36175
36220
36317
36421
36468
36521
36563
36687
36813
36815
36825
36832
36907
36916
36932
36935
36974
37094
37243
37264
37315
37380
37388
37394
37421
37481
37498
37546
37567
37640
37688
37706
37724
37801
37827
37831
37833
37926
37928
37967
37987
38075
38079
38190
38194
38204
38278
38348
38524
38614
38650
38685
38750
38769
38787
38817
38961
38991
39120
39123
39143
39188
39373
39400
39501
39562
39673
39774
39983
39989
40168
40254
40321
40368
40405
40413
40426
40523
40546
40575
40639
40830
40889
40906
40963
40963
41065
41067
41073
41199
41213
41375
41383
41507
41522
41532
41556
41583
41675
41775
41833
41856
41920
42028
42057
42097
42103
42105
42194
42200
42373
42398
42460
42478
42625
42751
42935
42936
43005
43015
43184
43186
43276
43349
43363
43407
43562
43719
43771
43773
43792
43803
43808
43853
43890
43917
43958
43960
43981
44162
44194
44223
44356
44437
44484
44516
44661
44690
44753
44814
44871
45035
45238
45265
45330
45352
45355
45362
45394
45519
45648
45658
45667
45688
45691
45822
46015
46277
46344
46478
46536
46565
46600
46700
46756
46805
46816
46868
46919
46987
46989
47054
47126
47238
47308
47361
47389
47389
47423
47454
47630
47638
47643
47655
47729
47810
47890
47940
47996
48078
48094
48104
48160
48165
48246
48267
48308
48416
48664
48712
48714
48825
48923
48924
48945
48965
49092
49103
49151
49155
49186
49208
49321
49349
49367
49560
49582
49595
49596
49759
49771
49824
50025
50029
50212
50224
50236
50409
50447
50515
50571
50596
50641
50696
50795
50813
50813
50838
50844
50860
50875
51106
51231
51331
51346
51400
51418
51479
51564
51673
51771
51846
51894
51919
52014
52060
52111
52271
52305
52323
52365
52372
52491
52536
52636
52757
52899
52970
53043
53304
53312
53364
53411
53422
53516
53525
53776
53781
53799
53804
53953
54016
54019
54107
54228
54289
54362
54382
54385
54402
54458
54486
54513
54566
54572
54574
54577
54595
54681
54724
54745
54774
54891
54994
55022
55031
55071
55263
55267
55342
55580
55667
55876
55993
56088
56114
56151
56425
56441
56468
56651
56678
56883
57223
57326
57360
57433
57493
57552
57699
57739
57803
57805
57851
58087
58253
58301
58407
58432
58540
58600
58667
58748
58856
58875
58886
58943
59184
59193
59197
59215
59265
59289
59344
59353
59504
59510
59634
59742
59748
59853
59866
59984
59998
60049
60196
60332
60381
60395
60421
60444
60496
60520
60677
60728
60735
60765
60803
60808
60894
60900
60906
61030
61081
61088
61123
61295
61302
61710
61757
61793
61920
61966
61993
61996
62049
62200
62303
62307
62308
62328
62335
62407
62545
62886
62897
62958
62969
63008
63013
63140
63236
63251
63435
63509
63635
63660
63724
63758
63765
63782
63826
63839
63892
63951
64154
64312
64359
64480
64549
64612
64642
64784
64960
64983
64993
64998
65102
65130
65146
65147
65209
65289
65353
65396
65416
65529
65571
65587
65640
65669
65681
65781
65872
65901
65922
65949
65969
65977
66102
66109
66205
66206
66453
66558
66624
66715
66725
66738
66758
66829
66897
66939
67061
67168
67184
67278
67321
67370
67529
67616
67618
67639
67728
67807
67912
68208
68346
68353
68368
68469
68570
68701
68766
68860
68864
68969
69017
69078
69112
69224
69253
69345
69359
69382
69438
69663
69672
69782
69838
69958
70000
70026
70143
70204
70493
70582
70598
70642
70694
70855
70966
70987
71057
71071
71185
71192
71353
71439
71488
71494
71640
71688
71790
71794
71822
71882
71923
71942
72040
72078
72174
72185
72202
72221
72284
72346
72354
72425
72589
72651
72660
72703
72777
72798
72871
72887
72906
73046
73068
73251
73350
73378
73382
73661
74001
74126
74167
74195
74222
74263
74363
74407
74601
74637
74709
74727
74900
74964
75023
75065
75073
75398
75474
75568
75605
75607
75624
75819
75821
76262
76303
76323
76418
76458
76530
76531
76553
76573
76627
76695
76828
76872
76989
77162
77189
77266
77341
77349
77523
77561
77625
77638
77730
77925
78202
78208
78362
78369
78587
78694
78830
78895
79003
79068
79290
79437
79437
79523
79791
79833
79850
79878
79948
80016
80059
80107
80213
80229
80269
80277
80290
80344
80361
80409
80509
80539
80644
80652
80963
81004
81578
81905
81955
82229
82259
82486
82736
82746
82806
82837
82894
82898
82947
83013
83035
83130
83266
83351
83362
83595
83646
83717
83804
83847
84032
84145
84563
84600
84731
84764
84918
85141
85145
85299
85414
85468
85533
85569
85609
85637
85690
85931
86274
86572
86685
86740
86830
86909
87089
87206
87299
87303
87309
87334
87508
87622
87641
87697
87785
87958
87982
88004
88059
88121
88355
88422
88479
88492
88500
88531
88538
88726
88760
88764
88808
89220
89266
89309
89585
90009
90042
90186
90209
90303
90357
90408
90516
90536
90610
90737
90800
90857
90867
90918
91000
91123
91244
91361
91374
91568
91669
91699
91702
91788
91927
91954
92158
92222
92263
92366
92453
92481
92631
92658
92711
92786
92929
92937
92959
93105
93120
93161
93188
93254
93471
93486
93487
93610
93765
93996
94199
94557
94637
94654
94709
94714
94743
94844
94875
94971
94993
95015
95083
95109
95133
95133
95152
95260
95311
95439
95532
95627
95731
95742
95872
95945
96057
96118
96219
96256
96287
96294
96349
96461
96493
96686
96709
96817
96829
96953
96997
97007
97207
97280
97349
97375
97533
97546
97691
97741
97760
97778
97787
97966
97995
98040
98176
98179
98218
98229
98324
98479
98485
98626
98746
98927
99246
99266
99505
99577
99691
99696
99752
99810
99853
99871
100117
100164
100184
100206
100246
100338
100509
100603
100717
100751
100770
100787
100793
100857
100925
101054
101069
101103
101124
101137
101244
101295
101303
101495
101506
101544
101692
101784
101888
102010
102055
102095
102259
102389
102470
102869
102913
103153
103177
103192
103221
103313
103372
103422
103439
103455
103458
103523
103537
103611
103695
103701
103739
103807
103808
103885
103955
103982
104092
104175
104357
104435
104678
104738
104757
104820
104854
105068
105095
105174
105361
105389
105395
105723
105796
105807
106079
106160
106237
106308
106356
106603
106755
106799
106836
107014
107150
107183
107394
107468
107594
107692
107728
107747
107771
107877
107877
107986
108010
108406
108466
108741
108813
109420
109496
109503
109959
110215
110305
110394
110432
110541
110587
110659
110687
110747
110753
110753
110892
111122
111320
111395
111406
111420
111430
111473
111535
111567
111640
111738
112267
112276
112298
112615
112727
112797
112954
112999
113182
113206
113223
113233
113376
113390
113527
113584
113678
113949
114026
114172
114179
114215
114234
114326
114332
114432
114494
114513
114696
114721
114786
114885
114888
115003
115004
115089
115134
115173
115264
115437
115524
115526
115534
115756
115762
115915
115995
116169
116446
116561
116599
116932
117210
117316
117431
117592
117668
118017
118020
118429
118485
118513
118563
118888
119020
119142
119218
119303
119422
119443
119569
119599
119741
119904
119934
120273
120275
120313
120357
120597
120708
120819
120957
120999
121276
121397
121502
121522
121526
121543
121558
121675
121815
121867
121948
122033
122075
122369
122430
122507
122592
122660
122987
123004
123083
123262
123295
123332
123451
123454
123484
124015
124061
124104
124188
124286
124315
124605
124650
124765
124946
125149
125512
125653
125820
126139
126168
126225
126482
126577
126879
126945
127000
127098
127120
127171
127190
127269
127276
127511
127714
127927
127930
128097
128166
128303
128304
128315
128439
128572
128786
128805
128838
128844
128881
128892
129059
129071
129107
129108
129118
129309
129381
129502
129526
129635
129723
129778
129808
129888
129910
129921
130304
130401
130500
130523
130586
130691
130786
130793
130880
130944
130946
131001
131050
131348
131391
131619
131621
131644
131702
131831
131890
132118
132398
132525
132543
132672
132747
132749
132767
132880
132966
133022
133349
133500
133546
133690
133706
133736
133809
134024
134101
134104
134147
134162
134375
134460
134558
134603
134604
134606
134610
134629
134696
134736
134822
134964
134986
135155
135419
135704
135836
135930
136243
136282
136366
136614
136967
137037
137704
137862
137974
137988
138082
138240
138260
138278
138283
138378
138513
138993
139435
139476
139766
139898
139939
139967
140023
140218
140219
140233
140295
140619
140636
140713
140724
140935
141050
141187
141204
141465
141499
141544
141865
141897
141933
141942
142102
142296
142348
142368
142424
142449
142522
142569
142649
142797
142805
142835
142991
143121
143124
143155
143157
143342
143480
143573
143744
143792
143906
143988
144084
144272
144280
144333
144522
144541
144562
144740
145018
145206
145275
145402
145610
145672
145789
145948
145958
146146
146210
146411
146417
146505
146858
146931
147092
147196
147211
147362
147471
147602
147778
147792
147891
147923
148186
148306
148337
148869
149047
149296
149575
149627
149850
149906
149982
150003
150177
150408
150451
150452
150560
150690
150862
150961
151159
151161
151202
151273
151330
151338
151490
151608
151743
152056
152097
152150
152371
152377
152455
152488
152662
152670
152751
152978
152986
153196
153312
153667
153718
153844
154016
154197
154311
154364
154487
154678
154679
155007
155042
155104
155194
155358
155625
155743
155750
155858
155978
156076
156136
156164
156760
156800
156853
156905
156938
156961
157075
157100
157223
157431
157533
157565
157596
157617
158010
158081
158109
158530
158618
158683
158807
158933
159131
159132
159182
159191
159238
159368
159370
159458
159841
159990
160105
160128
160260
160629
160654
160823
160907
161110
161327
161450
161454
161464
161622
161793
161793
161858
162080
162136
162143
162183
162317
162349
162381
162712
162756
163146
163199
163247
163250
163262
163297
163438
163535
163549
163565
163574
163831
164029
164224
164636
164685
164956
165006
165304
165308
165370
165644
165737
165963
166052
166223
166318
166337
166513
166562
166649
166785
166912
166917
167232
167545
167914
168119
168354
168365
169137
169161
169514
169763
169823
169833
169853
170041
170631
170632
170715
170815
170830
170917
171160
171371
171607
171698
171704
171729
171732
171756
172175
172764
172851
173202
173220
173310
173311
173340
173422
173531
173552
173599
173819
174205
174484
174523
174594
174595
174692
175038
175074
175105
175520
175629
175652
175653
175930
175983
176040
176050
176288
176319
176709
176722
176883
177132
177171
177285
177919
177939
177942
178131
178218
178740
178839
179059
179224
179415
179557
179574
179593
179789
179865
180030
180117
180145
180334
180377
180538
180565
180581
180766
181140
181155
181188
181204
181290
181511
181606
181706
181870
181925
181978
182053
182107
182182
182324
182446
182742
182748
182821
183002
183888
183900
183921
183943
183996
184018
184486
184810
185029
185036
185227
185284
185371
185767
185899
186995
187029
187048
187089
187089
187241
187324
187447
187470
187580
187740
187800
187827
187865
187905
187905
187909
188023
188083
188436
188491
188914
189312
189468
189781
190061
190107
190181
190225
190247
190299
190321
190743
190801
191226
191470
191574
191688
192292
192348
192410
192451
192543
192819
193064
193066
193097
193130
193207
193254
193278
193482
193919
194029
194075
194157
194164
194189
194403
194897
195013
195587
195629
195754
195816
195918
195924
196231
196263
196325
196540
196571
196624
196727
196808
196815
197015
197019
197060
197422
197445
197696
197894
198550
198610
198993
199199
199569
199717
199765
199907
199933
199955
200122
200428
200454
200476
200500
200529
200762
201000
201306
201464
201484
201610
201841
201846
201928
201994
202237
202271
202573
202821
203523
203736
203853
204231
204298
204338
204438
204533
204673
204697
205086
205340
205781
205858
205935
205969
205996
206382
206454
206585
206597
206732
206929
206990
207073
207292
207564
207572
207770
208443
208457
208490
208507
208525
208604
209076
209465
209559
209738
209877
209937
210128
210186
210266
210452
210882
211105
211179
211340
211350
211681
212129
212853
212999
213410
213589
213846
213991
214043
215007
215097
215521
215527
215635
216408
216713
216734
216769
216779
216847
216857
217117
217229
217372
217532
217860
218024
218280
218453
218865
219064
219185
219460
219856
220081
220404
220427
220661
220801
221669
221681
221782
221840
222019
222084
222324
222777
222831
222843
222904
222969
223021
223148
223194
223441
223444
224072
224194
224466
224827
225311
225429
226362
226436
226618
226694
227390
227718
228016
228137
228322
228413
228731
229333
229344
229397
230172
230356
230416
231017
231138
231147
231227
231625
231794
231844
231867
232166
233126
233247
233372
233424
233605
233612
233618
233747
233827
234125
234325
234383
234718
235140
235318
235632
235665
235982
236032
236120
236329
236401
236679
237014
237098
237214
237257
237283
237318
237622
237646
237787
237882
238050
238172
238222
238303
239680
239946
240245
240280
240620
240667
241430
241672
242009
242035
242086
242269
242890
243015
243055
243152
243491
243619
244151
244499
244904
244947
244979
245071
245463
246485
246914
247404
247601
248920
248992
249415
249432
249545
250956
251211
251267
251786
252036
252240
252597
252630
253211
253447
253781
254300
255083
255138
255180
255260
255354
255608
255722
256166
256615
256676
256741
256822
257101
257208
258455
258816
258902
258964
259028
259067
259615
260098
260280
260338
260455
260473
260528
260715
261427
261475
261653
261725
262501
262583
262636
263214
263389
263627
263964
264276
264607
264751
264853
264855
265950
265982
266016
266453
267018
267138
267366
267809
269359
269867
270094
270298
270556
270896
270964
271081
272017
272057
272100
272295
272615
272696
273565
273658
273836
273853
274020
274024
275023
276452
277313
277746
278184
278502
278908
278947
279355
279396
279642
279828
280284
280359
280361
280447
281379
281450
281967
282247
282539
282727
283109
284875
284876
285048
285095
285099
285149
285755
286097
286333
286513
286532
286644
287078
287111
287822
288412
288452
289316
290066
290443
290501
290718
291803
291904
292270
292348
292585
292904
293778
294306
294525
295027
295532
295869
296387
297085
297564
298929
299140
299624
300344
300382
300873
301100
302389
302869
302893
303414
304947
305740
307221
307354
307903
309123
310497
311914
312061
312688
313257
314962
316100
316346
316519
317027
317966
318103
318237
319346
319599
321127
321197
321430
321561
321600
323741
323761
324458
325201
325314
325510
325691
325764
326123
327898
328618
328662
329221
330342
330739
331291
331871
332430
332570
332586
333678
333936
334242
335335
335893
335942
336014
338701
340460
341085
341098
341254
342002
342351
343556
343589
344364
344577
346499
346593
346961
347327
347495
348164
348372
349040
349263
349680
349857
350053
350253
350726
350751
351284
351435
352188
352747
353532
355207
360355
360657
362103
362616
363214
364272
364477
364508
365371
370212
370995
372060
372545
373777
374422
374520
374904
375385
375579
375657
375951
379494
379965
380126
382950
383425
383855
384040
387517
387820
392953
393357
393573
393863
395121
399238
400841
405102
406981
408086
408235
409217
410078
410637
412918
413156
413339
413518
413789
416715
416835
417369
417638
418002
418686
420622
420924
421262
421596
422091
424765
426422
427016
428541
429305
429541
431527
433953
437285
440439
443917
445130
446894
448298
450957
452193
453359
456977
458869
459052
460581
460786
462955
463535
474040
477118
477977
479180
482099
491800
493707
505773
515867
523248
532394
535183
540130
544148
544397
569630
589839
661767
