0
0
5
33
68
73
82
82
94
210
227
300
326
340
361
387
514
588
621
695
736
802
952
1054
1085
1193
1224
1248
1266
1319
1354
1441
1517
1548
1645
1671
1698
1830
1874
2078
2103
2230
2285
2309
2363
2395
2468
2481
2530
2644
2711
2766
2766
2803
2830
2836
2907
3250
3256
3286
3316
3378
3401
3420
3576
3604
3714
3770
3859
3914
4031
4046
4126
4135
4268
4283
4291
4335
4345
4430
4503
4510
4581
4614
4636
4793
4857
4910
4979
5030
5031
5142
5143
5242
5341
5360
5382
5527
5702
5760
5775
5828
5888
5909
6001
6015
6020
6161
6193
6264
6303
6412
6419
6474
6521
6562
6562
6822
6906
6920
6991
7076
7087
7171
7201
7261
7333
7403
7544
7551
7593
7780
7848
7858
7859
7860
7962
7975
8075
8092
8139
8183
8185
8203
8228
8253
8552
8587
8590
8602
8845
8881
8916
8995
9086
9171
9239
9282
9416
9508
9519
9519
9580
9676
9733
9750
9762
10023
10086
10331
10501
10517
10523
10756
10793
10794
10830
10907
10964
10993
11018
11019
11037
11057
11180
11415
11488
11533
11578
11591
11648
11702
11829
11848
11858
11942
11957
11984
12015
12045
12084
12128
12227
12250
12255
12270
12480
12589
12672
12942
13065
13072
13095
13099
13171
13192
13250
13250
13289
13449
13579
13590
13628
13649
13656
13691
13716
13730
13812
13821
13894
13915
13967
14084
14107
14242
14261
14273
14317
14320
14335
14338
14389
14393
14436
14475
14533
14556
14649
14738
14876
14885
14968
15018
15046
15081
15113
15144
15214
15221
15294
15362
15437
15474
15515
15529
15552
15591
15710
15726
16112
16268
16288
16303
16305
16328
16350
16527
16577
16680
16689
16708
16717
16736
16774
16805
16864
17055
17064
17074
17217
17331
17474
17526
17530
17564
17701
17815
17834
17898
17909
17935
17942
17964
17979
18133
18407
18444
18484
18494
18531
18535
18589
18675
18748
18749
18755
18756
18797
18827
18864
18905
18914
19186
19222
19249
19304
19318
19336
19353
19362
19611
19623
19695
19705
19738
19782
19807
19867
19868
19903
20113
20139
20336
20389
20546
20559
20628
20679
20771
20881
20894
20928
20964
21032
21048
21058
21083
21194
21253
21358
21425
21476
21645
21715
21720
21735
21771
21809
21850
22007
22107
22284
22315
22372
22376
22447
22501
22868
22909
22936
22997
23132
23287
23367
23370
23418
23469
23539
23550
23567
23604
23692
23726
23772
23806
23916
23951
23989
24029
24100
24237
24366
24556
24651
24668
24762
24867
24872
24916
24942
25125
25142
25153
25159
25214
25235
25311
25313
25494
25505
25553
25724
25783
25986
26010
26136
26142
26191
26398
26455
26480
26520
26554
26686
26753
26756
26807
26821
26838
26839
26849
26910
27185
27509
27522
27532
27743
27828
27899
28053
28065
28227
28266
28365
28432
28507
28524
28611
28720
28857
28867
28885
28893
28915
28917
28929
29153
29184
29255
29286
29328
29343
29346
29347
29487
29537
29687
29743
29823
29908
29937
30104
30133
30207
30286
30290
30421
30437
30489
30491
30538
30542
30703
30831
30964
30967
31000
31326
31333
31417
31448
31545
31614
31718
31745
31858
31866
31875
31920
31925
31940
31989
31995
32107
32149
32226
32231
32255
32427
32432
32544
32722
32736
32787
32926
33158
33332
33451
33472
33553
33605
33636
33774
33785
33903
33906
33992
34025
34096
34177
34365
34368
34400
34456
34542
34592
34635
34705
34716
34892
34899
34914
35019
35066
35111
35133
35202
35239
35247
35288
35346
35507
35801
35879
36037
36080
36125
36153
36161
36215
36372
36513
36620
36660
36662
36686
36829
36861
36863
36878
36939
37106
37108
37230
37233
37238
37374
37476
37500
37666
37673
37786
37817
37980
38189
38572
38603
38701
38896
38901
38938
38943
38946
39154
39341
39417
39632
39648
39735
39801
39898
40040
40337
40380
40453
40534
40559
40593
40639
40669
40700
40762
40825
40852
40946
41154
41359
41372
41380
41400
41429
41436
41472
41480
41724
41772
41823
41877
41888
41895
41940
41991
42005
42133
42182
42217
42231
42233
42302
42410
42452
42573
42590
42625
42792
42868
42869
42901
42911
42974
43004
43242
43289
43322
43475
43482
43582
43705
43781
43790
43812
43969
44054
44076
44096
44104
44368
44464
44642
44663
44669
44721
44905
45028
45125
45196
45261
45300
45426
45433
45463
45484
45519
45546
45664
45749
45829
46002
46017
46035
46069
46096
46119
46130
46148
46221
46272
46511
46583
46757
46865
46885
47116
47160
47201
47214
47241
47377
47440
47442
47494
47553
47601
47627
47855
47958
47980
48116
48121
48162
48243
48262
48429
48514
48635
48699
48732
48771
48960
49046
49111
49135
49186
49267
49315
49333
49359
49366
49369
49371
49434
49437
49450
49472
49487
49532
49662
49763
49783
49838
49982
49991
50064
50103
50141
50204
50305
50397
50399
50401
50422
50423
50510
50552
50581
50605
50702
50895
51134
51168
51530
51566
51720
51797
51866
51910
52001
52187
52347
52381
52562
52605
52688
52851
52856
52866
52927
52940
52995
53023
53028
53035
53045
53125
53152
53175
53407
53455
53582
53766
53850
53851
53915
53924
53990
54038
54064
54066
54255
54345
54464
54779
54864
54997
55045
55123
55151
55160
55175
55200
55256
55270
55373
55523
55564
55707
55762
55846
55878
55991
56240
56250
56435
56475
56562
56577
56627
56752
56802
56947
57087
57253
57613
57814
57833
57852
57864
57867
58022
58078
58208
58240
58298
58322
58352
58438
58460
58462
58568
58851
58919
58948
58989
59017
59148
59226
59287
59315
59321
59392
59460
59544
59571
59725
59795
59923
59940
59987
60145
60212
60324
60328
60355
60368
60575
60613
60659
60730
60750
60780
60925
61151
61207
61223
61383
61408
61475
61531
61598
61661
61663
61752
61792
61893
61956
61988
62019
62165
62179
62198
62279
62293
62381
62397
62511
62519
62548
62628
62711
62734
62798
62818
62842
62853
62920
62951
63042
63065
63294
63401
63435
63462
63655
63683
63745
63812
63970
63977
63987
64070
64149
64172
64279
64300
64306
64310
64418
64441
64448
64477
64498
64505
64528
64575
64633
64634
64716
64732
64769
64814
64843
64901
64921
64975
65490
65539
65609
65694
65727
65960
66056
66291
66298
66388
66510
66657
66737
66783
66916
66944
67078
67107
67212
67246
67257
67265
67334
67482
67608
67612
67629
67640
67647
67828
67854
67919
68044
68062
68282
68399
68604
68762
68803
68844
69158
69302
69331
69332
69420
69613
69909
69914
69925
70009
70109
70117
70155
70305
70395
70499
70711
70724
70818
70840
70843
70856
70859
70879
71049
71087
71205
71220
71228
71366
71425
71438
71482
71528
71576
71609
71622
71640
71657
71754
71831
71880
71928
71971
72070
72258
72308
72351
72444
72507
72551
72554
72642
72779
72831
72895
72902
73112
73245
73461
73562
73575
73583
73709
73714
73735
73754
73756
73983
74000
74049
74062
74066
74167
74225
74436
74472
74543
74552
74567
74575
74626
74805
74808
74882
75001
75011
75119
75284
75331
75401
75619
75638
75660
75713
75748
75830
75896
75952
76110
76151
76154
76171
76373
76479
76558
76619
76667
76721
76795
76883
77092
77147
77189
77207
77225
77491
77552
77669
77716
77781
77835
78046
78146
78179
78418
78439
78514
78515
78668
78735
78758
78888
78921
79039
79160
79334
79555
79581
79585
79592
79683
79848
79853
79883
79994
80018
80049
80072
80104
80134
80141
80188
80199
80226
80262
80288
80369
80469
80488
80502
80516
80552
80709
80799
80977
81030
81085
81096
81194
81329
81511
81609
81659
81725
81744
81772
81772
81940
82080
82094
82143
82146
82160
82162
82240
82251
82310
82487
82651
82743
82754
82904
82955
82980
83030
83083
83143
83252
83265
83271
83298
83399
83468
83568
83658
83823
84121
84127
84175
84226
84340
84501
84659
84750
84773
84846
85108
85141
85187
85234
85251
85527
85581
85662
85774
85841
85886
85909
86051
86051
86134
86188
86278
86299
86329
86363
86457
86504
86595
86959
87015
87079
87176
87182
87191
87408
87515
87549
87781
87789
87877
87992
88004
88253
88259
88281
88300
88350
88444
88448
88521
88523
88755
88774
88825
88898
89002
89016
89157
89233
89387
89423
89610
89733
89748
90059
90111
90115
90253
90259
90404
90433
90500
90558
90585
90660
90775
90830
90894
91038
91079
91125
91284
91311
91436
91531
91560
91566
91780
91782
91820
91861
92102
92166
92168
92381
92398
92662
92775
92843
92891
92981
93036
93039
93040
93193
93216
93230
93233
93295
93300
93455
93531
93662
93698
93852
93976
94008
94072
94257
94283
94305
94338
94347
94363
94376
94550
94578
94685
94709
94753
94893
95146
95248
95452
95521
95529
95597
95826
95880
95990
96141
96141
96197
96236
96500
96566
96692
96767
96874
96882
96915
96960
97009
97022
97061
97193
97260
97261
97369
97374
97413
97467
97527
97588
97676
97860
97897
98056
98299
98320
98447
98504
98533
98573
98623
98665
98732
98895
99078
99163
99249
99360
99378
99676
99847
99970
100004
100189
100454
100617
100795
100890
101270
101491
101507
101523
101590
102101
102115
102141
102189
102344
102360
102528
102625
102648
102898
103055
103111
103129
103252
103387
103425
103677
103887
103975
104126
104165
104324
104342
104353
104487
104500
104556
104571
104763
104793
104807
104950
105389
105480
105524
105774
105788
106020
106296
106618
106667
106698
106736
106779
107004
107033
107136
107182
107271
107312
107535
107653
107757
107808
107814
107960
108258
108571
108598
108644
109049
109173
109207
109227
109323
109443
109554
109984
110079
110089
110147
110263
110266
110405
110457
110482
110488
110497
110508
111001
111115
111375
111450
111466
111544
111593
111627
111966
112097
112160
112191
112203
112473
112593
112940
112987
112990
113060
113358
113599
113652
113693
113902
113959
113992
114303
114313
114347
114441
114486
114525
114618
114843
114940
115063
115134
115249
115274
115292
115295
115364
115377
115407
115423
115549
115612
115822
115942
116313
116324
116454
116505
116517
116569
116881
116979
117060
117248
117338
117372
117459
117502
117585
117672
117773
118064
118168
118333
118664
118851
118868
119086
119117
119257
119345
119626
119630
119653
119687
119956
119960
120041
120144
120166
120288
120644
120652
120698
120702
120901
120939
121004
121005
121351
121371
121570
121607
121714
121806
121842
121955
122045
122072
122142
122166
122213
122261
122460
122496
122625
122739
122822
123058
123094
123217
123306
123638
123652
123792
123793
123853
123886
123940
123967
124087
124117
124142
124201
124455
124503
124512
124582
125104
125649
125774
126170
126267
126280
126314
126334
126528
126607
126658
126681
126988
127158
127214
127235
127333
127419
127494
127637
127893
128108
128139
128291
128346
128360
128372
128467
128672
128701
128835
128851
128991
129097
129365
129722
129750
129849
129896
129910
130083
130105
130163
130184
130518
130518
130874
130908
130932
130959
131123
131322
131403
131606
131654
131778
132186
132189
132204
132248
132326
132368
132455
132460
132505
132552
132643
132663
132696
132981
133084
133376
133439
133500
133645
133805
133813
133955
134010
134076
134149
134207
134281
134287
134323
134629
134630
134672
134742
134764
134799
135056
135118
135447
135541
135662
136373
136426
136497
136681
136687
136695
136826
137117
137234
137477
137558
137567
137571
137572
137591
137780
137827
137836
137867
138240
138313
138473
138512
138918
138941
139081
139552
139700
139754
140019
140052
140142
140474
140544
140577
140597
140666
140821
140959
141174
141175
141245
141383
141423
141433
141471
141501
141685
142513
142790
142952
143225
143505
143625
143782
143787
143789
143796
143911
143914
144039
144054
144219
144240
144462
144624
144657
144771
144829
144947
144977
145065
145205
145472
145760
145786
145809
145834
145854
145883
146018
146061
146210
146471
146472
146649
146703
146742
146986
147162
147209
147210
147211
147265
147484
147529
147570
147674
147732
147773
147784
148115
148662
148712
148809
148828
149033
149134
149239
149270
149446
149535
149541
149681
149796
149933
149937
149991
150261
150263
150439
150466
150501
150560
150612
150657
150659
150689
150704
150823
150865
150870
150917
150977
151159
151170
151312
151410
151601
151651
151930
152220
152459
152569
152596
152669
152768
152848
152851
152947
152975
153071
153270
153605
153759
154037
154096
154290
154331
154349
154516
154556
154600
154670
154670
154785
154900
155107
155133
155237
155293
155316
155340
155438
155484
155668
155824
156142
156227
156366
156416
156544
156587
156652
156779
156882
156896
157177
157222
157317
157336
157376
157406
157421
158008
158861
158964
159199
159273
159448
159473
159550
160146
160232
160283
160402
160412
160548
160655
160770
161041
161126
161310
161446
161613
161670
161748
161809
161826
161851
161901
161917
162171
162201
162342
162642
162650
162754
162780
162913
162999
163054
163071
163168
163550
163875
164049
164209
164242
164318
164430
164513
164551
164666
164723
164761
164797
165016
165152
165265
165489
165575
165834
165904
165930
165933
166030
166047
166080
166501
166545
166549
166575
166744
167001
167206
167213
167225
167253
167271
167364
167799
167839
167918
167923
167951
168051
168136
168137
168171
168238
168262
168533
168598
168798
169047
169050
169361
169528
169539
169845
169955
170001
170036
170135
170143
170579
170665
170727
170754
171071
171179
171206
171280
171499
171555
171676
171860
171970
171970
172045
172178
172241
172711
173151
173262
173307
173367
173396
173843
173927
174190
174295
174575
174597
175193
175194
175217
175245
175448
175647
175952
176153
176376
176463
176473
176502
176506
176551
176559
176751
176981
177073
177266
177402
177847
178197
178278
178519
178831
178881
179196
179218
179416
179584
179906
180245
180248
180262
180270
180365
180501
180597
180725
180748
180857
180918
181211
181245
181249
181571
181597
181729
181956
182062
182290
182360
182467
182604
182645
182776
182865
183026
183105
183248
183306
183320
183384
183449
183497
183668
183688
183787
183982
184022
184284
184382
184705
184877
184879
184909
185435
185845
186040
186096
186213
186217
186226
186226
186792
186867
186955
186994
187018
187370
187596
187886
187990
188409
188798
188821
188865
188974
189210
189247
189247
189607
189752
189873
190090
190120
190203
190308
190594
190660
190674
190820
191751
191842
192076
192092
192137
192380
192815
192966
193168
193187
193302
193380
193413
193747
193790
193833
193969
194007
194058
194371
194583
194624
194743
195013
195056
195227
195779
195964
196303
196596
196929
197079
197373
197551
197590
197813
198178
198792
198810
198908
198958
199061
199076
199081
199400
199522
199591
199688
199911
199925
200059
200073
200140
200274
200294
200374
200576
200770
200791
200833
200898
200912
201289
201438
201456
201469
201619
201847
201847
201944
202184
202479
202573
202633
202740
202790
202936
203365
203435
203543
204264
204340
204348
204569
204575
204605
204720
204974
204991
205397
206398
206549
206622
206686
206792
206862
207007
207127
207136
207565
207739
207935
208161
208854
208879
209141
209434
209546
209797
209971
210506
210551
210637
211232
211788
211854
212087
212299
212466
212625
212657
212923
213011
213096
213490
213573
213597
213748
213923
214025
214258
214328
214595
214720
215175
215496
215504
215665
215819
216025
216207
216397
216733
216737
216747
216813
217472
217641
217691
217738
217852
217886
218894
218974
219295
219382
219447
219482
219491
220158
220196
220618
220835
221038
221079
221270
221494
221587
221631
221662
221689
221860
222070
222078
222093
222544
222820
223236
223252
223268
223750
223860
224058
224246
224606
224786
225092
225437
225480
226082
226097
226445
226455
226564
226830
226875
226898
226991
227210
227390
227424
227518
227566
227912
228184
228368
228534
228839
229063
229352
229387
229632
229802
229823
229851
230102
230224
230310
230322
230482
230788
231540
231558
232007
232125
232174
232326
232478
232539
232637
232860
232908
233009
233159
233272
233501
233573
233712
233986
234263
234690
234962
235151
235405
235894
235964
236252
236296
236358
236601
237042
237213
237585
237708
238029
238315
238600
238950
238982
239233
239279
239880
240215
240591
240676
240715
240806
240989
241016
241128
241202
241296
241692
241842
241847
242215
242559
242576
242799
242833
242849
243020
243315
243337
243410
243435
243539
243631
243799
243818
244144
244165
244948
245676
245735
246025
246045
246191
246307
246659
246842
247414
247606
247763
247881
248049
248154
248337
248916
248985
248999
249140
249202
249231
249327
249782
250988
251014
251178
251453
251501
252146
252186
252781
253042
253585
253870
253964
255117
256426
256490
256600
256742
256938
256995
257188
257189
257219
257474
257551
257944
258260
258514
258580
258805
259801
260127
260170
260213
260549
261197
262426
262439
262441
262520
262915
263001
263206
263502
263966
264011
264028
264124
264873
265719
266217
266322
266368
266728
267008
267232
267457
267693
267893
268181
268241
268415
268611
268862
268915
269581
269881
271534
271966
272014
272151
272343
272424
272459
272612
272620
272937
272996
273161
273187
273274
273733
273789
273927
274559
275092
275389
276311
276794
277158
277160
277448
278906
279083
279094
279315
279547
279755
280205
280215
280361
280501
280892
281052
281345
282024
282150
282724
283084
283411
283956
284367
284740
285686
285767
286932
287202
287749
288273
288325
288550
288760
288781
288878
289068
289205
289497
289521
289534
290047
290069
290914
291218
291392
291533
291925
292024
292100
292141
293168
293243
293530
293916
294261
294356
295989
296909
297083
297598
298545
299109
299265
299728
300116
301711
301716
301930
301952
302564
303492
303621
304615
304769
304856
304987
306832
307022
308096
308180
309245
309553
310541
310997
311808
312230
312691
312847
313740
314610
315163
315281
316263
317379
317426
317860
318739
319602
319760
320047
320305
320422
320557
320628
321250
321345
321824
322487
323095
323781
325521
326437
326749
327011
327077
327616
327766
327861
330267
330354
331544
331916
332302
332423
334087
334154
334532
335060
335167
335209
335424
335701
335967
336129
336757
337256
338094
338124
338462
338789
340000
340505
341191
341505
341660
342144
342440
342721
343499
343500
344038
344202
345134
345725
347043
347142
348450
349885
350018
350076
350378
352811
354657
355201
355316
356559
358408
359536
361842
362269
364114
364548
368821
369014
369892
372982
374320
374355
375347
375617
377695
380150
381312
382076
383768
383936
384213
384501
385153
385877
386539
387280
388117
389269
392764
394189
399305
399552
400438
401161
402085
402169
405244
405342
408717
411420
411469
411682
411961
418026
419788
420507
420794
423079
423672
424465
425243
425373
427114
428111
429495
430274
430704
431145
434089
436822
437908
440352
444204
445193
448578
453067
455108
455388
459907
461797
466188
466426
469419
469448
470480
470968
472918
479870
479976
481379
481468
484414
484741
488342
490570
492050
492783
493657
494829
503341
506530
506691
507300
520642
521967
553888
658575
