0
0
45
125
160
219
288
375
407
417
524
556
559
578
661
677
783
813
824
829
934
1069
1094
1205
1479
1498
1519
1563
1578
1606
1657
1701
1705
1741
1800
1872
1952
1981
2012
2023
2030
2219
2283
2325
2355
2403
2404
2405
2421
2438
2574
2588
2600
2618
2621
2825
2851
2878
2894
2906
2917
2945
3034
3158
3239
3293
3315
3324
3349
3370
3375
3425
3436
3475
3539
3754
3829
3839
3863
3927
3962
3986
4092
4249
4269
4324
4366
4471
4492
4500
4594
4602
4606
4608
4647
4672
4740
4757
4768
4811
4965
4998
5112
5114
5182
5209
5258
5374
5451
5469
5476
5481
5512
5523
5525
5664
5675
5699
5729
5778
5844
5953
5979
5998
6103
6185
6211
6214
6319
6328
6335
6362
6376
6457
6504
6540
6670
6767
6963
7065
7128
7285
7304
7396
7534
7611
7703
7705
7750
7752
7757
7804
7826
7837
7900
7971
8129
8181
8208
8214
8280
8331
8370
8525
8558
8562
8626
8662
8697
8726
8729
8748
8810
8833
8848
8869
8884
8891
8896
8928
9061
9150
9164
9168
9174
9193
9250
9366
9387
9388
9413
9427
9540
9542
9623
9670
9671
9684
9704
9717
9753
9787
9811
9870
9907
9944
9959
9962
9989
10125
10134
10177
10219
10272
10312
10346
10355
10360
10400
10428
10439
10484
10492
10538
10546
10573
10602
10647
10707
10726
10787
10826
10837
10867
10910
10912
10917
10926
10949
10955
10961
11002
11021
11153
11200
11207
11308
11329
11330
11342
11343
11380
11470
11504
11622
11737
11777
11882
11888
11938
11972
12007
12046
12139
12260
12297
12312
12380
12404
12541
12548
12594
12718
12799
12806
12817
12820
12830
12835
12836
12846
12959
13061
13101
13165
13205
13227
13259
13431
13434
13496
13530
13563
13604
13647
13689
13763
13808
13818
13823
13850
13917
13956
14015
14059
14074
14102
14105
14190
14223
14226
14357
14416
14482
14518
14522
14556
14607
14661
14668
14682
14696
14696
14781
14814
14882
14911
14918
15040
15105
15213
15232
15250
15262
15278
15304
15325
15345
15364
15409
15427
15439
15446
15468
15490
15512
15613
15627
15635
15646
15715
15716
15878
15893
16023
16096
16106
16112
16118
16158
16169
16170
16200
16277
16334
16353
16394
16422
16480
16500
16516
16562
16571
16578
16688
16887
16894
17036
17161
17175
17205
17256
17271
17290
17334
17425
17451
17512
17543
17573
17576
17596
17664
17751
17774
17795
17845
17869
18189
18225
18300
18324
18375
18524
18635
18656
18689
18709
18720
18723
18774
18789
18857
18921
18969
19080
19097
19140
19148
19153
19223
19253
19269
19296
19465
19468
19504
19509
19529
19546
19553
19634
19755
19829
19839
19967
20013
20032
20037
20042
20105
20126
20144
20150
20249
20300
20305
20357
20399
20483
20493
20528
20586
20621
20657
20700
20747
20780
20858
20903
20993
21026
21144
21194
21202
21238
21269
21304
21314
21346
21371
21375
21396
21436
21525
21564
21571
21620
21653
21654
21666
21669
21709
21734
21770
21837
21851
21926
22032
22052
22160
22162
22162
22285
22307
22350
22401
22445
22477
22525
22536
22586
22598
22642
22657
22709
22737
22782
22792
22799
22809
22825
22831
22837
22855
22929
22952
22986
23036
23057
23187
23232
23257
23329
23383
23395
23415
23474
23499
23511
23574
23619
23749
23761
23792
23846
23851
23860
23890
23945
23966
24078
24090
24125
24161
24273
24381
24410
24453
24489
24514
24703
24710
24758
24859
24912
25009
25048
25079
25155
25229
25370
25388
25402
25494
25528
25534
25626
25808
25824
25863
25867
25892
26048
26109
26112
26121
26170
26212
26253
26258
26287
26287
26393
26394
26535
26574
26582
26599
26604
26714
26743
26751
26770
26888
26944
27058
27112
27112
27123
27132
27184
27299
27355
27394
27439
27464
27467
27488
27612
27680
27683
27770
27804
27848
27915
28122
28127
28133
28141
28189
28202
28240
28326
28328
28462
28489
28497
28757
28780
28794
28819
28861
28924
28965
28990
29068
29120
29178
29197
29339
29502
29514
29519
29538
29617
29772
29775
29781
29796
29797
29819
29866
29982
30013
30041
30065
30094
30103
30118
30201
30258
30262
30305
30352
30356
30358
30367
30383
30405
30488
30563
30602
30675
30718
30729
30780
30826
31039
31229
31230
31251
31306
31365
31394
31438
31539
31556
31606
31704
31709
31826
31874
31905
31920
31933
32114
32192
32222
32257
32272
32293
32352
32359
32368
32402
32403
32469
32588
32649
32696
32751
32765
32840
32847
32908
32913
32925
32982
33000
33013
33038
33053
33169
33173
33193
33351
33354
33400
33412
33510
33517
33561
33618
33674
33734
33767
33826
33881
33925
33987
34039
34054
34122
34225
34248
34273
34287
34320
34368
34368
34472
34479
34501
34519
34546
34547
34559
34577
34577
34581
34603
34613
34664
34728
34767
34802
34845
34962
35002
35062
35077
35155
35167
35204
35234
35351
35390
35475
35497
35539
35544
35549
35552
35562
35788
35828
35840
35848
35892
35928
36138
36165
36173
36211
36291
36353
36362
36417
36437
36501
36508
36536
36589
36619
36644
36721
36770
36771
36807
36888
36931
37020
37035
37193
37196
37205
37341
37349
37361
37464
37480
37556
37560
37565
37652
37660
37745
37785
37822
37875
37931
37963
37975
37980
38108
38167
38207
38248
38282
38294
38342
38360
38377
38712
38812
38899
38931
38955
39092
39099
39159
39317
39412
39435
39488
39518
39646
39671
39700
39735
39815
39819
39825
39969
40075
40171
40199
40232
40383
40401
40545
40562
40580
40606
40620
40624
40635
40672
40772
40850
40901
40904
40964
41037
41110
41182
41223
41233
41234
41393
41457
41489
41515
41524
41572
41602
41610
41618
41683
41742
41752
41757
41764
41779
41795
41939
41942
42003
42059
42063
42124
42217
42270
42333
42352
42367
42453
42489
42516
42576
42577
42587
42664
42704
42724
42756
42776
42805
42811
42932
42944
42952
42974
43014
43029
43063
43134
43185
43187
43190
43208
43257
43269
43311
43388
43411
43459
43476
43529
43562
43596
43613
43616
43649
43708
43841
43864
43929
43963
44093
44139
44212
44218
44300
44315
44368
44421
44427
44486
44501
44511
44523
44558
44599
44624
44714
44739
44798
44847
44870
44927
44939
45036
45066
45080
45107
45178
45185
45192
45197
45210
45303
45305
45407
45478
45568
45589
45611
45666
45667
45676
45693
45704
45750
45825
45883
45891
46112
46199
46290
46358
46389
46413
46475
46499
46560
46579
46591
46634
46716
46800
46873
46908
47021
47055
47101
47103
47187
47228
47272
47466
47702
47707
47733
47775
47822
47885
47920
47975
48016
48126
48128
48135
48179
48223
48259
48262
48295
48399
48626
48705
48717
48909
48956
48960
49003
49020
49032
49048
49075
49084
49102
49109
49154
49198
49222
49256
49268
49290
49327
49365
49415
49428
49515
49525
49577
49577
49603
49656
49870
49943
49945
49988
50022
50024
50050
50054
50077
50077
50103
50158
50213
50218
50235
50262
50345
50416
50615
50668
50720
50753
50754
50788
50812
50839
51076
51115
51120
51185
51213
51289
51342
51477
51496
51504
51656
51697
51733
51778
51810
51896
51897
51950
52009
52014
52018
52024
52078
52082
52137
52174
52225
52286
52391
52723
52826
52935
52943
53002
53025
53145
53203
53214
53347
53463
53472
53534
53562
53563
53565
53718
53780
53811
53855
53873
53984
54005
54015
54018
54045
54055
54119
54163
54180
54195
54225
54244
54291
54306
54453
54485
54507
54648
54719
54739
54767
54866
55007
55066
55112
55149
55306
55368
55462
55509
55537
55545
55588
55598
55673
55760
55760
55768
55814
55830
55883
55900
55948
55953
55963
55995
56050
56057
56090
56154
56161
56174
56245
56259
56317
56689
56713
56721
56784
56819
56941
57054
57127
57140
57157
57201
57227
57236
57260
57278
57359
57439
57454
57501
57560
57686
57734
57777
57825
57835
57861
57916
57933
58014
58037
58055
58107
58194
58204
58317
58344
58391
58393
58438
58446
58481
58580
58911
58914
58945
58973
58977
58984
58998
59062
59313
59360
59385
59407
59460
59530
59550
59580
59603
59649
59666
59760
59842
59861
59895
59978
60032
60041
60099
60124
60245
60284
60346
60410
60577
60650
60651
60675
60771
60866
60875
60908
60931
60940
61005
61018
61043
61059
61169
61211
61217
61277
61362
61409
61426
61495
61522
61567
61862
61866
61960
61982
61995
62002
62016
62141
62193
62300
62309
62310
62392
62413
62423
62500
62530
62772
62789
62946
63045
63118
63300
63363
63391
63409
63509
63641
63657
63660
63674
63682
63869
63949
64115
64216
64228
64281
64293
64383
64414
64419
64446
64521
64595
64747
64954
64957
64970
65098
65128
65141
65148
65168
65227
65248
65257
65286
65440
65711
65716
65725
65739
65808
65810
65942
65974
66003
66015
66167
66333
66335
66341
66367
66402
66514
66569
66601
66780
66873
66892
66926
67009
67033
67069
67140
67183
67226
67293
67311
67350
67415
67522
67807
67934
67944
67985
68010
68118
68156
68229
68277
68294
68309
68553
68564
68570
68588
68600
68637
68654
68691
68752
68900
68976
69053
69089
69106
69127
69331
69364
69577
69588
69601
69613
69797
69816
69827
69844
69892
69986
70022
70131
70293
70326
70427
70453
70606
70608
70684
70811
70814
70935
70964
71037
71159
71170
71184
71236
71270
71372
71378
71393
71525
71528
71550
71616
71619
71767
71792
71905
71941
72014
72078
72169
72183
72197
72375
72453
72465
72506
72532
72570
72614
72621
72709
72751
72849
72863
73169
73278
73306
73417
73418
73460
73550
73681
73710
73712
73725
73832
73858
73861
73906
74001
74015
74147
74207
74310
74311
74350
74360
74383
74396
74430
74474
74496
74503
74511
74522
74653
74678
74720
74781
74844
74874
74931
75089
75105
75128
75179
75229
75299
75304
75321
75459
75522
75545
75545
75549
75670
75722
75840
75841
75845
75857
75941
76151
76158
76268
76277
76360
76424
76456
76518
76529
76535
76552
76601
76602
76654
76662
76797
76832
76906
76914
76932
76989
77013
77045
77097
77303
77331
77348
77460
77488
77503
77588
77719
77719
77775
77902
77929
77945
78056
78064
78167
78206
78215
78223
78234
78255
78374
78453
78556
78574
78721
78851
78898
79032
79044
79045
79069
79184
79191
79214
79233
79412
79464
79525
79596
79696
79747
79912
80001
80070
80100
80137
80266
80267
80283
80305
80412
80429
80432
80546
80627
80680
80809
80847
80987
81050
81059
81132
81164
81196
81448
81452
81507
81513
81572
81616
81649
81665
81922
81977
82074
82104
82132
82136
82165
82170
82185
82218
82292
82299
82441
82452
82466
82504
82512
82522
82620
82624
82697
82870
82913
82975
83087
83096
83245
83309
83310
83322
83348
83349
83392
83401
83439
83489
83594
83698
83789
83882
83937
83962
83979
84031
84061
84106
84120
84240
84329
84373
84441
84490
84705
84710
84732
84742
84747
84773
84807
84827
84836
84865
84880
84908
85112
85222
85235
85372
85417
85447
85450
85456
85559
85605
85657
85703
85716
85740
85802
85817
85849
85858
85901
85905
85961
85988
85991
86012
86042
86149
86228
86246
86247
86251
86285
86295
86344
86353
86411
86426
86437
86483
86534
86623
86816
86830
86957
87070
87105
87106
87224
87235
87262
87304
87413
87416
87566
87567
87727
87898
87934
87949
88056
88083
88093
88114
88118
88167
88271
88280
88330
88366
88429
88439
88448
88584
88599
88637
88654
88663
88674
88695
88701
88762
88769
88796
88967
88980
89047
89222
89417
89547
89567
89608
89706
89997
90020
90024
90079
90233
90293
90326
90341
90382
90405
90446
90455
90468
90611
90612
90693
90756
90903
90915
91012
91153
91157
91199
91232
91321
91367
91368
91370
91499
91520
91527
91676
91720
91779
91981
92029
92122
92178
92212
92241
92250
92330
92346
92641
92757
92831
92944
92977
93100
93201
93247
93433
93476
93734
93754
93882
93957
94043
94118
94308
94381
94436
94449
94461
94469
94557
94564
94599
94599
94630
94630
94641
94667
94674
94678
94685
94749
94791
94802
94848
94881
94937
94955
94988
95039
95054
95082
95105
95240
95281
95349
95440
95460
95475
95522
95553
95591
95605
95610
95628
95675
95677
95728
95859
95957
96151
96213
96277
96317
96382
96554
96688
96691
96716
96770
96897
96950
96962
97034
97063
97094
97164
97256
97391
97406
97578
97600
97815
97985
98013
98116
98163
98218
98253
98266
98282
98292
98303
98347
98390
98420
98436
98471
98559
98631
98639
98644
98652
98657
98870
98993
99133
99271
99273
99430
99486
99556
99648
99759
99784
99817
99986
100002
100061
100071
100156
100166
100195
100300
100372
100390
100475
100509
100574
100927
101038
101065
101078
101110
101148
101164
101247
101287
101301
101306
101324
101333
101429
101452
101511
101622
101638
101729
101825
102038
102114
102165
102174
102234
102267
102375
102496
102533
102987
103011
103033
103050
103136
103182
103190
103396
103444
103456
103526
103574
103600
103634
103657
103741
103879
103902
103944
104011
104152
104185
104211
104467
104468
104473
104494
104507
104618
104709
104722
104777
104839
104886
104901
104975
104987
105052
105143
105187
105208
105235
105251
105332
105378
105390
105403
105404
105537
105561
105639
105664
105755
105871
105891
105910
105919
106052
106142
106153
106204
106212
106234
106238
106412
106423
106459
106490
106507
106542
106556
106606
106714
106964
107118
107127
107184
107278
107364
107518
107661
107687
107781
107892
107896
107923
107948
107964
108025
108055
108241
108351
108367
108379
108431
108603
108661
108717
108740
108752
108852
108892
108893
108960
108962
108975
109142
109215
109238
109287
109324
109430
109477
109517
109599
109634
109637
109798
109864
109951
109966
110056
110096
110289
110367
110424
110449
110510
110513
110578
110629
110675
110878
110885
110955
111186
111222
111236
111356
111394
111446
111462
111566
111659
111685
111726
111832
111881
111906
111969
112139
112240
112269
112304
112339
112394
112420
112661
112698
112771
112814
113149
113175
113216
113243
113256
113281
113401
113514
113521
113527
113619
113677
113724
113738
113770
113896
113943
113966
113998
114014
114048
114066
114080
114098
114176
114197
114286
114330
114437
114464
114466
114486
114574
114616
114651
114656
114720
114809
114971
115024
115129
115141
115174
115206
115260
115322
115346
115455
115489
115497
115588
115662
115695
115737
115920
115938
116033
116090
116182
116395
116412
116493
116514
116641
116643
116683
116683
116697
116723
116727
116769
116849
116865
116933
117003
117194
117239
117251
117266
117266
117279
117365
117444
117560
118025
118049
118185
118192
118249
118298
118316
118350
118356
118390
118476
118510
118547
118559
118626
118714
118794
118819
119047
119087
119224
119240
119270
119316
119348
119459
119499
119516
119527
119531
119573
119775
119883
120016
120201
120261
120264
120300
120459
120590
120636
120859
120954
121007
121015
121019
121092
121134
121142
121239
121251
121346
121384
121414
121419
121453
121533
121561
121571
121589
121595
121597
121629
121682
121706
121925
121955
122095
122167
122197
122316
122373
122436
122685
122724
122755
122755
122755
122796
122803
122865
122869
122876
122896
122954
123134
123166
123218
123271
123325
123356
123462
123773
123876
123878
123917
124066
124137
124195
124213
124318
124450
124455
124674
124713
124743
124782
124802
124843
124844
124895
125027
125059
125124
125184
125227
125369
125437
125439
125522
125529
125599
125718
125786
125915
125921
126058
126256
126384
126416
126483
126624
126638
126657
126668
126766
126868
126873
126939
127089
127213
127239
127348
127351
127429
127465
127497
127535
127583
127598
127718
127755
127837
127846
127853
127916
127959
127991
128143
128151
128200
128209
128305
128312
128349
128431
128536
128600
128758
128850
128885
128941
129274
129466
129519
129752
129766
129775
129799
129938
129979
130233
130466
130511
130554
130572
130581
130663
130833
131033
131119
131233
131254
131260
131305
131320
131556
131624
131804
131853
131938
131970
132096
132096
132105
132135
132141
132168
132221
132244
132292
132342
132394
132448
132478
132561
132836
132945
132949
132998
133078
133107
133126
133154
133160
133174
133177
133210
133309
133312
133350
133411
133529
133531
133572
133600
133667
133824
133830
133949
133967
133997
134106
134120
134150
134167
134223
134264
134316
134355
134471
134479
134484
134505
134556
134600
134643
134701
134794
134832
134849
134855
134951
134978
135080
135084
135139
135143
135243
135329
135554
135580
135594
135705
135766
135864
135988
136008
136032
136037
136222
136227
136256
136377
136411
136499
136520
136723
136757
136925
136997
137074
137119
137181
137193
137237
137279
137331
137581
137626
137653
137864
137876
138100
138152
138325
138428
138443
138556
138592
138638
138697
138719
138725
138734
138782
138783
138809
138839
138849
139255
139288
139353
139450
139454
139553
139610
139687
139752
139785
139805
139820
140134
140196
140276
140280
140341
140406
140428
140527
140713
140816
140819
140895
140926
140968
140979
141037
141046
141080
141093
141114
141125
141139
141214
141217
141225
141231
141247
141345
141369
141430
141432
141458
141487
141543
141632
141716
141736
141764
141766
141820
141881
141994
142034
142101
142172
142202
142281
142327
142438
142499
142511
142525
142526
142570
142651
142670
142753
142836
143218
143244
143259
143315
143335
143379
143405
143458
143623
143700
143774
143815
144074
144154
144157
144353
144380
144507
144579
144732
144793
144797
144890
144895
144898
144976
145145
145382
145395
145502
145520
145553
145590
145620
145654
145949
146107
146153
146167
146185
146307
146358
146425
146441
146508
146940
146980
147041
147194
147241
147316
147323
147332
147361
147410
147413
147423
147465
147559
147673
147699
147740
147752
147906
148128
148319
148568
148590
148668
148743
148845
149085
149198
149563
149593
149687
149883
149993
150099
150110
150176
150216
150231
150360
150641
150778
150822
150833
150868
150996
151063
151121
151170
151235
151333
151383
151528
151602
151642
151696
151716
151728
151778
151850
151882
152354
152814
152828
152842
152975
153175
153197
153285
153365
153533
153572
153604
153754
153989
154048
154071
154177
154181
154348
154415
154431
154570
154642
154666
154681
154734
154762
154959
155372
155424
155550
155624
155629
155707
155726
155865
155884
155922
156176
156179
156513
156551
156611
156629
156780
156920
156993
157132
157147
157175
157230
157357
157379
157379
157490
157490
157670
157671
157804
157830
157894
157919
157954
157987
158247
158286
158388
158412
158444
158450
158573
158719
158859
159125
159165
159415
159503
159592
160008
160098
160133
160269
160290
160300
160554
160734
160778
160813
160846
160848
160855
160890
160947
160978
161029
161050
161185
161229
161280
161303
161362
161419
161429
161439
161448
161785
161862
161889
162165
162210
162213
162350
162446
162478
162571
162759
162982
163075
163241
163352
163476
163700
163737
163766
163830
163837
163837
163839
163855
163952
164053
164063
164066
164067
164198
164225
164445
164545
164582
164622
164663
164663
164757
165023
165180
165281
165595
165684
165817
165929
166178
166267
166394
166548
166773
166828
166849
167012
167036
167148
167422
167452
167461
167564
167627
167836
167858
167887
168041
168070
168169
168221
168229
168563
168624
168637
168709
168826
169070
169093
169364
169386
169572
169616
169877
170055
170068
170132
170184
170295
170300
170315
170357
170454
170632
170713
170808
170828
170901
170903
170947
171238
171279
171284
171290
171448
171493
171528
171694
171772
171799
171894
172000
172010
172222
172356
172549
172617
172755
172899
172911
173047
173137
173188
173287
173314
173384
173768
173876
173957
174000
174144
174178
174200
174259
174282
174365
174402
174402
174446
174519
174542
174648
174649
174656
174672
174783
174844
174849
174915
175123
175161
175401
175507
175627
175778
175792
175963
175965
176216
176504
176544
176678
176858
177001
177086
177107
177213
177367
177380
177502
177541
177636
177647
177649
177728
177785
177813
177976
178002
178173
178205
178318
178431
178465
178978
179064
179143
179180
179315
179355
179602
179817
179851
179936
179996
180006
180052
180412
180445
180541
180547
180561
180657
180680
180812
180913
180971
181073
181102
181187
181255
181303
181345
181530
181797
181888
181890
182186
182189
182263
182347
182613
182648
182744
183177
183266
183271
183271
183455
183494
183625
183716
183940
184091
184100
184105
184144
184181
184198
184256
184663
184675
184696
184873
184875
184906
185051
185509
185524
185649
185728
185781
185829
185862
185865
185914
186283
186419
186510
186519
186679
186733
186811
187312
187400
187431
187540
187571
187644
187689
187693
187713
187933
188025
188081
188110
188157
188333
188376
188573
188605
189028
189359
189376
189566
189667
189876
189934
189981
189988
190043
190130
190155
190372
190447
190578
190718
191216
191256
191397
191425
191428
191483
191508
191752
191805
191809
191840
192246
192390
192458
192966
192992
193027
193116
193148
193164
193240
193483
193584
193721
193742
194107
194148
194357
194378
194386
194439
194504
194522
194590
194615
194757
194874
194942
195046
195069
195110
195226
195442
195589
195700
195700
195769
195783
195880
196132
196146
196384
196435
196629
197045
197113
197181
197358
197391
197400
197403
197408
197607
197796
197802
197891
197968
198032
198092
198135
198204
198309
198485
198565
198776
198856
198956
199275
199587
199606
200022
200071
200095
200124
200185
200311
200540
200621
200850
200894
201082
201172
201282
201393
201425
201684
201713
202198
202233
202471
202664
202667
202763
202784
202888
203012
203014
203180
203258
203461
203510
203684
203728
203810
203821
203982
204036
204073
204090
204097
204140
204216
204224
204395
204464
204515
205304
205483
205690
205905
205985
206576
206579
206957
207007
207011
207041
207198
207279
207367
207724
207988
207990
208065
208194
208203
208339
208528
208907
208922
209087
209140
209328
209336
209381
209504
209618
209924
210376
210553
210621
210681
210749
210851
211179
211202
211433
211452
211845
212028
212207
212275
212584
212588
212772
212774
213085
213099
213123
213335
213419
213897
214017
214219
214329
214407
214447
214551
214848
215209
215277
215449
215724
215757
215867
215875
216144
216309
216422
216488
216498
216525
216571
216884
216933
217180
217217
217222
217239
217298
217401
217416
217573
217626
217659
217887
217896
217931
218199
218206
218437
218688
219161
219232
219280
219351
219488
219615
219938
219958
220204
220346
220429
220564
220661
220764
220789
220888
221093
221146
221224
221270
221294
221392
221606
221621
221672
221773
221782
221987
222042
222054
222068
222116
222149
222150
222201
222383
222434
222472
222581
222585
222798
223113
223164
223195
223450
223506
224204
224255
224309
224442
224469
224899
224974
225140
225607
225680
225854
225891
225931
226117
226192
226390
226390
226543
226566
226611
226663
226704
226807
226835
226883
226959
226985
226994
227261
227661
227681
228003
228019
228559
228634
228638
228682
228871
229006
229102
229167
229542
229819
230041
230184
230219
230389
230405
230419
230528
230811
230926
231208
231353
232529
232739
232791
232817
232986
233033
233152
233194
233262
233273
233290
233315
233326
233335
233375
233647
233687
234043
234207
234373
234592
234899
234966
235152
235207
235216
235656
235708
235737
235871
236024
236382
236478
236970
237053
237055
237059
237142
237257
237466
237551
237683
237706
237750
237762
237910
238246
238785
238803
238963
238974
239005
239088
239193
239221
239416
239497
239503
239522
240485
240568
240711
240744
241247
241397
241869
242308
242346
242377
242378
243017
243168
243328
243390
243576
243771
244049
244117
244211
244657
244677
244745
244776
244915
244921
245009
245111
245215
245260
245430
245544
245551
245719
245800
245862
246444
246493
246632
246908
246999
247138
247178
247583
247591
247705
247773
247866
248071
248330
248429
249046
249104
249138
249691
249721
249756
249836
249977
250033
250343
250426
250595
251167
251229
251253
251428
251445
251559
251617
251635
251671
251893
252157
252203
252252
252378
252489
252502
252699
252989
253220
253409
253483
253530
253648
253692
253840
253995
254030
254127
254398
255128
255181
255452
255757
256176
256342
256599
256802
256890
256989
257091
257156
257478
257645
257962
258843
258859
259071
259245
259656
259737
259876
259976
260023
260037
260467
260566
260631
261332
261490
261753
262030
262379
262597
262652
262835
262947
263231
263522
263693
263752
264555
264741
264825
264886
264922
264956
265075
265552
265631
265752
266007
266271
266297
266785
266813
266817
267206
267674
267752
267797
267860
267906
268291
268385
269182
269326
269383
269500
269530
269621
269660
269824
269947
269997
270021
270032
270316
271252
271297
271398
271466
271858
271946
272047
272432
272467
272478
272990
273842
273965
274136
274224
274302
274485
274680
274822
274860
274865
275073
275810
275917
275969
276070
276164
276366
276463
276499
276712
276751
277098
278390
278584
279343
279629
280271
280354
280427
280441
281122
281138
281185
281225
281362
281958
282098
282518
282682
282745
282975
283235
283338
283770
283926
284133
284284
284421
285054
285385
285509
285511
285765
286047
286178
286462
286802
286826
287017
287068
287391
287456
287575
287717
287768
288039
288477
288767
289312
289406
289894
290021
290027
290085
290195
290215
290313
290509
290903
290944
290980
291124
291144
291345
291440
292074
292106
292113
292526
292540
292583
292932
292934
292961
293021
293502
293809
293848
293935
294669
294853
294865
295093
295115
295173
295872
296477
296819
296837
297039
297158
297554
297555
297826
297922
298371
298479
298649
298681
298754
298915
299073
299853
299934
300805
300889
301386
301438
301594
302059
302100
302311
302378
302417
302798
302839
303036
303468
303766
304037
304072
304104
304147
305030
305522
305564
306525
307479
307843
308842
309092
309519
309806
309897
310043
310880
311381
311563
311703
312079
312695
312725
313341
313341
313757
313776
313846
314555
314567
314572
314584
314985
315715
316399
316577
316590
316606
316655
316701
317071
317972
318512
318736
318750
319096
319288
319430
319548
319874
320034
320341
321482
321540
322620
322659
322783
323057
323072
323140
323263
323344
323635
323919
324590
325011
325298
325334
325483
326671
327628
327704
327786
328902
329502
329749
330671
330737
330786
331288
331520
332127
332386
332510
333026
333178
333442
333648
333706
333788
334909
334938
334985
335220
335605
336162
337099
337317
337968
338553
339240
339334
339698
339835
339911
340418
340507
340762
340885
340997
341172
341228
341792
341970
342698
343261
343941
344340
344664
344694
345220
345355
346219
346382
346894
347179
348086
348245
348709
349053
350162
350490
350529
352768
352869
352890
353088
353128
354219
355512
356247
356268
356853
357620
358429
359873
360359
360587
360800
361022
361144
361150
361362
361369
361667
361670
361989
363092
363850
364527
364848
365585
365614
365672
366012
366066
366590
366613
366830
367503
368784
368835
369260
370490
372076
373644
373839
373958
374154
375357
375906
376566
376682
376985
380160
380191
381238
382350
382750
384878
385070
387844
387948
388352
388480
389971
390331
391489
391707
392111
392580
393845
394704
395197
396152
396966
397003
397972
398443
398719
398723
400946
401018
402160
402744
403364
404773
407946
408470
408667
409217
410959
413451
414347
416379
419632
421588
421876
423026
423762
424570
425283
425430
425680
428449
430087
430358
430447
430450
436115
438083
439528
440092
441000
442077
442302
443309
444195
450636
450917
452244
452308
458015
458309
464028
464428
464830
467431
468030
469751
471088
471620
473872
474396
480263
484771
484853
487365
501585
505565
510900
511693
512451
513018
517922
519870
525262
531263
532875
536654
539702
540693
542807
551879
556977
587713
610291
652523
