0
0
25
42
88
185
198
223
328
358
482
491
590
653
726
784
797
833
877
942
962
969
992
1136
1142
1193
1226
1237
1279
1339
1424
1443
1447
1461
1515
1578
1622
1628
1645
1691
1805
1857
1900
1949
1970
2007
2142
2144
2228
2293
2368
2461
2463
2566
2603
2634
2649
2659
2669
2682
2721
2762
2824
2888
2908
2930
2959
2965
3024
3233
3299
3315
3323
3369
3380
3410
3481
3484
3586
3668
3802
3852
3859
3933
3997
4079
4186
4186
4208
4277
4295
4306
4330
4410
4496
4624
4704
4752
4819
4820
4860
4862
4895
4967
5151
5228
5315
5360
5373
5423
5503
5560
5640
5721
5725
5737
5761
5794
5798
5809
5875
5904
5906
5948
5965
5978
5995
6007
6211
6214
6257
6269
6326
6354
6433
6451
6467
6595
6628
6646
6718
6747
6758
6777
6957
6974
6981
6984
6999
7157
7240
7251
7268
7354
7385
7390
7415
7523
7568
7707
7725
7747
7773
7800
7838
8056
8061
8136
8150
8151
8177
8190
8343
8352
8361
8479
8503
8700
8725
8776
8797
8801
8841
8870
8986
9066
9083
9167
9171
9234
9235
9284
9438
9564
9671
9712
9760
9767
9786
9858
9873
9898
9995
10034
10156
10325
10346
10452
10466
10503
10546
10562
10891
10934
11155
11164
11350
11356
11455
11502
11527
11569
11636
11656
11678
11876
12101
12136
12175
12215
12222
12352
12359
12404
12421
12497
12502
12639
12886
12900
12981
13041
13048
13070
13136
13189
13225
13259
13294
13354
13384
13390
13407
13461
13508
13522
13556
13612
13727
13737
13832
13844
13930
13981
14029
14104
14124
14127
14138
14295
14376
14400
14430
14444
14452
14473
14476
14493
14508
14612
14716
14730
14737
14784
14801
14833
14839
14845
14859
14949
14977
15005
15022
15147
15157
15163
15176
15180
15315
15333
15358
15374
15377
15381
15519
15604
15610
15632
15643
15782
15813
15909
15968
15985
15997
16014
16150
16247
16309
16323
16335
16427
16591
16616
16644
16687
16741
16816
16928
16936
16980
16985
17010
17063
17080
17098
17106
17163
17194
17352
17364
17370
17445
17552
17606
17636
17664
17691
17891
17991
18033
18176
18248
18312
18317
18323
18351
18438
18493
18527
18619
18648
18658
18679
18680
18745
18789
18835
18850
18856
18916
18917
18923
18935
19000
19056
19151
19157
19181
19183
19204
19281
19326
19401
19431
19492
19562
19642
19689
19767
19785
19809
19889
19946
19966
19973
20021
20060
20086
20089
20126
20143
20217
20248
20259
20355
20363
20376
20392
20491
20646
20664
20683
20760
20896
21048
21115
21156
21241
21332
21335
21463
21489
21491
21541
21611
21634
21812
21853
21861
21930
21976
22066
22090
22166
22205
22214
22264
22363
22383
22456
22534
22609
22634
22754
22867
22966
23045
23049
23144
23198
23238
23350
23389
23451
23517
23536
23613
23683
23732
23732
23755
23770
24071
24094
24094
24120
24131
24200
24203
24248
24344
24392
24395
24461
24543
24573
24574
24714
24721
24738
24755
24811
24817
24937
24946
25004
25048
25213
25219
25301
25324
25329
25381
25516
25538
25575
25612
25640
25670
25740
25798
25816
25869
25893
25918
26022
26025
26028
26168
26301
26328
26365
26391
26393
26518
26565
26666
26696
26705
26706
26921
27007
27028
27042
27057
27071
27158
27287
27381
27554
27600
27625
27630
27686
27844
27871
27909
27971
27982
28046
28069
28174
28256
28286
28298
28317
28323
28361
28404
28416
28589
28603
28604
28654
28727
28765
28810
28824
28881
28890
28904
28917
28942
28976
29058
29172
29211
29237
29262
29262
29288
29303
29313
29342
29379
29403
29441
29474
29545
29548
29593
29598
29637
29721
29828
29864
29918
29929
29983
29985
30018
30120
30367
30436
30458
30500
30547
30582
30586
30590
30595
30612
30674
30684
30768
30921
30965
30971
30991
31024
31127
31201
31234
31310
31318
31338
31359
31360
31416
31434
31538
31545
31568
31611
31618
31619
31652
31678
31688
31733
31739
31790
31809
31963
32006
32062
32088
32115
32140
32156
32171
32256
32394
32450
32549
32554
32597
32602
32626
32678
32682
32756
32820
32825
32834
33039
33053
33143
33171
33201
33275
33354
33401
33567
33638
33664
33739
33743
33841
33870
33920
33964
33991
34176
34448
34467
34520
34642
34718
34745
34772
34780
34859
34876
34878
34933
34938
35026
35408
35461
35528
35549
35562
35570
35611
35697
35726
35821
35857
35902
35967
36025
36025
36054
36082
36136
36213
36360
36405
36412
36416
36494
36558
36586
36593
36628
36700
36787
36850
36860
36972
37076
37150
37153
37165
37257
37276
37356
37383
37390
37436
37437
37438
37458
37497
37554
37567
37570
37579
37579
37588
37642
37691
37772
37868
37940
38021
38070
38200
38288
38291
38319
38323
38342
38407
38430
38473
38499
38561
38605
38670
38917
38938
38957
38978
38995
39043
39118
39163
39328
39335
39607
39637
39666
39890
39926
39975
40030
40074
40084
40175
40201
40203
40270
40277
40288
40400
40419
40426
40427
40469
40476
40506
40589
40593
40685
40698
40717
40771
40817
40825
40969
40981
41054
41073
41079
41100
41103
41115
41132
41186
41191
41277
41294
41306
41675
41765
41828
41917
42012
42034
42086
42115
42126
42229
42380
42392
42443
42464
42540
42729
42781
42795
43050
43052
43078
43143
43172
43480
43491
43598
43614
43739
43758
43758
43971
43986
44014
44196
44212
44235
44501
44574
44582
44589
44595
44684
44688
44734
44794
44824
44883
44894
44919
44939
44950
44971
44972
44999
45079
45080
45083
45110
45194
45303
45427
45435
45525
45532
45565
45601
45612
45840
45863
45881
45927
46036
46051
46056
46072
46113
46119
46260
46407
46414
46417
46530
46572
46579
46616
46760
46809
46834
47044
47047
47107
47132
47142
47208
47260
47277
47311
47353
47354
47386
47492
47527
47540
47543
47562
47619
47629
47687
47798
47841
47887
47943
47956
48017
48037
48063
48254
48264
48320
48339
48354
48386
48463
48466
48471
48477
48560
48762
48766
48811
48888
49002
49116
49216
49251
49268
49302
49391
49474
49597
49608
49630
49632
49695
49763
49922
49953
50095
50278
50430
50453
50496
50565
50572
50624
50640
50683
50708
50836
50950
50997
51028
51057
51074
51076
51112
51187
51219
51237
51255
51259
51397
51500
51510
51529
51569
51604
51612
51656
51708
51733
51811
51854
51896
51959
52051
52109
52275
52288
52315
52419
52452
52526
52538
52755
52804
52879
53049
53103
53104
53131
53137
53206
53208
53392
53480
53556
53674
53725
53728
53776
53847
53860
53894
53897
53946
53985
53996
54049
54063
54064
54134
54152
54300
54302
54310
54323
54402
54453
54475
54495
54524
54546
54577
54645
54660
54661
54665
54772
54818
54842
54856
54973
54982
55050
55166
55239
55258
55412
55454
55538
55552
55560
55603
55637
55655
55700
55723
55835
55857
55863
55927
55954
56097
56151
56201
56295
56301
56325
56389
56414
56472
56531
56548
56582
56600
56690
56732
56748
56788
56816
56865
56914
56944
57210
57223
57399
57416
57423
57498
57513
57558
57778
57900
57915
58040
58098
58194
58283
58284
58305
58332
58341
58371
58403
58420
58438
58447
58452
58454
58540
58549
58553
58729
58764
58767
58779
58806
58878
58947
58950
58992
59071
59097
59133
59192
59237
59301
59320
59323
59384
59394
59419
59446
59559
59575
59616
59697
59743
59801
59843
59848
59866
59866
59868
59987
60226
60279
60318
60333
60450
60698
60734
60741
60765
60775
60840
60873
60909
60984
60989
61012
61092
61201
61273
61282
61331
61354
61377
61394
61402
61453
61477
61524
61598
61696
61730
61787
61811
61969
62001
62106
62117
62209
62213
62327
62333
62343
62370
62437
62523
62527
62544
62646
62680
62751
62772
62830
62905
63001
63052
63079
63099
63133
63145
63150
63219
63225
63237
63262
63321
63345
63363
63431
63624
63756
63903
64035
64265
64267
64379
64432
64505
64603
64644
64659
64701
64813
64889
65008
65016
65047
65053
65061
65250
65282
65288
65326
65336
65472
65472
65482
65550
65610
65629
65700
65745
65771
65810
65942
65947
65982
66037
66045
66054
66072
66115
66170
66324
66344
66403
66404
66415
66483
66521
66558
66801
66802
66936
67003
67004
67033
67042
67047
67132
67210
67230
67274
67353
67358
67364
67368
67431
67433
67528
67551
67573
67597
67689
67744
67838
67849
67902
67918
67951
67951
67991
68128
68150
68237
68261
68342
68388
68482
68488
68534
68562
68591
68593
68598
68642
68665
68699
68723
68894
69042
69048
69096
69146
69161
69229
69295
69338
69432
69596
69638
69659
69672
69710
69718
69889
69923
69990
70052
70053
70061
70066
70076
70141
70191
70333
70422
70423
70425
70512
70609
70612
70694
70753
70884
70940
71195
71228
71297
71351
71369
71371
71387
71477
71562
71648
71664
71685
71701
71739
71758
71779
71874
71972
71972
71999
72044
72167
72227
72278
72301
72309
72391
72393
72460
72461
72469
72518
72523
72605
72651
72687
72742
72808
72922
72978
73054
73146
73255
73313
73365
73439
73538
73541
73866
73936
73985
74001
74006
74129
74336
74546
74580
74678
74717
74733
74751
74763
74774
74796
74798
74945
74948
75024
75123
75217
75227
75256
75315
75367
75418
75443
75444
75494
75521
75588
75664
75700
75771
75777
75783
75806
75816
75878
75933
75948
75963
76048
76049
76118
76180
76226
76231
76240
76426
76462
76464
76544
76595
76641
76654
76656
76678
76681
76772
76804
76815
76920
76972
77113
77266
77356
77387
77474
77574
77587
77625
77633
77640
77680
77842
77884
77930
77963
77972
78156
78261
78310
78327
78488
78499
78629
78647
78798
78854
78866
79055
79062
79249
79392
79451
79475
79496
79527
79612
79718
79910
79924
79952
80026
80027
80064
80166
80189
80315
80494
80691
80840
80890
80919
81118
81143
81173
81218
81263
81303
81349
81411
81418
81539
81549
81555
81622
81659
81812
82115
82184
82197
82335
82365
82475
82664
82666
82706
82744
82748
82753
82824
82825
82989
83178
83197
83233
83239
83278
83410
83413
83438
83542
83546
83570
83572
83626
83682
83788
83919
83977
83988
84007
84070
84110
84287
84367
84383
84443
84469
84531
84564
84565
84652
84670
84729
84733
84820
84871
84872
84909
85082
85183
85353
85379
85459
85528
85541
85576
85595
85648
85659
85697
85780
85834
85874
85878
85893
85927
86056
86154
86241
86337
86424
86557
86574
86681
86694
86755
86770
86781
86782
86795
86861
86865
86927
86936
86942
86990
87010
87080
87100
87209
87331
87402
87418
87453
87479
87617
87766
87815
87839
88133
88148
88159
88268
88442
88477
88541
88670
88741
89051
89100
89103
89118
89232
89300
89439
89476
89593
89609
89612
89726
89732
89741
89759
89782
89790
89817
89951
89969
90068
90219
90332
90382
90413
90496
90537
90581
90634
90646
90652
90702
90710
90717
90718
90769
91037
91129
91316
91492
91548
91601
91625
91717
91747
91754
91951
91986
92029
92066
92202
92236
92263
92297
92443
92473
92483
92501
92510
92603
92619
92723
92787
92868
92943
92943
92987
93030
93120
93163
93203
93211
93228
93261
93433
93502
93614
93686
93806
93844
93870
93935
94030
94030
94151
94154
94217
94510
94534
94606
94648
94670
94673
94709
94835
94856
94862
94896
94971
94984
95056
95125
95217
95219
95265
95278
95382
95465
95474
95685
95710
95789
95790
95833
95875
95923
95968
96013
96113
96298
96334
96342
96446
96700
96714
96880
96886
96935
97031
97244
97273
97389
97483
97506
97560
97656
97675
97725
97828
97932
97946
97953
98062
98085
98181
98236
98379
98416
98596
98667
98689
98774
98779
98860
99042
99060
99100
99131
99264
99403
99546
99601
99602
99719
99856
99875
99917
99986
100014
100018
100024
100151
100222
100258
100266
100294
100375
100382
100487
100488
100591
100721
100767
100808
100969
100993
101045
101071
101180
101216
101293
101598
101697
101894
101896
101939
101953
101993
102041
102051
102064
102214
102271
102284
102351
102637
102682
102806
102957
103146
103147
103336
103352
103405
103510
103603
103819
103876
103937
103961
104179
104202
104227
104242
104459
104513
104581
104680
104795
104796
104924
105057
105105
105128
105145
105299
105336
105427
105484
105621
105647
105722
105776
105798
106094
106105
106109
106147
106301
106440
106454
106482
106551
106588
106669
106674
106718
106743
106765
106790
106797
106873
107006
107044
107208
107214
107296
107323
107345
107452
107474
107637
107767
107798
107821
107932
108011
108020
108052
108056
108154
108334
108342
108394
108528
108549
108602
108680
108840
108861
108867
108936
109154
109206
109229
109230
109247
109268
109368
109506
109547
109552
109563
109611
109640
109644
109727
109729
109745
109784
109785
109804
109844
109874
109876
109942
109947
109991
110053
110157
110253
110269
110294
110313
110316
110365
110383
110409
110439
110452
110472
110490
110496
110513
110734
110759
110771
110805
110805
110891
110970
111014
111084
111113
111268
111398
111471
111497
111550
111585
111615
111755
111761
111770
111818
111877
112374
112409
112470
112543
112722
112753
112842
112846
113001
113094
113271
113306
113317
113407
113475
113526
113643
113774
113809
113818
113833
114099
114124
114270
114450
114571
114605
114630
114683
114703
114728
114752
114762
114966
115075
115211
115275
115280
115510
115622
115742
115769
115793
115805
115812
116047
116054
116098
116137
116152
116405
116761
116790
116845
116848
116884
117097
117119
117129
117295
117297
117309
117478
117504
117556
117685
117693
117703
117759
117829
117902
117960
118089
118200
118414
118535
118537
118562
118721
118726
118792
118824
118895
118897
118961
119018
119021
119077
119135
119215
119220
119225
119242
119333
119363
119385
119543
119556
119700
119708
119879
119888
119940
119971
120027
120103
120165
120171
120229
120270
120278
120326
120337
120430
120494
120531
120583
120637
120650
120676
120724
120739
120785
120792
120796
120866
120931
120954
121306
121557
121640
121708
121720
121722
121738
121841
121929
122029
122056
122059
122089
122193
122225
122257
122263
122369
122392
122395
122792
122865
122897
122972
123093
123122
123122
123359
123370
123379
123382
123384
123428
123443
123458
123609
123808
123867
124031
124079
124208
124216
124218
124218
124471
124501
124628
124652
124685
124737
124769
124824
124877
124891
124954
124963
125007
125050
125285
125296
125510
125515
125607
125645
125820
126016
126072
126155
126211
126419
126471
126496
126523
126749
126921
126982
127035
127189
127454
127459
127595
127670
127704
127721
127868
127887
127920
127959
127966
128021
128133
128143
128228
128235
128270
128274
128320
128328
128405
128413
128429
128688
128710
128727
128743
128808
128934
128996
129200
129258
129378
129382
129384
129504
129638
129678
129820
129877
129976
130000
130058
130080
130082
130091
130208
130311
130358
130375
130377
130507
130713
130796
130825
130934
130935
130967
130995
131128
131142
131152
131191
131342
131466
131468
131495
131596
131613
131628
131750
131754
131818
131917
132120
132264
132346
132391
132447
132574
132679
132701
132814
133012
133016
133132
133383
133429
133437
133466
133491
133596
133641
133682
133690
133717
133842
133938
133993
134029
134079
134110
134190
134321
134401
134453
134549
134595
134703
134823
135029
135130
135147
135227
135295
135407
135503
135767
135990
136035
136281
136398
136401
136424
136452
136759
136849
136851
136931
137001
137042
137084
137094
137108
137144
137170
137212
137245
137305
137319
137379
137457
137459
137466
137625
137693
137905
138051
138061
138092
138246
138312
138528
138554
138652
138695
138759
138798
138929
139029
139194
139556
139606
139620
139707
139800
139848
139865
139890
139947
140042
140091
140287
140530
140646
140667
140783
140803
141070
141272
141378
141382
141474
141591
141671
141677
141770
141805
141882
141901
141916
141990
142018
142045
142127
142394
142460
142498
142671
142820
142899
142978
143018
143059
143096
143193
143339
143409
143447
143478
143502
143656
143724
143729
143745
143818
143822
143842
143846
143855
143884
144013
144253
144256
144400
144531
144597
144659
144756
144970
145041
145079
145393
145494
145573
145602
145607
145649
145672
145747
145832
145908
145928
146016
146049
146128
146289
146375
146607
146654
146698
146763
147128
147241
147289
147390
147431
147489
147672
147830
147885
147903
147909
147994
147997
148075
148201
148300
148411
148573
148697
148735
148986
148987
149039
149208
149259
149277
149299
149377
149402
149518
149526
149552
149582
149656
149661
149679
149752
149787
149873
149909
149943
150120
150167
150263
150296
150317
150438
150500
150555
150565
150601
150605
150626
150631
150727
150827
150946
150977
151006
151045
151051
151095
151099
151136
151160
151260
151265
151292
151382
151423
151547
151567
151573
151599
151601
151679
151718
151985
152042
152061
152205
152358
152453
152596
152651
152800
153214
153300
153403
153436
153514
153546
153632
154167
154173
154577
154607
154691
154754
154823
154875
155159
155195
155422
155452
155477
155872
155951
156163
156219
156301
156385
156460
156507
156599
156626
156686
156938
156959
156960
157045
157085
157105
157199
157264
157270
157296
157298
157519
157543
157614
157719
157826
158317
158360
158600
158763
158922
158968
159117
159220
159334
159503
159520
159755
159802
159932
159951
160044
160110
160162
160321
160510
160557
160781
160915
160959
161028
161063
161111
161115
161130
161193
161396
161414
161516
161528
161736
161871
161885
162148
162309
162405
162458
162746
162854
162956
163102
163251
163264
163302
163380
163437
163445
163485
163731
163739
163827
163885
163888
163950
163954
164001
164080
164330
164332
164606
164850
165113
165449
165461
165462
165525
165596
165695
165719
165821
166029
166135
166187
166285
166327
166443
166520
166528
166616
166687
166877
166984
166992
167057
167472
167616
167677
167831
167866
167961
167966
168077
168165
168168
168287
168320
168354
168362
168539
168554
168575
168596
168761
168930
168982
169055
169093
169213
169239
169546
169625
169644
169725
169802
169843
170012
170212
170328
170349
170373
170578
170809
171040
171090
171283
171294
171350
171365
171375
171481
171481
171508
171653
171691
171843
171931
171946
172085
172163
172237
172366
172554
172600
172614
172685
172820
172951
173227
173259
173334
173402
173443
173559
173597
173643
173671
173679
173804
173876
174043
174265
174457
174640
174652
174764
174813
174865
174903
174965
175056
175163
175214
175378
175587
175690
175730
175932
176085
176191
176242
176320
176572
176612
176624
176644
176775
176900
176919
176958
176997
177034
177100
177149
177194
177221
177273
177273
177284
177559
177577
177622
177678
177785
177884
177894
178011
178068
178354
178734
178776
178779
179077
179175
179203
179274
179672
179756
179850
179985
180095
180190
180211
180216
180250
180326
180503
180706
180958
181064
181066
181080
181146
181163
181243
181775
181827
182219
182348
182427
182649
182712
182783
182865
182923
182965
183315
183336
183402
183438
183491
183505
183553
183767
183880
183996
184006
184014
184101
184119
184185
184398
184432
184486
184498
184508
184603
184644
184769
184770
184851
184927
185158
185244
185392
185464
185477
185654
185746
185772
185926
186059
186107
186177
186247
186251
186366
186450
186453
186548
186640
186683
186758
186851
186858
186900
186931
186961
187078
187138
187347
187378
187429
187454
187652
187695
187729
187791
187811
187907
188267
188387
188489
188670
188863
188869
188943
189121
189212
189456
189528
189606
189912
189977
190143
190173
190228
190359
190359
190424
190646
191013
191112
191219
191480
191516
191675
191727
191772
191803
191821
191918
191921
192226
192575
192629
193418
193479
193485
193496
193726
193764
194274
194590
194699
194880
195039
195104
195159
195190
195286
195367
195493
195913
195989
196140
196405
196475
196487
196488
196705
196762
197120
197169
197189
197251
197427
197533
197634
197799
197904
197996
198185
198235
198321
198453
198534
198874
198940
199000
199044
199085
199107
199162
199226
199468
199548
199589
199590
199701
199772
199939
199966
200132
200152
200160
200174
200500
200583
200604
200672
200918
200943
200973
201082
201246
201318
201438
201441
201552
201786
201801
201811
201883
202009
202037
202132
202178
202216
202674
202778
202858
202974
202992
203037
203206
203331
203527
203628
203678
203743
203783
203808
203830
203975
204004
204042
204081
204180
204479
204522
204640
204800
205049
205225
205354
205380
205512
205515
205600
205873
205983
206193
206327
206373
206393
206444
206465
206746
206819
206845
206907
206935
206959
207125
207129
207154
207305
207481
207518
207591
207777
207830
208152
208358
208667
208870
209325
209458
209628
209785
209962
210148
210164
210446
210558
210724
210869
210903
210955
210980
211056
211075
211085
211116
211257
211557
211732
211830
211841
212059
212199
212301
212313
212320
212320
212508
212771
212818
213133
213316
213363
213379
213411
213628
213697
213745
214100
214447
214542
214613
215313
215625
215662
216114
216132
216283
216331
216333
216375
216592
216747
216780
216959
217032
217204
217283
217743
217966
217976
218091
218151
218452
218506
219130
219140
219146
219301
219340
219610
219644
219654
219844
219889
220364
220379
220509
220676
220683
220749
220851
220969
220992
221173
221280
221439
221543
221590
221644
221810
221907
221946
221984
222248
222598
222700
222852
222963
223250
223364
223471
223546
223707
223828
223956
224003
224523
224563
224652
224971
225000
225020
225196
225304
225587
225603
226063
226109
226572
227025
227113
227114
227243
227409
227540
227595
227628
228085
228105
228214
228278
228612
229227
229551
229570
229585
229664
229667
229863
230045
230084
230577
230770
230879
230924
231203
231523
231525
231596
231699
231932
232027
232418
232467
233124
233526
233751
233804
233842
233936
234131
234316
234487
234597
234673
234930
234976
235145
235704
235764
235818
235859
235902
236117
236320
236639
236904
237095
237144
237340
237354
237389
237393
237419
237710
237844
238042
238105
238472
238683
238841
238896
239001
239213
239956
240071
240099
240444
240799
240957
241054
241136
241389
241639
241833
242360
242395
242425
242611
242843
243091
243215
243246
243363
243789
243946
243967
244248
244509
244658
245079
245228
245610
245801
245814
245824
246033
246261
246292
246478
246503
246581
246860
246989
247122
247147
247662
247772
248072
248141
248331
248344
248366
248383
248615
248725
249192
249485
249511
249573
249760
249842
249945
250227
250289
250440
250450
250504
250777
250958
251204
251792
251850
252174
252225
252295
252523
252970
252991
253118
253267
253360
253366
253463
253465
253498
253548
253588
253605
253674
253933
254510
254574
254882
255007
255066
255321
255391
256397
256641
256706
256811
257222
257272
257332
257373
257392
257567
257762
257867
257883
257958
258174
258496
259326
259375
259602
259730
259749
260328
260512
260516
260625
260758
260870
260891
261198
261619
262318
263573
263594
263659
264394
264435
264512
264576
264585
264767
265058
265384
265575
265789
266299
266318
266483
266754
266857
266917
266920
267225
267327
267596
268087
268254
268572
268576
268944
268973
269003
269208
269444
269453
269476
269960
269965
270174
270235
270297
270298
270971
270992
271245
271657
271770
271902
272066
272129
272186
272625
272691
272884
273634
273773
273844
274480
275387
275847
275918
276002
276122
276205
276325
276580
276866
277080
277389
277842
278239
278268
278308
278365
278729
278776
278804
278980
279019
279168
279175
279929
280151
280239
280457
280746
280882
280901
281051
281771
282031
282307
282568
282781
282813
283022
283144
283292
283302
283624
283843
284567
284808
285137
285344
285416
285827
285851
286554
287033
287122
287272
287379
287407
287484
287917
288059
288598
288661
288706
289162
289651
289929
289976
290126
290145
290204
290482
290514
290549
290686
291048
291491
291554
291891
292087
292206
292591
292921
293095
293182
293289
293315
293536
293571
293799
293921
294079
294123
294239
294298
294490
294620
294957
295253
295259
295542
295745
295806
296151
296360
296487
297366
297636
297648
297714
298032
298544
298861
298880
299338
299482
299610
300036
300789
300797
300875
300921
301010
301346
301369
301378
301950
302044
302102
302187
302801
302870
303078
303856
303904
303911
304073
304245
304694
304718
305639
306042
306303
306414
306670
306938
306995
307110
307743
308983
309023
309128
309483
309704
309749
310296
310297
310469
310496
310507
310881
311151
311417
311940
312130
312389
312420
312497
312949
312967
312981
312984
313013
313048
313141
313573
314001
314242
314320
314718
314913
315043
315156
315828
316745
316909
317130
317590
317775
318212
318646
318708
319838
319885
320503
320579
320798
320829
320954
321482
322443
322711
322721
323029
323327
323576
323598
324704
324920
325260
325327
325571
325646
326194
326220
326395
326523
326795
327035
327499
327901
328129
328639
328650
328702
328896
328969
329187
329871
329964
330973
330976
331305
331398
331398
332022
332170
332176
332643
332715
333045
333143
333309
333325
333366
333384
333415
333708
333817
333854
333899
334123
334322
334448
335137
335250
335303
335895
338207
338242
339006
339179
339648
340014
340547
341143
341964
342048
343196
343269
343390
343816
344252
344882
345427
345858
346515
347034
347706
349628
350534
352247
352299
353020
353129
354622
354670
354908
355185
355742
355981
356292
357431
358140
358340
358547
359270
359986
361698
364245
365085
369776
369904
370293
370511
371301
371574
372264
373062
374395
375376
375449
376861
376970
377101
377590
378065
379647
380326
380349
381704
382654
382758
383185
383586
386340
388042
388506
391791
392249
392945
393431
393469
394009
394472
394707
395081
395083
397624
401066
402650
404205
404344
405672
408035
408213
408693
409486
409529
409736
409977
410083
410787
411353
412255
414292
415271
417863
421718
422107
423013
423627
424031
424965
425209
425511
429501
433296
433980
434907
437005
437106
440630
442980
444730
447612
448829
450653
454301
461417
461584
465408
467546
470954
487732
493749
493907
497252
498315
499980
500418
503068
505820
510274
519490
524316
528818
539520
540195
598136
603420
607729
761035
