0
0
9
41
104
205
222
255
269
363
378
422
601
820
824
871
960
1099
1107
1113
1116
1117
1176
1207
1285
1305
1353
1365
1373
1386
1391
1477
1480
1495
1498
1512
1538
1569
1600
1612
1647
1695
1727
1747
1796
1928
1964
1975
2026
2041
2059
2083
2241
2352
2388
2434
2459
2494
2518
2518
2529
2532
2540
2561
2591
2607
2632
2665
2743
2749
2753
2769
2777
2852
2895
2971
3017
3040
3041
3128
3136
3138
3243
3271
3363
3418
3425
3489
3528
3630
3643
3654
3774
3804
3822
3945
4033
4096
4169
4192
4270
4285
4303
4345
4388
4437
4440
4441
4493
4509
4614
4636
4704
4705
4841
4858
4876
4905
5022
5048
5059
5123
5128
5132
5253
5258
5297
5309
5392
5461
5569
5620
5633
5652
5664
5685
5686
5759
5762
5775
5792
5802
5807
5817
5820
5900
5920
5988
6017
6017
6035
6068
6112
6130
6141
6182
6296
6308
6369
6373
6448
6450
6462
6469
6485
6516
6561
6606
6718
6783
6824
6846
6849
6854
6923
6968
7004
7024
7103
7121
7229
7300
7342
7369
7430
7494
7499
7574
7577
7599
7622
7699
7780
7802
7852
7929
7991
8002
8029
8114
8170
8199
8223
8342
8360
8380
8420
8446
8454
8460
8483
8527
8558
8570
8624
8670
8671
8680
8681
8723
8797
8808
8900
8930
9013
9056
9127
9127
9130
9158
9213
9399
9401
9414
9421
9484
9533
9675
9676
9766
9774
9811
9834
9837
9871
9990
10007
10008
10039
10066
10074
10104
10154
10429
10500
10536
10536
10539
10611
10663
10698
10699
10703
10721
10797
10859
10877
10918
10991
10995
10997
11005
11056
11057
11133
11153
11167
11234
11288
11312
11319
11347
11368
11402
11459
11486
11489
11492
11510
11524
11602
11626
11695
11706
11717
11729
11736
11791
11845
11850
11866
11911
11917
12005
12087
12183
12208
12295
12392
12408
12434
12438
12459
12472
12484
12498
12501
12603
12633
12636
12639
12642
12656
12737
12836
12903
12976
13049
13049
13093
13119
13170
13235
13248
13296
13297
13304
13310
13360
13390
13435
13437
13447
13525
13548
13560
13614
13644
13653
13693
13699
13819
13857
13885
13909
13912
13914
13926
13941
14037
14074
14093
14126
14140
14160
14167
14172
14176
14202
14241
14263
14321
14355
14405
14425
14535
14571
14587
14633
14651
14683
14706
14712
14746
14762
14871
14874
14893
14964
14978
15055
15080
15084
15088
15107
15135
15137
15155
15194
15268
15287
15308
15442
15446
15524
15618
15662
15694
15821
15867
15945
16009
16101
16140
16165
16169
16173
16190
16218
16220
16235
16245
16247
16264
16287
16322
16327
16381
16398
16439
16446
16465
16471
16482
16489
16627
16628
16698
16714
16743
16748
16777
16859
16861
16884
16890
16931
17044
17072
17139
17189
17195
17253
17272
17272
17315
17353
17428
17478
17496
17514
17586
17675
17683
17787
17873
17898
17900
17918
17949
17953
18024
18073
18079
18084
18093
18155
18196
18280
18407
18413
18515
18520
18573
18581
18647
18653
18709
18795
18906
18915
18930
18991
19042
19098
19138
19152
19254
19271
19286
19405
19411
19452
19462
19465
19491
19507
19565
19573
19673
19722
19807
19855
19905
19907
19995
20049
20113
20143
20165
20222
20233
20284
20310
20359
20389
20403
20428
20445
20484
20576
20621
20681
20693
20757
20763
20846
20905
21028
21030
21044
21057
21164
21207
21261
21303
21322
21324
21370
21590
21602
21639
21652
21702
21718
21730
21757
21856
21860
21919
21930
21964
22018
22164
22215
22218
22242
22299
22328
22383
22429
22454
22570
22660
22660
22662
22709
22756
22760
22770
22945
22946
22972
22976
22987
23018
23026
23033
23099
23167
23335
23338
23380
23392
23402
23437
23531
23541
23548
23588
23639
23647
23653
23670
23680
23698
23732
23735
23749
23777
23810
23821
23827
23900
24087
24100
24108
24192
24217
24218
24301
24312
24369
24416
24434
24453
24465
24576
24579
24647
24695
24723
24768
24780
24798
24858
24866
24868
25001
25018
25079
25116
25138
25203
25245
25246
25268
25279
25301
25325
25328
25373
25386
25406
25422
25620
25621
25671
25732
25743
25754
25755
25764
25777
26046
26181
26185
26212
26217
26262
26298
26299
26315
26509
26519
26545
26627
26638
26667
26688
26703
26780
26824
26863
26882
26895
26905
26925
26928
26943
26969
27136
27265
27277
27281
27299
27321
27329
27385
27401
27453
27468
27479
27491
27541
27574
27600
27604
27683
27726
27772
27857
27878
27922
28020
28029
28035
28037
28079
28245
28260
28309
28344
28502
28552
28611
28637
28718
28750
28802
28805
28961
29037
29195
29208
29215
29268
29306
29363
29452
29529
29596
29668
29705
29736
29791
29827
29829
29880
29886
29890
29897
29916
29963
29985
30005
30093
30172
30184
30186
30266
30280
30287
30385
30417
30445
30459
30505
30506
30589
30609
30629
30691
30704
30750
30765
30819
30960
30990
30998
30999
31025
31181
31207
31326
31352
31355
31380
31439
31458
31462
31568
31598
31792
31801
31807
31936
31970
32034
32078
32079
32081
32085
32091
32142
32166
32186
32203
32207
32334
32356
32411
32467
32472
32499
32520
32564
32582
32586
32737
32789
32913
32936
33020
33062
33070
33094
33119
33150
33266
33327
33344
33515
33580
33692
33736
33815
33850
33875
33945
34102
34124
34159
34213
34252
34258
34261
34316
34343
34358
34364
34382
34441
34448
34571
34613
34624
34746
34787
34846
34936
34959
34970
35034
35119
35135
35236
35316
35410
35439
35450
35485
35518
35525
35548
35638
35659
35677
35682
35755
35762
35811
35853
35857
35861
35866
35888
35889
35914
36070
36154
36197
36203
36268
36397
36438
36445
36472
36554
36599
36623
36669
36716
36724
36733
36738
36831
36850
36852
36886
36926
36972
36976
37006
37050
37056
37070
37148
37164
37191
37211
37225
37284
37295
37315
37318
37360
37384
37406
37470
37476
37497
37516
37519
37603
37617
37657
37673
37703
37715
37743
37789
38027
38052
38054
38240
38252
38394
38413
38576
38863
38896
39021
39037
39096
39107
39155
39335
39359
39387
39410
39421
39470
39665
39744
39784
39788
39863
39908
39924
39941
39942
39943
40055
40118
40151
40350
40367
40428
40450
40472
40492
40502
40600
40622
40731
40799
40821
40894
40917
40922
40989
41004
41058
41144
41162
41195
41406
41475
41676
41846
41904
41969
41978
41986
41991
42004
42053
42060
42084
42097
42152
42167
42168
42195
42241
42266
42287
42343
42430
42512
42543
42553
42847
42860
42887
42932
42934
42967
43056
43088
43104
43167
43223
43229
43285
43337
43377
43449
43466
43575
43579
43678
43718
43763
43769
43771
43823
43854
43891
43913
43924
43947
44014
44040
44069
44087
44093
44133
44291
44311
44324
44368
44464
44470
44533
44546
44640
44680
44802
44847
44856
44937
44976
44981
44982
44986
45017
45021
45049
45076
45089
45119
45152
45154
45240
45264
45341
45371
45377
45389
45428
45448
45451
45520
45535
45596
45603
45644
45725
45762
45767
45786
45799
45895
45927
46031
46032
46037
46090
46092
46238
46280
46312
46369
46398
46460
46520
46526
46545
46595
46615
46747
46747
46806
46812
46871
46912
46970
47017
47059
47095
47143
47163
47174
47224
47249
47336
47365
47375
47380
47442
47686
47759
47820
47863
47902
47963
48012
48178
48210
48240
48266
48310
48352
48478
48491
48526
48671
48691
48723
48901
48956
48980
49085
49119
49198
49256
49302
49371
49699
49725
49734
49773
49855
49917
49927
49981
49989
50013
50080
50173
50285
50298
50342
50427
50436
50489
50496
50497
50508
50522
50600
50604
50668
50697
50710
50724
50735
50753
50795
50827
50827
50848
50892
50968
50983
51053
51066
51109
51129
51156
51188
51222
51366
51373
51412
51489
51645
51653
51730
51731
51750
51764
51765
51792
51793
51795
51798
51827
51849
51878
51908
51924
52010
52018
52072
52072
52118
52121
52122
52148
52222
52246
52338
52358
52432
52453
52499
52506
52589
52737
52830
52983
53008
53008
53148
53262
53272
53279
53300
53305
53331
53373
53393
53489
53494
53502
53585
53630
53652
53679
53713
53762
53812
53847
53854
53874
53932
53947
53975
54113
54172
54245
54282
54294
54427
54503
54511
54522
54527
54584
54623
54782
54797
55016
55056
55057
55065
55149
55150
55209
55235
55288
55312
55317
55394
55448
55456
55500
55573
55610
55782
55783
55785
55800
55869
55911
56012
56019
56159
56203
56286
56298
56348
56361
56422
56457
56555
56572
56583
56602
56652
56906
56988
57011
57017
57051
57060
57136
57215
57227
57231
57477
57551
57752
57786
57865
57938
58056
58072
58075
58092
58157
58172
58190
58191
58254
58258
58267
58289
58443
58469
58564
58687
58793
58814
58828
58987
58991
59013
59015
59070
59075
59204
59252
59286
59292
59325
59369
59379
59402
59404
59463
59549
59588
59684
59788
59901
59916
59930
59939
59976
60077
60088
60121
60138
60139
60188
60234
60264
60390
60434
60455
60486
60613
60618
60705
60761
60770
60813
60849
60869
60925
60963
61019
61071
61107
61182
61221
61286
61350
61381
61426
61440
61507
61532
61606
61613
61617
61686
61689
61710
61714
61714
61717
61723
61730
61759
61774
61803
61822
61875
61877
61912
61987
62059
62208
62211
62231
62329
62456
62478
62499
62504
62507
62562
62675
62676
62749
62773
62775
62788
62901
63041
63115
63218
63243
63294
63297
63352
63368
63384
63406
63414
63505
63628
63656
63671
63705
63709
63831
63891
63948
63969
64024
64052
64053
64070
64073
64130
64143
64260
64296
64310
64364
64402
64420
64435
64563
64627
64750
64774
64824
64857
64916
64975
65090
65110
65223
65224
65230
65345
65355
65360
65372
65412
65461
65482
65561
65652
65669
65772
65813
65880
65938
65941
65959
65983
66021
66068
66100
66185
66204
66229
66232
66251
66272
66340
66401
66523
66549
66582
66653
66668
66770
66786
66843
66847
66879
66916
67008
67020
67028
67038
67076
67083
67087
67125
67159
67172
67295
67350
67367
67406
67588
67606
67654
67720
67725
67729
67755
67806
67828
67828
67830
68013
68013
68051
68104
68214
68287
68296
68392
68445
68447
68504
68519
68545
68549
68645
68718
68764
68785
68815
68894
68987
69001
69087
69167
69223
69261
69287
69366
69373
69484
69542
69637
69660
69692
69727
69899
69917
69928
69985
70004
70062
70118
70122
70136
70158
70180
70213
70266
70322
70325
70449
70595
70596
70643
70701
70715
70735
70803
70851
70899
71173
71174
71205
71316
71555
71578
71599
71623
71643
71689
71833
71846
71852
71931
71988
72048
72103
72151
72183
72196
72207
72222
72254
72261
72320
72429
72430
72450
72473
72520
72568
72655
72773
72857
72947
72960
73113
73194
73295
73426
73445
73523
73676
73757
73804
73838
73839
73840
73854
73955
74042
74047
74185
74199
74283
74333
74402
74417
74447
74513
74783
74871
74891
75002
75025
75076
75086
75107
75153
75219
75273
75282
75308
75329
75357
75374
75421
75446
75491
75600
75642
75707
75763
75838
75888
75953
75982
76061
76080
76086
76235
76244
76262
76284
76338
76403
76425
76427
76431
76487
76495
76502
76543
76544
76677
76682
76690
76744
76936
76959
77023
77040
77089
77121
77176
77230
77252
77277
77361
77417
77533
77683
77733
77733
77836
77910
77938
77980
78100
78166
78261
78306
78317
78437
78450
78496
78499
78584
78748
78908
79179
79189
79250
79262
79292
79326
79488
79495
79497
79524
79599
79620
79658
79674
79746
80002
80022
80093
80127
80184
80233
80248
80264
80266
80300
80346
80404
80533
80545
80554
80567
80612
80618
80802
80827
80929
81013
81016
81097
81192
81325
81338
81373
81438
81501
81547
81631
81658
81661
81670
81677
81714
81739
81773
81847
81906
81914
82068
82085
82106
82119
82190
82321
82429
82430
82446
82561
82578
82612
82752
82800
82846
82902
82915
82933
82990
83077
83101
83103
83142
83238
83265
83279
83308
83401
83450
83459
83490
83498
83518
83520
83529
83569
83671
83675
83714
83720
83814
83834
83884
83913
83946
84060
84179
84512
84618
84628
84643
84666
84871
84979
84996
85005
85025
85104
85116
85131
85189
85190
85196
85267
85303
85310
85314
85538
85608
85608
85646
85748
85792
85988
86012
86035
86161
86238
86361
86388
86461
86461
86477
86504
86514
86534
86655
86688
86718
86835
86851
86915
86940
87040
87094
87104
87127
87180
87339
87420
87517
87518
87592
87609
87616
87624
87655
87731
87976
87978
88089
88140
88153
88162
88174
88191
88226
88269
88328
88381
88483
88483
88565
88625
88771
88789
88848
88933
88966
89040
89084
89220
89221
89449
89476
89553
89579
89658
89701
89746
89936
90258
90262
90265
90294
90324
90338
90466
90594
90765
90797
90883
90952
90969
90974
91064
91074
91140
91181
91265
91334
91369
91423
91567
91600
91666
91772
91818
91820
91998
92036
92105
92135
92152
92188
92226
92226
92231
92294
92314
92354
92370
92668
92684
92784
92861
92866
92944
92949
93088
93177
93193
93224
93290
93361
93437
93623
93725
93878
93887
93920
93941
94001
94079
94150
94150
94258
94367
94504
94539
94581
94682
94696
94710
94770
94775
94789
94827
94838
95048
95239
95264
95409
95470
95499
95570
95606
95654
95675
95709
95752
95850
95891
95988
96001
96049
96050
96141
96180
96201
96304
96312
96328
96435
96439
96452
96484
96528
96636
96656
96716
96717
96761
96764
96784
96809
96831
96837
96926
97006
97099
97121
97159
97518
97682
97689
97731
97819
97825
97863
97926
97964
97989
98082
98085
98097
98099
98105
98122
98126
98131
98167
98173
98214
98239
98317
98482
98543
98560
98599
98624
98626
98662
98665
98694
98940
98991
99116
99128
99237
99245
99296
99388
99424
99509
99629
99669
99753
99837
99881
99889
99992
100026
100063
100162
100168
100172
100303
100373
100374
100380
100391
100488
100562
100668
100712
100720
100743
100912
100922
100951
100975
101064
101088
101113
101120
101132
101305
101346
101431
101436
101463
101754
101875
101910
101945
101983
101997
102061
102070
102375
102454
102468
102479
102534
102574
102597
102650
102674
102742
102776
102776
102951
102988
102996
103005
103201
103240
103249
103341
103348
103372
103384
103391
103493
103503
103558
103648
103794
103853
103909
103961
103984
104054
104132
104163
104169
104188
104204
104229
104487
104520
104521
104547
104646
104678
104732
104909
104937
105041
105047
105149
105236
105290
105314
105368
105479
105586
105629
105684
105746
105749
105800
105846
105933
106132
106261
106335
106705
106788
106852
106896
106936
106968
106992
107018
107079
107149
107169
107238
107284
107287
107306
107404
107527
107583
107717
107723
107769
107807
107846
107872
107901
108063
108261
108325
108360
108416
108563
108604
108615
108622
108873
108936
109069
109212
109273
109313
109379
109416
109562
109626
109636
109724
109766
109793
109796
109838
109870
109923
110039
110119
110317
110366
110388
110466
110477
110499
110643
110647
110656
110793
110887
110970
110991
111007
111016
111023
111040
111130
111147
111164
111267
111511
111582
111709
111850
111899
111920
112009
112163
112211
112248
112488
112727
112750
112804
113013
113060
113067
113091
113196
113198
113298
113364
113494
113529
113655
113675
113765
113789
113805
113835
113910
113957
114014
114043
114048
114067
114165
114373
114373
114380
114585
114630
114707
114734
114813
114817
114882
114930
115035
115151
115184
115309
115322
115366
115693
115713
115717
115775
115903
115951
116068
116090
116185
116273
116282
116304
116308
116331
116377
116398
116442
116580
116597
116599
116621
116869
116871
116888
116925
117111
117423
117437
117516
117596
117635
117671
117711
117768
117769
117775
117819
117838
117883
117936
118042
118050
118089
118152
118225
118281
118344
118372
118405
118412
118480
118666
118690
118884
118993
119060
119106
119131
119395
119524
119579
119717
119739
119759
119782
119792
119812
119852
119856
119874
119966
119978
119997
120099
120104
120132
120144
120154
120163
120453
120534
120606
120613
120615
120628
120965
121014
121155
121176
121625
121668
121692
121704
121785
121831
121904
122008
122270
122358
122446
122494
122511
122531
122652
122721
122834
123113
123228
123299
123366
123458
123462
123604
123621
123708
123722
123764
123799
123802
123828
123902
123951
124023
124110
124166
124193
124227
124230
124276
124322
124355
124365
124381
124413
124469
124506
124595
124692
124697
124712
124792
124815
124833
124867
124909
124939
124959
124970
124989
125045
125110
125115
125155
125188
125197
125216
125247
125255
125313
125341
125346
125348
125388
125492
125502
125645
125677
125736
125893
125941
125947
126043
126276
126494
126556
126587
126617
126680
126724
126777
126812
126867
126878
126889
126987
127068
127103
127142
127268
127323
127455
127475
127530
127581
127753
127787
127797
127820
127925
128022
128064
128119
128286
128294
128371
128379
128395
128428
128502
128613
128620
128636
128653
128707
128735
128738
128798
128843
129398
129517
129600
129606
129722
129739
129928
130015
130102
130193
130202
130206
130352
130451
130470
130486
130507
130647
130676
130737
130741
130741
130798
130933
130992
131263
131264
131422
131546
131557
131566
131635
131725
131811
131900
131963
131984
131992
132007
132183
132249
132264
132278
132455
132537
132600
132624
132645
132724
132852
132935
132992
133001
133084
133331
133370
133399
133470
133521
133752
133797
133816
133842
133895
133948
133958
134006
134130
134140
134272
134280
134284
134336
134403
134418
134509
134513
134665
134749
134804
134830
134979
135037
135040
135060
135075
135089
135144
135222
135270
135306
135410
135534
135559
135560
135695
135703
135751
135793
135802
136012
136151
136202
136412
136438
136485
136674
136800
136819
136960
136997
136999
137148
137199
137220
137226
137239
137319
137383
137552
137564
137584
137764
137829
137886
137909
137999
138105
138164
138250
138341
138342
138396
138554
138559
138561
138572
138642
138666
138672
138683
138783
138872
138927
139177
139181
139228
139346
139502
139547
139548
139682
139704
139772
139776
139883
139966
140052
140105
140116
140184
140212
140275
140358
140475
140494
140501
140534
140640
140649
140670
140772
140831
140835
140864
140894
140904
140965
140981
140987
140992
141037
141102
141189
141231
141472
141641
141684
141712
141748
141762
141772
141863
142289
142365
142482
142483
142496
142511
142536
142596
142697
142903
142914
142919
142965
143039
143056
143166
143196
143201
143395
143543
143606
143759
143795
143862
143885
143968
144053
144127
144180
144192
144326
144386
144397
144588
144608
144747
144790
144830
144891
145067
145123
145144
145222
145262
145290
145335
145391
145412
145497
145519
145689
145713
145739
145817
145971
146135
146399
146404
146413
146438
146524
146585
146605
146708
146800
146955
147050
147323
147324
147331
147350
147444
147540
147581
147674
147846
147981
148035
148046
148085
148098
148213
148246
148255
148335
148475
148525
148588
148630
148776
148810
148972
148981
148985
149091
149092
149150
149172
149255
149259
149292
149391
149399
149411
149583
149626
149718
149748
149842
149934
149978
150002
150078
150177
150238
150320
150322
150572
150626
150656
150659
150665
150716
150878
151066
151495
151508
151572
151580
151643
151660
151694
151706
151868
151892
151917
151927
151984
152270
152274
152319
152407
152429
152442
152496
152802
152859
153008
153013
153078
153201
153214
153288
153440
153506
153545
153673
153705
153719
153724
153859
154002
154127
154181
154193
154327
154486
154494
154578
154618
154647
154702
154816
154879
154894
154922
154957
154985
155003
155188
155193
155243
155329
155402
155446
155499
155500
155567
155572
155691
155802
156144
156168
156201
156210
156303
156340
156403
156459
156485
156545
156597
156613
156679
156702
156784
156801
156868
157015
157261
157362
157405
157428
157540
157755
157850
158062
158084
158108
158258
158290
158372
158631
158633
158736
158787
158791
158813
158885
158927
158937
158962
159195
159253
159410
159460
159863
159941
160008
160058
160129
160288
160369
160559
160614
160682
160912
160914
160976
161070
161203
161276
161617
161655
161875
161947
161966
162178
162181
162208
162234
162357
162391
162428
162481
162484
162592
162807
162878
162986
163125
163206
163422
163447
163453
163488
163595
163597
163620
163702
163772
163811
163833
164032
164175
164330
164330
164424
164632
164656
164704
164706
164807
164953
165134
165136
165229
165301
165350
165402
165499
165535
165774
165952
166349
166435
166556
166560
166584
166659
166704
166707
166986
167037
167110
167141
167168
167228
167240
167377
167405
167861
167896
168165
168199
168222
168238
168288
168467
168473
168774
168777
168812
168826
168983
169125
169507
169545
169551
169725
169734
169747
169925
169946
170006
170039
170047
170141
170249
170288
170343
170369
170429
170523
170540
170571
170588
170738
170858
170888
170963
170967
171146
171277
171498
171591
171611
171699
171883
171958
172055
172280
172489
172497
172600
172610
172858
172944
173164
173328
173424
173568
173911
173918
173953
174003
174042
174087
174090
174147
174148
174172
174189
174311
174550
174612
174668
174711
174999
175017
175034
175117
175134
175228
175656
175755
175767
175949
176052
176385
176387
176418
176649
176693
176695
176720
176722
176832
176871
177095
177123
177269
177401
177429
177430
177531
177655
177686
177873
177915
178039
178151
178259
178492
178583
178739
178772
178847
178868
178915
179301
179402
179473
179659
179700
179810
179996
180021
180129
180138
180152
180273
180388
180403
180537
180546
180560
180927
181030
181104
181397
181437
181461
181462
181545
181612
181690
181856
181958
181972
182005
182077
182090
182202
182299
182370
182448
182456
182597
182666
182793
182992
183258
183348
183411
183681
183755
183784
184013
184315
184325
184378
184472
184554
184607
184844
184879
185145
185189
185501
185605
185720
185732
185894
185968
186128
186162
186164
186212
186229
186555
186613
186618
186699
186756
186967
187497
187598
187606
187634
187687
187895
187975
188038
188067
188246
188386
188479
188609
188615
188762
189019
189063
189098
189452
189470
189516
189528
189635
189902
189987
190094
190305
190376
190408
190464
190465
190504
190675
190681
190806
191131
191154
191216
191322
191348
191353
191371
191371
191377
191607
191794
191817
191994
192197
192329
192453
192662
192714
192898
193189
193472
193633
193918
193993
194226
194340
194379
194469
194537
194641
194793
194838
195038
195039
195333
195409
195412
195591
195728
195737
195745
195844
196104
196142
196293
196515
196628
196688
196773
196862
197071
197082
197364
197402
197521
197738
197904
197972
198123
198189
198752
198755
198803
198804
198838
198925
199043
199052
199182
199243
199677
199751
199803
199886
199951
199984
200035
200162
200209
200232
200304
200438
200536
200568
200710
200846
200910
201071
201372
201474
201593
201731
201873
201890
202154
202154
202184
202502
202605
202719
202818
203283
203391
203579
203602
204018
204149
204159
204177
204384
204594
204615
204616
204705
204905
204998
205081
205413
205447
205480
205587
205697
205875
206365
206389
206446
206499
206601
206745
206825
207419
207487
207570
207614
207928
208084
208109
208144
208198
208277
208328
208563
208569
208585
208673
208724
208822
208846
208877
209065
209247
209259
209444
209458
209539
209712
209748
209874
209883
209885
210100
210206
210301
210395
210429
210588
210754
210870
210876
210910
211090
211242
211271
211321
211720
212175
212367
212434
212459
212499
212942
213110
213472
213514
213572
213697
213726
213839
213842
213860
213956
214078
214203
214238
214386
214406
214429
214443
214454
214569
214779
214894
214950
214970
214980
214984
215052
215135
215193
215506
215555
215702
215738
215787
215951
215961
216129
216187
216359
216375
216387
216478
216517
216727
216909
217185
217282
217294
217372
217562
217748
217753
217866
217949
218064
218104
218116
218465
218800
218805
218854
219103
219120
219580
219701
219985
220552
220613
220663
220730
221074
221199
221412
221538
221546
221554
221729
221817
221937
222374
222762
222823
222890
223090
223162
223315
223454
223644
223686
223691
223693
223840
223877
223913
224068
224227
224516
224751
225391
225666
225700
225796
226007
226025
226359
226735
227133
227339
227670
227745
228002
228224
228488
228626
228747
228794
229250
229293
229306
229580
229746
229786
230333
230427
230542
230560
230601
230810
230817
230953
231246
231351
231356
231782
231804
231804
231906
232286
232782
232848
232901
232929
232934
233036
233156
233815
233898
234222
234534
234605
234925
234984
235207
235344
235437
235606
235647
235866
235928
235938
235945
236187
236250
236657
237286
237454
237804
237826
237887
237989
238441
238445
238496
238807
239195
239429
240050
240196
240321
240351
240375
240504
240752
240811
240882
240997
241085
241432
241641
241976
242352
242486
242503
242824
242864
242947
242977
243277
243370
243496
243618
243648
243662
243779
243859
244063
244163
244923
245383
246286
246340
246342
246523
246571
246592
247060
247204
247279
247814
248040
248316
248572
248604
248795
249171
249224
250000
250484
250584
250832
250835
251197
251247
251384
251672
251853
252308
252354
252463
252743
252996
253208
253237
253336
253434
253683
253844
253941
254004
254061
254207
254244
254527
254574
254650
254944
255013
255045
255090
255091
255212
255411
255712
255960
256156
256162
256601
257289
257391
257681
257732
257826
257884
257939
257980
258545
258594
258783
258862
259031
259055
259316
259454
259847
259963
260034
260407
260430
260608
260761
261050
261353
261509
261616
262129
262281
262740
263074
263285
263424
263618
263711
263929
264746
264757
264760
265002
265241
265330
265341
265700
265730
265874
266000
266198
266464
266504
266823
267021
267032
267231
267465
267531
267542
267591
267609
268069
268105
268154
268439
268599
269426
270618
270796
270909
270910
271051
271083
271651
271827
272042
272250
272328
272507
272589
272820
273011
273032
273125
273151
273344
273920
273967
274205
274410
274554
274734
274775
274833
274848
275284
275290
275406
275451
275473
275511
275619
275692
275801
275926
276594
277314
277417
277618
277882
278322
278920
279885
280210
280684
280792
280803
281569
281940
282725
282847
283015
283032
283137
283208
283609
283732
283833
283895
283979
284489
284555
284707
284982
285091
285231
285509
285779
285904
285965
286871
287550
287574
287655
289218
289271
289372
289497
289762
289979
289991
290062
290280
290334
290551
290608
290812
290894
290969
291007
291636
292256
292270
292482
293228
293652
294064
294306
294323
294349
294355
294688
295817
296405
296692
296733
296886
297095
297208
297281
299188
299757
299900
300190
300491
300516
300532
300999
301499
301858
302008
302076
302186
302266
302685
303111
303182
303262
303666
304133
304659
304775
305426
306373
306375
306408
306920
307048
307498
307540
308307
308552
308687
309763
309845
310108
311502
311552
311718
311948
312406
312896
313080
313250
313336
314211
314334
314766
314994
315414
315707
315932
316039
316044
316833
316993
317218
317233
317431
317805
318029
318669
318825
319067
319226
319698
320353
321308
321708
322122
322247
322362
322370
322373
326069
326175
326221
326512
327782
328160
329641
330080
330231
330325
330781
331089
332409
333306
333603
333934
334274
334893
334914
336391
337118
337794
338059
338423
339005
340068
341684
341708
342156
342751
342884
343002
344220
344311
344326
344615
344781
345423
346163
346922
349350
349918
350070
350136
350472
350646
350691
350726
350897
351094
351099
352065
352228
352296
352300
353216
353352
353854
354305
354602
354668
354714
354877
354979
355522
355804
355839
356134
356910
359140
359195
359233
359396
359480
359669
359766
360262
361267
362674
363331
365196
365309
365889
366987
367740
369052
369880
370129
370638
370756
370960
373282
373806
374592
374944
374945
375233
375425
376127
376466
376691
379412
380065
380190
381399
381406
381461
382514
384176
385023
386181
387066
387280
387457
388312
389834
391180
392976
394246
395696
395759
397102
397198
398062
398401
398955
399303
400493
401910
404030
406880
409191
411102
412153
413961
414248
419576
420115
420118
421400
422315
425352
425971
427066
428312
428324
428805
428889
430055
436576
438558
440183
443600
443619
445083
445183
445283
445406
445463
445896
446040
450533
456864
463419
463847
465354
470221
475564
478843
480516
490364
490731
490989
492946
495537
497720
505390
513850
534365
536181
539873
543129
548022
549334
553420
577021
582993
597560
605855
606282
654230
