0
0
91
143
222
357
630
1043
1216
1251
1255
1269
1276
1677
1785
1811
1868
1882
1925
2077
2172
2183
2233
2331
2369
2399
2500
2537
2586
2628
2659
2666
2698
2853
2866
2950
3060
3395
3557
3584
3647
3848
3941
3977
4202
4260
4270
4335
4360
4402
4676
4878
4895
4992
5021
5043
5137
5189
5237
5410
5453
5575
5709
6323
6349
6366
6391
6418
6420
6431
6492
6522
6634
6872
6907
6931
6950
6998
7011
7110
7183
7254
7270
7378
7402
7431
7464
7471
7473
7638
7651
7658
7743
7819
7868
7872
7883
7897
7917
7941
7996
8046
8143
8218
8297
8313
8349
8558
8582
8694
8706
8773
8814
8865
8982
9008
9052
9119
9228
9241
9280
9382
9416
9467
9472
9705
9732
9821
9919
9943
10003
10047
10293
10374
10527
10673
10709
10946
10984
10991
11042
11053
11059
11137
11158
11233
11374
11378
11481
11636
11729
11789
11919
12503
12525
12628
12673
12714
12722
12822
12913
12928
13046
13095
13123
13181
13269
13411
13459
13517
13536
13583
13717
13815
13961
14061
14129
14173
14405
14527
14543
14563
14859
14885
15014
15092
15154
15182
15366
15521
15680
16009
16172
16201
16263
16472
16523
16677
16717
16837
16968
17013
17076
17302
17542
17713
17928
18183
18281
18358
18409
18713
19145
19209
19324
19421
19511
19721
19729
19838
19907
20049
20277
20659
20878
20922
20967
20988
21017
21144
21190
21643
21685
21793
22150
22242
22256
22452
22529
22543
22547
22579
22623
22777
22978
22994
23234
23426
23444
23484
23547
23581
23643
23666
23721
23843
23874
24285
24369
24377
24380
24453
24562
24568
24572
24573
24729
24740
24856
24939
25004
25096
25114
25377
25378
25715
25728
25812
25876
25935
25941
26129
26226
26291
26662
26735
26748
26751
26821
26937
27037
27222
27487
27586
27637
27641
27757
27806
27866
27879
28001
28046
28062
28131
28152
28159
28350
28364
28400
28423
28504
28738
28739
28975
29009
29081
29323
29543
29567
29734
29758
29851
30028
30116
30145
30152
30366
30495
30550
30594
30672
30696
30819
30826
30852
30998
31216
31346
31379
31538
31640
31747
31792
31838
31982
31987
32068
32161
32165
32350
32353
32364
32454
32492
32564
32585
32598
32638
32929
32952
33060
33150
33263
33426
33802
34035
34226
34278
34344
34547
34610
34633
34672
34694
35016
35034
35158
35171
35207
35334
35421
35432
35498
35590
35639
35651
35790
35856
35913
36175
36478
36567
36775
36823
36829
36993
37376
37550
37625
37720
37758
37801
37820
37864
37883
38009
38278
38355
38681
38825
38864
38924
39176
39278
39381
39427
39523
39616
39644
39676
39779
39786
39809
39834
39845
40205
40212
40309
40317
40413
40476
40588
40648
40882
40889
40896
40964
41041
41060
41183
41198
41343
41377
41627
41719
41772
41800
41831
41916
41992
42097
42148
42165
42215
42288
42299
42312
42373
42380
42516
42684
42708
43030
43490
43586
43681
43801
43857
43867
43889
43958
44056
44108
44278
44425
44705
44728
44843
44973
45039
45216
45361
45383
45486
45680
45708
45777
45816
46150
46197
46210
46466
46483
46794
46938
47282
47301
47303
47531
47601
47729
48104
48212
48302
48467
48577
48847
48865
48973
49148
49365
49377
49408
49501
49540
49571
49606
49843
49927
49936
50014
50048
50134
50219
50225
50298
50391
50645
50734
50948
50958
51026
51042
51124
51197
51314
51395
51396
51596
51637
51639
51688
51732
51967
52137
52239
52282
52329
52369
52433
52721
52782
52868
52941
53087
53177
53354
53363
53373
53681
53865
53898
53923
53948
54101
54149
54316
54345
54477
54561
54654
54677
54715
54795
54875
54928
54956
55037
55055
55227
55344
55387
55590
55634
55724
55728
55751
55761
55879
55974
56213
56218
56358
56393
56482
56518
56554
56579
56598
56639
56932
57021
57023
57320
57428
57478
57485
57514
57559
57678
57727
57901
57921
57938
57976
58235
58446
58627
58752
58795
58804
58873
58899
58948
58970
59300
59433
59857
60009
60054
60057
60276
60334
60453
60715
60777
60873
60913
60937
61337
61379
61388
61516
61639
61708
61990
62024
62061
62199
62215
62458
62693
62886
63012
63088
63176
63186
63501
63696
63732
63791
63934
64047
64094
64163
64207
64290
64358
64378
64382
64508
64622
64660
64938
64954
65026
65131
65151
65193
65377
65481
65492
65555
65723
65942
65977
65982
66202
66220
66234
66316
66442
66574
66613
66619
66983
67321
67339
67542
67618
67643
67729
67932
67990
68031
68534
68562
68629
68855
68870
69166
69286
69296
69335
69480
69572
69594
69610
69665
69886
70046
70137
70218
70235
70317
70615
70683
70692
70852
70915
71118
71165
71178
71246
71485
71635
71791
71848
71883
71918
71967
72023
72033
72094
72099
72106
72298
72488
72742
72781
72803
72914
73026
73051
73265
73536
73651
73755
73768
73781
73785
73807
73823
73839
73849
73938
74009
74053
74066
74074
74382
74444
74454
74509
74548
74628
74777
74933
74985
75043
75145
75170
75246
75272
75377
75506
75531
75540
75585
75692
75728
75765
75824
75866
76046
76079
76090
76101
76146
76267
76320
76323
76398
76459
76530
76989
76996
77216
77294
77353
77394
77396
77608
77671
77736
77856
77921
77942
78056
78258
78267
78286
78414
78484
78592
78600
78602
78717
78911
79045
79271
79278
79432
79462
79516
79671
79750
79878
80014
80105
80111
80116
80153
80222
80262
80377
80975
80978
81036
81070
81082
81132
81325
81367
81397
81571
81596
81688
81819
81893
81989
82049
82372
82484
82494
82770
82795
82816
82832
82852
82855
83078
83079
83099
83162
83307
83307
83758
84021
84086
84090
84253
84306
84422
84568
84619
84723
84829
85051
85109
85156
85357
85382
85407
85477
85548
85583
85795
85964
86008
86343
86362
86373
86469
86533
86534
86575
86708
86721
86880
86959
86977
87034
87280
87530
87839
87923
88221
88319
88519
88540
88609
88617
88871
89509
89693
89698
89721
89821
89862
90039
90110
90306
90318
90470
90682
90765
90790
91220
91418
91595
91612
91617
91635
91831
91975
91976
92143
92425
92461
92541
92648
93096
93163
93287
93491
93884
93896
93967
94106
94309
94313
94408
94506
94608
94778
94829
94874
94912
95152
95344
95413
95682
95700
95717
95737
95909
95921
95927
96215
96259
96441
96490
96604
96623
96667
96712
96876
96879
96973
96992
97104
97301
97583
97655
97849
97916
97941
97970
98001
98148
98204
98243
98245
98259
98324
98762
98900
99172
99181
99252
99484
99698
99747
99953
99983
100163
100227
100247
100318
100372
100484
100736
100849
101104
101113
101526
101618
101683
101717
101778
101977
102262
102362
102653
102798
102807
103026
103584
103610
103610
103619
103631
103800
103818
103845
103877
103989
104013
104028
104046
104279
104322
104483
104794
104897
104951
105024
105061
105062
105104
105105
105108
105150
105198
105252
105394
105503
105663
105936
106068
106394
106450
106466
106665
106782
106909
106911
107060
107113
107159
107348
107371
107663
107744
107883
107944
107974
108008
108047
108200
108224
108348
108374
108443
108528
108615
108647
109000
109072
109180
109276
109338
109364
109437
109491
109690
109730
109754
109862
109875
109916
110163
110298
110672
110827
110923
111102
111140
111200
111201
111211
111238
111411
111412
111429
111538
111602
111650
111708
111912
111918
112075
112164
112200
112262
112323
112470
112529
112657
112699
112806
112907
113242
113453
113548
113954
113968
114054
114068
114224
114366
114429
114614
114771
114800
114907
114964
115067
115211
115479
115608
115960
116045
116232
116296
116328
116484
116549
116549
116628
116931
117178
117405
117610
117755
117973
118140
118413
118533
118574
118664
118854
118903
118924
118988
119032
119221
119273
119281
119385
119641
119756
119832
119834
119938
120251
120273
120416
120498
120555
120639
120657
120792
120913
121165
121992
122016
122152
122165
122196
122444
122455
122540
122553
122885
123049
123075
123286
123580
123641
123902
123976
124000
124288
124321
124324
124331
124335
124437
124619
124647
124797
124845
124955
125042
125459
125468
125540
126444
126467
126726
126820
126945
127076
127428
127541
127556
127684
127847
127850
128144
128149
128164
128236
128320
128417
128638
128763
128943
129582
129725
129756
129774
129996
130012
130264
130634
130715
130786
130917
131040
131067
131288
131290
131578
131891
131893
131939
132077
132281
132443
132580
132653
132711
133119
133223
133397
133412
133526
133651
133706
133936
134016
134191
134433
134522
134535
134573
134640
134846
134906
135100
135102
135498
135861
135904
136078
136140
136178
136275
136296
136396
136642
136643
136841
137070
137223
137374
137394
137503
137530
137674
137705
137787
137874
137892
138083
138303
138372
138661
139881
139962
139976
140049
140104
140129
140209
140323
140620
140656
140658
140739
141201
141309
141705
141736
141881
141989
142081
142215
142402
142417
142451
142697
142799
143007
143415
143795
143954
144250
144425
144718
144792
144840
144854
145311
145757
145946
145956
146000
146063
146073
146096
146141
146253
146796
146798
146844
146900
146920
147173
147257
147736
147942
147994
148425
148440
148661
148834
148842
148905
149043
149188
149340
149401
149445
149690
149962
150039
150190
150353
150483
150594
150773
150886
150891
150945
151057
151354
151448
151459
151501
151553
151604
151627
151818
152275
152380
152436
152506
152826
153695
154127
154255
154384
154482
154619
154635
154663
154670
154735
154773
154977
155088
155261
155331
155578
156040
156043
156059
156094
156106
156219
156281
156834
156882
157106
157349
157352
157506
157522
157533
157589
158227
158561
158606
158771
158973
159300
159523
159726
159906
160232
160320
160492
160567
160596
160665
161260
161791
161888
162102
162114
162261
162295
162366
162447
162766
162928
162942
163074
163327
163489
163722
163819
163820
164043
164064
164143
164216
164511
164544
164727
164894
165113
165536
165591
165840
166203
166258
166334
166867
167058
167521
167664
168494
168548
169722
169885
169905
170285
170369
170392
170416
170636
170750
170841
170867
170925
170925
171021
171146
171201
171761
172328
172351
172728
173241
173378
173448
173895
173926
173974
174221
174224
174370
174419
174485
174617
174664
174747
174792
175012
175432
175838
176007
176381
176440
176527
176720
177768
178121
178323
178829
179676
180060
180138
180307
180351
180411
180489
180530
180676
180693
180777
180845
180846
180983
181079
181222
181446
181466
181669
181685
181738
181794
181841
181903
182505
182655
182679
182699
183070
183134
183138
183471
183507
183656
183874
183967
184199
184228
185152
185230
185416
185455
185537
185749
185751
186109
186601
186655
187509
187559
187660
187678
187747
187950
188540
188628
188852
188878
188923
188961
188996
189195
189218
189331
189380
189409
190306
190578
190596
191263
191977
191987
192197
192976
193139
193513
193541
193594
193685
193945
194176
194191
194252
194511
194951
194971
195051
195165
195282
195470
195690
195885
196064
196098
196112
196499
196843
197070
197091
197622
197776
198028
198035
198186
198521
198851
198856
199967
200547
200879
200957
201004
201135
201147
201381
201778
201822
201974
202111
202404
202456
202510
202764
202876
202901
202973
203329
203373
203551
204044
204074
204669
204799
205604
205776
206695
206957
206981
207167
207227
207373
207426
207588
208030
208417
208575
208629
208883
209025
209367
209449
209581
210062
210688
210876
210918
211335
211982
212082
212175
212762
213282
213296
213346
213695
213813
214193
214264
214527
214667
214862
215166
215223
215470
215665
215800
216018
216613
216799
216821
217065
217101
217120
217454
217799
218131
218407
218600
219617
219641
219868
219916
220245
220398
221080
221366
221589
221590
222419
222474
222564
222697
222711
222779
223205
223246
223384
223998
224052
224391
224725
224849
225811
226016
226357
226486
226623
226727
227406
227585
227990
228717
228967
228982
229242
229880
231015
231040
231084
231174
231415
232496
232746
233119
233134
233165
233316
233332
233412
233734
233837
233860
233902
234209
234339
234743
234941
235216
235682
235806
236558
238549
239693
239801
239879
240103
240446
240878
240882
241264
241529
241987
242116
242178
243037
243045
243646
243683
243834
243945
244110
244237
244311
244754
245567
246023
246167
246220
246514
246564
247070
247537
248025
248396
248804
249163
249222
249464
249599
250092
250261
250642
250755
251985
252236
252913
252996
253030
253399
253504
253552
253570
253851
254117
254207
254478
254576
254739
255545
255594
256203
256241
256417
256762
257003
257595
258488
258917
260111
260147
260231
260355
260789
260865
262023
262105
262274
262910
262934
263119
263500
263529
263560
263745
264412
264564
265144
265787
265968
266056
266723
266984
266998
267146
267327
267407
267818
267982
268046
268416
268454
268968
268970
269936
270197
270251
270691
271073
271392
271476
272061
272456
272611
272854
273001
273834
273950
274326
274435
275546
275896
275949
276235
276880
277013
278475
278696
278767
279018
279631
279680
280234
280510
280603
280869
282850
283045
283129
283301
283467
283569
283636
283933
285574
287091
287437
287892
288956
289636
290974
291453
291841
291976
292351
292353
292642
293518
293786
295018
296337
296649
296671
297243
297711
298381
299223
300132
300532
300810
301085
301325
301608
302195
302587
302840
303694
304404
306073
306531
307583
307595
308985
309621
310127
310227
310232
310964
311388
311663
311694
311864
311984
312242
312634
313242
313798
315850
317339
320602
320805
321003
321945
322300
322704
323777
324552
324558
324584
324913
326080
328930
329523
329815
330313
332450
333989
335215
335698
336597
336904
340202
340982
341284
342619
345866
346218
346269
347525
347593
347863
348655
348935
348998
350244
351835
353424
355035
355829
356291
359598
359894
360256
361031
361386
362193
363669
364030
364731
365733
365951
366455
367159
369223
369943
369971
370981
374312
375449
376128
377250
378236
379431
379921
390105
390376
391840
392042
393086
393420
396255
396765
396813
400260
401000
401757
404301
406104
407073
409385
410482
410582
410618
418695
425455
428037
432930
434810
436136
439402
445129
450674
459219
465255
481277
482696
487347
497750
498434
501254
503787
504050
507488
510620
524135
535802
540419
