0
0
3
3
28
193
413
421
482
533
621
712
719
741
778
883
911
1070
1097
1121
1180
1513
1567
1570
1586
1643
1662
1682
1716
1728
1745
1783
1789
1836
1948
1967
2028
2050
2063
2074
2109
2133
2178
2269
2307
2349
2415
2496
2585
2594
2668
2714
2727
2786
3013
3014
3014
3071
3215
3216
3261
3294
3498
3504
3604
3696
3741
3812
3919
3947
4040
4127
4132
4187
4199
4326
4329
4338
4566
4670
4831
4877
4929
4944
5094
5095
5169
5264
5290
5316
5362
5387
5422
5676
5682
5736
5743
5768
5798
5874
5883
5970
5981
6006
6085
6181
6233
6258
6320
6378
6469
6519
6569
6746
6759
6877
6914
7066
7088
7106
7172
7356
7424
7446
7590
7641
7661
7676
7762
7794
7807
7951
8009
8131
8198
8213
8271
8544
8600
8634
8644
8735
8740
8792
8942
9107
9190
9224
9224
9249
9326
9327
9474
9582
9619
9622
9625
9658
9697
9935
10018
10051
10053
10133
10158
10176
10363
10429
10442
10702
10719
10812
10872
10899
10967
11123
11143
11158
11342
11444
11503
11678
11722
11753
11831
11862
11890
11954
12022
12032
12051
12061
12178
12360
12369
12463
12504
12545
12654
12700
12705
12724
12728
12777
12796
12859
12936
13047
13054
13066
13068
13087
13101
13108
13164
13172
13216
13224
13240
13355
13524
13536
13566
13666
13685
13686
14100
14121
14139
14149
14221
14242
14358
14478
14605
14658
14669
14681
14738
14780
14787
14790
14823
14834
14836
14870
14903
14938
14947
14963
15027
15114
15132
15267
15290
15335
15347
15372
15461
15581
15632
15775
15870
15889
15957
15971
16033
16074
16199
16400
16410
16557
16763
16843
16843
16941
17039
17039
17081
17127
17164
17167
17223
17258
17311
17374
17472
17698
17739
17744
17878
17985
18156
18174
18195
18204
18514
18576
18641
18693
18698
18699
18774
19024
19026
19029
19035
19096
19296
19389
19392
19424
19546
19635
19684
19714
19753
19916
20005
20057
20109
20168
20199
20199
20315
20424
20457
20510
20591
20606
20642
20730
20768
20781
20784
20788
20841
20851
20870
20928
20939
20969
21191
21391
21567
21651
21934
21966
22048
22199
22358
22594
22635
22639
22723
22725
22728
22743
22821
23172
23288
23341
23450
23524
23639
23647
23725
23755
23762
23779
23832
23841
23891
23929
23945
24009
24011
24033
24064
24138
24203
24225
24331
24582
24704
24745
24875
25115
25241
25292
25564
25587
25594
25626
25726
25791
25842
25921
26166
26187
26201
26202
26288
26309
26434
26469
26518
26552
26701
26715
27002
27037
27038
27065
27066
27095
27183
27184
27223
27236
27241
27381
27412
27517
27525
27612
27684
27810
27817
27826
27934
27963
28050
28060
28097
28131
28144
28177
28226
28245
28381
28502
28565
28609
28667
28668
28680
28706
28838
28886
28892
28929
28991
29022
29038
29061
29095
29135
29135
29160
29256
29308
29326
29344
29471
29474
29512
29596
29687
29724
29966
29969
30138
30166
30182
30231
30238
30399
30421
30446
30514
30516
30598
30625
30638
30659
30705
30815
30882
30902
30976
30994
31050
31145
31379
31381
31451
31458
31529
31535
31541
31586
31592
32027
32175
32183
32298
32299
32490
32503
32541
32558
32674
32706
32726
32768
32789
32868
32880
32891
33063
33150
33196
33200
33257
33263
33690
33756
33764
33920
33970
34084
34101
34110
34129
34208
34283
34399
34444
34458
34514
34564
34676
34745
34787
35090
35178
35243
35247
35279
35462
35463
35567
35605
35665
35847
35865
35866
35914
35933
35950
35970
36008
36129
36299
36304
36385
36399
36434
36472
36521
36526
36566
36603
36635
36642
36701
36810
36830
36876
36915
37074
37074
37111
37140
37155
37168
37192
37234
37254
37357
37492
37548
37690
37691
37886
37915
37936
37938
38081
38092
38194
38212
38283
38309
38342
38391
38395
38543
38574
38641
38785
38889
38949
38973
39051
39058
39152
39195
39201
39266
39273
39416
39517
39538
40030
40074
40274
40286
40299
40382
40423
40807
40827
40838
41116
41153
41205
41388
41480
41499
41554
41576
41634
41656
41857
41900
41968
41989
42029
42076
42081
42100
42144
42181
42599
42739
42780
42883
42922
42932
42948
43031
43136
43211
43213
43302
43405
43447
43466
43495
43540
43616
43799
43839
44007
44062
44063
44106
44166
44232
44517
44636
44637
44639
44699
44766
44771
44781
44999
45116
45321
45383
45451
45467
45533
45565
45580
45601
45702
45751
45786
45792
45831
45868
45904
45985
46023
46154
46219
46239
46506
46511
46535
46556
46577
46625
46906
47243
47282
47378
47470
47524
47526
47541
47573
47593
47594
47625
48058
48165
48200
48292
48305
48386
48393
48455
48475
48543
48568
48626
48661
48678
48701
48751
48792
48884
48971
49113
49287
49407
49595
49733
49786
49984
50067
50190
50394
50443
50489
50507
50588
50727
51077
51163
51233
51342
51363
51485
51588
51639
51698
51744
51751
51797
51885
52027
52227
52253
52259
52361
52400
52446
52469
52578
52633
52646
52666
52689
52714
52723
52762
52796
52800
52816
52823
52875
52992
53108
53139
53166
53206
53496
53559
53771
54011
54099
54247
54305
54332
54350
54372
54374
54469
54495
54528
54540
54707
54716
54913
54954
55023
55027
55101
55142
55178
55179
55258
55283
55284
55357
55378
55520
55554
55556
55638
55648
55654
55657
55699
55707
55910
55925
56193
56233
56280
56295
56309
56374
56415
56419
56452
56479
56487
56654
57239
57290
57395
57466
57535
57628
57629
57643
57696
57810
57830
58107
58173
58220
58223
58270
58302
58362
58437
58572
58593
58755
58783
58788
58877
58939
59055
59062
59090
59110
59289
59365
59423
59446
59457
59575
59603
59607
59623
59659
59790
59829
59844
59922
59931
60182
60316
60360
60391
60392
60400
60449
60463
60520
60645
60724
60743
60780
60785
60788
60801
60833
60953
60980
60992
61226
61312
61326
61435
61548
61549
61574
61666
61730
61743
61766
61851
61944
62032
62053
62266
62353
62407
62420
62433
62466
62468
62548
62568
62642
62757
62797
62832
62835
62851
62933
63045
63064
63300
63382
63418
63494
63563
63734
63842
63858
63885
63896
64129
64136
64203
64213
64319
64612
64655
64717
64762
64764
64769
64929
64945
65051
65206
65218
65248
65335
65451
65496
65500
65563
65818
65845
65847
65889
65927
65964
65969
66193
66255
66363
66399
66410
66412
66618
66657
66709
66799
66859
66890
67043
67052
67069
67129
67223
67229
67312
67387
67627
67834
67886
67893
67951
67992
68049
68139
68332
68340
68350
68472
68562
68675
68694
68809
68812
68927
68939
68941
69013
69047
69069
69196
69230
69394
69432
69551
69769
69799
69808
70064
70092
70324
70475
70506
70534
70633
70635
70689
70787
70798
70804
70897
71177
71282
71323
71533
71558
71723
71732
71747
71785
71819
71832
71845
71883
71899
71928
72127
72174
72232
72238
72367
72381
72471
72488
72536
72554
72618
72621
72689
72748
72944
72950
73089
73092
73096
73196
73226
73636
73651
73711
73791
74010
74028
74230
74436
74609
74829
74948
75028
75085
75419
75524
75697
75748
75776
76045
76105
76165
76219
76266
76355
76367
76414
76676
76696
76728
76875
77153
77256
77348
77383
77404
77432
77481
77501
77607
77795
77912
77938
77953
77962
77966
78027
78109
78128
78142
78261
78311
78339
78416
78532
78675
78776
78817
78945
79197
79214
79214
79311
79509
79886
79985
80048
80061
80111
80210
80263
80279
80290
80432
80554
80585
80644
80778
80940
81007
81089
81116
81181
81223
81523
81604
81620
81711
81717
81720
81723
81901
81930
82199
82248
82262
82309
82429
82484
82502
82583
82606
82767
82805
82897
82977
83094
83102
83110
83238
83371
83410
83520
83636
83647
83708
83931
83983
84170
84180
84217
84659
84952
85209
85260
85304
85333
85509
85756
85929
85980
86085
86117
86139
86315
86408
86427
86446
86575
86596
86615
86661
86840
87065
87068
87107
87109
87272
87461
87593
87675
87786
88014
88033
88294
88470
88486
88662
88691
88736
88879
88946
89009
89139
89201
89234
89441
89456
89485
89582
89704
89726
89861
89966
90024
90039
90216
90533
90639
90647
90698
90756
90772
91061
91079
91107
91108
91132
91211
91297
91301
91324
91404
91460
91467
91598
91609
91637
91720
91760
91918
92024
92158
92178
92279
92319
92513
92678
92706
92912
93096
93173
93362
93481
93736
93817
94240
94321
94344
94411
94465
94498
94505
94576
94639
94684
94829
94996
95006
95047
95285
95425
95464
95670
95722
95925
95992
96000
96020
96050
96134
96375
96489
96492
96679
96737
96739
96939
96943
97089
97152
97202
97387
97572
97590
97609
97759
97871
97951
98234
98343
98426
98476
98609
98639
98899
99018
99056
99059
99161
99193
99230
99383
99399
99560
99620
99624
99781
99799
100106
100219
100274
100299
100302
100432
100514
100704
100869
100998
101169
101358
101359
101418
101466
101532
101752
101809
101831
102070
102121
102144
102175
102189
102215
102267
102327
102329
102367
102434
102560
102774
102795
102946
103020
103035
103253
103295
103312
103399
103536
103776
103932
103992
104054
104070
104194
104367
104375
104447
104470
104498
104584
104895
104981
104988
105431
105471
105495
105524
105722
105903
105941
106197
106602
106800
106901
107096
107198
107224
107226
107247
107287
107338
107433
107452
107476
107614
107618
107689
107742
107900
108145
108224
108251
108261
108318
108319
108353
108383
108649
108735
108969
109024
109103
109182
109228
109327
109461
109483
109543
109588
109590
109630
109706
109753
109869
110086
110111
110159
110465
110499
110601
110646
110732
110750
110938
110987
111218
111220
111311
111441
111516
111588
111652
111952
111996
112022
112025
112432
112500
112569
112664
112750
112849
112924
113151
113185
113234
113338
113947
114051
114078
114333
114358
114372
114439
114457
114511
114517
114523
114583
114640
114643
114860
114891
114944
115150
115320
115456
115465
115495
115613
115824
115846
115907
115938
115978
116208
116249
116321
116383
116584
116594
116747
116864
116984
117000
117016
117124
117178
117247
117284
117352
117374
117412
117447
117449
117513
117568
117677
117775
117889
117954
117985
118228
118289
118381
118418
118495
118726
118931
119179
119306
119438
119527
119625
119764
119808
119822
120019
120020
120064
120289
120292
120374
120398
120511
120773
120915
121165
121227
121308
121353
121496
122009
122028
122036
122128
122152
122243
122246
122357
122396
122495
122536
122714
122847
122848
122873
122877
123015
123134
123336
123350
123449
123509
123511
123524
123564
123578
123581
123745
123846
123849
123891
123951
123990
124033
124045
124359
124434
124448
124479
124636
124647
124697
124807
124979
125378
125517
125518
125550
125594
125708
126094
126552
126624
126901
126999
127003
127012
127038
127091
127137
127150
127281
127704
127736
127821
127914
127931
128113
128123
128252
128434
128434
128494
128658
128863
128891
129170
129265
129387
129473
129482
129768
130009
130041
130042
130069
130096
130113
130161
130231
130260
130421
130683
130766
130888
131059
131100
131301
131316
131377
131485
131527
131607
131624
131653
131748
131767
131783
131832
131961
132006
132109
132153
132236
132244
132422
132545
132548
132643
133089
133143
133232
133573
133632
133755
133878
133990
134128
134468
134488
134502
134546
134632
134780
134792
134928
134989
135043
135056
135417
135570
135796
135983
136340
136463
136567
136627
136634
136752
136761
137005
137011
137068
137159
137467
137598
137682
137820
137931
138056
138323
138333
138404
138445
138816
138817
138950
138988
139366
139399
139410
139414
139646
139756
139808
140103
140393
140474
140482
140527
140608
140623
140675
140820
140824
140978
141057
141078
141135
141184
141400
141418
141433
141444
141546
141568
141718
141770
141939
142064
142289
142333
142833
142948
143062
143082
143095
143211
143213
143329
143660
143728
143826
143832
143843
144003
144166
144454
144692
144734
144761
144835
144991
145216
145220
145316
145510
145524
146272
146445
146540
146832
146850
147138
147227
147264
147631
147745
148064
148082
148117
148125
148164
148267
148376
148772
148777
148879
148909
148931
149135
149223
149367
149373
149439
149491
149664
149689
149709
149776
149935
150231
150320
150833
150871
150882
151031
151372
151422
151660
151798
151801
152116
152166
152266
152392
152634
152677
152713
152929
153080
153435
153619
153796
153798
153883
153914
153949
154015
154175
154208
154221
154244
154363
154406
154409
154436
154645
154757
154965
154976
155232
155240
155359
155674
156365
156369
156420
156449
156718
156723
156723
156844
156844
156943
156943
157038
157148
157169
157324
157338
157422
157595
157666
157867
158201
158311
158484
158878
158946
159138
159219
159705
159821
159891
159992
160101
160179
160323
160701
161220
161227
161294
161313
161318
161426
161473
161648
161655
161701
161775
161894
162070
162303
162324
162371
162447
162529
162828
163113
163252
163271
163705
163885
163906
164010
164071
164279
164371
164457
164528
164668
164693
164712
164743
164928
165045
165549
165579
165603
165745
165909
165930
166074
166159
166255
166663
166892
167105
167207
167413
167506
167552
167656
167730
167743
167852
168565
168714
168766
168796
168908
168927
169124
169171
169659
169827
170373
170480
170503
170567
170625
170675
170737
170755
170825
171029
171058
171101
171174
171279
171410
171493
171563
171684
171795
171812
172182
172248
172537
172725
172777
172781
172868
172876
172953
173135
173193
173228
173751
173940
173961
174059
174066
174306
174436
174909
174969
174981
175155
175214
175372
175468
175485
175790
175991
176027
176482
176636
176673
176726
176828
177290
177336
177893
177920
177921
177981
178002
178101
178102
178134
178191
178753
178939
179288
179295
179404
179409
179467
180129
180326
180336
180355
180366
180367
180374
180542
180795
180892
180921
180964
180971
181037
181383
181656
181665
181688
181911
181937
182012
182250
182316
182671
182779
183149
183194
183363
183845
183958
184050
184195
184505
184615
185111
185156
186057
186222
186360
186636
186650
186697
187023
187139
187504
187541
187805
187984
188295
188602
188948
189525
189598
189724
189735
189753
190045
190386
190589
190678
190789
191026
191134
191160
191218
191337
191349
191416
191449
191502
191539
191560
192179
192244
192297
192667
192779
193159
193626
193726
193825
193884
194114
194120
194157
194210
194280
194571
194620
195085
195316
195422
195532
195728
195881
196027
196358
196383
196439
196502
196517
196642
196657
196689
196739
196741
197087
197327
197363
197477
197501
197624
197699
198009
198231
198298
198322
198361
198497
198575
198771
198896
199161
199214
199543
199837
199872
200033
200607
200879
201032
201058
201171
201229
201334
202076
202179
202487
202820
202913
202949
203243
203548
203688
203694
203859
204144
204430
204456
204544
204586
204810
204970
205108
205264
205330
205516
205626
205735
206037
206540
206719
207177
207508
208019
208874
209092
209187
209285
209333
209388
209740
209792
209868
209930
210022
210287
210369
210676
210719
210882
211032
211358
211476
211735
211796
211850
211978
211980
212384
212456
212638
213487
213696
213778
213780
214050
214096
214709
214742
214989
216307
216677
216709
216806
216970
217340
217343
217453
217560
218005
218105
218208
218407
219088
219196
219270
219380
219626
220445
220483
220624
220843
220932
220933
221938
222032
222338
223372
223704
223719
223760
223771
224018
224455
224804
224990
225082
225179
225238
225349
225565
225586
225638
226094
226353
226430
226441
226999
227053
227279
228022
228215
229193
229632
229657
229806
229990
230055
230231
230503
230569
230752
231240
231424
231703
231944
232161
232332
232466
232930
233182
233192
233348
233904
233975
234393
234574
234612
234970
235219
235482
235822
235918
236256
237242
237372
237707
237728
237898
237927
238474
238727
238778
239291
239839
239997
240081
240411
240534
240599
240720
241220
241360
241658
241704
241768
242080
242172
242336
242406
242441
242472
242543
243049
243062
243246
243311
243604
243668
243902
243987
244051
244321
244385
244400
244451
244676
244777
245241
246386
246625
247515
247715
247942
248160
248281
248541
248601
248712
248748
248852
249200
249210
249254
249340
249890
250025
250241
250525
250533
250547
250746
250749
250809
251016
251142
251240
251449
251552
251556
251604
252084
252992
253068
253763
253803
253883
254200
254225
254848
254964
255014
255077
255129
255288
255335
255467
255770
255817
256331
256581
256638
256861
257136
257335
257497
257570
257834
258187
258398
258790
259666
259736
259765
259778
259879
260598
260605
260893
260945
260971
261555
262102
262143
262335
262472
262681
262786
263025
263473
263550
263563
263691
263884
263975
264120
264153
264314
264540
266014
266201
266343
266402
266420
266556
266796
266831
267725
267735
267966
268109
268161
268478
268864
268952
269211
269839
269866
270572
270887
271596
271930
272112
272616
272905
273148
273336
273924
274196
274919
275110
275423
275544
275941
276102
276627
276909
276994
277685
277830
278272
278273
278927
278931
279785
281002
281040
282597
282848
282926
283242
283369
283635
284103
284108
284900
284946
285181
286232
286463
286536
286939
287065
287311
287352
287356
287393
288656
289568
289952
290210
290899
291174
291237
291291
291293
291384
291552
291721
292080
292385
293108
293189
293221
295396
295670
297077
297430
297738
297894
298513
298837
298986
299061
299197
299906
301179
301392
301556
301610
301704
301757
302242
302751
302814
303008
303119
303227
303437
303618
304359
305166
305236
305476
305550
305781
305865
306202
306565
307906
308019
308297
308389
308520
309499
310056
310287
310331
310503
310772
311063
312954
313085
313411
314621
314668
314848
316572
316639
317128
317239
317643
318196
318587
318911
318911
318977
319125
319769
319938
320045
320308
321156
321445
321765
322113
322866
324051
325380
325726
325772
326251
327495
331647
331741
332674
333845
334169
334175
335157
335256
335294
335596
336202
336326
336652
337108
337735
338708
339060
341466
341914
342382
343338
343454
345032
345736
348732
348964
349093
351487
351567
351802
351820
352125
353211
354917
356183
357718
357729
358099
360821
361190
362652
362733
363274
364808
364936
365730
368658
369548
369805
370951
371570
371892
372277
372419
372666
373044
373600
374323
377547
380834
380994
381727
383219
383600
384122
386695
389287
389790
390738
391869
391922
392576
392911
393016
393717
394766
396111
397425
398385
398688
401638
402059
403314
405061
406432
412763
415862
421654
425167
426212
429389
429851
434251
434949
435225
442242
445201
447121
449751
451542
461884
469611
472096
474321
476013
478055
483825
491019
500993
503067
508783
512328
512980
515113
528354
534164
539763
543728
546818
564248
590765
689558
