0
0
12
44
45
88
198
250
276
452
507
617
657
658
714
763
1025
1072
1146
1152
1234
1418
1430
1463
1542
1552
1576
1581
1588
1660
1746
1763
1772
1814
1897
1943
2134
2211
2227
2343
2417
2489
2559
2573
2634
2658
2740
2795
2845
3026
3028
3031
3035
3056
3075
3135
3174
3200
3213
3253
3257
3374
3460
3511
3571
3609
3762
3987
4019
4173
4335
4338
4368
4458
4498
4616
4619
4639
4699
4768
4782
4879
4949
4963
4976
5023
5063
5071
5080
5098
5124
5134
5209
5218
5226
5361
5462
5565
5726
5773
5797
5821
5868
5985
6052
6067
6155
6191
6207
6256
6269
6343
6583
6583
6718
6833
6853
6903
6920
6945
6966
7172
7200
7420
7454
7468
7529
7596
7601
7688
7750
7757
7958
7958
8014
8030
8051
8060
8068
8076
8077
8079
8096
8124
8137
8192
8278
8311
8362
8451
8495
8530
8553
8605
8650
8667
8692
8697
8757
8831
8842
8986
9174
9209
9245
9264
9346
9366
9401
9435
9522
9578
9661
9717
9774
9809
9888
9917
9988
10121
10154
10212
10280
10324
10329
10404
10506
10518
10539
10608
10609
10770
10807
10888
11110
11201
11413
11416
11578
11586
11617
11619
11665
11760
11761
11802
11852
11861
11873
12038
12224
12244
12246
12319
12320
12362
12497
12524
12536
12551
12699
12757
12854
12902
12906
13082
13086
13144
13147
13282
13293
13322
13367
13382
13400
13432
13448
13477
13503
13613
13701
13716
13764
13981
14001
14110
14171
14268
14322
14455
14500
14522
14573
14611
14705
14834
14893
14908
14971
14984
15023
15054
15149
15149
15372
15440
15562
15590
15686
15736
15749
15753
15827
15828
15878
15978
16004
16070
16214
16299
16310
16351
16425
16654
16659
16699
16714
16717
16724
16744
16757
16778
16894
17092
17111
17146
17177
17218
17265
17342
17370
17439
17508
17529
17655
17674
17945
17980
18001
18063
18116
18172
18197
18212
18239
18253
18529
18592
18682
18689
18739
18820
18856
18858
18860
18929
18937
18975
19000
19013
19171
19256
19430
19864
19947
19952
20046
20052
20128
20175
20218
20221
20286
20295
20387
20485
20646
20664
20721
20762
20908
21241
21327
21364
21396
21471
21516
21533
21618
21740
21820
21997
22095
22140
22202
22207
22272
22278
22319
22426
22493
22575
22598
22607
22633
22700
22744
22767
22918
22956
23077
23170
23313
23379
23434
23524
23548
23579
23937
23981
23982
24010
24110
24267
24360
24385
24496
24554
24583
24628
24770
24776
24821
24939
25045
25059
25074
25096
25159
25449
25463
25535
25559
25611
25643
25710
25717
25779
26127
26156
26181
26290
26510
26682
26710
26739
26822
26824
26929
26930
27042
27085
27140
27155
27185
27282
27325
27440
27534
27537
27539
27647
27652
27671
27772
27909
27919
27946
28032
28040
28088
28137
28161
28233
28260
28267
28523
28575
28623
28636
28650
28670
28679
28691
28711
28733
28874
28892
28948
29042
29095
29122
29161
29319
29332
29576
29604
29666
29682
29793
29797
29810
29877
29929
29964
30074
30097
30259
30492
30546
30636
30710
30715
30719
30734
30793
30836
30884
30889
30953
30964
30998
31039
31167
31234
31290
31452
31562
31566
31652
31694
31787
31824
31962
31994
32046
32138
32200
32411
32465
32639
32658
32698
32770
32860
32959
33004
33004
33063
33123
33180
33321
33369
33473
33504
33536
33674
33790
33828
33850
33859
34042
34198
34311
34352
34449
34463
34513
34523
34593
34713
34885
34891
34961
34996
35066
35100
35119
35166
35219
35284
35299
35364
35401
35427
35521
35575
35618
35640
35653
35657
35841
35902
36056
36135
36267
36284
36327
36352
36397
36421
36502
36508
36621
36712
36751
36788
36803
36817
36822
36833
36915
36966
36970
37045
37090
37149
37157
37165
37271
37471
37609
37610
37748
37795
37819
37824
38087
38144
38216
38259
38275
38322
38636
38665
38667
38727
38737
38953
38974
39021
39111
39205
39411
39448
39458
39561
39574
39574
39605
39622
39783
39817
39852
39877
39997
40069
40074
40115
40185
40186
40198
40200
40344
40416
40509
40526
40580
40754
41188
41197
41448
41535
41649
41817
41834
41977
42034
42050
42057
42143
42232
42263
42436
42564
42655
42665
42667
42679
42691
42775
42780
42933
42937
42974
43008
43024
43132
43153
43160
43200
43269
43320
43473
43582
43595
43597
43624
43635
43640
43662
43727
43835
43844
43853
43900
43925
43951
44102
44143
44275
44401
44676
44788
44809
44864
45097
45128
45334
45509
45534
45619
45683
45726
45761
45783
45810
45994
46035
46049
46139
46191
46194
46198
46301
46378
46499
46557
46601
46644
46785
46806
46922
46940
46954
46957
47017
47092
47108
47207
47348
47348
47447
47541
47545
47572
47604
47643
47660
47670
47678
47752
47858
47940
47953
47954
48235
48274
48288
48300
48305
48351
48372
48619
48640
48653
48852
48897
49037
49055
49164
49184
49271
49313
49588
49591
49603
49785
50022
50037
50252
50304
50309
50590
50632
50710
50732
50827
50900
51072
51467
51497
51509
51571
51588
51618
51685
51739
51799
51874
51935
51967
51974
51974
52008
52060
52124
52158
52180
52228
52230
52347
52420
52477
52484
52549
52585
52589
52593
52660
52673
52742
52753
52778
52802
52810
53035
53121
53253
53266
53339
53346
53382
53495
53527
53527
53544
53600
53613
53657
53834
53862
53924
53934
53998
54255
54313
54326
54364
54440
54500
54532
54620
54642
54682
54728
54735
54736
54742
54748
54769
54798
54815
54826
54871
54903
54909
54996
55299
55378
55424
55483
55508
55522
55543
55626
55693
55713
55816
55870
55881
55939
55948
55972
56237
56251
56288
56340
56359
56405
56483
56534
56543
56866
56913
57071
57113
57145
57199
57224
57278
57342
57382
57419
57434
57481
57546
57558
57565
57671
57728
57762
57789
57902
57935
58057
58136
58209
58317
58362
58368
58384
58406
58426
58442
58576
58750
58806
58873
58943
58994
59049
59153
59169
59460
59534
59573
59621
59708
59801
59811
60167
60243
60318
60394
60449
60507
60545
60687
60751
60887
60889
60911
61195
61221
61353
61479
61479
61666
61832
61849
61971
61989
62006
62020
62095
62176
62184
62269
62282
62347
62362
62376
62505
62532
62580
62660
62673
62754
62890
62928
63113
63227
63432
63526
63601
63642
63750
63796
63935
63967
63968
64038
64038
64112
64120
64179
64213
64264
64359
64512
64646
64780
65039
65048
65127
65155
65301
65324
65494
65497
65696
65740
65763
65818
65855
65857
65885
65907
65948
66111
66123
66249
66297
66336
66421
66532
66613
66617
66644
66717
66806
66857
66960
66961
67045
67100
67104
67133
67204
67336
67516
67519
67580
67776
67825
67948
67952
68028
68068
68094
68358
68437
68536
68605
68609
68660
68679
68723
68727
68750
68792
68837
69089
69092
69156
69190
69208
69229
69548
69569
69581
69719
69780
69832
69859
70009
70064
70119
70169
70234
70285
70332
70403
70528
70656
70692
70843
70850
70976
70988
71041
71046
71128
71139
71273
71286
71324
71365
71413
71454
71506
71521
71599
71642
71676
71748
71768
71783
71842
72288
72294
72295
72379
72568
72617
72686
72735
72849
72888
73079
73080
73138
73389
73434
73549
73594
73669
73671
73684
74014
74023
74047
74282
74330
74407
74416
74551
74595
74595
74601
74602
74648
74845
74921
75011
75022
75052
75244
75288
75478
75914
75965
76026
76110
76152
76306
76331
76427
76547
76601
76786
76819
76892
76941
77010
77169
77176
77226
77275
77577
77695
77767
77768
77813
77863
77951
77961
77971
78075
78096
78233
78477
78544
78595
78707
78793
78796
78858
78875
78922
79001
79218
79382
79503
79593
79602
79718
79844
79863
79938
80006
80061
80142
80301
80361
80372
80432
80479
80495
80537
80538
80557
80594
80601
80708
80725
80734
80765
80797
80983
81027
81030
81081
81084
81206
81255
81260
81305
81522
81579
81730
81889
82143
82266
82443
82481
82516
82594
82605
82659
82709
82815
82854
82890
82951
83027
83200
83266
83291
83294
83314
83559
83607
83662
83667
83678
83796
83832
83964
84181
84197
84220
84244
84292
84321
84400
84437
84535
84661
84692
84695
84726
84736
84777
84849
84874
84882
85089
85133
85213
85373
85388
85530
85538
85597
85729
85981
86006
86046
86078
86087
86178
86202
86309
86361
86390
86431
86479
86518
86564
86770
86801
86807
87064
87086
87114
87115
87119
87263
87281
87286
87299
87299
87311
87337
87684
87836
87872
87916
87973
87978
88111
88112
88200
88238
88359
88636
88702
88862
88922
89082
89157
89331
89523
89566
89605
89605
89731
89950
89983
90107
90119
90158
90175
90212
90368
90531
90695
90704
90749
90778
90833
90853
90870
90872
90997
91193
91322
91494
91586
91850
92005
92013
92016
92017
92162
92181
92208
92245
92348
92514
92540
92572
92579
92632
92773
92803
92822
92869
92876
92922
93001
93020
93092
93123
93140
93264
93345
93379
93566
93879
93885
93905
94001
94077
94103
94187
94219
94232
94237
94390
94402
94451
94485
94537
94633
94648
94664
94712
94773
94787
94790
94911
94953
95041
95048
95092
95189
95203
95315
95357
95662
95759
95874
96081
96084
96126
96182
96473
96818
96984
97003
97225
97233
97319
97396
97466
97485
97666
97703
97713
97982
97990
98000
98015
98032
98046
98092
98222
98430
98473
98481
98612
99028
99056
99174
99334
99714
99993
100032
100050
100083
100215
100260
100332
100370
100411
100419
100525
100586
100654
100757
100837
100891
100896
100965
100994
101059
101222
101541
101566
101613
101779
101783
101896
101936
101955
101979
102004
102191
102271
102279
102303
102319
102372
102382
102413
102417
102579
102625
102634
102726
102872
102981
102999
103159
103233
103254
103369
103569
103886
103942
103968
104029
104161
104223
104238
104317
104329
104369
104601
104628
104668
104715
104767
104954
105045
105129
105149
105288
105327
105365
105434
105629
105658
105846
105887
105893
106025
106140
106221
106275
106293
106744
106771
106782
106965
106980
107198
107250
107260
107261
107301
107508
107551
107618
107689
107847
107847
107862
108007
108158
108206
108306
108387
108457
108589
108627
108635
108714
109206
109370
109425
109431
109504
109536
109593
109841
109937
110156
110173
110568
110937
110939
110957
110984
111162
111166
111286
111459
111462
111506
111577
111717
111787
111947
111990
112098
112175
112228
112292
112296
112468
112503
112790
112821
112955
113099
113111
113383
113413
113491
113592
113731
113732
113790
113815
113868
113868
113890
114120
114165
114218
114408
114409
114439
114534
114592
114733
114788
114817
115002
115012
115044
115058
115171
115267
115422
115435
115468
115519
115752
115780
115792
115864
115919
116021
116024
116079
116217
116306
116407
116559
116642
116700
116819
116919
116936
116962
117003
117075
117166
117254
117260
117365
117402
117505
117539
117582
117712
117756
117814
117996
118035
118056
118172
118221
118268
118324
118422
118475
118619
118621
118650
118709
118748
118994
118995
119018
119156
119200
119234
119293
119350
119366
119485
119526
119565
119761
119818
120130
120317
120372
120464
120615
120673
120704
121030
121127
121289
121356
121561
121747
121785
121815
121829
121850
121890
122050
122057
122122
122404
122546
122586
122694
122796
122858
123022
123372
123463
123735
123895
123925
123946
124093
124136
124181
124385
124386
124387
124465
124511
124842
124896
124940
125273
125323
125594
125643
125715
125825
125887
125898
126015
126099
126111
126338
126434
126513
126561
126695
126775
126968
127127
127236
127238
127283
127342
127349
127486
127539
127576
127723
127832
128121
128284
128325
128386
128545
128559
128559
128578
128598
128764
128769
128794
128965
129038
129049
129069
129109
129296
129442
129470
129881
129951
130044
130061
130084
130197
130262
130318
130347
130373
130382
130671
130821
131045
131112
131181
131218
131271
131355
131499
131608
131742
131889
132057
132353
132498
132549
132624
132801
132878
133024
133045
133170
133214
133218
133308
133332
133438
133654
133831
134060
134076
134284
134362
134450
134540
134641
134863
134863
135067
135147
135283
135509
135732
135888
136020
136139
136211
136211
136258
136320
136372
136537
136729
136757
136797
136823
136898
136976
137215
137555
137754
137805
137877
138013
138222
138335
138421
138435
138542
138794
139021
139023
139058
139152
139201
139205
139336
139429
139636
139714
139717
139748
139777
139933
140026
140324
140448
140580
140680
140687
140742
140789
140851
140874
140893
140958
141143
141146
141295
141413
141424
141635
141721
141749
141844
141925
142054
142068
142162
142191
142251
142357
142536
142716
142737
142876
142935
143100
143109
143110
143192
143321
143738
143773
143999
144036
144076
144195
144348
144352
144435
144479
144532
144592
144635
144645
144658
144662
144722
144806
144880
144912
145002
145003
145085
145175
145245
145481
145512
145557
145661
145672
145703
145742
145903
145917
146035
146060
146116
146284
146647
146687
146737
146752
146757
147119
147567
147654
147695
147915
147962
148143
148205
148246
148442
148449
148477
148485
148501
148661
148836
148937
148940
149037
149080
149139
149247
149428
149648
149861
150296
150314
150391
150399
150453
150456
150499
150567
150661
150735
150848
150903
150996
151045
151049
151084
151127
151201
151251
151517
151748
151828
151845
151986
151994
152158
152274
152391
152450
152552
152906
153030
153090
153311
153429
153693
154045
154154
154256
154514
154610
154835
154854
154882
155018
155031
155071
155205
155245
155268
155520
155621
155682
155787
155804
155904
155975
156055
156161
156332
156632
156657
156917
156978
157090
157280
157288
157347
157349
157409
157524
157558
158015
158426
158561
158666
158865
158918
158940
159075
159109
159307
159415
159422
159607
159722
159787
159994
160159
160250
160394
160597
160745
160782
161076
161152
161578
162217
162293
162342
162439
162734
162884
162900
163281
163642
163672
163822
163989
164032
164330
164368
164512
164523
164922
165057
165254
165686
165972
166175
166298
166744
166889
167021
167473
167522
167540
167549
167554
167650
167671
168068
168071
168272
168418
168510
168970
169075
169653
169968
170187
170200
170243
170502
170518
170546
170622
170702
170748
170876
170919
170992
171008
171139
171257
171593
171804
171907
172378
172745
172993
173132
173229
173260
173304
173405
173558
173607
173805
173817
174373
174423
174477
174573
174609
174632
174638
174970
175129
175190
175247
175259
175634
175655
175992
176066
176198
176501
176534
176535
176562
176563
176878
177183
177956
178428
178491
179116
179315
179538
179645
179661
180004
180503
180747
180863
181027
181066
181316
181621
181632
181911
182064
182153
182186
182260
182378
182451
182531
182697
182811
183247
183341
183377
183448
183566
184012
184122
184174
184177
184193
184436
184582
184757
184873
185115
185219
185447
185939
186115
186449
186511
186600
186731
186788
186876
187020
187541
187631
187631
187637
187669
187978
188123
188180
188461
188548
188584
188634
188684
188859
189062
189066
189240
189378
189438
189718
189797
190085
190181
190234
190318
190322
190328
190511
190776
190796
190885
191062
191071
191147
191372
191591
191597
191803
191864
192504
192652
192705
192721
192929
193143
193246
193259
193295
193370
193414
193499
193588
193635
193684
193909
193949
193964
194295
194369
194375
194587
195182
195636
195644
195709
195718
196163
196176
196329
196342
196737
196848
196913
197197
197411
197480
197655
197737
197762
197904
197950
198092
198138
198156
198167
198790
198870
198905
198933
198936
199290
199430
199699
199706
200685
200713
200765
201198
201354
201408
201413
201546
201550
201747
202343
202375
202614
202841
202966
203048
203116
203395
203474
203612
203796
203854
204240
204308
204930
205040
205139
205280
205282
205298
205338
205527
205944
206008
206136
206726
206989
207014
207179
207189
207295
207691
207936
208075
208374
209019
209335
209460
209702
210008
210008
210303
210328
210508
210808
211529
211620
211880
212014
212326
212572
212593
212698
212845
212927
212972
212996
213324
213503
213751
213766
213804
213933
214103
214145
214199
214244
214327
214410
214596
214635
214643
214930
214985
215111
215235
215302
215485
215687
216340
216366
216518
216539
216690
217084
217144
217314
217471
217495
217667
217749
217757
218102
218358
218390
218430
218582
219239
219451
219638
219696
219710
219877
219983
220122
220213
220298
220787
220910
220960
220979
221360
222170
222176
222211
222287
222309
222341
222570
222644
222805
222882
222914
223504
223609
223785
223856
224005
224081
224776
225541
225595
225676
225829
226138
226210
226351
226359
226559
226616
227098
227316
227439
227571
227677
227884
228149
228399
228489
228533
228691
229059
229183
229553
229556
229848
229850
229991
230173
230192
230215
231121
231123
231220
231849
232007
232344
232948
233185
233366
233433
233685
234504
234612
234862
234912
235048
235159
235309
235546
235583
235734
236051
236455
236580
236761
237333
238048
238053
238138
238164
238756
238886
238963
238999
239363
239548
239855
240425
240548
240652
240757
240887
240949
241035
241236
241521
241580
241603
241677
241872
242144
242316
242407
242819
243141
243164
243440
243642
244529
244773
245123
245665
245898
246179
246204
246680
246886
247034
247109
247141
247237
247640
247815
247851
248404
248920
248987
250246
250886
251020
251075
251425
251845
251866
252236
252591
252608
253465
253492
255067
255162
255168
255209
255679
255787
255811
255951
255992
257115
257338
257810
257932
258242
258542
258714
259450
259639
259655
259686
259900
260240
260513
260546
260749
260984
261308
261519
261829
262114
262119
263550
263797
263854
263998
264151
265352
265875
266804
267001
267121
267192
267287
267391
268032
268630
268802
268902
269162
270488
270619
270636
270702
270854
271002
271643
271646
271953
272238
272340
272697
273069
273730
274210
274317
274330
274334
274763
274873
275096
277053
277407
279293
279623
279743
280354
280660
280712
281229
281412
281558
283151
283211
283338
283698
283752
283777
283873
283901
284412
284737
285286
286239
286875
286937
287109
287619
287888
288741
288969
289268
289290
290035
290309
290403
290540
290566
291188
291191
291256
291828
292304
292616
293441
293782
294010
294528
294801
294948
295214
295504
295582
296061
296579
296755
296906
296959
298480
298574
299738
299844
300018
300404
300730
300820
300979
301300
301544
301743
301921
302340
302892
302986
303864
303869
304432
304653
304776
306660
307299
308543
309763
310145
310205
310434
310439
310803
312827
313351
313400
313650
313844
313885
314160
314530
315054
315104
315586
315853
315926
316433
316558
316865
317438
317725
317805
317901
319086
319302
319495
320293
321161
321242
321685
322544
323215
324376
325482
326401
327169
328064
328139
328637
329636
329998
330799
331251
331381
332631
332887
333312
333486
333858
334054
334891
336193
336460
336644
338236
338518
339284
339317
340474
340583
340904
342083
342160
342915
343011
343256
343582
343686
344476
345882
348660
350968
351181
352201
352585
353339
353986
354102
354147
354472
355079
355138
355575
356492
356592
357939
358170
359067
359822
359877
360593
362324
362923
363275
363284
363305
363591
365668
365677
366191
366861
367911
369583
372005
372028
372482
373447
374689
375015
376018
376499
377085
378541
379083
379493
380687
380701
382113
382544
385037
385514
385646
386805
387760
388724
390195
390280
392032
392422
392556
392593
394019
397088
397843
398620
400511
400757
401790
402251
402463
403030
404712
405383
405824
409698
410478
410995
418918
421591
422233
422797
423256
423258
424290
428915
431051
431611
432490
438530
440203
441294
441334
445171
446668
456021
457089
457838
458490
469955
474827
478514
484830
485244
488638
490911
491581
492249
508065
530648
531594
535578
564898
590816
604275
673600
