0
0
128
130
143
182
252
281
432
491
555
621
645
677
949
991
1156
1275
1283
1397
1400
1481
1533
1564
1566
1572
1670
1682
1703
1753
1952
2011
2066
2117
2156
2252
2311
2334
2347
2393
2395
2415
2491
2555
2687
2696
2722
2950
3283
3292
3335
3543
3550
3553
3567
3592
3625
3641
3711
3818
3834
3839
3894
3948
3990
4008
4113
4162
4208
4349
4370
4422
4511
4525
4602
4609
4632
4682
4707
4728
4747
4835
4893
4904
4906
4963
4970
4975
5002
5014
5042
5186
5326
5387
5485
5541
5576
5610
5618
5650
5705
5779
5825
5847
5884
5902
5939
6021
6066
6085
6086
6105
6112
6123
6130
6205
6231
6256
6351
6363
6382
6400
6416
6581
6660
6734
6886
6898
6937
6973
7007
7044
7080
7142
7283
7290
7417
7487
7591
7632
7647
7713
7725
7776
7789
7830
7865
7923
7943
7957
7964
8096
8155
8234
8251
8401
8444
8445
8461
8477
8480
8555
8561
8631
8684
8825
8950
9018
9092
9160
9173
9186
9187
9268
9389
9437
9489
9493
9650
9680
9751
9779
9792
9861
9864
10068
10114
10237
10357
10386
10400
10401
10416
10440
10662
10674
10731
10793
10849
10897
10956
10995
11028
11090
11132
11184
11241
11243
11244
11322
11364
11408
11433
11461
11463
11524
11558
11569
11593
11619
11632
11644
11653
11697
11736
11867
11915
11918
11986
12025
12065
12094
12123
12195
12303
12746
12866
12867
13017
13020
13041
13095
13118
13147
13303
13350
13454
13458
13478
13549
13556
13563
13761
13820
13866
13868
13881
13992
14080
14081
14119
14121
14318
14326
14346
14455
14474
14671
14687
14687
14712
14722
14799
15092
15116
15126
15142
15194
15212
15238
15238
15277
15284
15297
15313
15329
15401
15441
15558
15562
15615
15668
15773
15803
15820
15876
15889
15904
15917
15923
16194
16316
16460
16491
16499
16562
16568
16574
16625
16725
16745
16756
16774
16839
16861
16892
16896
16928
16939
16991
17002
17005
17101
17171
17175
17209
17223
17254
17265
17273
17343
17371
17396
17441
17446
17661
17689
17739
17805
17822
17850
17934
17978
18181
18227
18309
18336
18349
18406
18422
18447
18453
18499
18711
18721
18761
18808
18930
18993
19215
19261
19272
19273
19371
19488
19506
19685
19881
19898
19909
19913
19956
20006
20108
20125
20200
20259
20268
20311
20319
20428
20429
20489
20499
20500
20535
20584
20660
20800
20893
20898
21137
21163
21180
21182
21197
21212
21266
21405
21420
21433
21607
21683
21709
21711
21830
21891
21898
21923
21985
22150
22282
22304
22418
22427
22464
22593
22620
22664
22666
22718
22749
22909
23079
23115
23118
23200
23240
23287
23352
23378
23522
23536
23591
23605
23633
23636
23637
23754
23771
23893
23904
24024
24035
24110
24125
24168
24329
24364
24418
24468
24493
24555
24560
24708
24711
24740
24752
24778
24887
24926
24970
24976
24999
25010
25198
25245
25263
25268
25273
25391
25488
25580
25654
25691
25692
25694
25715
25726
25756
25787
25884
25893
25962
25971
26067
26080
26117
26157
26218
26272
26335
26343
26349
26410
26420
26486
26528
26568
26623
26641
26730
26747
26755
26767
26775
26783
26804
26820
26857
26893
26921
26927
26993
27041
27146
27187
27200
27225
27238
27375
27435
27468
27556
27582
27633
27750
27764
27782
27794
27912
27941
27969
28024
28050
28086
28102
28205
28287
28308
28545
28565
28604
28623
28637
28697
28705
28766
28807
28923
28934
28948
29039
29144
29212
29227
29240
29245
29267
29376
29379
29418
29506
29550
29601
29653
29678
29680
29947
30029
30089
30110
30168
30208
30222
30229
30259
30373
30419
30452
30504
30516
30539
30548
30560
30624
30641
30687
30697
30715
30745
30751
30789
30892
30927
30931
30935
30963
31098
31105
31150
31155
31440
31520
31536
31551
31552
31609
31668
31669
31754
31772
31785
31828
31830
31880
31901
31948
31972
32039
32136
32158
32200
32241
32277
32365
32404
32404
32604
32615
32619
32684
32783
32785
32859
32864
32871
32884
32956
33154
33176
33332
33448
33485
33530
33544
33563
33571
33645
33742
33776
33788
33822
33960
33985
34077
34109
34110
34119
34164
34223
34246
34252
34265
34339
34378
34502
34520
34591
34744
34746
34803
34831
34854
34857
34868
35071
35123
35212
35366
35379
35460
35485
35525
35662
35703
35728
35753
35758
35822
35855
35895
36014
36148
36153
36189
36249
36251
36255
36287
36292
36354
36367
36391
36415
36446
36450
36464
36473
36546
36552
36628
36703
36762
36830
36836
36880
36895
36963
37095
37198
37242
37246
37247
37252
37274
37358
37378
37433
37456
37484
37544
37607
37716
37719
37752
37825
37940
37968
37985
38005
38023
38104
38166
38255
38372
38397
38476
38516
38576
38592
38611
38762
38787
38816
38843
38860
38955
39019
39064
39103
39260
39271
39385
39472
39507
39519
39547
39671
39751
39770
39834
39883
39934
39963
40053
40079
40097
40187
40275
40299
40373
40453
40580
40718
40795
40839
40869
40953
40987
40989
41037
41115
41171
41229
41248
41341
41350
41465
41628
41720
41725
41739
41780
41791
41838
41902
41942
42037
42057
42060
42095
42301
42383
42467
42480
42536
42540
42542
42630
42655
42682
42732
42784
42857
42942
42975
42987
43029
43044
43078
43121
43205
43318
43331
43339
43373
43388
43401
43643
43662
43665
43760
43825
43930
43973
43985
43987
43992
44162
44176
44225
44300
44325
44408
44452
44493
44549
44551
44568
44580
44591
44621
44651
44673
44690
44702
44768
44770
44779
44796
44806
44856
44876
44894
44943
45009
45011
45079
45116
45322
45509
45536
45597
45602
45664
45703
45705
45726
45746
45811
45813
45902
46194
46344
46358
46372
46394
46445
46446
46482
46565
46601
46624
46683
46783
46814
46888
46899
46922
47156
47293
47338
47378
47397
47460
47498
47626
47653
47724
47871
47924
47932
47944
48016
48023
48079
48113
48175
48210
48223
48245
48251
48381
48407
48411
48511
48542
48552
48559
48667
48679
48724
48742
48812
48848
49091
49276
49291
49316
49330
49496
49571
49665
49672
49699
49737
49821
49836
49849
49855
49928
49995
50005
50025
50062
50126
50170
50230
50391
50470
50488
50534
50637
50664
50690
50699
50752
50783
50834
50876
50886
51059
51083
51085
51116
51191
51231
51369
51500
51513
51539
51575
51601
51819
51996
51999
51999
52091
52149
52222
52280
52380
52399
52473
52474
52475
52524
52529
52561
52586
52662
52677
52726
52738
52776
52830
52894
52920
52932
53164
53186
53211
53255
53353
53388
53415
53456
53456
53553
53571
53578
53672
53690
53804
53952
53982
53991
54022
54207
54317
54384
54502
54546
54577
54854
54938
54993
55165
55205
55222
55228
55388
55407
55420
55452
55508
55631
55662
55754
55765
55814
55848
55865
55874
55960
55962
55981
56024
56048
56060
56080
56101
56275
56318
56338
56352
56473
56478
56526
56583
56616
56624
56630
56894
56999
57087
57138
57151
57257
57281
57413
57432
57534
57617
57703
57810
57847
57931
57933
58196
58299
58313
58356
58455
58740
58795
58839
58857
59001
59060
59072
59152
59209
59213
59222
59236
59277
59279
59304
59427
59439
59467
59574
59586
59597
59613
59730
59911
59940
60092
60095
60220
60300
60437
60438
60487
60545
60771
60776
60834
60935
60960
61069
61072
61144
61198
61211
61266
61285
61366
61372
61385
61642
61649
61787
61853
61874
61885
61916
61926
61972
61974
62076
62157
62195
62264
62275
62297
62301
62471
62529
62543
62554
62558
62726
62892
62910
62910
62911
62928
62986
62995
62998
63005
63101
63367
63367
63383
63428
63576
63691
63849
63870
63914
63939
64233
64262
64500
64556
64585
64585
64605
64778
64781
64798
64812
64832
64895
64983
65092
65102
65119
65287
65305
65331
65340
65354
65371
65372
65391
65513
65525
65528
65560
65568
65602
65634
65733
65737
65807
65832
65844
65912
65916
66012
66042
66043
66068
66098
66191
66232
66233
66273
66377
66387
66536
66549
66648
66725
66773
66779
66789
66888
66904
67152
67193
67238
67355
67450
67542
67587
67763
67937
67956
67994
68014
68034
68073
68091
68186
68242
68381
68410
68505
68522
68568
68615
68638
68645
68679
68767
68949
68959
68960
69035
69061
69129
69147
69407
69418
69428
69462
69476
69561
69599
69649
69807
69821
69830
69859
69951
70036
70065
70143
70145
70214
70329
70417
70422
70482
70528
70579
70751
70809
70839
70951
71020
71048
71118
71173
71271
71310
71365
71366
71464
71468
71520
71644
71649
71723
71789
71907
71933
72015
72025
72049
72145
72190
72218
72243
72289
72326
72515
72536
72656
72698
72702
72739
72756
72810
72823
72910
72912
72955
73054
73150
73168
73177
73218
73278
73290
73429
73566
73700
73858
73875
73889
73958
74048
74099
74194
74222
74232
74262
74278
74316
74317
74359
74382
74384
74413
74427
74504
74543
74607
74685
74740
74813
74851
74874
74939
74959
74994
75042
75137
75148
75308
75357
75358
75365
75443
75660
75717
75751
75778
75810
75849
75880
76042
76069
76096
76102
76221
76227
76280
76310
76397
76400
76409
76471
76486
76510
76570
76609
76655
76678
76737
76755
76757
76841
76842
76851
77019
77041
77077
77105
77107
77109
77370
77401
77428
77486
77536
77642
77850
77991
78332
78338
78346
78366
78382
78527
78529
78605
78783
78860
78969
79070
79189
79313
79409
79438
79488
79529
79725
79737
79813
79848
79873
79913
79969
80130
80138
80202
80213
80248
80337
80394
80417
80602
80848
80879
80881
80927
80992
81070
81170
81200
81204
81215
81366
81464
81668
81672
81687
81940
82008
82022
82190
82245
82394
82422
82557
82610
82664
82731
82976
82998
83031
83177
83384
83430
83450
83570
83690
83763
83884
83892
83961
83980
84002
84024
84068
84101
84103
84104
84169
84184
84204
84396
84424
84638
84682
84979
85003
85047
85096
85107
85130
85167
85190
85249
85326
85415
85464
85476
85500
85619
85640
85751
85765
85788
85788
85804
85807
85994
86112
86218
86228
86253
86270
86279
86310
86536
86623
86653
86662
86705
86719
86736
86765
86834
86876
86898
86986
87088
87202
87414
87452
87479
87490
87508
87605
87606
87607
87690
87717
87717
87739
87860
87868
87893
87894
87947
87961
87970
87985
88009
88031
88183
88298
88569
88581
88644
88653
88666
88669
88728
88830
88887
88935
89035
89064
89123
89330
89497
89500
89520
89664
89713
89802
89887
89980
90095
90118
90142
90216
90299
90355
90419
90461
90468
90480
90509
90641
90654
90662
90726
90796
90820
90821
90875
90950
91010
91011
91027
91121
91182
91297
91353
91456
91618
91768
91783
91789
91797
91914
91957
91987
91991
92033
92174
92211
92268
92385
92461
92535
92719
92846
92945
92983
93033
93133
93170
93194
93313
93339
93354
93363
93587
93635
93656
93696
93697
93699
93770
93791
93908
93931
94070
94115
94124
94282
94286
94297
94334
94459
94477
94549
94556
94834
94862
94893
94967
94981
95014
95054
95063
95213
95413
95499
95525
95562
95642
95707
95761
95830
96014
96135
96642
96698
96746
96755
96870
96946
97097
97114
97229
97310
97331
97335
97345
97462
97508
97523
97629
97630
97793
97857
97993
98039
98132
98155
98252
98298
98814
99035
99039
99116
99134
99148
99167
99218
99346
99367
99422
99446
99484
99681
99689
99725
99934
99959
99960
100019
100205
100231
100277
100360
100430
100436
100583
100596
100641
100673
100702
100755
100783
100800
100804
100846
100886
100889
101095
101168
101187
101257
101272
101461
101582
101606
101625
101635
101665
101724
101756
101837
101840
101865
101866
101913
101955
102175
102187
102322
102463
102475
102520
102581
102618
102769
102828
102894
102959
102963
102967
103035
103142
103335
103340
103343
103351
103412
103433
103497
103620
103678
103751
103774
103874
103920
104204
104257
104303
104424
104434
104494
104539
104579
104874
105194
105278
105352
105477
105487
105569
105610
105644
105687
105801
105942
106031
106041
106075
106179
106220
106367
106398
106411
106511
106840
106851
106960
107171
107264
107316
107403
107410
107445
107476
107608
107684
107712
107742
107972
108009
108046
108197
108296
108305
108372
108453
108535
108577
108594
108596
108613
108708
108893
109034
109111
109148
109178
109308
109324
109356
109391
109432
109442
109565
109587
109730
109767
109835
110108
110111
110206
110236
110291
110481
110497
110506
110547
110672
110751
110807
110824
110992
111060
111140
111164
111228
111343
111454
111514
111670
111743
111805
111923
112027
112055
112142
112262
112345
112375
112424
112481
112597
112761
112781
112808
112816
112929
113010
113022
113051
113100
113131
113160
113318
113345
113657
113667
113750
113795
113879
113900
113961
114137
114203
114236
114239
114250
114255
114393
114436
114442
114458
114473
114512
114534
114793
114809
114837
114920
115081
115162
115223
115295
115498
115500
115578
115683
115694
115794
115828
115943
116018
116040
116095
116228
116233
116331
116409
116450
116499
116626
116859
116869
116903
116971
117024
117055
117128
117136
117187
117235
117353
117390
117391
117450
117939
118198
118213
118566
118760
119116
119136
119245
119272
119340
119386
119404
119452
119649
119766
119839
119939
119964
119972
120089
120150
120199
120244
120288
120512
120607
120734
120803
120845
120851
120899
121243
121316
121348
121657
121714
121752
121796
121948
122233
122342
122391
122656
122690
122704
122712
122954
123117
123194
123338
123480
123491
123694
123723
123732
124066
124068
124130
124170
124192
124277
124317
124356
124408
124554
124812
124984
124991
125164
125228
125334
125413
125479
125855
125899
125948
125983
126034
126091
126136
126332
126334
126416
126713
126715
126806
126817
126900
126984
127000
127152
127443
127510
127567
127607
127715
127794
127800
127862
127973
128022
128079
128187
128208
128231
128285
128300
128322
128339
128459
128613
128618
128621
128637
128645
128716
128725
128831
128853
128877
128936
129012
129125
129233
129326
129422
129436
129483
129497
129773
129836
129841
129866
129874
130077
130155
130169
130216
130249
130375
130599
130896
130966
131022
131084
131087
131307
131344
131378
131399
131445
131447
131527
131595
131596
131627
131703
131784
131845
132047
132074
132167
132454
132529
132714
132734
132775
132843
132879
132889
132995
133035
133058
133182
133182
133380
133511
133672
133701
133892
133922
133940
134005
134167
134176
134300
134368
134372
134386
134601
134604
134605
134610
134670
134678
134692
134788
134987
134991
135043
135100
135146
135348
135365
135401
135671
136059
136073
136093
136297
136322
136356
136385
136421
136439
136507
136538
136551
136567
136706
136732
136759
136937
136994
137163
137364
137511
137527
137705
137943
138162
138278
138282
138769
138927
138973
139109
139143
139248
139282
139455
139558
139579
139831
139890
139921
139990
140060
140272
140313
140702
140729
140778
140793
140915
140953
141191
141292
141369
141380
141620
141646
141649
141706
141751
141866
141950
141959
141972
142086
142299
142351
142355
142616
142690
142850
142868
142924
143069
143631
143838
144005
144072
144113
144275
144402
144556
144579
144607
144609
144806
144910
145108
145144
145251
145342
145435
145527
145694
145766
145835
145931
145966
145978
145995
146043
146147
146413
146413
146492
146629
146952
146981
147109
147122
147360
147426
147475
147545
147563
147657
147745
147852
147913
148132
148446
148461
148573
148856
148928
148945
149109
149186
149511
149525
149665
149899
150092
150196
150205
150223
150351
150392
150789
150836
150906
150996
151288
151430
151482
151516
151738
151990
152053
152066
152111
152288
152355
152401
152704
152849
152980
153217
153320
153363
153461
153502
153568
153570
153616
153707
153803
153824
153829
153903
153935
153972
153974
154153
154282
154291
154304
154368
154407
154464
154705
154792
154933
155109
155686
155701
155837
155988
155995
156006
156158
156406
156435
156802
157024
157041
157153
157225
157227
157266
157410
157544
157550
157688
157864
158133
158265
158425
158457
158479
158483
158559
158648
158776
158996
159113
159224
159269
159308
159461
159620
159647
159748
159790
159955
159962
160242
160365
160466
160560
160699
160730
160820
160837
160838
160946
160954
161187
161220
161394
161642
161901
161938
162446
162653
162716
162773
162797
162831
163018
163043
163060
163126
163162
163252
163296
163352
163504
163593
163637
163737
163931
164085
164146
164187
164593
164725
164732
164877
164897
165198
165304
165346
165574
165577
165589
165637
165650
165709
165754
165799
165839
165858
165939
166014
166169
166210
166214
166296
166384
166526
166614
166684
166865
167081
167565
167573
167640
167710
167800
168058
168165
168219
168389
168515
168582
168674
168741
168755
168812
168969
168990
169125
169184
169420
169635
169745
170068
170090
170412
170451
170467
170486
170489
170696
170758
170840
171005
171140
171460
171566
171928
171961
172063
172106
172505
172624
172934
172971
173072
173080
173318
173361
173406
173450
173841
173875
173901
173934
174047
174183
174211
174432
174439
174512
174641
174691
174785
175120
175174
175246
175548
175575
175682
175732
175763
175783
175931
175944
175950
175977
176034
176183
176194
176261
176545
176971
177055
177343
177675
177695
177755
177770
177894
177896
177897
178079
178260
178465
178502
178657
178838
179288
179290
179377
179402
179473
179746
179846
179910
179921
179932
180162
180356
180390
180631
181048
181077
181240
181385
181393
181577
182075
182100
182108
182118
182265
182416
182789
183159
183335
183372
183628
183845
184006
184079
184139
184214
184313
184334
184580
184885
184895
185243
185253
185260
185415
185832
185885
185971
186004
186037
186317
186404
186572
186757
186764
186892
186965
187043
187106
187246
187305
187408
187417
187614
187818
188020
188090
188116
188842
188886
189089
189341
189408
189445
189459
189539
189655
189881
189886
189993
190047
190164
190260
190425
190484
190534
190714
190736
190898
191040
191112
191114
191193
191618
191683
192306
192631
192631
192939
193225
193260
193276
193434
193531
193624
193716
193753
193834
194058
194397
194529
194596
194825
194891
194982
194984
195171
195566
195591
195629
195767
195970
196690
196698
196756
196816
196838
197463
197558
197822
198168
198265
198295
198479
198598
198612
199402
199436
199438
199467
199559
199646
199732
199830
199874
200072
200169
200793
201036
201164
201168
201301
201304
201342
201382
201412
201562
201605
201725
201883
201989
202291
202292
202668
202670
202749
202846
203083
203131
203252
203281
203330
203864
204001
204028
204042
204491
204504
204736
204748
204896
205442
205596
205598
205649
205749
205973
205992
206125
206199
206804
206966
206985
206996
207016
207193
207392
207682
207712
207774
207937
208038
208073
208251
208453
208703
208802
209051
209063
209327
209361
209371
209376
209751
209818
210064
210132
210294
210497
210620
210763
210808
210852
210938
211062
211189
211225
211302
211350
211561
211777
211796
211870
211950
212101
212346
212471
212561
212814
212883
213045
213143
213366
213384
213402
213606
213674
213699
213774
213812
213855
213901
214035
214174
214405
214553
214709
214750
214947
215238
215629
215839
215839
215889
216010
216031
216156
216783
216811
216897
217109
217231
217300
217373
217814
218180
218439
218564
218590
218685
218715
218789
218810
218928
219617
219682
219690
219784
219822
219828
219900
220101
220382
220603
220694
220833
221180
221263
221565
221686
221843
222150
222678
222848
222872
222908
222939
223260
223563
223844
224181
224193
224301
224507
224658
225073
225099
225248
225342
225438
225455
225652
226034
226290
226766
226790
226834
227051
227107
227201
227737
227798
228478
228678
229183
229443
229462
229466
229739
229988
230712
230992
231087
231309
231573
231875
231928
231964
232177
232420
232457
232466
232604
232610
232799
233282
233437
233690
233723
234255
234328
234983
235174
235277
235291
235422
235502
235524
235818
236067
236131
236136
236170
236279
236469
236864
236919
236970
236975
237085
237121
237502
237522
237718
237787
238025
238186
238585
238595
238647
238745
239151
239393
239477
240293
240903
241502
241623
241690
241864
242025
242134
242602
243022
243099
243154
243163
243300
243680
243976
244124
244438
244606
244628
244856
245147
245598
246013
246988
247068
247290
247353
247489
247713
247774
247832
248068
248476
248600
249054
249237
249244
249991
250062
250080
250281
250307
250381
250861
251015
251064
251100
251197
251292
251763
251789
252110
252198
252232
252388
252734
252984
253077
253097
253107
253409
253726
253926
254498
254508
255091
255154
255200
255503
255556
255844
255851
256289
256379
256407
256516
257249
257875
258111
258234
258439
258655
258765
258866
259529
259547
259898
260045
260058
260093
260491
260793
261015
261081
261105
261679
261697
261818
262021
262484
262867
262946
263692
263909
263979
264026
264181
264235
264508
264524
264938
266347
266650
266942
266993
267039
267265
267285
267921
268069
268733
268918
269530
269712
269780
270127
270155
270597
271001
271561
271936
272124
272230
272469
272892
272893
272985
273425
273512
273544
273585
273634
274078
274410
274817
274908
275200
276132
276172
276332
276418
276863
277601
277779
277781
278434
278470
278821
279306
279367
279741
279754
279849
279969
280048
280442
280629
280862
281165
281343
282087
282160
282950
283155
283171
283395
283729
283926
284472
285157
285268
285280
285292
285398
285641
286046
286118
286417
286715
286787
286875
287650
287658
287956
288096
288183
289258
289837
289992
290413
290669
290791
290876
290940
291111
291454
291484
291996
292123
292271
292380
292523
292766
293061
293727
293885
294200
294309
294446
294853
295040
296595
296754
296772
296860
296877
297048
297258
297387
297509
297514
298168
298432
299215
299873
299938
299940
300176
300370
301031
301368
301420
302422
303383
303698
303713
304040
304474
304792
305059
305527
307521
308471
308913
309045
309324
309524
310053
310145
310230
310413
310452
310632
311757
313107
313330
313650
313689
313800
314209
314249
314949
315203
315613
315954
316086
318444
319667
319687
319861
322734
322894
323406
325359
325412
325439
325804
326251
326745
326973
328257
328701
328731
329004
329462
329723
330509
331334
331774
332399
332641
335382
335946
336062
336630
337210
337359
337393
338224
338553
339707
341148
341348
341769
341877
343828
344152
344359
344607
345163
345475
346984
346991
347189
347821
348785
350497
351155
353075
354914
355353
355872
356582
356606
357059
358279
358349
358499
358813
360429
360659
360677
361885
362667
365242
365295
365378
367915
368180
368660
368717
368857
369635
370041
370088
370522
371224
371662
371809
372572
372741
373630
373996
374251
374576
375112
378939
379116
380177
380423
380482
380515
380532
381661
382146
383884
384046
386026
386295
386736
386808
387010
387636
387877
388851
391563
392147
395228
395404
396013
398124
400659
406215
408317
411919
412409
417799
418776
419389
420975
426814
430040
433009
436809
439237
440559
441355
441702
442545
446002
447252
450071
454020
455595
457498
461636
477327
486577
492485
504115
517983
527657
530558
575205
580005
604740
649856
683031
689662
