0
0
347
832
1331
2130
2130
2385
2692
2788
3120
3341
3782
3825
3845
3998
4112
4262
4386
5056
5327
5604
5693
5829
6034
6159
6222
6353
6439
6697
6711
6856
7029
7165
7168
7453
7625
7915
7923
8015
8456
8683
8779
8805
9038
9057
9140
9162
9914
10116
10237
10320
10543
10664
10849
10849
10901
10936
11172
11258
11754
11814
12276
12293
12369
12384
12691
13194
13204
13341
13570
13592
13738
13981
13996
14109
14414
14472
14505
14864
15572
16654
16795
16896
16935
17110
17122
17213
17708
17899
17939
18010
18626
18728
18942
19065
19218
19647
19757
19870
19885
20096
20598
21212
21214
21448
21535
21592
21844
22100
22196
22340
22391
23215
23304
23493
23658
23902
24070
24131
24161
24178
24297
24520
25240
25251
25303
25376
25560
25614
25651
25764
25873
25986
26637
26772
27113
27912
27918
28010
28078
28299
28304
28402
28641
28924
29043
29177
29286
29623
29810
29989
30401
30559
30699
30809
30932
31117
31237
31502
32510
32673
32740
32853
33099
33697
33864
34041
34180
34515
34819
34928
35173
35332
35388
35431
35677
35721
35771
36019
36075
36249
36350
36350
36731
36746
36805
37355
37361
37366
37393
37463
37768
38010
38422
38505
38565
38573
38658
38764
38778
39273
39355
39460
39604
40117
40628
40680
41033
41445
41698
41881
41994
42135
42266
42552
42700
43011
43640
43789
44590
44710
44964
44981
44992
45295
45355
45389
45605
45629
45637
45730
46130
46187
46508
46805
46898
46967
47298
47348
47860
48137
48241
49121
49189
49277
49744
49788
49901
49969
50436
50550
50726
50897
51330
51534
51831
51836
52019
52634
52686
52970
53130
54534
54913
55354
55677
55826
55895
56141
56179
56212
56421
56456
56514
56569
56771
57011
57246
57343
57462
57776
57929
57975
58115
58247
58359
58688
58771
58814
58907
58915
59292
59328
59726
60464
60691
60956
61345
61713
61727
61864
62051
62104
62406
62434
62577
62853
63190
63448
63760
64831
64996
65347
65829
66182
66412
66738
67053
67199
68139
68361
68486
69086
69322
69596
69740
69812
69928
70079
70083
70359
70531
71106
71123
71493
71600
71691
71699
72000
72041
72278
72486
72790
73639
74425
74996
75081
75276
75548
75864
75960
76320
76405
76494
76498
76745
76772
76950
78464
78534
79164
79478
79519
79571
79593
80588
80959
80977
81903
81927
82181
82989
83065
83347
83478
84526
84669
85092
85746
85832
85951
86691
87584
87932
88431
89092
89434
89744
90342
91667
91906
92355
92747
92823
92845
92900
93063
93288
94002
94102
94157
94579
94980
95077
95448
95559
95576
96338
96457
96531
96696
96774
97199
97251
97484
97941
98541
98649
98864
98919
99186
99488
99691
99710
99783
99923
100035
100076
100104
100169
100422
100580
100720
100996
101102
101149
101975
102084
102181
102852
102969
103155
103240
103496
103529
103912
104029
104051
104331
104425
104478
104544
104581
105060
105609
106192
106289
106383
106389
106913
107598
107879
107892
109597
110027
110150
110664
110814
110880
110928
111378
111704
112446
112781
113102
113251
113389
113426
113433
113932
114378
114639
115066
115485
115514
115986
116196
116893
117535
117608
117916
118077
119358
119395
119508
120540
120685
120791
120867
121579
121683
121688
122082
122327
123150
123275
124287
124303
125113
125237
125557
125604
125638
125669
125689
125705
125738
125922
126050
126155
126703
127160
127374
127733
127743
128393
128413
128583
128860
129994
130019
130242
130379
130436
130804
130916
131162
131340
131356
131567
131705
131881
131890
132247
132265
133399
133885
134082
134538
134719
134883
134942
135004
135049
135119
135478
135631
135689
135798
136518
136536
136855
137020
137217
137441
137479
137671
137684
138262
138863
139998
140971
141517
142278
142536
143396
144187
144561
144630
144702
144735
144850
145562
145692
145985
146904
146931
147308
147916
148033
148679
149034
149247
149402
149986
150094
150123
150644
150808
150858
152036
152938
153129
153154
153279
153478
154054
154164
154420
154676
154823
154909
155128
155587
156215
156470
156491
157214
157332
157385
157624
157975
158217
158768
159094
159190
159573
159702
160050
160108
160128
160215
160494
160932
161054
161101
161953
161994
162576
162586
162665
162818
163309
164303
164474
164598
164823
165582
165889
167038
167076
167298
167375
167393
168513
168744
168830
168972
170744
171621
171738
171791
172184
172232
172905
173288
173646
173686
173720
173924
173978
174208
174929
175818
176000
176934
176998
177340
177790
177950
177966
178778
179310
179741
179771
179954
180145
180901
182719
182896
183006
183620
184601
184712
185164
185317
186190
186350
187158
187946
188311
190042
190300
190452
190484
190570
190627
191244
191677
192431
193436
193797
193991
195689
195894
196616
197235
197417
198114
198470
199182
199565
199643
199881
200029
202211
202579
203255
203309
203555
204045
204074
204207
204265
205032
205713
206096
206842
206902
207039
207502
207930
208052
209661
209896
210358
210378
211640
213182
213223
213457
213465
213743
214752
216671
217099
217178
217236
217348
218545
218654
219167
219277
221321
221556
222711
222773
223662
223934
223942
224353
225216
225764
226511
226866
227092
227837
230786
231142
231832
232260
232298
233065
233358
233554
234899
235183
235509
235603
236007
236233
237171
237445
237989
238315
239375
240977
241776
243179
243222
244173
245288
245402
245500
246833
247056
247087
249248
249622
250128
250331
250638
250771
251264
252626
253410
253812
256780
257547
257973
258002
258008
258359
260288
260638
260819
260860
261441
261461
263376
263398
263812
265251
265884
267959
269851
271454
271715
271758
272072
272116
272667
274299
274325
275439
275790
275834
276402
278307
280864
280889
281612
281643
281785
282238
283348
284049
284095
284099
284635
286114
288081
288405
293844
294445
294747
296962
297375
297887
298337
301687
302070
305537
306045
307074
307301
312593
313360
313956
316672
318705
320770
321163
324573
328723
330003
331087
332041
333885
338181
339946
343332
343811
344092
344238
344813
344939
345306
346962
348533
352525
352828
359514
359752
361388
361784
365262
372144
376203
378537
380363
383011
383522
384882
385143
386211
387658
388477
389685
392081
397377
397740
403092
408476
413776
414785
451749
475841
478638
495094
538477
550038
554530
579540
