0
0
27
39
58
128
142
181
290
294
294
350
360
405
405
414
425
485
491
499
510
545
554
567
621
629
672
722
780
789
901
909
931
933
962
998
1053
1053
1073
1074
1093
1125
1128
1178
1218
1249
1277
1327
1331
1340
1357
1522
1735
1757
1784
1826
1876
1893
1932
1938
1967
2067
2098
2310
2383
2461
2507
2508
2597
2655
2759
2850
3023
3090
3097
3192
3222
3229
3245
3281
3288
3326
3424
3453
3465
3530
3545
3547
3603
3627
3696
3702
3723
3770
3786
3798
3823
3862
3896
3913
3917
4010
4067
4103
4123
4169
4223
4254
4323
4329
4364
4368
4463
4533
4642
4681
4913
4979
4983
5020
5034
5064
5086
5093
5194
5225
5248
5280
5307
5310
5313
5361
5377
5490
5513
5563
5611
5701
5718
5746
5783
5864
5894
5895
5902
5908
5937
6043
6063
6211
6221
6255
6284
6344
6371
6402
6430
6443
6543
6550
6624
6634
6671
6712
6781
6846
6874
6891
6972
6972
7000
7158
7175
7177
7199
7204
7219
7234
7242
7276
7277
7324
7370
7400
7418
7458
7463
7466
7469
7507
7581
7593
7758
7760
7800
7832
7945
7946
7965
7968
7991
8000
8052
8157
8160
8181
8201
8218
8239
8298
8299
8335
8339
8341
8421
8459
8478
8497
8536
8577
8608
8614
8652
8682
8706
8800
8879
8916
8923
8939
9101
9138
9147
9219
9246
9346
9428
9587
9590
9628
9679
9689
9703
9707
9927
10058
10067
10079
10093
10111
10119
10221
10270
10310
10316
10396
10458
10463
10505
10552
10571
10594
10603
10675
10701
10758
10810
10879
10903
10933
10947
10958
10979
11019
11039
11040
11043
11049
11090
11180
11225
11273
11346
11349
11359
11374
11381
11444
11473
11482
11520
11551
11590
11595
11726
11746
11828
11893
11949
11962
12005
12019
12078
12116
12197
12220
12233
12327
12336
12337
12406
12421
12505
12582
12775
12793
12799
12802
12806
12814
12822
12856
12927
13038
13042
13044
13092
13097
13101
13142
13144
13216
13234
13237
13262
13264
13340
13391
13421
13458
13481
13505
13554
13563
13575
13634
13686
13690
13714
13833
13860
13902
13907
13944
13992
14053
14060
14142
14170
14248
14334
14342
14376
14399
14437
14440
14658
14719
14725
14763
14775
14813
14920
14925
14975
14981
15018
15074
15075
15145
15162
15164
15335
15357
15442
15533
15534
15553
15583
15604
15608
15665
15669
15718
15758
15762
15859
15883
15928
15944
16028
16055
16090
16105
16113
16229
16250
16252
16308
16388
16404
16481
16521
16534
16570
16634
16645
16738
16745
16759
16817
16818
16891
16971
17006
17035
17071
17144
17178
17207
17211
17220
17233
17249
17265
17304
17324
17338
17398
17419
17457
17468
17471
17529
17549
17597
17782
17802
17806
17817
17846
17886
17886
17887
17919
17929
18008
18035
18075
18084
18167
18287
18331
18341
18359
18364
18398
18423
18430
18483
18522
18528
18540
18566
18602
18648
18751
18929
18940
19020
19033
19113
19115
19171
19174
19191
19206
19248
19249
19281
19311
19378
19456
19473
19531
19535
19587
19603
19633
19648
19781
19785
19835
19850
19860
19920
19996
20015
20038
20060
20076
20104
20113
20115
20127
20128
20179
20198
20244
20275
20306
20341
20357
20359
20410
20552
20561
20648
20653
20759
20913
20921
20936
20952
21027
21048
21124
21160
21188
21225
21228
21265
21327
21361
21376
21400
21433
21455
21469
21474
21602
21664
21680
21737
21748
21802
21805
21839
21852
21906
22089
22116
22199
22259
22260
22263
22319
22347
22375
22425
22554
22587
22590
22688
22773
22800
22862
22892
22900
22991
22993
23019
23093
23169
23228
23258
23266
23269
23315
23315
23384
23392
23505
23658
23709
23741
23773
23781
23792
23878
23891
24018
24123
24183
24183
24204
24219
24222
24235
24264
24274
24357
24404
24430
24431
24573
24578
24591
24592
24651
24718
24734
24769
24771
24776
24826
24837
24838
24925
24963
25023
25080
25097
25111
25131
25259
25277
25359
25362
25404
25527
25552
25690
25720
25730
25736
25754
25772
25807
25878
25888
25931
25945
25977
25981
26044
26065
26070
26089
26138
26189
26209
26230
26326
26327
26390
26413
26636
26667
26698
26716
26733
26745
26848
26966
27077
27106
27196
27196
27226
27229
27400
27442
27472
27498
27508
27512
27612
27714
27721
27749
27785
27818
27876
27877
27913
28029
28225
28248
28250
28266
28349
28365
28407
28435
28443
28504
28506
28536
28546
28558
28572
28655
28656
28714
28740
28785
28902
28933
28973
29101
29176
29196
29284
29290
29313
29425
29428
29499
29512
29534
29545
29565
29575
29657
29729
29744
29831
30046
30162
30195
30206
30223
30236
30259
30271
30366
30368
30459
30500
30566
30585
30689
30728
30731
30750
30830
30838
30928
30981
31008
31018
31131
31201
31357
31408
31414
31415
31428
31462
31520
31593
31622
31736
31760
31794
31797
31887
31888
31946
31966
32033
32057
32084
32113
32119
32136
32146
32183
32214
32221
32257
32258
32265
32285
32288
32345
32387
32403
32409
32448
32457
32490
32526
32585
32617
32741
32757
32808
32813
32813
32841
32855
32949
32965
32987
33003
33011
33025
33039
33164
33210
33274
33297
33319
33341
33379
33407
33438
33531
33708
33710
33722
33760
33760
33781
33881
33911
34065
34154
34231
34249
34305
34341
34344
34405
34524
34532
34533
34542
34559
34573
34671
34697
34742
34749
34807
34871
34945
34994
35006
35088
35111
35188
35236
35341
35341
35463
35468
35494
35512
35515
35547
35552
35580
35632
35646
35660
35666
35673
35743
35758
35825
36043
36084
36127
36236
36303
36353
36430
36483
36568
36614
36662
36679
36697
36699
36755
36799
36883
36884
36939
36966
37016
37045
37129
37197
37332
37426
37429
37529
37552
37632
37636
37643
37663
37706
37818
37849
37856
37920
37963
38223
38237
38243
38317
38351
38396
38441
38467
38484
38514
38516
38517
38518
38558
38566
38591
38617
38627
38629
38690
38716
38757
38770
38772
38836
38846
38847
38921
38930
38965
39069
39262
39312
39366
39369
39395
39420
39465
39609
39714
39787
39849
39859
39900
39988
39990
39990
40067
40089
40121
40158
40211
40266
40318
40320
40427
40465
40486
40497
40511
40570
40600
40605
40668
40705
40736
40766
40854
40883
40888
40953
41052
41056
41097
41158
41212
41228
41307
41327
41357
41378
41401
41435
41467
41467
41553
41559
41563
41601
41628
41695
41746
41847
41863
41866
41908
42007
42071
42076
42087
42113
42114
42202
42267
42304
42315
42330
42541
42588
42637
42637
42656
42718
42741
42769
42858
42860
42887
42906
42959
43006
43008
43028
43032
43297
43372
43475
43506
43511
43566
43574
43603
43716
43721
43779
43795
43822
43837
43985
44122
44134
44142
44145
44168
44317
44347
44380
44400
44432
44455
44638
44644
44754
44775
44777
44813
44823
44943
44978
44983
45041
45080
45093
45117
45123
45130
45166
45183
45187
45236
45239
45307
45360
45360
45396
45490
45502
45533
45547
45581
45713
45739
45751
45787
45813
45852
45887
45901
45904
45962
45976
46011
46074
46080
46123
46238
46243
46250
46421
46500
46523
46531
46535
46537
46556
46565
46605
46681
46698
46719
46756
46781
46790
46808
46829
46860
46875
46882
46892
46901
46936
46943
47005
47066
47069
47148
47186
47201
47278
47279
47285
47362
47402
47403
47438
47443
47458
47527
47559
47562
47577
47727
47745
47809
47816
47819
47897
47968
48006
48047
48051
48075
48115
48127
48215
48269
48336
48429
48457
48485
48497
48512
48603
48630
48631
48641
48750
48782
48787
48790
48833
48909
48970
49017
49082
49103
49127
49146
49155
49162
49496
49510
49568
49596
49612
49665
49699
49723
49723
49800
49812
49838
49956
49966
50024
50070
50091
50106
50231
50269
50290
50304
50468
50672
50718
50750
50911
50940
50948
51031
51041
51086
51177
51200
51214
51225
51300
51316
51445
51466
51676
51728
51737
51806
51816
51825
51874
51952
52021
52029
52087
52120
52131
52131
52146
52182
52210
52295
52307
52353
52382
52400
52410
52500
52514
52549
52551
52567
52603
52652
52742
52742
52758
52816
52957
52994
53040
53044
53082
53123
53131
53138
53187
53309
53385
53420
53496
53570
53605
53693
53723
53754
53772
53852
53890
53905
53911
53973
54045
54046
54056
54069
54075
54189
54471
54528
54555
54573
54575
54582
54791
54803
54818
54868
54869
54874
55025
55038
55064
55070
55191
55204
55396
55402
55488
55489
55521
55648
55775
55780
55885
55897
55942
55978
56106
56182
56222
56352
56387
56415
56432
56549
56579
56584
56589
56604
56644
56742
56857
56859
57033
57143
57155
57171
57197
57257
57277
57333
57370
57434
57499
57542
57582
57598
57610
57687
57703
57743
57790
57845
57882
57914
58058
58081
58152
58156
58185
58256
58266
58455
58512
58570
58585
58648
58763
58774
58825
58909
58915
58982
59232
59245
59282
59321
59356
59461
59519
59623
59633
59653
59655
59684
59698
59719
59721
59743
59745
59767
59835
59880
59970
59992
59998
60039
60274
60291
60340
60344
60400
60401
60480
60487
60562
60588
60603
60619
60622
60652
60747
60882
60894
60914
60937
61002
61009
61078
61112
61159
61204
61231
61231
61265
61271
61286
61316
61363
61457
61487
61489
61492
61597
61597
61709
61772
61789
61818
61899
61912
62010
62074
62086
62168
62173
62197
62225
62238
62243
62270
62362
62395
62474
62484
62527
62584
62585
62629
62644
62652
62674
62771
62775
62817
62885
62905
62952
62978
63044
63113
63268
63329
63344
63361
63393
63422
63431
63455
63602
63612
63626
63631
63758
63794
63819
63883
63911
64099
64145
64227
64234
64262
64329
64389
64397
64413
64426
64429
64432
64487
64527
64553
64567
64573
64592
64637
64657
64681
64791
64820
64840
64918
64942
64946
65025
65220
65235
65321
65347
65414
65444
65550
65603
65677
65712
65736
65807
66048
66123
66209
66223
66249
66369
66392
66479
66617
66636
66691
66734
66743
66773
66777
66787
66816
66865
66910
66945
66993
67189
67233
67259
67283
67291
67296
67350
67371
67376
67394
67432
67438
67443
67452
67454
67461
67473
67529
67545
67603
67654
67806
67854
67888
67909
67963
67963
67974
67983
67988
68039
68131
68270
68275
68324
68334
68400
68423
68592
68594
68615
68630
68631
68651
68795
68804
68905
68936
69019
69045
69048
69117
69143
69158
69190
69268
69273
69290
69291
69487
69517
69622
69700
69747
69766
69817
69857
69882
69896
69905
69959
69985
70076
70087
70088
70131
70182
70201
70280
70363
70376
70389
70396
70422
70433
70439
70455
70478
70560
70646
70709
70730
70773
70845
70936
70976
71037
71081
71101
71106
71172
71437
71438
71445
71567
71601
71633
71649
71705
71735
71855
71877
71916
71939
71987
72034
72038
72184
72210
72230
72271
72325
72366
72440
72593
72671
72718
72928
72930
73007
73009
73037
73187
73238
73371
73396
73404
73405
73436
73448
73451
73467
73505
73569
73595
73659
73808
73896
73914
73914
73918
74049
74056
74063
74069
74142
74145
74217
74248
74274
74279
74296
74314
74323
74334
74355
74394
74474
74525
74561
74649
74714
74811
74949
74958
75007
75064
75131
75155
75177
75187
75312
75383
75556
75561
75652
75706
75718
75806
75832
75854
75868
75880
75909
75914
75977
76000
76013
76016
76050
76059
76091
76144
76393
76478
76492
76494
76527
76562
76577
76645
76687
76711
76811
76856
76872
76883
76957
77035
77044
77053
77103
77129
77159
77160
77177
77333
77405
77446
77521
77746
77769
77834
77850
77948
78141
78235
78350
78365
78425
78627
78690
78721
78824
78914
78920
78923
78926
79043
79081
79224
79265
79515
79535
79541
79594
79609
79678
79764
79796
79800
79902
80113
80138
80148
80179
80263
80281
80403
80474
80526
80577
80632
80673
80696
80767
80976
81007
81055
81079
81083
81133
81141
81185
81187
81326
81340
81348
81368
81448
81535
81571
81577
81618
81718
81907
82213
82247
82296
82403
82512
82527
82528
82552
82651
82705
82769
82805
82858
82863
82949
82981
83059
83125
83143
83236
83277
83350
83635
83682
83739
83765
83784
83788
83803
83816
83819
84024
84085
84097
84125
84166
84210
84217
84261
84338
84415
84443
84512
84549
84607
84871
84931
84941
84989
85036
85053
85117
85151
85198
85235
85282
85299
85355
85416
85447
85462
85488
85509
85531
85639
85741
85848
85859
85897
85914
85932
85952
85989
86003
86043
86061
86063
86068
86083
86322
86348
86365
86370
86722
86743
86841
86859
86999
87205
87272
87313
87538
87577
87586
87593
87617
87655
87715
87836
87911
87914
87923
88019
88030
88136
88188
88189
88251
88295
88328
88479
88486
88498
88532
88613
88787
88809
89043
89121
89190
89213
89237
89325
89469
89532
89533
89617
89620
89766
89796
89875
89897
89978
90011
90047
90112
90203
90221
90364
90413
90531
90622
90636
90670
90759
90768
90797
90800
90826
90890
90963
91000
91007
91012
91019
91063
91089
91121
91194
91218
91231
91280
91290
91308
91312
91352
91371
91389
91451
91453
91511
91578
91640
91816
91863
91922
92000
92106
92197
92203
92248
92279
92305
92323
92324
92352
92407
92415
92440
92457
92507
92508
92599
92623
92942
93080
93102
93183
93268
93334
93415
93552
93692
93708
93770
93793
93807
93916
94001
94004
94105
94188
94208
94418
94579
94594
94681
94734
94827
94919
94981
95139
95223
95469
95528
95532
95792
95873
95958
96001
96065
96101
96162
96174
96251
96388
96390
96414
96541
96594
96628
96653
96674
96677
96692
96700
96816
96839
96902
96913
96969
96993
97007
97023
97069
97123
97162
97231
97272
97281
97317
97345
97675
97779
97781
97832
97840
97941
98032
98072
98103
98148
98160
98198
98287
98318
98510
98527
98667
98927
98928
98969
98981
99016
99033
99094
99103
99225
99813
99896
100027
100047
100229
100255
100295
100330
100378
100406
100428
100432
100550
100554
100577
100690
100804
100864
100902
101003
101123
101217
101323
101340
101350
101364
101403
101417
101499
101505
101511
101521
101637
101652
101666
101732
101937
101995
102017
102031
102078
102099
102122
102160
102209
102347
102439
102452
102459
102523
102606
102825
103086
103090
103141
103159
103166
103188
103252
103264
103354
103408
103408
103439
103497
103579
103605
103720
103741
103967
103993
104181
104271
104326
104458
104544
104628
104634
104802
104813
104841
104913
105036
105039
105055
105194
105216
105266
105290
105337
105446
105579
105612
105912
105927
105993
106042
106070
106124
106141
106142
106183
106262
106271
106300
106311
106365
106383
106406
106408
106416
106446
106458
106508
106715
106746
106775
106911
106959
106992
107026
107038
107060
107063
107211
107229
107286
107296
107486
107488
107494
107517
107593
107671
107808
107835
107884
107920
108002
108052
108139
108229
108245
108277
108322
108367
108541
108606
108625
108634
108861
108911
108964
108978
109045
109138
109201
109538
109918
109963
110016
110028
110264
110296
110397
110589
110691
110731
110763
110822
110860
110907
110953
111112
111114
111131
111284
111320
111382
111484
111618
111750
111799
111800
111808
111817
111985
112071
112084
112084
112217
112373
112401
112428
112473
112675
112678
112753
112755
112771
112831
112856
112990
112998
113054
113094
113104
113120
113252
113259
113293
113369
113422
113550
113655
113680
113696
113969
113979
113989
114007
114024
114048
114108
114272
114398
114402
114421
114480
114518
114536
114588
114697
114786
114803
114880
114882
114956
114980
115161
115274
115280
115307
115469
115566
115610
115704
115709
115959
115961
115973
115999
116169
116180
116261
116281
116542
116543
116557
116597
116661
116912
116937
116986
117004
117058
117173
117189
117196
117237
117256
117339
117379
117393
117571
117590
117621
117647
117677
117694
117753
117758
117792
117810
117841
117941
118036
118050
118146
118161
118307
118462
118511
118522
118614
118636
118652
118842
118847
118955
118972
119262
119510
119518
119588
119795
119825
119835
119859
119881
119883
119905
120042
120165
120169
120226
120266
120330
120434
120446
120460
120470
120474
120529
120627
120638
120686
120733
120806
120852
120992
121021
121053
121063
121067
121133
121137
121141
121143
121219
121230
121354
121407
121574
121683
121734
121765
121786
121814
121886
121899
121986
122043
122183
122187
122226
122305
122332
122350
122354
122358
122385
122465
122544
122548
122691
122796
122811
122944
123025
123063
123127
123129
123303
123382
123398
123639
123659
123681
123711
123763
123862
123867
123884
123911
123965
124142
124177
124338
124357
124374
124379
124388
124426
124500
124551
124577
124858
124871
124920
124933
125005
125009
125011
125040
125068
125075
125104
125124
125169
125210
125225
125387
125411
125592
125648
125749
125796
126036
126086
126091
126431
126432
126544
126571
126653
126656
126657
126919
126947
126971
127023
127170
127216
127538
127574
127673
127742
127790
127917
128025
128086
128110
128152
128234
128417
128425
128437
128455
128520
128589
128590
128619
128693
128753
128769
128773
128798
128913
128931
129001
129009
129085
129099
129118
129136
129195
129201
129258
129280
129400
129404
129476
129477
129495
129508
129536
129607
129682
129738
129744
129759
129829
129929
130045
130177
130236
130248
130283
130288
130320
130335
130445
130452
130523
130575
130721
130767
130962
131000
131077
131118
131128
131198
131260
131662
131678
131754
132016
132159
132168
132188
132205
132436
132491
132660
132712
133123
133165
133261
133298
133312
133380
133465
133512
133574
133601
133626
133633
133778
133849
134068
134069
134094
134124
134141
134251
134269
134273
134329
134403
134451
134473
134522
134540
134589
134592
134670
134672
134675
134733
134786
134888
135298
135468
135488
135536
135734
135747
135875
136044
136082
136200
136246
136265
136388
136432
136483
136514
136734
136734
136792
136931
136960
137188
137236
137275
137352
137360
137389
137407
137420
137420
137429
137431
137557
137860
137936
137997
138017
138117
138226
138273
138300
138325
138587
138623
138649
138655
138711
138789
138935
138970
139161
139317
139333
139365
139391
139488
139546
139581
139637
139718
139735
139737
139869
139947
139977
140069
140102
140259
140283
140337
140428
140434
140514
140519
140539
140584
140630
140743
140750
140868
141008
141012
141064
141114
141207
141291
141292
141452
141517
141576
141581
141677
141692
141722
141791
141908
141960
141970
141983
142132
142159
142159
142500
142573
142573
142753
142798
142821
142947
143002
143007
143344
143382
143557
143599
143668
143916
143935
144103
144424
144479
144494
144704
144808
144897
144904
144979
145367
145806
145840
145866
146008
146033
146111
146367
146642
146651
146810
146956
146981
147028
147170
147375
147463
147468
147760
147877
147951
147953
147975
147985
148064
148167
148207
148221
148273
148318
148397
148451
148457
148472
148524
148527
148530
148795
148902
149149
149207
149508
149548
149858
149947
150010
150023
150046
150202
150230
150467
150636
150637
150640
150880
150917
151122
151130
151133
151142
151269
151464
151558
151568
151695
151757
151882
151889
151901
151997
152008
152091
152132
152145
152205
152208
152295
152370
152379
152390
152512
152530
152539
152676
152756
152948
152993
152995
153033
153199
153243
153386
153433
153515
153575
153641
153973
153995
154265
154315
154409
154423
154517
154610
154922
154953
155010
155134
155302
155304
155316
155326
155349
155710
155826
155839
155879
156029
156161
156163
156169
156297
156301
156502
156532
156624
156683
156737
156848
156936
156940
157037
157118
157178
157423
157470
157598
157646
157682
157838
157884
157912
157954
158012
158048
158086
158121
158148
158157
158438
158510
158552
158558
158624
158684
158685
158749
158943
158992
159086
159196
159252
159367
159390
159717
159940
159950
159963
160045
160072
160073
160094
160098
160145
160205
160225
160255
160323
160339
160374
160391
160498
160508
160516
160540
160580
160647
160667
160719
160981
160985
161000
161227
161417
161517
161529
161598
161733
161762
161912
161934
161996
162022
162141
162178
162440
162504
162564
162689
162760
162838
162844
162858
162882
162962
163045
163053
163058
163264
163291
163611
163705
163758
163921
163947
164051
164060
164113
164215
164465
164507
164514
164828
164884
164977
165014
165017
165272
165377
165659
165973
166214
166401
166470
166551
166635
166663
166793
166794
166828
166953
167142
167154
167269
167290
167353
167466
167534
167626
167641
167663
167674
167754
167798
168128
168436
168437
168441
168464
168704
168784
169047
169100
169259
169382
169474
169521
169596
169610
169648
169712
169748
169817
169828
169909
169968
170030
170080
170115
170184
170197
170267
170288
170582
170778
170789
170977
171106
171160
171295
171482
171543
171566
171576
171907
171922
171935
172034
172225
172411
172467
172477
172578
172788
172830
172897
172915
173125
173135
173281
173363
173601
173640
173697
173726
173794
173859
173863
173926
173946
173989
174185
174235
174239
174248
174252
174263
174294
174360
174505
174546
174655
174733
174753
174757
174789
174852
174945
174990
175075
175157
175406
175431
175480
175830
175918
176036
176220
176315
176360
176393
176421
176477
176490
176564
176620
176621
176713
176792
176818
177058
177107
177139
177148
177162
177326
177372
177494
177538
177560
177621
177807
178028
178098
178177
178217
178261
178323
178486
178531
178593
178953
179011
179312
179420
179590
179737
179788
179861
180072
180171
180193
180280
180385
180386
180402
180414
180483
180548
180567
180571
180605
180787
180827
180953
181148
181259
181313
181365
181417
181429
181599
181702
181742
181766
182097
182103
182153
182179
182307
182488
182606
182691
182707
182809
182856
183065
183078
183093
183145
183234
183292
183322
183372
183388
183448
183631
183698
183732
183797
183815
183862
183877
184118
184132
184140
184151
184264
184304
184317
184446
184557
184588
184588
184727
184740
184791
184932
185291
185310
185621
185718
185903
186074
186166
186224
186262
186297
186351
186365
186386
186434
186844
186981
187003
187014
187250
187276
187305
187440
187503
187762
187815
187859
187980
187983
188130
188255
188377
188459
188490
188521
188726
188892
189229
189233
189283
189455
189478
189685
189701
189866
190542
190566
190638
191010
191062
191120
191200
191346
191497
191577
191735
191822
191899
192055
192116
192175
192380
193164
193266
193375
193468
193489
193564
193681
193715
193768
193779
193844
193882
193883
193886
193901
193902
194096
194184
194271
194302
194485
194526
194537
194649
194776
195242
195258
195289
195292
195412
195431
195551
195594
195747
196015
196180
196247
196295
196416
196444
196807
196876
197356
197423
197477
197576
197641
197788
197870
198183
198224
198276
198281
198291
198426
198451
198961
199245
199700
199781
199922
199946
199947
200006
200140
200183
200285
200331
200414
200442
200525
200574
200874
200886
200900
200995
201362
201405
201566
201667
202043
202087
202220
202295
202398
202402
202445
202628
202670
202868
203242
203428
203699
203705
203710
204007
204015
204045
204200
204248
204366
204431
204512
204617
204903
205198
205209
205261
205382
205383
205402
205698
205702
205781
206031
206117
206283
206413
206484
206653
206695
206795
206844
206920
206997
207029
207055
207220
207396
207491
207535
207586
207636
208212
208494
208634
208949
209280
209319
209354
209417
209522
209536
209594
210039
210048
210192
210929
211027
211151
211201
211279
211351
211364
211370
211482
211645
211800
211973
212072
212145
212446
212531
212637
212910
213045
213163
213362
213365
213365
213367
213464
213889
214023
214191
214294
214403
214507
214507
214631
214635
214847
214906
215299
215301
215338
215360
215968
216103
216320
216655
216838
216900
217419
217565
217592
217800
217820
217944
218101
218103
218125
218346
218455
218492
218735
218833
218961
219257
219524
219560
219615
219656
219966
219990
220078
220147
220257
220362
220369
220407
220532
220716
220791
220887
221032
221121
221163
221240
221341
221561
221602
221971
222036
222087
222252
222526
222768
222800
223125
223183
223378
224415
224425
224478
224606
224636
225078
225198
225324
225445
225526
225572
225639
225831
225842
226017
226156
226422
226785
226801
226910
227323
227346
227367
227623
227774
227826
227892
227964
228174
228209
228637
228656
228731
228878
229612
229984
230069
230097
230324
230864
230898
230914
231153
231173
231237
231689
231820
231966
232014
232099
232315
232678
232945
233083
233464
233787
233964
234001
234065
234978
235394
235399
235402
235916
235934
236062
236207
236353
236682
236686
236793
236834
236882
237033
237036
237109
237145
237211
237242
237329
237651
237849
237911
238477
238573
238608
238799
239101
239199
239432
239934
240107
240340
240618
240796
240922
241116
241178
241422
241507
241997
242211
242688
242728
242812
242880
243181
243291
243853
243917
244163
244216
244225
244330
244337
244368
244420
244645
245025
245100
245249
245561
246440
246655
246660
246687
246988
247016
247079
247185
247207
247370
247767
247898
247933
247968
248005
248210
248473
248674
248677
248684
248749
249373
249379
249583
250030
250194
250280
250368
250568
250921
251306
251884
252189
252210
252304
252751
253018
253621
253649
253930
254564
254776
254888
255159
255193
255383
255518
255655
255705
255742
255847
256081
256490
256581
256747
256804
256970
257238
257331
257344
257523
257688
258421
258497
258815
258851
258918
259681
259925
260147
260150
260225
260284
260336
260395
260468
260508
260730
260747
261051
261159
261470
261497
261522
261605
262043
262216
262275
262494
262704
262920
263010
263364
263611
263680
263895
264278
264490
264506
264596
264973
265063
265146
265836
265907
266327
266535
267015
267079
267388
267534
267575
267939
268438
268589
268805
268979
269021
269200
269506
269588
269594
269774
269883
270083
270090
270097
270281
270938
271292
271387
271439
272358
272412
272608
272777
272884
273051
273169
273593
273659
273721
274164
274219
274871
275130
275177
275418
275420
275559
275692
275938
276079
276374
276486
276533
276633
276633
276731
277118
277399
277403
277439
277667
277796
278119
278184
278352
278358
278359
278656
278694
278851
278894
278930
279115
279336
280134
280197
280526
280590
280833
281206
281321
281402
281592
281765
281896
281965
282072
282279
282848
282937
282972
283104
283108
283223
283567
283963
284087
284133
284161
284717
285411
285440
285466
285527
285609
285662
286476
286482
286858
286914
287029
287105
287441
287581
287885
288230
288838
289025
289191
289413
289603
289751
289825
289855
290316
290717
290796
290825
291276
291381
291602
291922
291982
292018
292078
292718
292756
292899
292950
293144
293563
293967
294003
294158
294161
295264
296371
296518
296634
296647
296781
296965
297201
297413
297738
297795
299032
299081
299113
299129
299238
299303
299494
299497
299616
299880
299896
299931
300363
301305
301557
301853
302169
302258
302271
302701
302818
302873
302885
303371
304133
304508
304926
305234
305553
306465
306886
306938
306983
307454
308465
308549
308998
309661
309780
309899
310036
310061
310070
310205
310225
310584
310694
311222
311895
312036
312235
312472
312971
313561
313774
314735
315040
315294
315478
315628
315766
316306
316773
316841
317508
317698
318257
318973
319426
320147
320186
320300
320757
320955
321502
321660
321779
322716
322806
323018
323252
323595
325011
325425
326021
327058
327557
328886
328985
329072
330274
330806
330862
331144
331511
332272
333494
333568
333732
333811
334136
334156
334500
334928
335406
337222
337245
338917
339333
339441
339883
340051
340466
340484
340867
340970
341682
341925
342442
343001
343461
346050
347588
347682
348276
349270
349308
349840
349935
350186
350196
350631
350751
351325
351831
351841
351962
352852
353449
355093
355787
355927
356518
356668
356917
357162
357979
359317
360964
362335
363044
363453
364900
365221
365308
365597
366114
366474
367660
368314
370455
370682
371607
372139
372746
374037
374367
375237
375696
376035
378213
379145
379223
379954
380666
381631
383806
384134
384828
385100
385457
386425
386547
387086
387391
390221
390390
391139
393083
393128
393466
394712
394821
395562
395579
396278
398061
399159
401780
402275
402467
403984
406211
406457
406923
407046
407424
409317
410630
411342
412858
412888
417057
419788
419813
421242
421353
422176
424645
425169
427338
427477
427682
427875
427969
429478
431444
434005
440399
441903
443324
443947
447153
454742
459048
461322
466231
469025
474010
486390
489134
489949
490005
495278
500452
509294
521168
525617
536248
538581
543530
554308
562910
657675
661824
