0
0
31
54
222
233
271
348
405
438
472
514
522
538
580
638
669
680
717
778
779
913
921
955
1070
1108
1122
1192
1199
1265
1282
1431
1504
1531
1642
1644
1682
1718
1765
1786
1827
1848
1951
1979
1994
2002
2076
2122
2181
2187
2208
2212
2238
2257
2264
2282
2377
2380
2442
2474
2478
2543
2580
2593
2612
2614
2635
2642
2662
2741
2779
2952
3011
3041
3082
3093
3124
3136
3161
3169
3219
3283
3306
3347
3423
3428
3485
3545
3557
3577
3648
3683
3732
3773
3975
3998
4005
4019
4122
4144
4150
4156
4156
4170
4319
4330
4331
4335
4340
4382
4449
4452
4480
4565
4572
4575
4640
4686
4705
4758
4859
4882
4975
5063
5109
5122
5134
5191
5277
5289
5336
5365
5382
5434
5480
5517
5520
5531
5556
5559
5616
5651
5681
5831
5868
5884
5899
5932
5965
6054
6058
6060
6072
6091
6113
6229
6253
6274
6277
6335
6345
6346
6371
6459
6500
6592
6610
6623
6686
6697
6763
6880
6959
7061
7119
7182
7190
7432
7532
7548
7635
7658
7693
7707
7717
7790
7865
7876
7922
7946
7979
8050
8065
8127
8231
8273
8390
8489
8531
8573
8588
8603
8750
8759
8802
8886
8942
8950
8977
9041
9057
9180
9249
9264
9324
9444
9461
9482
9484
9490
9527
9539
9566
9585
9607
9715
9718
9789
9834
9910
9922
10034
10035
10061
10077
10085
10088
10092
10114
10116
10179
10180
10198
10306
10330
10341
10387
10400
10400
10406
10409
10570
10629
10641
10694
10710
10725
10767
10795
10805
10828
10840
10878
10924
10943
10949
10965
10991
11028
11044
11092
11181
11212
11225
11242
11264
11322
11349
11356
11376
11378
11389
11401
11404
11435
11479
11532
11557
11601
11628
11724
11725
11736
11745
11754
11831
11867
11911
11956
11991
12075
12091
12103
12127
12146
12282
12285
12302
12336
12352
12436
12465
12500
12502
12536
12551
12569
12631
12774
12849
12856
12878
12890
12909
12912
12915
12976
12999
13020
13029
13064
13089
13211
13226
13282
13284
13341
13382
13398
13477
13495
13495
13504
13517
13626
13650
13658
13663
13717
13810
13913
13943
14050
14058
14070
14185
14215
14274
14313
14399
14399
14412
14421
14455
14494
14552
14557
14579
14585
14609
14667
14679
14680
14684
14689
14699
14756
14788
14877
14916
14940
14967
14977
15008
15073
15091
15120
15124
15127
15175
15179
15186
15205
15223
15229
15247
15255
15313
15356
15453
15457
15474
15529
15541
15550
15572
15582
15604
15646
15694
15697
15701
15736
15741
15760
15760
15829
15847
15858
15912
15952
15966
15972
15979
16048
16098
16162
16203
16210
16220
16232
16246
16304
16361
16369
16390
16477
16528
16530
16620
16634
16650
16667
16668
16691
16724
16724
16764
16798
16824
16825
16835
16967
16970
16985
16989
17135
17155
17162
17183
17194
17256
17328
17342
17402
17417
17419
17443
17471
17514
17615
17678
17747
17793
17840
17869
17884
17960
17966
17988
18023
18038
18116
18119
18165
18224
18236
18272
18353
18384
18416
18458
18494
18556
18624
18648
18695
18752
18854
18930
18937
19039
19077
19091
19114
19213
19227
19262
19270
19294
19348
19364
19385
19396
19409
19483
19494
19538
19581
19639
19649
19730
19732
19764
19806
19883
19901
19907
19920
19928
19939
19975
20012
20034
20150
20159
20189
20201
20249
20289
20372
20413
20469
20522
20540
20571
20616
20730
20753
20813
20817
20858
20872
20886
20954
20962
20988
21024
21055
21068
21140
21362
21397
21418
21500
21540
21579
21639
21696
21713
21722
21809
21811
21837
21887
21890
21905
21914
21970
22000
22008
22010
22044
22048
22071
22129
22184
22191
22273
22278
22330
22402
22433
22465
22476
22533
22541
22612
22670
22818
22874
22955
22960
23081
23085
23151
23158
23202
23262
23274
23297
23401
23402
23438
23502
23519
23519
23536
23559
23599
23610
23648
23660
23692
23758
23828
23853
23855
23867
23876
23886
23966
23988
23991
23997
24037
24064
24112
24174
24178
24182
24194
24226
24242
24266
24275
24275
24279
24308
24394
24403
24415
24442
24449
24503
24526
24606
24702
24704
24761
24827
24855
24942
24944
25028
25061
25082
25167
25191
25210
25231
25265
25298
25302
25335
25344
25397
25481
25495
25512
25569
25572
25573
25599
25635
25662
25719
25757
25816
25832
25835
25844
25888
25906
26000
26063
26130
26160
26196
26196
26208
26239
26245
26280
26345
26374
26383
26411
26499
26541
26565
26578
26617
26691
26871
26938
26945
26987
26997
27057
27155
27155
27205
27218
27268
27312
27331
27370
27456
27506
27582
27632
27686
27735
27771
27888
27961
28016
28018
28020
28161
28186
28224
28295
28367
28377
28493
28608
28635
28639
28679
28692
28707
28779
28780
28822
28826
28844
28981
29070
29079
29094
29103
29105
29133
29175
29197
29221
29270
29279
29350
29445
29463
29483
29486
29560
29588
29606
29633
29725
29755
29781
29796
29807
29826
29853
29860
29863
29907
29909
29950
29985
29988
29991
30012
30029
30043
30092
30178
30237
30332
30340
30353
30461
30528
30626
30627
30766
30769
30792
30796
30816
30816
30842
30843
30888
30929
30951
30975
31000
31013
31024
31032
31078
31172
31182
31216
31256
31287
31354
31404
31491
31502
31535
31543
31549
31610
31737
31757
31760
31767
31809
31815
31837
31854
31855
31875
31899
31926
31937
32002
32074
32089
32137
32162
32185
32247
32321
32337
32377
32393
32428
32476
32558
32562
32581
32647
32669
32685
32690
32694
32742
32759
32775
32869
32888
32929
32934
32970
32978
32990
32999
33019
33051
33084
33092
33122
33195
33245
33270
33278
33327
33375
33507
33514
33526
33577
33585
33595
33606
33705
33770
33770
33818
33861
33894
33915
33944
33971
33985
34064
34118
34168
34237
34341
34353
34369
34416
34469
34485
34500
34516
34613
34622
34632
34701
34732
34788
34850
34884
34886
34889
34955
34970
35016
35020
35039
35091
35184
35209
35232
35315
35326
35326
35359
35403
35431
35452
35473
35652
35665
35717
35737
35770
35773
35820
35821
35853
35863
35989
36020
36022
36051
36055
36127
36193
36218
36220
36233
36345
36353
36498
36556
36575
36608
36643
36662
36662
36673
36734
36760
36807
36810
36812
36828
36884
36925
37032
37039
37070
37071
37102
37104
37120
37205
37251
37324
37331
37371
37393
37465
37471
37472
37518
37606
37617
37637
37646
37684
37697
37708
37848
37877
37883
37925
37946
37949
38014
38025
38040
38041
38052
38073
38089
38134
38168
38202
38204
38266
38308
38309
38351
38392
38585
38604
38623
38679
38740
38787
38851
38882
38901
38926
38941
38956
38996
39005
39008
39028
39044
39109
39124
39173
39193
39244
39312
39335
39377
39465
39468
39485
39552
39582
39599
39606
39611
39647
39650
39683
39946
39950
40104
40117
40237
40394
40437
40448
40520
40521
40564
40572
40599
40611
40623
40690
40690
40693
40712
40815
40906
40946
41060
41085
41118
41155
41173
41177
41253
41286
41302
41411
41456
41475
41493
41553
41569
41697
41749
41858
41899
42009
42018
42044
42206
42210
42240
42274
42280
42293
42297
42360
42368
42494
42513
42533
42543
42597
42650
42706
42750
42867
42867
42899
42909
42933
42977
43095
43104
43124
43135
43158
43184
43202
43223
43267
43303
43319
43319
43321
43322
43341
43353
43360
43362
43362
43395
43407
43416
43438
43438
43450
43452
43533
43551
43556
43564
43621
43631
43638
43666
43672
43674
43686
43730
43735
43810
43876
43896
43945
44002
44017
44025
44051
44118
44127
44136
44166
44215
44291
44308
44387
44439
44445
44448
44456
44468
44490
44531
44609
44644
44673
44698
44702
44790
44830
44837
44849
44889
44893
44917
45013
45035
45039
45051
45091
45095
45102
45117
45134
45182
45211
45240
45257
45302
45328
45339
45391
45410
45436
45494
45502
45538
45574
45591
45592
45655
45692
45705
45777
45821
45873
45882
45891
45914
46000
46010
46024
46075
46117
46177
46194
46256
46428
46435
46513
46680
46692
46693
46694
46737
46750
46788
46817
46899
46906
47039
47113
47158
47164
47211
47247
47386
47390
47411
47453
47485
47485
47506
47536
47550
47632
47633
47777
47809
47843
47898
47931
47977
47985
47985
47989
48003
48021
48055
48094
48144
48144
48233
48261
48264
48277
48316
48385
48385
48412
48418
48434
48443
48457
48542
48563
48566
48621
48670
48676
48687
48788
48803
48828
48831
48857
48901
48905
48918
48943
49222
49232
49234
49255
49260
49313
49321
49536
49630
49685
49753
49756
49815
49868
49870
49877
49960
49979
49980
49984
49995
50028
50041
50103
50147
50168
50307
50315
50324
50404
50493
50497
50501
50529
50549
50575
50611
50615
50636
50673
50724
50740
50813
50860
50956
50973
50999
51025
51030
51043
51108
51122
51163
51214
51223
51289
51420
51561
51596
51636
51648
51701
51778
51778
51781
51816
51905
51975
52048
52057
52068
52091
52217
52222
52249
52291
52407
52425
52517
52558
52563
52681
52731
52735
52797
52828
52864
52887
52920
52964
52983
53040
53065
53089
53232
53302
53386
53398
53407
53420
53438
53444
53445
53456
53477
53477
53497
53498
53501
53611
53649
53675
53709
53742
53760
53775
53775
53924
53945
53963
54047
54063
54081
54211
54211
54318
54355
54374
54393
54399
54433
54435
54452
54562
54564
54666
54705
54816
54842
54848
54868
54909
54909
54942
55012
55018
55023
55060
55062
55082
55088
55094
55097
55146
55156
55219
55219
55220
55269
55331
55425
55514
55535
55560
55642
55663
55680
55680
55703
55737
55744
55772
55788
55789
55834
55857
55860
55863
55895
56248
56262
56277
56296
56431
56461
56480
56596
56629
56760
56821
56835
56843
56843
56850
56882
56894
56920
57018
57067
57097
57211
57225
57241
57313
57387
57435
57446
57481
57487
57641
57674
57721
57805
57859
57863
57872
57892
57903
57949
57975
57976
58004
58024
58265
58270
58321
58424
58494
58504
58523
58542
58545
58592
58595
58608
58627
58727
58733
58757
58817
58911
58965
59018
59093
59114
59151
59193
59200
59231
59238
59251
59496
59498
59548
59565
59585
59600
59607
59743
59752
59757
59788
59818
59870
59910
59955
59972
59974
59989
60018
60039
60152
60153
60283
60319
60362
60427
60440
60454
60475
60479
60492
60550
60583
60625
60693
60796
60801
61045
61062
61072
61232
61364
61401
61531
61532
61606
61644
61776
61856
61857
61864
61878
61885
62035
62075
62224
62310
62360
62386
62417
62438
62475
62586
62594
62597
62625
62697
62720
62790
62890
62900
62902
62934
62934
63005
63015
63046
63051
63080
63105
63118
63125
63163
63216
63312
63352
63353
63409
63461
63573
63588
63624
63666
63676
63677
63706
63722
63731
63783
63812
63820
63844
63923
63987
63994
64003
64004
64060
64090
64116
64120
64129
64139
64181
64193
64221
64271
64324
64344
64344
64387
64396
64410
64416
64504
64525
64588
64594
64601
64617
64732
64772
64799
64813
65017
65022
65051
65066
65138
65243
65362
65396
65404
65426
65428
65430
65499
65558
65607
65607
65615
65621
65622
65645
65676
65742
65775
65793
65802
65899
65907
65912
65954
66024
66055
66071
66073
66131
66156
66190
66199
66275
66341
66358
66393
66410
66418
66529
66564
66564
66574
66643
66655
66679
66730
66744
66763
66792
66826
66982
67002
67012
67157
67160
67212
67229
67278
67300
67357
67428
67485
67527
67587
67623
67653
67692
67772
67807
67871
67875
67896
67972
67984
68017
68052
68140
68163
68231
68252
68255
68272
68301
68305
68398
68426
68431
68441
68576
68583
68603
68642
68740
68777
68793
68828
68880
68881
69027
69061
69142
69144
69211
69231
69242
69384
69390
69506
69590
69734
69993
70015
70040
70062
70068
70102
70124
70145
70148
70158
70204
70209
70331
70369
70370
70405
70430
70434
70476
70519
70527
70605
70606
70615
70628
70658
70805
70896
71067
71074
71112
71117
71124
71165
71225
71226
71299
71304
71365
71409
71468
71502
71513
71644
71689
71860
71954
72054
72112
72124
72170
72178
72178
72182
72198
72252
72262
72280
72292
72306
72330
72414
72444
72487
72522
72528
72547
72681
72701
72720
72804
72822
72835
72882
72968
73008
73017
73019
73069
73135
73153
73193
73205
73334
73361
73434
73451
73609
73625
73774
73815
73831
73896
73918
74038
74055
74069
74164
74216
74252
74258
74284
74295
74336
74415
74465
74480
74481
74600
74626
74631
74646
74656
74686
74859
74947
75074
75104
75113
75179
75295
75301
75413
75418
75537
75644
75658
75778
75784
75802
75879
75917
76060
76073
76199
76371
76469
76473
76482
76536
76652
76684
76698
76724
76780
76783
76794
76807
76883
76981
76985
77111
77132
77176
77203
77242
77296
77400
77496
77535
77586
77608
77662
77714
77730
77731
77764
77881
77927
77933
77945
77973
78017
78034
78117
78124
78148
78195
78202
78245
78246
78314
78333
78374
78376
78382
78388
78393
78396
78409
78538
78551
78594
78615
78633
78780
78809
78836
78857
78871
78893
78897
79059
79117
79130
79160
79184
79223
79232
79377
79393
79436
79466
79503
79555
79559
79587
79592
79675
79675
79817
79854
79871
79964
80127
80178
80221
80255
80257
80367
80434
80515
80630
80645
80648
80649
80659
80722
80750
80803
80807
80822
80846
80890
80933
80941
81174
81213
81261
81264
81281
81316
81392
81392
81458
81467
81481
81600
81667
81668
81679
81696
81704
81708
81884
81913
82222
82269
82295
82366
82413
82469
82474
82518
82552
82580
82724
82755
82779
82923
82973
82979
83007
83071
83106
83256
83278
83328
83440
83559
83671
83696
83717
83743
83781
83818
83827
83831
83868
83882
83919
83982
84002
84055
84135
84143
84163
84215
84282
84283
84289
84353
84356
84363
84449
84472
84527
84598
84600
84615
84706
84789
84809
84831
84878
84925
84939
84944
84986
85038
85098
85222
85237
85251
85263
85349
85372
85383
85427
85443
85452
85473
85516
85559
85637
85762
85775
85908
85913
85922
85928
85936
86006
86020
86058
86104
86117
86134
86202
86355
86362
86385
86665
86674
86886
86902
86940
86969
86997
87053
87099
87113
87249
87309
87521
87584
87612
87695
87746
87822
87844
87869
87946
87971
88034
88104
88124
88194
88433
88638
88661
88681
88696
88785
88873
88874
88885
88921
88935
89006
89033
89051
89077
89114
89215
89224
89274
89332
89392
89408
89414
89691
89768
89811
89834
89922
89931
89940
89952
90088
90155
90177
90304
90487
90548
90592
90595
90629
90638
90662
90663
90708
90755
90808
90829
90892
90940
90946
90973
91000
91009
91022
91056
91100
91120
91147
91152
91177
91199
91214
91216
91277
91279
91323
91327
91423
91424
91427
91428
91478
91495
91516
91599
91604
91719
91733
91736
91802
91805
91913
91914
92087
92115
92131
92160
92218
92233
92274
92310
92367
92375
92402
92404
92412
92419
92441
92481
92537
92623
92627
92674
92686
92754
92875
92887
92939
93010
93016
93086
93151
93221
93272
93282
93322
93365
93437
93443
93483
93554
93580
93596
93685
93693
93729
93752
93761
93787
93854
93894
93899
93907
93919
93927
94065
94089
94091
94101
94112
94230
94232
94349
94410
94460
94522
94528
94594
94650
94711
94767
94798
94818
94827
94839
94845
94854
95141
95174
95187
95209
95337
95352
95368
95454
95466
95467
95503
95514
95528
95624
95644
95724
95728
95729
95739
95822
95906
95982
96073
96104
96147
96188
96393
96405
96451
96600
96607
96672
96718
96735
96773
96822
96900
96933
97011
97068
97085
97232
97252
97254
97319
97339
97371
97412
97449
97478
97486
97508
97534
97580
97601
97742
97755
97770
97850
97898
97958
98063
98083
98097
98257
98261
98279
98346
98359
98367
98396
98501
98515
98531
98577
98769
98793
98798
98802
98977
98991
99010
99081
99161
99178
99227
99236
99237
99257
99273
99293
99390
99459
99459
99493
99526
99555
99574
99600
99605
99606
99626
99705
99732
99857
99916
99935
100064
100130
100143
100175
100186
100188
100207
100217
100259
100329
100386
100500
100599
100654
100798
100802
100962
101013
101093
101164
101216
101256
101295
101326
101326
101482
101546
101558
101646
101748
101753
101799
101928
101945
101975
101990
102042
102317
102376
102379
102382
102419
102437
102448
102490
102495
102505
102517
102562
102576
102578
102592
102599
102639
102715
102717
102869
102922
103018
103022
103074
103097
103127
103302
103329
103367
103370
103472
103507
103794
103856
103883
103935
103936
103977
104013
104041
104063
104070
104082
104181
104202
104231
104235
104244
104369
104572
104602
104778
104800
104811
104876
104934
105003
105093
105140
105144
105149
105184
105262
105291
105295
105457
105522
105583
105606
105608
105610
105619
105642
105644
105767
105814
105833
105928
105931
106044
106070
106232
106279
106286
106289
106326
106353
106398
106508
106551
106621
106638
106662
106671
106683
106689
106711
106746
106747
106926
106933
106961
107069
107159
107170
107277
107310
107313
107313
107359
107513
107578
107690
107696
107717
107728
107762
107777
107804
107840
107864
107881
107903
107913
107971
108026
108068
108107
108353
108360
108365
108514
108517
108822
108880
108939
108940
108981
109039
109077
109151
109173
109175
109201
109208
109292
109312
109380
109422
109500
109583
109741
109770
109777
109815
109857
109937
109947
109996
110051
110094
110113
110131
110211
110227
110227
110258
110303
110305
110357
110376
110410
110423
110459
110649
110664
110676
110682
110689
110709
110723
110729
110770
110778
110818
110852
110905
110937
110963
110990
111030
111039
111040
111047
111115
111231
111237
111245
111250
111380
111423
111424
111541
111656
111742
111912
111984
112020
112094
112115
112134
112142
112170
112205
112242
112347
112468
112665
112677
112702
112812
112822
112829
112852
113027
113034
113117
113446
113567
113618
113650
113671
113683
113726
113727
113866
113934
113979
114042
114049
114052
114114
114129
114140
114170
114196
114205
114273
114396
114475
114496
114535
114586
114734
114739
114952
115087
115117
115161
115180
115185
115208
115242
115273
115371
115389
115453
115557
115572
115785
115828
115838
115993
116148
116240
116251
116386
116398
116404
116520
116642
116695
116746
116765
116942
117071
117155
117306
117343
117348
117533
117575
117597
117633
117647
117705
117711
117840
117944
117979
118014
118018
118120
118123
118186
118226
118289
118323
118372
118404
118459
118488
118547
118551
118649
118739
118743
118871
118895
119133
119210
119227
119260
119301
119445
119538
119579
119756
119768
119785
119837
119919
119929
119992
120059
120150
120186
120198
120226
120265
120297
120300
120303
120352
120381
120451
120466
120529
120596
120640
120686
120721
120802
120843
120869
120972
121051
121120
121130
121155
121202
121255
121316
121385
121387
121464
121476
121699
121743
121763
121832
121843
121843
121919
121965
122082
122088
122120
122145
122153
122287
122311
122347
122450
122534
122540
122575
122626
122630
122698
122726
122760
122796
122816
122926
122959
123059
123064
123181
123204
123211
123289
123308
123355
123371
123413
123425
123579
123656
123669
123694
123736
123795
123841
123986
124059
124066
124457
124493
124531
124535
124588
124661
124675
124735
124782
124924
125082
125273
125318
125328
125329
125410
125423
125433
125497
125635
125707
125720
125753
125795
125837
125888
125912
126089
126115
126147
126288
126334
126508
126547
126576
126598
126628
126729
126752
126757
126763
126772
126964
127104
127149
127160
127168
127203
127244
127259
127263
127349
127471
127619
127623
127736
127812
127849
127971
128024
128118
128185
128386
128412
128618
128733
128772
128774
128919
129018
129071
129184
129324
129351
129484
129603
129683
129751
129786
129916
130054
130082
130096
130108
130155
130298
130341
130382
130468
130642
130688
130705
130863
130887
130890
130896
130967
131199
131412
131414
131439
131479
131531
131536
131610
131618
131756
131823
131842
131862
131887
131916
131940
131948
132005
132041
132063
132089
132228
132271
132402
132428
132471
132486
132583
132588
132735
132746
132759
132771
132824
132914
133111
133155
133198
133311
133312
133313
133380
133421
133513
133522
133537
133544
133580
133608
133641
133667
133705
133758
133798
134078
134131
134132
134181
134191
134250
134315
134353
134361
134408
134518
134521
134583
134668
134674
134760
134879
134898
134923
135074
135100
135138
135147
135201
135302
135315
135335
135359
135440
135493
135638
135655
135750
135823
135870
135874
136228
136324
136347
136506
136709
136710
136722
136727
136761
136775
136895
136946
136979
137005
137016
137047
137192
137236
137293
137425
137450
137565
137752
137767
137769
137901
138011
138040
138145
138155
138293
138399
138449
138551
138655
138705
138710
138718
138757
138772
138803
138810
138885
138907
138908
138982
139433
139552
139590
139636
139653
139755
139840
139849
139864
139866
139929
139979
140020
140032
140047
140163
140193
140271
140332
140383
140685
140695
140703
140725
140818
140842
140847
141304
141341
141406
141417
141495
141536
141632
141692
141717
141762
141774
141927
142071
142091
142188
142216
142271
142292
142368
142393
142462
142481
142513
142600
142634
142658
142729
142875
143077
143209
143222
143420
143429
143452
143476
143499
143507
143557
143568
143572
143646
143835
143875
143894
143937
144008
144011
144050
144099
144213
144321
144327
144505
144540
144555
144572
144584
144611
144745
144767
144770
144804
144813
144889
145028
145092
145168
145182
145249
145281
145301
145302
145322
145329
145330
145340
145343
145561
145600
145627
145789
145859
145882
145989
146152
146227
146233
146250
146259
146312
146315
146460
146478
146507
146535
146546
146590
146604
146642
146878
146933
146941
146944
146950
146962
147027
147154
147214
147271
147321
147361
147362
147390
147406
147409
147415
147431
147476
147505
147540
147781
147882
147923
147955
148110
148133
148200
148288
148329
148448
148566
148736
148897
149361
149586
149755
149768
149775
149785
150111
150133
150374
150415
150423
150493
150496
150786
150921
150939
150972
151077
151132
151230
151339
151342
151442
151447
151480
151537
151564
151652
151659
151671
151671
151747
151839
151870
151920
151931
152116
152384
152387
152528
152547
152630
152674
152828
152918
152954
153103
153142
153153
153334
153361
153368
153418
153449
153565
153571
153593
153671
153836
153908
154165
154210
154404
154434
154541
154553
154664
154733
154745
154774
154782
154828
154842
154856
154861
155118
155124
155238
155263
155288
155324
155379
155434
155438
155445
155459
155627
155644
155674
155714
155775
155783
155810
155934
155947
156029
156080
156303
156309
156573
156593
156645
156681
156730
156843
156920
156955
156980
156985
157006
157076
157093
157153
157213
157453
157482
157497
157520
157807
157855
157863
157903
157908
157942
157968
158081
158103
158341
158461
158822
158828
158915
159070
159115
159232
159232
159261
159269
159276
159312
159340
159462
159483
159584
159638
159654
159832
159844
159891
159926
159995
160052
160063
160278
160298
160367
160390
160419
160474
160485
160588
160589
160590
160650
160658
160670
160719
160786
160821
160822
160823
160931
161010
161038
161205
161266
161269
161273
161306
161368
161448
161480
161691
161744
161752
161776
161839
162015
162029
162031
162100
162127
162268
162298
162336
162428
162437
162459
162463
162479
162490
162513
162517
162890
162937
163011
163092
163180
163229
163245
163256
163413
163421
163475
163489
163551
163575
163754
163765
163911
163918
163949
164007
164014
164023
164070
164077
164207
164246
164333
164469
164562
164652
164681
164889
164969
164991
165008
165012
165073
165130
165278
165457
165481
165532
165766
165786
165900
166194
166197
166338
166460
166469
166529
166538
166608
166724
166725
166763
166885
167008
167016
167044
167066
167086
167186
167215
167279
167304
167371
167406
167445
167465
167537
167563
167579
167644
167668
167763
167835
167869
168206
168218
168238
168281
168436
168534
168619
168646
168712
168720
168794
168799
168898
168948
169005
169150
169186
169262
169301
169401
169483
169556
169574
169583
169613
169660
169852
169864
169938
169946
170040
170084
170278
170426
170433
170440
170453
170488
170595
170606
170711
170736
170785
170880
170998
171005
171208
171421
171431
171442
171582
171691
171698
171802
171855
171961
171977
172035
172227
172378
172636
172647
172702
172834
172892
172937
172994
173055
173108
173448
173486
173588
173764
173832
173875
173880
173973
173984
174052
174074
174113
174226
174251
174362
174465
174480
174557
174612
174615
174690
174710
174916
174984
174988
175045
175049
175060
175140
175206
175294
175294
175484
175562
175592
175694
175894
175900
175915
175925
176092
176140
176274
176368
176403
176420
176640
176667
176729
176813
176826
176855
177097
177193
177271
177383
177567
177596
177619
177663
177742
177846
177896
177992
178236
178246
178390
178484
178515
178522
178534
178807
179113
179149
179152
179158
179221
179320
179337
179577
179662
179713
179875
180001
180042
180200
180287
180343
180457
180740
180899
180994
181017
181140
181525
181574
181772
181803
181890
181924
181933
182132
182243
182350
182668
182743
182789
183092
183312
183374
183383
183499
183661
183725
183772
183797
183819
184085
184193
184354
184422
184434
184448
184579
184605
184661
184728
184745
184746
184843
184930
185246
185260
185863
186028
186038
186046
186531
186539
186919
186971
187172
187244
187302
187311
187369
187376
187431
187515
187550
187558
187600
187628
187697
187832
188185
188206
188339
188481
188610
188721
188735
188842
189001
189155
189160
189170
189178
189184
189342
189365
189549
189585
189664
189897
189918
189926
190106
190141
190179
190216
190240
190353
190414
190420
190474
190551
190598
190662
190722
190734
190807
190874
190891
190981
191042
191081
191193
191240
191439
191486
191584
191666
191843
191898
191919
192027
192033
192058
192230
192233
192234
192351
192688
192725
192752
192908
192927
192976
193003
193030
193041
193062
193125
193135
193144
193224
193273
193349
193470
193522
193616
193644
193680
193698
193882
193946
193967
193977
194000
194038
194182
194256
194410
194463
194482
194531
194562
194823
194832
194852
194918
194982
195169
195188
195396
195454
195478
195595
195852
195880
195979
196128
196239
196331
196411
196488
196585
196624
196695
196778
196810
196845
196887
196890
197081
197109
197123
197333
197420
197549
197667
197820
197845
198037
198094
198139
198254
198400
198545
198666
199189
199243
199302
199340
199366
199617
199867
199923
199928
200035
200069
200184
200198
200477
200480
200493
200516
200627
200716
200759
200803
200919
200934
200945
200955
200976
200987
201082
201100
201159
201236
201315
201352
201567
201612
201658
201666
201803
201847
201884
201908
202292
202500
202883
203028
203143
203185
203252
203321
203897
203955
204121
204152
204165
204356
204440
204623
204729
204840
205011
205143
205317
205336
205526
205675
205744
206007
206041
206156
206225
206240
206279
206357
206400
206601
206680
206791
206828
206887
206992
207049
207159
207551
207565
207619
207676
207707
207801
207833
207836
207955
208066
208151
208418
208419
208470
208498
208756
208857
209272
209424
209557
209992
210414
210493
210523
210558
210612
210679
210790
210800
210843
210904
210908
211047
211377
211397
211399
211464
211722
211944
211978
211997
212220
212484
212651
212734
213064
213127
213267
213408
213433
213443
213530
213915
213945
214023
214430
214435
214497
214613
214617
214829
214940
215181
215256
215283
215411
215444
215652
215724
215839
216262
216354
216604
216712
217013
217037
217231
217670
218146
218203
218328
218398
218617
218683
218887
218939
219290
219491
219636
219787
219867
219984
220115
220158
220310
220311
220344
220450
220508
220556
220631
220654
220725
220853
221080
221189
221190
221227
221361
221469
221790
221793
221925
221980
222017
222183
222206
222237
222274
222324
222336
222350
222405
222432
222507
222726
222778
222822
222823
223043
223188
223190
223501
223750
224007
224133
224735
224803
225351
225379
225454
226044
226170
226344
226355
226389
226838
226945
227118
227180
227286
227365
227965
227990
228061
228175
228255
228270
228311
228409
228475
228487
228642
228840
229053
229123
229192
229496
229529
229581
229667
229682
229786
230130
230398
230426
230448
230484
230765
230767
230963
231042
231090
231208
231328
231571
231804
231828
231851
231868
232329
232400
232531
232881
232953
233046
233282
233710
234148
234271
234483
234542
234760
234872
235262
235386
235826
235998
236063
236266
236326
236344
236397
236465
236466
236886
236926
237060
237204
237277
237342
237419
237502
237569
237642
237890
238002
238054
238107
238243
238380
239022
239059
239381
239393
239428
239490
239546
239845
240093
240142
240228
240273
240279
240433
240468
240525
240663
240681
240688
240703
240865
240905
240968
240969
241159
241197
241216
241384
241758
241809
241916
241982
242194
242233
242498
242519
242650
242706
242772
242803
243156
243427
243614
243696
243722
243754
243836
243957
243966
243984
244042
244054
244176
244267
244453
244648
245175
245239
245373
245434
245621
245625
245635
245658
245707
245711
245774
245896
246117
246478
246668
246692
246819
246892
246909
246984
247026
247141
247191
247261
247397
247429
247834
247865
247932
248052
248177
248473
248626
248682
248729
249410
249461
249751
250366
250610
250654
250814
251232
251441
251559
252218
252356
252579
252596
252837
253043
253336
254032
254144
254147
254150
254307
254426
254623
254624
254637
254769
254797
254848
254861
255081
255094
255370
255772
255924
256588
256629
256966
256978
257023
257091
257232
257925
258059
258068
258119
258269
258768
259366
259400
259847
260015
260056
260402
260709
260727
260899
261004
261118
261363
261455
261765
261786
261868
261932
262049
262128
262526
262530
262655
262726
262751
262830
262875
262945
262978
263008
263423
263657
263804
264128
264388
264419
264597
264997
265436
265464
265507
265552
265590
265613
265620
266322
266367
266696
267070
267156
267234
267476
267506
267583
268143
268414
268848
269045
269091
269537
269767
270591
270733
270858
270907
270935
271000
271096
271172
271649
271980
272252
272342
272890
272917
273049
273177
273227
273291
273318
273324
273473
273505
273613
273636
273693
274087
274359
274611
274886
275150
275168
275184
275403
275794
275833
276054
276371
277237
277329
277341
277563
277591
277814
278023
278151
278183
278264
278559
278684
278734
278862
279031
279435
279467
279784
279847
279993
280107
280122
280214
280334
280488
280735
280957
280992
281179
281256
281443
281456
281516
282140
282452
282652
282856
282994
283256
283406
283439
283485
283905
283999
284097
284169
284170
284445
284447
284587
284599
285046
285056
285250
285572
285771
285883
286370
286489
286688
286729
287172
287186
287252
287841
288495
288565
289484
290401
290882
291128
291155
291660
291767
292032
292068
292189
292293
293022
293040
293106
293106
293234
293836
293934
294200
294372
294632
294923
295004
295017
295265
295534
295625
295855
296165
296502
296695
296702
296766
296926
297224
297506
297666
297743
298152
298581
298840
298976
299194
299389
299449
299565
299899
300205
300257
300414
300466
300706
301311
301774
301791
301931
302144
302167
302374
302495
302729
302928
303052
303437
303790
304049
304057
304128
305005
305184
306156
306304
306798
307130
307629
308879
309371
309492
309604
309760
309786
309925
309985
310161
310167
310507
311470
311716
311809
311838
312342
312389
312481
312674
313298
313753
313985
314054
314356
314529
314955
315175
315375
315529
315549
316549
316707
316878
317103
317404
317980
318167
318538
318598
318774
318950
319521
319838
319988
320373
321078
321112
321291
322190
322221
323081
323119
323371
323561
323938
323953
324193
324341
324346
324434
325709
325763
325973
326323
327124
327229
327988
328124
328204
328532
328579
329721
329772
330119
330169
330928
331738
331749
331959
332448
332487
332623
332844
332939
333178
333294
333700
334576
334659
334685
336973
337033
337153
337182
337796
337848
338086
338231
338821
338941
339168
339258
339602
339641
340335
340539
340891
340971
342480
342622
342800
343254
344696
344709
344738
344760
346002
346094
346125
346446
346643
346736
346948
348303
348631
348834
349087
349791
350215
351248
351397
352256
352488
353263
353423
353775
353865
354140
354152
354266
354376
354880
355120
355549
356158
357406
358104
358379
358505
358731
358803
359135
359169
359174
359830
360207
360517
361448
362257
363360
363837
364581
364897
364971
365269
365598
365873
366488
366670
366909
367396
367479
368489
368894
369548
370752
371213
371398
372025
372832
372866
372887
373183
374435
375037
375995
376722
377050
377156
377385
377507
377523
377915
378216
379066
380941
381279
381415
383694
384096
384114
385091
385433
385451
386228
388294
388780
390637
390954
391001
391234
391612
391775
392551
392595
393493
393856
394320
394952
395062
395835
396398
397210
397727
398173
399401
399669
400514
401968
402406
402758
403372
403444
404621
404760
405068
405195
405321
407930
408064
408216
408539
408654
409344
410950
411003
411278
413763
414084
414782
415018
415071
415438
416430
417511
418779
419091
419407
420400
421004
423302
424967
425177
426042
427324
429027
429756
437409
439670
441173
441958
444451
446523
448643
448769
450458
451625
451907
452185
452511
452870
453234
455994
456676
457096
460100
461990
463752
463984
464756
467646
469547
471659
475196
475854
476829
480128
483170
483672
488944
489502
493151
505103
511364
511939
515538
520916
521385
558423
559780
590779
