0
0
8
89
92
94
181
259
260
364
390
459
537
566
669
753
868
922
971
1307
1373
1409
1412
1419
1435
1439
1475
1572
1742
1780
1878
1900
1956
1957
2055
2123
2138
2186
2200
2208
2234
2306
2320
2326
2424
2425
2452
2467
2567
2662
2699
2713
2717
2717
2739
2853
2893
2904
2918
2944
3021
3043
3078
3275
3310
3345
3375
3403
3481
3570
3586
3687
3692
3725
3766
3918
3942
3973
4173
4197
4263
4342
4399
4543
4679
4728
4773
4818
4921
5013
5038
5056
5415
5500
5570
5572
5639
5652
5660
5721
5758
5766
5839
5839
6086
6226
6244
6393
6497
6558
6585
6613
6697
6799
6851
6877
6930
6934
6984
7098
7112
7133
7165
7257
7277
7278
7356
7373
7613
7726
7795
7805
7912
7961
7992
8085
8139
8176
8290
8296
8326
8343
8356
8363
8372
8373
8513
8561
8582
8584
8622
8649
8716
8799
8850
8856
8880
8894
8941
8981
9084
9085
9111
9122
9209
9236
9351
9352
9369
9370
9384
9465
9496
9520
9544
9642
9652
9817
9992
10193
10279
10433
10455
10457
10458
10475
10567
10681
10759
10789
10830
10944
11117
11195
11213
11339
11451
11479
11512
11631
11678
11821
11969
12036
12066
12147
12203
12269
12304
12400
12401
12468
12482
12497
12537
12636
12649
12727
12729
12775
12807
12848
12856
12865
12952
12956
12978
13018
13047
13200
13283
13302
13354
13449
13508
13616
13748
13762
13810
13873
13876
14070
14072
14184
14213
14216
14229
14229
14496
14705
14767
14885
14919
15053
15067
15143
15181
15294
15307
15327
15385
15457
15481
15589
15596
15598
15663
15671
15675
15677
15707
15854
15949
16077
16150
16476
16632
16744
16814
16826
16873
16877
16925
16938
16997
17044
17086
17089
17106
17138
17144
17178
17213
17405
17439
17469
17572
17680
17722
17759
17778
17840
17929
17942
18006
18117
18203
18296
18407
18440
18491
18504
18564
18572
18606
18647
18702
18739
18926
18975
19016
19196
19203
19215
19221
19267
19356
19378
19489
19580
19591
19655
19686
19703
19712
19821
19841
19881
19959
20004
20053
20111
20170
20227
20260
20299
20306
20309
20323
20399
20519
20547
20616
20654
20899
20930
20982
21037
21093
21166
21245
21324
21339
21428
21526
21546
21564
21673
21722
21878
21893
21961
21980
22013
22130
22248
22305
22398
22434
22531
22551
22633
22661
22667
22684
22702
22796
22812
22939
22983
22997
23101
23188
23208
23209
23221
23254
23254
23267
23333
23334
23406
23422
23445
23491
23570
23582
23615
23630
23633
23648
23649
23668
23820
23958
24029
24251
24490
24681
24714
24869
24891
24937
24974
25016
25077
25090
25113
25269
25365
25387
25404
25427
25434
25449
25456
25478
25494
25580
25606
25650
25666
25672
25716
25735
25757
25758
25830
25973
25996
26092
26114
26121
26275
26359
26373
26395
26398
26423
26471
26511
26517
26519
26548
26556
26632
26677
26763
26782
27078
27161
27163
27210
27296
27464
27517
27558
27674
27699
27725
27844
27864
27996
28005
28036
28055
28080
28294
28395
28416
28512
28536
28694
28838
28898
28953
28970
29166
29186
29195
29219
29317
29318
29346
29369
29426
29587
29657
29690
29706
29744
29751
29767
29867
29917
29932
29937
29947
29958
30004
30117
30200
30310
30382
30483
30547
30567
30608
30638
30688
30799
30799
30807
30851
30901
30984
31049
31104
31128
31210
31404
31449
31470
31523
31584
31630
31664
31829
31839
32028
32044
32182
32219
32282
32343
32396
32409
32433
32445
32446
32459
32633
32656
32703
32713
32811
32940
32961
32974
33042
33156
33190
33224
33254
33254
33350
33542
33629
33651
33701
33718
33746
33908
33926
34014
34032
34201
34252
34278
34315
34360
34409
34438
34476
34677
34714
34876
34958
34973
35010
35034
35043
35057
35076
35185
35260
35288
35296
35364
35382
35432
35466
35474
35563
35591
35621
35718
35758
35804
35805
35858
35877
35922
36094
36098
36276
36447
36501
36715
36716
36867
36877
36897
36926
36964
37057
37207
37263
37291
37312
37365
37480
37578
37596
37607
37617
37669
37687
37868
37872
38017
38021
38161
38198
38247
38350
38429
38453
38478
38495
38594
38719
38727
38821
38910
38943
39073
39177
39226
39373
39388
39491
39532
39535
39682
39731
39752
39764
39798
39842
39857
39870
39926
40058
40142
40154
40168
40199
40223
40318
40396
40460
40569
40856
40930
41013
41028
41033
41078
41085
41128
41141
41148
41188
41256
41275
41290
41295
41335
41413
41529
41606
41625
41667
41717
41721
41726
41774
41789
41941
41946
41964
41974
41977
42062
42153
42237
42245
42296
42392
42431
42469
42479
42485
42619
42640
42790
42816
42906
42980
43015
43030
43290
43306
43366
43390
43398
43435
43535
43550
43662
43666
43674
43761
43765
43851
43929
43935
43978
43983
44063
44117
44124
44202
44204
44258
44289
44329
44599
44617
44662
44828
44907
44989
45000
45056
45088
45168
45271
45406
45440
45448
45556
45622
45672
45702
45724
45782
45807
45906
45910
45927
45940
45956
46105
46263
46347
46348
46422
46554
46622
46637
46694
46759
46765
46770
46802
47061
47087
47130
47217
47244
47328
47415
47439
47517
47610
47613
47760
47768
47777
47785
47878
47956
47992
48040
48106
48268
48280
48430
48490
48538
48578
48594
48646
48687
48739
48817
48846
48916
49150
49154
49203
49211
49290
49321
49332
49349
49375
49388
49489
49629
49661
49845
49882
50068
50084
50115
50140
50187
50244
50246
50359
50361
50527
50559
50589
50638
50734
50750
50808
50876
51009
51046
51115
51181
51290
51313
51469
51515
51663
51909
51986
51988
52014
52117
52238
52270
52270
52272
52275
52349
52397
52419
52420
52420
52462
52468
52510
52588
52591
52621
52642
52709
52782
52859
52906
52914
52979
53018
53170
53219
53298
53361
53393
53432
53478
53537
53584
53647
53840
53979
54039
54130
54199
54352
54443
54594
54597
54644
54650
54691
54740
54816
54879
54904
54905
54921
54921
54951
54955
55090
55231
55240
55320
55340
55469
55494
55527
55705
55940
56086
56357
56516
56558
56558
56651
56701
56709
56763
56821
56867
57144
57170
57198
57244
57314
57380
57413
57509
57655
57742
57749
57756
57898
58001
58029
58081
58208
58254
58299
58330
58336
58352
58355
58461
58599
58657
58657
58782
58960
59018
59082
59124
59174
59478
59700
59702
59843
59991
60041
60067
60102
60233
60446
60606
60688
60793
60883
60948
61136
61141
61142
61151
61159
61193
61307
61308
61341
61357
61367
61401
61413
61438
61520
61664
61696
61776
61830
61869
61878
61879
61920
61971
62060
62108
62111
62276
62529
62581
62592
62602
62651
62796
63108
63129
63233
63363
63724
63797
63956
64012
64164
64250
64299
64359
64402
64459
64510
64571
64828
64864
65096
65128
65133
65323
65350
65359
65402
65429
65518
65757
65836
65922
66176
66269
66282
66325
66331
66773
66822
67095
67352
67365
67461
67554
67607
67649
67680
67892
67937
67992
68092
68113
68202
68260
68293
68488
68571
68608
68621
68716
68737
68823
68831
68868
68928
68973
69072
69097
69102
69118
69185
69189
69205
69258
69332
69351
69397
69470
69482
69522
69552
69582
69637
69756
69801
69853
69920
69936
70033
70256
70413
70421
70438
70472
70483
70548
70560
70738
70753
70804
70839
70843
71030
71030
71046
71104
71222
71246
71433
71589
71599
71613
71660
71837
71949
71952
71982
71999
72086
72143
72284
72288
72294
72403
72441
72614
72786
72786
72805
72880
72881
73216
73348
73357
73474
73531
73730
73819
74005
74062
74113
74148
74154
74219
74232
74312
74312
74332
74411
74441
74443
74470
74495
74559
74636
74641
74774
74822
74893
75016
75020
75030
75050
75231
75235
75261
75268
75274
75342
75432
75449
75536
75592
75608
75631
75647
75650
75852
75867
75958
76032
76105
76152
76181
76188
76227
76443
76448
76502
76609
76640
76740
76815
76855
76858
76899
76931
76962
76985
77099
77208
77325
77397
77422
77468
77487
77502
77526
77571
77659
77685
77726
77741
77837
78000
78020
78036
78066
78088
78127
78139
78204
78237
78270
78273
78294
78332
78435
78488
78539
78595
78639
78775
78785
78799
78902
78911
78914
78988
78993
79077
79115
79140
79178
79265
79431
79541
79544
79716
79889
79906
79937
80009
80022
80039
80138
80152
80414
80435
80473
80578
80685
80734
80852
80865
80879
80908
81041
81042
81067
81076
81141
81159
81195
81228
81275
81385
81402
81447
81581
81681
81802
81994
82285
82287
82289
82293
82352
82570
82579
82628
82672
82759
82848
82885
83013
83073
83159
83273
83327
83375
83392
83488
83709
83750
83778
83843
83875
84010
84025
84029
84127
84177
84207
84313
84375
84461
84508
84544
84831
84884
84905
85065
85096
85147
85325
85409
85560
85584
85693
85737
85749
85763
85905
85973
86002
86005
86077
86157
86212
86246
86405
86572
86646
86734
86849
86853
86905
86992
87000
87083
87101
87125
87132
87168
87220
87221
87242
87331
87349
87394
87472
87478
87498
87562
87615
87792
87937
88033
88059
88211
88259
88305
88410
88469
88571
88598
88627
88660
88752
88807
88949
89275
89314
89391
89545
89581
89618
89825
89937
90089
90365
90394
90445
90472
90480
90575
90593
90716
90759
90767
90815
90877
90881
90922
90949
91019
91287
91373
91468
91597
91606
91677
91739
91751
91762
91800
91832
91947
91974
91989
92125
92156
92195
92226
92236
92288
92373
92413
92470
92494
92603
92613
92613
92788
92802
92805
92923
92928
93152
93328
93384
93410
93448
93615
93663
93724
93738
93742
93757
93778
93785
93791
93927
93987
94045
94191
94197
94198
94222
94288
94609
94680
94687
94738
94814
94918
94925
95047
95072
95116
95128
95204
95234
95309
95376
95958
96123
96156
96174
96174
96175
96207
96240
96511
96783
96939
96976
97066
97069
97197
97297
97433
97591
97592
97630
97660
97701
97723
97764
97835
97845
97854
97982
98288
98299
98330
98332
98354
98381
98407
98871
98873
98941
98967
98995
99017
99031
99061
99108
99151
99160
99190
99222
99372
99404
99490
99514
99657
99799
99994
100223
100269
100327
100583
100638
100673
100842
101195
101227
101373
101576
101693
101767
101828
102129
102272
102423
102437
102627
102757
102806
103054
103162
103239
103274
103278
103290
103465
103467
103554
103652
103776
103783
103828
103904
103974
104112
104158
104326
104376
104408
104411
104633
104681
104684
104766
104823
104872
104876
104914
104969
105058
105120
105183
105203
105250
105266
105455
105512
105816
105841
105843
105877
105905
105983
106029
106164
106412
106435
106588
106687
106947
106986
107097
107137
107183
107252
107371
107421
107482
107514
107572
107613
107626
107640
107724
107856
108039
108286
108356
108385
108491
108539
108624
108638
108807
108992
109086
109138
109212
109380
109454
109526
109582
109605
109715
109792
109996
110043
110091
110127
110171
110250
110251
110480
110747
110849
110978
111080
111190
111207
111361
111423
111599
111778
111788
111824
111905
112351
112368
112475
112482
112496
112539
112549
112612
112634
112841
112926
113023
113024
113236
113256
113764
114095
114101
114134
114398
114487
114497
114695
114831
114909
114982
115210
115326
115433
115526
115771
115816
115878
116195
116387
116644
116712
116721
116809
116814
116845
116868
117070
117325
117357
117373
117442
117447
117529
117538
117658
117754
117757
117767
117790
117876
117942
117994
118118
118187
118411
118564
118571
118583
118674
118680
118705
119126
119133
119445
119701
119762
119788
120033
120045
120344
120357
120368
120410
120422
120548
120552
120662
120725
120887
120902
120930
120971
120994
121104
121131
121189
121353
121353
121381
121422
121584
121597
121938
121970
122345
122449
122456
122601
122606
122657
122675
122831
122890
122962
123181
123311
123346
123503
123578
123585
123591
123650
123711
123851
124019
124208
124233
124426
124768
124875
124944
125147
125171
125190
125206
125261
125305
125407
125473
125559
125657
125669
125712
125736
125773
125785
125813
125940
125970
126049
126173
126278
126342
126376
126486
126788
126798
126812
126975
126982
126986
127077
127272
127386
127402
127411
127560
127748
128092
128222
128228
128229
128246
128299
128299
128328
128359
128400
128618
128638
128916
129051
129141
129175
129218
129274
129358
129513
129533
129559
129559
129602
129678
129758
129799
129848
130143
130203
130210
130266
130386
130586
130639
130664
130673
130687
131050
131420
131449
131575
131580
131651
131792
131842
131887
132042
132300
132322
132407
132531
132600
132750
132817
132886
133233
133264
133277
133292
133331
133498
133535
133556
133649
133690
133708
133951
133980
134007
134046
134071
134257
134262
134307
134338
134377
134416
134482
134576
134646
134700
134772
134989
135015
135044
135161
135254
135320
135528
135528
135665
135863
135922
135956
135960
136169
136448
136516
136553
136784
136789
136854
136880
136979
136980
137085
137135
137196
137238
137308
137391
137440
137610
137634
137684
137686
137902
137907
137980
138093
138157
138230
138271
138286
138341
138406
138578
138598
138654
138887
138893
138904
139001
139004
139031
139215
139216
139540
139581
139710
139974
140076
140241
140523
140688
140771
140870
140881
140919
140932
140954
140982
141198
141200
141208
141280
141294
141332
141518
141564
141678
141860
142275
142398
142409
142416
142513
142584
142590
142605
142632
142633
142746
142792
142799
142806
143064
143086
143110
143115
143126
143265
143275
143289
143365
143378
143568
143613
143907
143932
144226
144270
144327
144378
144541
144594
144693
144934
145019
145057
145078
145090
145093
145226
145455
145458
145509
145539
145563
145669
145749
145947
145948
145979
146010
146043
146085
146374
146392
146613
146638
146821
146923
146948
147076
147124
147229
147333
147335
147354
147757
147794
147835
147907
148096
148106
148132
148182
148284
148417
148594
148596
148604
148702
148823
148854
148864
148891
148964
149170
149344
149523
149547
149614
149705
149785
149785
150032
150165
150221
150221
150341
150403
150413
150482
150679
150784
150874
150914
150943
151062
151135
151155
151200
151448
151551
151765
151848
151882
151929
152067
152078
152174
152329
152415
152475
152572
152706
152824
152887
153102
153210
153258
153363
153435
153458
153468
153509
153602
153631
153784
153792
153969
154029
154209
154366
154439
154444
154478
154525
154677
154759
154814
154951
155384
155391
155419
155476
155490
155510
155588
155631
155655
155734
155759
155848
155872
155884
156048
156207
156221
156268
156580
156599
156694
156764
156776
156972
157008
157137
157396
157396
157422
157459
157482
157489
157547
157563
157576
157737
157776
157870
158156
158408
158485
158512
158522
158795
159182
159256
159307
159434
159600
159641
159660
159679
159736
159833
159886
159932
159939
159947
160003
160075
160233
160329
160552
160795
160831
160918
160987
160995
161109
161303
161415
161590
161625
161685
162247
162393
162427
162453
162468
162558
162583
162650
162713
162757
162851
163151
163171
163248
163398
163567
163588
163632
163649
163793
163856
163945
164018
164183
164211
164344
164697
164896
164945
165129
165254
165327
165383
165420
165447
165760
165921
165925
165962
166501
166581
166644
166737
166778
166785
166930
166957
167132
167260
167312
167414
167442
167510
167540
167560
167610
167618
167629
167719
167778
167828
168105
168292
168341
168376
168718
168784
168991
169102
169339
169345
169403
169495
169643
169797
169978
170118
170216
170400
170544
170595
170601
170752
170792
170817
170836
170874
171013
171033
171132
171142
171214
171308
171325
171351
171356
171582
171637
171796
172176
172345
172501
172615
172649
172653
172783
172869
172932
173117
173239
173256
173560
173703
173727
173804
173815
173846
173967
173972
174062
174075
174092
174199
174636
174767
174835
174965
175068
175148
175215
175486
175682
175686
175732
175800
175836
175994
176636
176665
176826
176944
176954
176970
177042
177048
177057
177218
177319
177366
177694
177739
177803
177887
177993
178059
178142
178213
178240
178399
178803
178828
178864
178869
178978
178999
179126
179162
179182
179545
179685
179736
180168
180196
180233
180423
180573
180932
181031
181055
181118
181122
181157
181305
181475
181605
181645
181746
182043
182210
182390
182399
182512
182530
183150
183474
183651
183718
183844
183938
184009
184058
184065
184244
184247
184478
184636
184724
184731
184850
184865
184892
184955
185246
185392
185439
185477
185484
185522
186188
186278
186375
186414
186949
187139
187199
187277
187444
187597
187691
187697
188126
188156
188178
188281
188365
188498
188800
189033
189409
189661
189703
189927
189993
190005
190041
190222
190238
190281
190315
190888
191060
191496
191633
191697
191742
192103
192292
192882
192909
193257
193380
193773
193804
193906
194040
194073
194193
194358
194368
194391
194504
194533
194684
194768
195050
195073
195073
195142
195264
195393
195553
195655
195720
195744
195777
195859
196262
197015
197230
197255
197290
197387
197426
197451
197671
198027
198632
198939
199069
199260
199538
199613
199819
199823
199896
199941
199945
199957
200191
200444
200457
200528
200546
200784
201100
201260
201293
201982
202223
202265
202316
202318
202428
202699
202866
203052
203143
203193
203281
203376
203698
203782
203893
204061
204102
204121
204145
204160
204179
204318
204337
204337
204360
204398
204913
204989
205085
205145
205204
205482
205547
205821
206049
206124
206333
206554
206564
206656
206792
206910
206931
206975
207160
207202
207475
207652
207712
207716
208051
208091
208350
208360
208829
209853
210269
210498
210538
210859
210912
210997
211176
211622
211644
211653
211746
211764
212256
212287
212290
212813
213072
213198
213222
213409
213509
213828
213983
214145
214248
214318
214502
215077
215320
216129
216421
216446
216825
217230
217697
218031
218123
218299
218391
218504
219595
220092
220168
220259
220345
220379
220457
220587
220645
220705
221067
221243
221248
221294
221367
222257
222347
222557
222667
223278
223503
223709
223828
224441
224482
224634
224897
224954
225145
225467
226014
226098
226272
226341
226382
226744
226875
226944
226978
227169
227238
227271
227291
227713
227754
227843
228071
228143
228181
228352
228387
228488
228761
228963
229999
230118
230155
230194
230503
230561
230820
230948
231035
231286
231341
231611
231671
232077
232089
232694
233196
233359
233784
233946
234005
234239
234863
235023
235442
235968
236137
236487
236628
236710
236865
236928
236966
237177
237306
238475
238518
238795
238978
239005
239300
239896
240030
240066
240472
240529
240578
240697
240810
240915
241079
241887
242259
242498
242614
242685
243700
243910
244125
244136
244511
244542
245075
245485
245636
245898
245929
246328
246376
246591
246605
246781
246876
246965
247137
247145
247164
247196
247424
247456
248122
248336
248549
248696
249117
249268
249392
249438
249479
249481
249569
249592
249676
249986
250403
250481
250771
251109
251419
251485
251905
252727
252761
253226
253314
253605
253768
253858
254079
254085
254511
254582
254998
255676
256047
256060
256473
256535
256838
257313
258773
258789
259048
259057
259174
259204
259328
259972
260244
260405
260562
260643
261164
261218
261243
261566
261876
262049
262199
262209
262426
262703
262918
262999
263321
263370
263374
263491
263824
263865
264052
264872
265481
265633
265730
265840
265884
266056
266090
266188
266867
266967
267321
267692
267869
267991
268229
268730
269028
270225
270510
270700
270711
270742
270854
271103
271169
271285
271392
271567
271663
271701
271994
272472
272883
273148
273158
273177
273185
273297
273393
273403
274070
274195
274427
275096
275247
275450
275715
276017
276056
276574
276751
276889
277002
277225
277276
279017
279348
279664
279770
279820
280041
280279
280848
280989
281190
282050
282054
282098
282569
282805
283034
283143
283877
284706
284992
285540
285836
285883
286648
286651
286745
287125
287211
287291
287323
287780
288208
288764
289183
289857
290051
291174
291193
291787
291974
292004
292546
292695
292899
292909
293266
293424
294003
294381
294612
295163
297056
299091
299488
299551
299553
299599
299621
299926
300552
300795
300823
301019
301412
302075
302439
303346
303448
303606
304042
304637
305026
305442
306154
306551
306896
307537
307933
310378
310957
311101
312270
312327
312765
313427
313853
314033
314243
314461
314701
314867
315234
315461
315510
315611
315895
316021
316663
317234
317480
319047
319465
319661
319892
319948
320984
321001
321264
321674
323120
323188
324238
324562
325982
326081
326146
326404
327082
327437
328553
329054
330888
331157
331160
331705
332969
333005
333630
333916
334363
335040
335316
336468
336712
337008
337151
337567
337676
337991
338100
338531
338647
339131
339158
339849
341777
342052
342409
343977
344360
344365
345921
346046
347817
347924
348097
348530
348924
349651
350410
350808
350843
350972
351555
351700
351758
351797
352577
354083
354835
355506
355787
355797
356317
357121
358175
358752
359520
360024
360221
361225
363399
363510
364447
364604
364739
365960
367802
368514
370165
370301
370745
371610
371884
372004
372039
372243
372392
374170
375291
375485
375880
375913
377470
378104
378710
382226
382243
382389
382393
383560
383667
384112
386253
386757
388545
389215
389295
390992
391281
391718
392247
393412
393844
394220
395131
402293
403747
405117
405940
407029
407687
408756
410365
410964
411546
413172
414941
416944
422074
422091
422263
423326
428420
433493
433707
433808
434701
434836
437390
437747
437759
441080
442596
450656
452387
454046
460130
461169
463606
463717
464664
465272
466120
466160
468542
468902
473510
475918
477535
484495
486182
488249
511045
536522
554011
560922
571109
604799
623765
