0
0
37
93
177
241
514
555
582
673
857
864
895
931
1079
1090
1090
1091
1154
1160
1224
1285
1346
1452
1549
1579
1650
1764
1773
1870
1946
1960
1989
2016
2028
2131
2155
2333
2367
2413
2496
2813
2821
2822
2976
3037
3513
3609
3702
3747
3767
3805
4041
4131
4229
4233
4277
4444
4445
4538
4547
4573
4581
4968
4997
5055
5097
5114
5191
5225
5248
5255
5381
5454
5540
5571
5622
5625
5768
5786
5924
5937
5969
6000
6008
6032
6174
6180
6205
6272
6378
6414
6473
6480
6561
6612
6648
6668
6706
6731
6761
6774
6856
6895
6973
7023
7099
7325
7428
7505
7612
7615
7641
7653
7671
7817
7948
7951
8104
8161
8346
8519
8654
8717
8721
8726
8873
8875
8879
9050
9061
9128
9164
9364
9381
9426
9465
9520
9543
9614
9709
9751
9906
9934
9988
10060
10077
10234
10243
10248
10298
10559
10629
10648
10662
10695
10728
10760
10817
10939
11056
11060
11206
11208
11304
11536
11712
11748
11761
11790
11864
11951
11985
11990
12000
12013
12208
12246
12319
12564
12568
12601
12689
12790
12797
12807
12841
12947
13305
13492
13536
13561
13576
13763
13764
13764
13778
13794
13807
13933
14069
14114
14149
14281
14317
14358
14394
14472
14478
14503
14538
14685
14900
14960
15061
15083
15106
15124
15149
15171
15442
15587
15660
15687
15697
15740
15750
15877
16042
16134
16267
16313
16314
16348
16390
16538
16600
16751
16885
16896
16978
16989
17010
17070
17081
17185
17318
17343
17370
17455
17624
17721
17746
17821
17882
17897
17913
18003
18053
18061
18164
18236
18318
18541
18650
18664
18690
18698
18784
18807
18879
18917
18926
18971
18992
19057
19108
19123
19312
19336
19360
19380
19386
19398
19448
19493
19500
19501
19601
19619
19677
19726
19773
19909
19915
19928
19972
20115
20161
20363
20501
20540
20550
20561
20630
20639
20706
20954
21052
21063
21157
21163
21196
21447
21477
21495
21498
21540
21563
21650
21678
21830
21842
21849
21902
21963
21994
22017
22023
22123
22186
22278
22303
22390
22443
22565
22575
22855
22899
22908
22937
23059
23144
23166
23175
23248
23252
23346
23349
23496
23552
23559
23594
23681
23681
23784
23975
24083
24240
24373
24382
24397
24463
24523
24538
24620
24630
24701
24845
24917
25071
25216
25289
25567
25626
25640
25704
25754
25840
25842
25919
26065
26130
26436
26444
26461
26523
26526
26537
26576
26642
26671
26725
26793
26797
26821
26852
26876
26974
27021
27150
27160
27180
27331
27423
27500
27743
27816
28041
28063
28082
28220
28252
28285
28606
28615
28686
28776
28810
28892
28938
28978
29107
29118
29187
29202
29258
29267
29420
29422
29423
29442
29529
29654
29768
29799
29845
29847
29941
29967
29976
30108
30186
30267
30470
30592
30726
30764
30945
30946
30990
31167
31291
31358
31385
31630
31664
31679
31703
31735
31756
31817
31909
31960
32003
32005
32016
32115
32243
32278
32338
32431
32507
32540
32674
32761
32768
32793
32807
32941
33011
33091
33109
33139
33185
33468
33593
33612
33655
33685
33900
34167
34184
34213
34224
34270
34342
34394
34404
34564
34602
34724
34739
34795
34855
34880
34919
34969
34977
35042
35072
35174
35245
35381
35383
35405
35523
35571
35608
35642
35668
35693
35739
35999
36008
36010
36146
36345
36404
36429
36558
36611
36633
36709
36734
37292
37336
37388
37403
37615
37666
37709
37721
37772
37823
37838
37948
37998
38054
38224
38250
38401
38437
38448
38564
38634
38806
38825
38834
38867
38889
38894
39044
39075
39119
39147
39317
39320
39565
39596
39634
39689
39719
39746
39793
39871
40008
40141
40199
40241
40274
40391
40436
40614
40828
40854
41032
41333
41494
41512
41636
41653
41662
41744
41759
41766
41875
41905
41916
42001
42042
42129
42134
42211
42230
42283
42297
42373
42406
42440
42475
42490
42564
42652
42682
42726
42834
42922
42937
43105
43147
43158
43194
43201
43315
43365
43589
43624
43706
43712
43767
43788
44076
44114
44191
44217
44243
44264
44441
44457
44481
44658
44744
44747
44848
45013
45058
45085
45119
45197
45201
45201
45344
45358
45396
45470
45554
45609
45612
45615
45850
45853
45895
45954
45983
46009
46077
46288
46469
46580
46715
46922
46959
46988
46993
47240
47302
47422
47479
47487
47705
47758
47796
47847
47902
47942
48047
48071
48110
48141
48376
48442
48462
48559
48600
48726
48764
48985
49323
49367
49391
49537
49743
49820
49993
49996
50065
50228
50344
50344
50418
50458
50503
50516
50587
50750
50887
51065
51158
51317
51351
51815
51860
51901
52009
52103
52319
52379
52619
52710
52801
52855
52879
52975
52981
53089
53203
53282
53317
53340
53392
53431
53435
53498
53525
53601
53851
53890
54062
54078
54092
54205
54266
54266
54343
54409
54655
54770
54854
54859
54934
54982
54998
55018
55111
55134
55166
55205
55420
55583
55593
55684
55809
55873
55877
56017
56142
56167
56267
56286
56427
56458
56482
56562
56566
56596
56803
56908
56997
57000
57061
57123
57198
57269
57408
57458
57509
57570
57618
57673
57715
57929
57956
58031
58073
58112
58170
58282
58293
58318
58369
58408
58543
58690
58769
58985
59060
59104
59149
59167
59175
59214
59425
59688
59830
59859
60007
60013
60059
60239
60277
60317
60319
60332
60728
60853
60920
61054
61077
61306
61426
61500
61582
61594
61628
61679
61714
61733
61817
61995
62070
62184
62341
62480
62535
62551
62622
62696
62891
62924
62937
62948
63076
63433
63441
63613
63678
63854
64067
64102
64163
64248
64389
64559
64614
64703
64835
64954
65125
65172
65207
65287
65548
65629
65663
65825
65907
65923
66032
66052
66115
66230
66422
66460
66504
66543
66669
66806
66922
66980
66986
66987
67366
67597
67628
67942
67979
68244
68341
68354
68405
68434
68674
68731
68833
68834
68913
68939
69028
69097
69183
69197
69200
69384
69430
69484
69541
69615
69634
69682
69689
69774
69799
69847
69907
69931
70044
70415
70421
70421
70514
70519
70582
70628
70746
70856
70946
71014
71184
71573
71658
71699
71728
71786
71926
72040
72053
72233
72267
72293
72306
72388
72401
72519
72553
72595
72782
72802
72948
73013
73076
73077
73139
73150
73306
73348
73385
73440
73582
73649
73672
73720
73764
73772
73822
73874
73992
74089
74363
74397
74436
74621
74915
74986
75101
75113
75193
75244
75277
75334
75392
75589
75627
75681
75771
75790
75816
76039
76124
76130
76199
76444
76565
76572
76623
76739
76811
76917
77170
77278
77337
77369
77551
77627
77640
77645
77719
77894
77911
78012
78070
78206
78216
78259
78467
78574
78580
78624
78659
78686
78708
78747
78829
78930
79244
79497
79520
79616
79780
79952
79968
80073
80150
80259
80293
80416
80465
80506
80809
80882
80927
81036
81057
81170
81231
81237
81314
81391
81452
81487
81685
81813
81854
81871
82212
82277
82692
82789
82792
82808
83074
83131
83138
83186
83297
83405
83531
83549
83706
83770
83805
83819
83986
83998
84047
84079
84087
84148
84311
84333
84364
84686
84691
84841
84902
85086
85184
85250
85268
85452
85458
85527
85600
85621
85734
85779
85784
85893
86111
86308
86466
86564
86636
86719
86748
86768
86808
86808
86939
86991
87079
87164
87190
87249
87249
87364
87422
87461
87597
87692
87720
87837
87910
87957
87967
88030
88162
88175
88201
88204
88238
88331
88367
88388
88483
88635
88702
88726
88737
88937
88972
89105
89214
89571
89860
89923
90139
90265
90277
90299
90422
90434
90512
90542
90605
90708
90837
90960
91121
91217
91245
91261
91310
91323
91468
91509
91531
91585
91777
91845
91947
91976
91995
92098
92168
92186
92535
92712
92723
92749
92844
92912
92988
93229
93252
93361
93368
93399
93664
93666
93722
93872
93993
94020
94074
94118
94245
94351
94551
94569
94728
94746
94763
95108
95188
95207
95313
95317
95437
95481
95486
95501
95563
95819
95938
96254
96397
96405
96693
96700
96727
96727
96888
96958
97011
97060
97128
97250
97359
97483
97582
97706
98007
98120
98381
98472
98521
98680
98916
98957
99336
99418
99448
99487
99556
99708
99741
99762
99770
99786
99867
99942
99958
100099
100359
100857
100902
100915
101032
101157
101317
101329
101528
101651
101660
101694
101818
101921
102061
102247
102563
102650
102744
102761
102823
102970
103216
103235
103286
103352
103521
103723
103797
103805
103881
104330
104370
104522
104564
104636
104688
104824
105339
105410
105434
105543
105941
106062
106132
106162
106192
106892
106932
107096
107175
107186
107323
107434
107444
107465
107539
107544
107615
107681
107722
107808
108002
108069
108081
108151
108419
108442
108464
108614
108719
108728
108750
108793
109143
109437
109496
109509
109549
109723
109804
109869
110011
110115
110211
110244
110315
110359
110367
110516
110561
110569
110764
110805
110971
111411
111489
111634
111829
111923
111957
112006
112032
112108
112240
112320
112333
112344
112356
112424
112508
112575
112751
112761
112907
112907
113016
113089
113545
113679
113716
113754
113762
113951
114140
114264
114553
114612
114723
114792
114983
115027
115058
115109
115874
116031
116107
116231
116640
116709
116722
116728
116789
116904
117126
117246
117292
117354
117376
117392
117652
117711
117861
117870
118031
118172
118477
118525
118672
118698
118768
118911
118927
118930
118980
119341
119500
119538
119641
119722
119878
119947
120113
120155
120208
120592
120665
120689
120740
120813
120821
120826
120977
121016
121053
121187
121630
121672
121685
121868
121893
121984
122066
122229
122383
122505
122690
122906
122916
123000
123028
123190
123407
123554
123571
123853
123899
124059
124154
124173
124275
124390
124490
124778
124795
124886
125015
125027
125143
125512
125651
125660
125779
125931
126189
126302
126413
126466
126587
126859
126949
126996
127179
127367
127387
127776
127806
127893
127919
127993
128108
128149
128168
128433
128503
128529
128623
128917
128929
128952
128968
129011
129134
129192
129302
129375
129569
129662
129764
129831
129900
130089
130139
130322
130422
130529
130581
130882
131016
131055
131124
131233
131407
131473
131517
131539
131762
131778
131784
131933
131974
132013
132048
132063
132304
133132
133201
133254
133373
133541
133762
133814
133816
133836
133852
133910
133931
133940
134012
134020
134139
134317
134478
134753
134830
134853
135124
135157
135325
135374
135467
135502
135579
135591
135762
135870
135882
136012
136123
136277
136472
136526
136722
136807
136853
137049
137528
137718
137909
138057
138349
138537
138904
139255
139273
139321
139772
140107
140252
140685
140796
140840
141175
141490
141549
141553
141684
141803
142065
142162
142195
142231
142500
142528
142657
142746
142804
142829
142999
143132
143567
143714
144058
144269
144305
144527
144593
144632
144694
144841
144857
145157
145176
145178
145190
145280
145627
145838
145848
145979
146055
146062
146095
146117
146285
146619
146620
146884
147017
147242
147246
147416
147461
147666
147678
147698
147737
147737
147887
147958
148057
148091
148306
148331
148680
148890
149115
149132
149183
149321
149595
149642
149646
149828
149931
150096
150178
150383
150476
150602
150764
151286
151769
151821
151848
151894
152021
152172
152336
152670
152811
152953
153191
153291
153467
153479
153836
153874
154126
154465
154469
154617
154704
154856
154923
154968
155057
155187
155359
155574
155590
156195
157018
157108
157108
157498
157651
157866
157949
158112
158245
158282
158976
159182
159184
159215
159235
159283
159303
159391
159504
159601
159632
159775
159857
160130
160221
160242
160262
160291
160310
160428
160446
160530
160611
160669
160693
160754
160957
161031
161048
161495
161544
161573
161797
162045
162075
162280
162296
162312
162354
162572
162809
162862
162890
162915
162935
163448
163630
163644
163816
163909
163967
164088
164166
164169
164237
164299
164316
164356
164427
164585
164613
164704
164885
165343
165413
165471
165515
165530
165548
165651
165728
165754
165881
165923
166141
166195
166288
166319
166454
166643
166685
166703
167211
167417
167490
167738
167963
168074
168148
168164
168333
168544
168567
168669
168849
168919
168966
169060
169109
169128
169160
169570
170113
170654
171649
171779
171847
171974
172073
172105
172193
172291
172376
172447
172526
172583
173002
173245
173470
173775
173798
173852
173890
174019
174031
174143
174347
174720
174752
174788
175168
175439
175609
175723
176232
176748
176852
177135
178057
178089
178150
178271
178352
178416
178600
179088
179095
179292
179883
179989
180163
180310
181292
181354
181532
181934
181989
182259
182312
182331
182416
182493
182496
182580
182685
182832
183591
183896
184157
184296
184385
184392
184395
184463
184511
184518
184720
184823
185135
185326
185509
185650
185735
185900
186063
186343
186796
186868
187250
187708
187776
187835
188127
188225
188331
188397
188937
189022
189056
189110
189158
189684
190029
190129
190665
190933
190934
190978
191194
191504
191570
191739
191830
191962
192388
192433
192559
192751
193103
193423
193423
193562
193667
193814
193974
194028
194088
194190
194269
194497
194906
194991
195237
195303
195442
195455
196013
196054
196411
196691
196700
196834
196928
197032
197051
197151
197295
197538
197624
197665
197968
198037
198118
198157
198189
199030
199475
199484
199582
199960
199996
200065
200329
200354
200479
201406
201421
201777
202209
202518
202651
202831
202990
203061
203068
203183
203921
204232
204388
204635
204865
205280
205295
205297
205306
205641
205656
206121
206125
206161
206693
206970
207084
207099
207303
207507
207681
207801
207827
208126
208138
208204
208545
208551
208565
209228
209321
209325
209582
209789
209848
210044
210377
210385
210419
210431
210482
210685
211077
211149
211257
211670
211850
212331
212437
212768
213135
213280
213631
213714
213948
213961
214182
214441
214562
214744
214973
215109
215652
215865
215920
216151
216300
216400
216616
216709
217028
217453
217715
217891
218164
218327
218490
218520
218859
218920
219018
219350
219499
219507
219645
219723
219723
219804
219997
220474
220512
220804
221455
221564
221604
221613
221664
221722
222699
222753
223094
223221
223713
223885
224241
224332
224862
225862
226109
226176
226544
226603
226871
227860
227898
227933
228514
228977
229157
229164
229800
229908
230402
230896
231145
231160
231181
232620
232633
232773
232875
233212
233468
233589
233905
233954
234272
234804
235038
235168
235521
235714
235875
236096
236292
236754
237187
237241
237826
238092
238268
238290
238785
239234
239401
240223
240333
240423
240870
240955
241547
241682
242045
242218
242440
242811
242843
242922
242964
243262
243757
243759
244045
244319
244910
245795
246498
246816
246932
247272
247544
248038
248322
248444
248677
249015
249936
249957
250291
250432
250620
250779
251090
251100
251881
252133
252607
252714
253047
253115
253342
253741
254564
254647
255361
255738
256582
257327
257955
258070
258262
258364
258555
258653
259042
259076
259179
259725
260353
260448
260518
260526
260587
260916
261083
261202
261345
261375
262007
262568
262798
262822
263079
263329
263510
263571
264225
264804
264968
265102
265430
265681
265781
265944
266063
267697
269752
269852
269875
270572
270655
271034
271148
271730
272133
272594
273563
274001
274613
274960
275063
275153
275254
275963
277078
277371
278329
281334
281860
282248
283302
283379
283405
283642
284612
284729
284990
285283
286295
286987
287250
287739
287772
288046
288985
289065
289283
289356
289607
289662
289680
289903
289940
290683
291282
291494
291639
291688
291937
292261
292373
292407
292438
292639
293200
293892
294310
294455
294978
295446
296419
296733
297146
297183
298007
298432
298764
300487
300669
301138
301947
302149
302401
302534
302804
302946
302988
303022
303101
303365
303859
305099
305680
305840
305943
306089
306322
306737
306746
306969
307095
308309
309105
309661
309983
310148
311970
312392
313147
313300
314566
315035
316146
316342
316762
317612
318177
319976
320507
320870
321321
321332
322079
322207
322250
322627
322714
322932
323393
324504
324837
325045
325393
326074
327051
327124
327242
327920
328599
328879
329014
329466
333172
334634
335130
335294
336216
337002
337313
338546
338780
339400
340467
340487
340607
341185
341699
342683
343145
344645
345467
346213
346725
347387
347770
348714
348790
349343
350719
350879
352295
353077
355310
356076
358829
361916
361987
363966
364580
366853
367499
368603
369419
370641
371793
373796
378682
378707
378863
379421
380899
385596
386372
387065
387665
387808
391808
394118
396113
397473
400533
400780
402297
402707
403884
403985
406528
407656
408861
409554
410237
410507
410566
410818
411231
412790
414300
415192
415418
417135
418195
418213
422757
424750
427179
428083
430268
431293
431294
432798
437214
444724
454715
457096
460813
463687
465163
472331
473138
473515
474553
480094
487014
488447
504835
511292
525250
530512
548959
