0
0
32
105
117
206
353
380
411
457
459
502
550
592
672
696
807
830
845
891
1024
1039
1083
1092
1172
1179
1227
1445
1462
1611
1621
1642
1704
1718
1747
1840
1854
1999
2022
2027
2055
2114
2190
2191
2370
2390
2456
2489
2517
2564
2765
2850
2862
2887
2936
2974
3047
3056
3074
3159
3161
3182
3183
3208
3211
3272
3282
3334
3364
3367
3606
3607
3690
3706
3758
3762
3791
3803
3858
3872
3892
3916
3917
3918
3935
3959
3962
3967
4253
4347
4381
4477
4522
4550
4557
4586
4613
4686
4728
4747
4758
4772
4894
4906
4907
5031
5069
5093
5131
5256
5290
5391
5423
5434
5446
5461
5561
5664
5667
5673
5718
5776
6030
6099
6108
6144
6159
6195
6376
6384
6397
6420
6436
6456
6499
6591
6607
6709
6756
6781
6824
6880
6972
6988
7053
7075
7450
7533
7642
7698
7762
7938
7952
7984
8134
8149
8286
8450
8473
8508
8574
8603
8881
8969
8975
9064
9069
9073
9122
9263
9276
9442
9495
9593
9602
9717
9753
9866
9891
9998
10207
10247
10295
10296
10374
10395
10398
10442
10542
10548
10577
10619
10623
10766
10769
10779
10849
10909
10940
10982
11004
11115
11156
11161
11317
11347
11351
11361
11482
11496
11534
11625
11792
12041
12073
12090
12119
12187
12228
12271
12320
12385
12472
12725
12782
12854
12904
12971
12982
13054
13101
13110
13193
13213
13239
13313
13335
13407
13529
13606
13649
13676
13703
13766
13773
13817
13857
13877
13887
13901
13904
13909
13960
13983
14096
14169
14240
14244
14251
14408
14421
14482
14487
14521
14547
14675
14690
14714
14737
14879
14888
14890
14895
14958
15013
15025
15030
15126
15160
15184
15295
15368
15373
15454
15542
15553
15614
15647
15742
15982
16009
16019
16063
16065
16136
16183
16256
16277
16368
16376
16380
16404
16516
16555
16558
16622
16655
16799
16867
16958
16988
17069
17090
17122
17178
17185
17211
17249
17267
17292
17314
17334
17363
17383
17426
17441
17628
17732
17850
17901
17904
17926
18062
18099
18224
18261
18275
18278
18339
18401
18429
18535
18598
18679
18711
18826
18883
19035
19075
19147
19165
19224
19420
19534
19540
19578
19590
19591
19645
19685
19709
19772
19861
19966
19993
20006
20032
20036
20058
20077
20091
20215
20219
20270
20274
20374
20400
20475
20484
20632
20666
20686
20695
20794
20822
20833
20847
20866
20904
20918
20932
20947
21079
21203
21235
21286
21344
21422
21472
21489
21539
21545
21571
21606
21614
21657
21660
21674
21701
21754
21766
21800
21827
21836
21943
21956
22066
22176
22178
22184
22187
22259
22315
22332
22339
22429
22439
22493
22506
22519
22565
22585
22616
22673
22696
22706
22713
22817
22828
22877
22909
22916
22965
23012
23089
23128
23262
23363
23401
23409
23477
23571
23764
23781
23842
23921
23941
24017
24054
24062
24178
24213
24264
24281
24295
24309
24367
24372
24418
24455
24527
24641
24763
24766
24767
24790
24827
24842
24914
24965
25021
25054
25148
25321
25357
25408
25487
25493
25528
25592
25617
25630
25661
25664
25681
25762
25781
25875
25995
26042
26261
26272
26311
26369
26380
26394
26401
26411
26427
26512
26676
26679
26689
26800
26808
26848
26868
26894
26927
26948
27024
27044
27062
27269
27314
27373
27410
27463
27646
27825
27913
28117
28138
28167
28192
28282
28345
28350
28356
28421
28468
28501
28635
28678
28691
28695
28733
28796
28844
28885
28919
28954
28960
28978
29008
29124
29140
29209
29222
29341
29371
29508
29529
29570
29631
29648
29700
29738
29803
29827
29841
29879
29986
30050
30071
30091
30160
30216
30222
30460
30490
30542
30603
30630
30748
30774
30835
30857
30907
30915
30992
30998
31007
31166
31168
31175
31217
31228
31252
31374
31444
31510
31588
31702
31707
31714
31744
31764
31820
31889
31927
31939
31976
32060
32072
32117
32154
32193
32211
32273
32331
32345
32531
32573
32602
32619
32672
32817
32840
32845
32864
32880
32932
32969
32988
33035
33099
33172
33182
33207
33239
33319
33331
33337
33367
33411
33421
33459
33506
33569
33630
33647
33691
33777
33788
33791
33894
33930
33998
34036
34103
34114
34166
34169
34176
34254
34309
34354
34438
34603
34605
34656
34715
34751
34813
34817
34978
35074
35146
35298
35303
35334
35407
35434
35453
35538
35579
35604
35606
35646
35681
35695
35854
35963
35986
36016
36069
36164
36175
36222
36244
36534
36550
36720
36829
36840
36876
36883
36969
36993
37003
37030
37032
37041
37050
37079
37134
37170
37209
37279
37358
37360
37430
37432
37463
37496
37500
37503
37556
37571
37573
37662
37678
37679
37750
37770
37977
38028
38065
38078
38305
38336
38360
38720
38794
38924
38952
39056
39089
39154
39159
39239
39313
39425
39457
39628
39664
39752
39753
39854
39918
39971
40018
40060
40114
40124
40128
40142
40180
40210
40326
40343
40355
40460
40569
40594
40605
40728
40786
40877
40914
40983
41011
41060
41078
41191
41233
41308
41349
41392
41438
41588
41615
41627
41687
41726
41750
41827
41877
42139
42224
42282
42285
42307
42321
42417
42513
42534
42569
42575
42599
42611
42733
42776
42819
42885
42906
42923
42936
42963
43008
43154
43181
43323
43350
43440
43508
43523
43743
43757
43797
43927
44005
44044
44086
44104
44180
44229
44259
44269
44292
44395
44411
44432
44435
44510
44539
44555
44610
44612
44630
44698
44738
44743
44840
44900
44948
45241
45270
45307
45341
45371
45428
45627
45773
45857
45914
45945
45958
45965
46012
46013
46057
46086
46100
46101
46190
46199
46246
46256
46270
46327
46387
46445
46467
46489
46579
46623
46695
46713
46829
46847
46888
46987
46990
47015
47047
47114
47115
47234
47314
47444
47464
47470
47615
47632
47633
47652
47798
47812
47861
47873
47881
47908
47920
48096
48146
48174
48292
48464
48509
48535
48644
48693
48800
48902
49021
49023
49078
49257
49316
49365
49446
49483
49526
49531
49556
49634
49674
49811
49865
49923
49938
50053
50148
50150
50256
50469
50551
50559
50591
50653
50675
50715
50754
50811
50835
50853
50885
50960
50969
51040
51092
51153
51189
51213
51305
51427
51446
51454
51457
51484
51610
51630
51656
51683
51708
51750
51832
51836
51877
51919
51951
51960
51964
51966
51991
52077
52089
52303
52322
52359
52365
52375
52403
52447
52449
52536
52571
52593
52601
52618
52646
52703
52712
52723
52749
52790
52870
53028
53148
53253
53289
53402
53477
53502
53550
53559
53662
53701
53826
53837
53938
54022
54023
54046
54087
54147
54255
54339
54380
54427
54428
54489
54511
54535
54566
54595
54665
54672
54687
54699
54842
55289
55386
55430
55661
55669
55875
55902
55952
56083
56098
56127
56169
56184
56192
56260
56322
56357
56456
56479
56480
56571
56611
56645
56669
56906
56930
56962
56975
57021
57081
57103
57223
57306
57352
57409
57421
57502
57531
57544
57689
57778
57882
57898
57902
58013
58015
58062
58135
58168
58226
58295
58310
58332
58367
58764
58796
58805
58808
58899
58908
58955
59015
59073
59083
59221
59227
59371
59434
59506
59565
59620
59689
59746
59920
60014
60136
60216
60218
60230
60295
60303
60360
60468
60479
60501
60578
60593
60644
60727
60782
60816
60848
60853
60873
60893
60920
60943
61010
61047
61204
61211
61284
61293
61561
61588
61620
61703
61738
61838
61947
62073
62511
62593
62638
62748
62870
62942
62947
63006
63033
63099
63114
63124
63128
63171
63283
63300
63363
63364
63401
63451
63485
63489
63494
63535
63601
63615
63658
63695
63730
63743
63850
63899
63932
63977
64033
64077
64095
64203
64285
64329
64494
64503
64573
64754
65023
65138
65153
65158
65170
65188
65208
65227
65251
65351
65387
65451
65476
65478
65513
65606
65664
65681
65841
65861
65903
65928
66008
66065
66158
66193
66235
66251
66263
66264
66297
66298
66302
66305
66357
66373
66400
66422
66439
66452
66472
66495
66666
66776
66807
66835
66970
67096
67098
67117
67212
67274
67285
67318
67405
67625
67646
67672
67706
67730
67754
67771
67793
67864
67895
67909
67933
67946
67998
68025
68092
68152
68208
68231
68235
68255
68256
68283
68287
68335
68364
68373
68388
68465
68519
68702
68711
68720
68792
68870
68889
68908
68943
68943
69120
69194
69208
69271
69314
69358
69479
69480
69680
69740
69753
69758
69836
69923
70142
70169
70209
70253
70263
70265
70322
70338
70412
70464
70491
70502
70592
70670
70751
70845
70941
70995
70999
71000
71017
71043
71106
71119
71136
71142
71164
71180
71205
71346
71386
71394
71411
71462
71599
71653
71660
71675
71711
71739
71787
71819
71829
71882
71942
71951
72028
72116
72161
72234
72396
72412
72434
72480
72503
72548
72624
72634
72731
72800
72814
72875
72884
72936
72941
72989
73046
73138
73173
73201
73212
73314
73458
73513
73609
73620
73632
73916
73979
74139
74283
74315
74359
74372
74523
74661
74725
74757
74803
74811
74828
74906
74979
75083
75337
75337
75390
75407
75410
75468
75484
75567
75570
75644
75709
75724
75760
75768
75844
75973
76066
76135
76235
76251
76300
76312
76313
76489
76540
76688
76772
76921
76922
76938
76940
76973
76998
77063
77137
77340
77380
77392
77449
77575
77595
77596
77769
77874
78004
78095
78115
78130
78293
78524
78654
78703
78714
78880
78928
78978
79005
79006
79058
79091
79130
79162
79212
79260
79474
79608
79628
79637
79640
79645
79666
79716
79829
79844
79846
79870
79908
79915
79946
79966
80048
80067
80102
80201
80366
80371
80542
80585
80759
80795
80980
80981
80986
81068
81141
81204
81354
81371
81449
81482
81490
81537
81540
81615
81720
81807
81849
82023
82058
82111
82223
82234
82253
82293
82469
82470
82562
82724
82838
82848
82904
82957
82997
83044
83134
83200
83287
83320
83364
83381
83383
83520
83614
83716
83729
83790
83924
83980
84033
84046
84149
84159
84202
84203
84232
84264
84351
84377
84418
84438
84574
84593
84693
84711
84730
84733
84763
84947
85108
85170
85303
85476
85571
85589
85596
85667
85693
85703
85725
85800
85817
85819
85848
86042
86151
86173
86220
86226
86237
86318
86347
86351
86352
86405
86418
86444
86484
86488
86500
86524
86589
86625
86671
86731
86733
86758
86803
86814
87019
87045
87085
87097
87101
87140
87158
87360
87372
87390
87425
87458
87509
87513
87539
87540
87553
87671
87695
87761
87855
88033
88066
88069
88264
88667
88676
88716
88736
88804
88836
88846
88890
88922
88952
89030
89035
89182
89246
89250
89255
89287
89321
89350
89485
89764
89988
90037
90372
90377
90661
90705
90732
90792
90838
90866
90866
90925
90938
90944
91006
91100
91123
91173
91230
91243
91356
91380
91404
91447
91583
91612
91632
91778
91875
91887
91915
91946
91965
92004
92144
92156
92171
92211
92237
92270
92336
92439
92468
92524
92541
92611
92746
93068
93126
93161
93255
93293
93341
93399
93441
93528
93681
93694
93816
93851
93896
94067
94073
94083
94098
94117
94160
94226
94330
94400
94430
94441
94506
94532
94709
94734
94948
94964
94980
95057
95154
95210
95343
95436
95464
95478
95498
95525
95553
95572
95657
95660
95684
95710
95712
95857
95998
96055
96202
96208
96217
96237
96246
96356
96413
96614
96710
96736
96766
96773
96797
96872
96897
96955
96961
96978
97238
97245
97277
97346
97352
97372
97473
97479
97526
97527
97686
97789
97908
97924
97950
97986
98051
98089
98158
98225
98269
98316
98432
98456
98474
98527
98603
98672
98732
98752
98770
98809
98849
99048
99097
99202
99240
99340
99583
99693
99912
100029
100101
100106
100119
100187
100195
100226
100241
100291
100407
100447
100468
100543
100575
100581
100599
100625
100795
100807
100859
100900
101129
101148
101301
101504
101521
101525
101585
101735
101817
101826
101830
101832
101936
101944
102113
102152
102251
102342
102395
102397
102439
102555
102764
102862
103277
103302
103314
103348
103381
103418
103547
103551
103637
103646
103686
103753
103759
103908
103963
104007
104043
104052
104053
104090
104109
104129
104246
104292
104344
104572
104658
104756
104914
104920
105005
105089
105169
105282
105289
105357
105429
105505
105579
105632
105689
105752
105802
105852
105873
105883
105904
105911
106092
106176
106237
106270
106303
106329
106527
106748
106783
106885
106966
106987
107019
107073
107177
107343
107355
107643
107669
107692
107721
107796
107808
107971
107992
108006
108135
108192
108229
108354
108371
108420
108446
108616
108692
108900
108971
109008
109047
109077
109113
109135
109165
109193
109331
109364
109414
109426
109461
109492
109544
109555
109566
109596
109658
109685
109807
109849
109913
110027
110048
110056
110087
110209
110243
110380
110396
110472
110541
110569
110784
110797
110803
110894
111003
111006
111019
111094
111139
111156
111212
111305
111526
111565
111619
111643
111675
111789
111803
111804
111814
111869
111869
111917
112019
112150
112157
112195
112237
112296
112303
112395
112487
112743
112791
112792
112965
112986
112988
113040
113073
113329
113478
113524
113577
113644
113647
113648
113661
113668
113748
113800
113869
113902
113907
114045
114082
114137
114219
114301
114348
114351
114487
114531
114591
114756
114770
115041
115139
115142
115149
115180
115216
115257
115292
115296
115299
115342
115434
115490
115625
115650
115767
115772
115814
115850
115861
115878
116013
116029
116058
116059
116331
116451
116499
116576
116721
116733
116770
116823
117034
117204
117302
117343
117349
117387
117407
117540
117565
117745
117828
117869
117956
118033
118079
118104
118140
118147
118151
118235
118239
118262
118344
118403
118445
118464
118611
118613
118766
118769
118775
118819
118863
118913
119027
119043
119059
119260
119346
119346
119370
119584
119653
119829
119854
119905
119989
120113
120361
120371
120387
120415
120456
120620
120754
120773
120853
120928
121075
121223
121309
121310
121328
121344
121392
121452
121516
121705
121713
121933
122130
122234
122326
122384
122599
122663
122721
122844
122849
122904
122926
122996
123021
123071
123120
123135
123142
123180
123284
123323
123381
123558
123628
123778
123782
123808
123893
123919
124003
124315
124316
124360
124369
124462
124464
124581
124665
124678
124739
124797
124810
124859
125135
125159
125197
125259
125311
125340
125454
125510
125549
125615
125721
125740
125741
125756
126086
126187
126569
126624
126637
126662
126747
126770
126796
126841
126990
126992
127048
127117
127271
127292
127312
127417
127421
127467
127468
127513
127516
127654
127662
127830
127841
127861
127876
127927
127988
128235
128254
128299
128322
128328
128374
128420
128863
128925
128948
129039
129157
129200
129212
129222
129245
129488
129682
129831
129966
130215
130312
130385
130704
130721
130985
131000
131042
131090
131093
131148
131361
131482
131834
131953
131968
131990
132089
132112
132176
132403
132485
132497
132571
132616
132894
132901
132972
133042
133109
133128
133182
133236
133237
133244
133273
133303
133319
133321
133365
133421
133487
133507
133622
133677
133689
133873
133900
133974
133976
134274
134304
134311
134338
134399
134436
134450
134915
135051
135066
135119
135475
135950
135952
136222
136223
136244
136310
136349
136349
136386
136410
136516
136691
136985
137088
137122
137282
137347
137480
137791
137952
137980
138157
138176
138236
138627
138669
138688
138828
138830
138836
138875
138882
138886
139023
139030
139038
139069
139095
139129
139261
139314
139431
139510
139568
139666
139742
139762
139817
140276
140327
140375
140429
140449
140476
140515
140596
140691
140721
140804
140843
140987
141284
141293
141331
141448
141453
141471
141489
141567
141732
141747
141986
142150
142192
142242
142286
142459
142495
142564
142582
142649
142650
142673
142831
142955
143087
143257
143289
143306
143367
143419
143459
143479
143548
143584
143682
143869
144038
144363
144697
144732
144950
145172
145241
145331
145351
145635
145694
145714
145800
145829
145849
145944
145970
146078
146313
146428
146433
146501
146517
146870
146904
146995
147072
147220
147344
147379
147432
147476
147657
147681
147710
147730
147829
147967
148001
148074
148092
148186
148201
148221
148400
148508
148551
148659
148710
148790
148855
148978
149082
149253
149436
149481
149490
149712
149815
149916
149958
149964
149996
150088
150356
150440
150483
150517
150572
150592
150648
150764
150790
150890
150985
151058
151131
151392
151403
151417
151556
151587
151650
151699
151939
152010
152184
152190
152307
152323
152478
152843
152905
153021
153562
153614
153824
153859
153979
154010
154391
154510
154674
154708
155210
155231
155373
155546
155547
155571
155748
155816
155842
156035
156317
156461
156475
156524
156749
156831
157098
157156
157192
157236
157240
157268
157278
157404
157418
157474
157570
157600
157635
157657
157683
157843
157849
157910
157912
157991
158048
158057
158091
158142
158521
158809
158820
158886
158920
159050
159101
159240
159418
159530
159532
159536
159610
159705
159774
159922
160041
160130
160217
160243
160393
160440
160522
160544
160569
160590
160632
160709
161002
161163
161204
161228
161730
161892
161914
162385
162449
162505
162505
162635
162735
162894
163024
163053
163075
163153
163184
163198
163242
163269
163284
163675
163691
163871
164014
164030
164150
164195
164245
164322
164382
164506
164514
164526
164772
165086
165126
165211
165263
165300
165367
165800
165879
165889
165893
165934
165939
165994
166014
166107
166242
166274
166323
166327
166505
166966
167051
167073
167143
167263
167276
167304
167457
167751
167971
168174
168373
168408
168445
168472
168548
168581
168848
168909
169086
169235
169241
169308
169310
169357
169360
169445
169738
169821
169835
169843
169854
169908
169967
170051
170204
170209
170274
170312
170500
170504
170519
170683
170748
170765
170805
170996
171097
171116
171119
171346
171426
171448
171679
171682
171703
171742
171789
171916
171938
172143
172211
172217
172299
172455
172460
172538
172542
172543
172622
172904
172911
172997
173190
173210
173308
173463
173484
173488
173726
173770
173831
173969
174013
174052
174480
174548
174574
174609
174688
174834
174863
175261
175361
175726
175955
176090
176161
176325
176463
176529
176535
176584
176610
176639
176719
176753
176826
176826
176837
176945
176951
177086
177111
177193
177206
177357
177377
177401
177449
177642
177819
177880
177905
177908
178188
178234
178372
178569
178747
178827
178903
179197
179554
179564
179729
179840
179873
179914
179966
180170
180210
180284
180373
180394
180506
180523
180576
180692
180773
181013
181080
181363
181804
182115
182128
182289
182505
182538
182719
182729
182738
182821
182852
182925
183027
183237
183280
183336
183353
183384
183418
183427
183461
183473
184164
184238
184267
184353
184375
184460
184607
184812
184848
185428
185613
185713
185818
185857
186041
186060
186413
186876
186889
186972
187254
187309
187337
187374
187390
187409
187457
187520
187724
187843
187930
187975
188037
188142
188278
188333
188821
188948
189078
189228
189232
189316
189339
189884
190048
190280
190747
190823
190944
190980
191043
191184
191297
191299
191479
191553
191788
191980
192120
192535
192550
192607
192633
192654
192712
192766
192876
192991
193031
193070
193082
193241
193285
193630
193788
193915
194120
194213
194412
194525
194653
194697
194722
194757
195016
195114
195902
196229
196255
196550
196551
196734
197073
197145
197257
197329
197368
197458
197515
197543
197894
197970
198336
198552
198589
198892
198982
199009
199052
199087
199269
199312
199479
199594
199873
200018
200043
200053
200141
200438
200542
200758
200793
200871
201036
201126
201227
201236
201262
201288
201310
201356
201773
201857
201869
201880
202064
202077
202097
202178
202349
202549
202673
202846
202857
202909
203017
203048
203233
203291
203297
203548
203763
204214
204254
204706
204847
204862
204875
204928
205178
205333
205457
205600
206015
206150
206199
206360
206369
206952
207033
207093
207123
207186
207212
207606
207631
207837
207846
207941
207991
208024
208239
208254
208668
208902
209055
209070
209306
209740
209956
209967
210029
210250
210361
210399
210565
210589
211041
211141
211173
211411
211648
211684
211690
211740
211942
212048
212134
212317
212446
212591
212604
212867
212964
213022
213090
213268
213304
213322
213523
213558
213696
213741
213980
213997
214028
214048
214148
214191
214252
214671
214846
215085
215145
215390
215518
215554
215582
215633
215755
215915
216190
216197
216673
216947
217143
217278
217641
217668
218426
218448
218499
218922
219056
219231
219466
219494
219750
219769
219889
219947
219978
220041
220093
220139
220329
220830
220975
221007
221226
221454
221721
221889
222182
222399
222507
222544
222587
222710
222906
223064
223276
223356
223486
223584
223610
223641
223678
223722
224262
224350
224569
225109
225987
225990
226252
226520
227005
227106
227394
228159
228617
229261
229300
229592
229985
230188
230384
230537
230676
230686
230745
230752
230849
230992
231077
231178
231446
231798
231966
232189
232501
232951
232954
233055
233321
233589
233734
233744
233976
234134
234214
235588
235699
235860
235901
236217
236290
236503
236524
236742
236856
236925
236997
237238
237562
237623
237747
238347
238705
238926
238930
239051
239111
239305
239567
239962
240046
240242
240258
240347
240660
240795
240989
241096
241328
241781
242081
242239
242802
242840
242903
243334
243586
243863
243994
244051
244074
244116
244269
244303
244336
244709
246060
246171
246328
246563
246897
247052
247115
247196
247225
247384
248254
248288
248572
248626
248919
249294
249301
249483
249738
250039
250510
250549
250613
250614
250897
250955
250988
251022
251130
251181
251624
251820
251951
252412
252492
252820
253248
253250
253626
254085
254117
254256
254294
254345
254586
254609
254714
255076
255160
255258
256945
257003
257127
257476
257697
257956
258021
258290
258358
258813
258861
259026
259026
259324
259740
259988
260181
260522
260724
260805
261103
261551
261927
262065
262179
262254
262337
262619
262699
262725
263096
263275
263656
264245
265083
265102
265233
265764
265851
266606
266617
266728
267429
267486
267543
267981
268063
268085
268250
268484
268755
269294
269672
269752
269885
270034
270117
270333
270491
270869
271542
272102
272132
272797
273649
273958
274173
274490
274907
275031
275269
275273
275491
276264
277466
277863
277993
278077
278264
279109
279189
279328
279392
279674
279863
280003
280258
280684
281095
281363
281690
281968
282172
282493
283141
283648
284515
284536
284628
285441
285661
285913
286161
286554
286889
287113
287151
287234
287423
287430
287588
287928
288178
288959
289873
290167
290959
291488
291544
292391
293188
293270
293782
294019
294147
294162
295124
295218
295666
296482
296941
298878
299103
299366
299710
299944
300100
300209
300344
300607
300665
301024
301167
301215
301795
302108
302205
302403
302420
302684
302907
303254
303257
303420
303775
303923
304034
304215
304424
305332
305645
305648
305669
307039
307112
307979
308019
308425
309595
309647
312000
312251
312280
312488
312636
312905
313036
313217
314920
315152
316089
316364
316584
316602
316813
316842
317486
317803
317926
319135
319143
319174
319449
319966
320778
321646
321793
321804
322153
322324
323279
323767
323836
323856
325112
325944
325971
327990
328351
329822
330524
330532
330937
331493
331934
331942
332259
333836
334528
334688
335427
336676
337110
339345
339779
340277
340451
341050
341158
341304
342120
342319
342347
342890
343885
344574
344645
344994
345683
346518
346683
346802
347199
348181
349351
349376
349774
349787
350687
351714
351799
352444
353163
353381
353884
354033
357301
358757
359744
360236
360357
361935
362029
362874
363162
363514
363721
363855
364910
365556
366074
366301
366654
367136
368433
370194
370368
370383
373158
373330
373360
374296
374671
376966
377054
377434
378198
379779
379790
380795
382012
382494
382547
382553
383757
384823
386373
386761
386803
389867
391881
393890
395020
395595
397484
398692
399971
400041
402966
403992
409596
410100
410231
411358
412842
413246
417321
417929
419002
421974
422577
423954
426148
426356
427748
430103
431294
431503
433345
433621
437052
444493
447234
451589
451679
452218
454205
455286
456946
458397
459518
461431
463860
470450
472050
475295
477729
478883
482690
486829
487814
490289
494554
497673
508779
510083
517951
522750
523589
525981
540049
545421
546799
565478
570154
598018
622377
649168
676638
