0
0
8
59
92
105
199
257
283
314
330
369
383
485
509
620
626
678
830
890
891
896
924
1053
1160
1320
1323
1329
1354
1382
1410
1415
1471
1553
1660
1713
1721
1806
1859
1875
1884
1915
1969
1994
2023
2107
2132
2134
2155
2414
2517
2595
2608
2610
2621
2642
2704
2732
2762
2773
2774
2781
2804
2859
2895
2912
2989
2999
3076
3121
3141
3179
3205
3267
3328
3383
3408
3418
3458
3692
3744
3861
3895
3925
3935
4022
4085
4209
4264
4266
4281
4332
4363
4455
4513
4518
4538
4583
4593
4613
4749
4769
4818
4830
4850
4939
5064
5144
5191
5236
5263
5396
5398
5398
5522
5550
5762
5906
5982
5988
6005
6185
6317
6328
6328
6350
6359
6427
6439
6454
6515
6528
6541
6612
6634
6646
6655
6689
6692
6837
6897
7041
7064
7070
7158
7190
7224
7304
7354
7466
7590
7626
7801
7824
7850
7865
7887
7898
7904
7977
7986
7986
8010
8024
8030
8073
8096
8138
8140
8157
8213
8219
8249
8282
8440
8442
8448
8492
8537
8557
8578
8735
8762
8832
8858
8904
8965
9091
9105
9114
9169
9297
9587
9599
9733
9749
9761
9791
9803
9907
9908
10041
10085
10136
10166
10205
10366
10482
10527
10543
10561
10561
10738
10747
10801
10832
10889
10993
11030
11182
11269
11327
11438
11478
11482
11523
11542
11622
11635
11646
11720
11823
11872
11914
11928
11957
12013
12155
12220
12264
12315
12361
12414
12454
12482
12504
12613
12622
12675
12686
12754
12756
12817
12925
12931
12938
12991
13049
13064
13108
13221
13308
13325
13337
13349
13405
13407
13422
13531
13696
13712
13733
13808
13855
13876
13941
14020
14030
14066
14121
14187
14313
14315
14319
14372
14398
14469
14559
14670
14777
14815
14861
14939
14966
15025
15127
15262
15354
15360
15365
15378
15429
15516
15543
15607
15672
15800
15848
15872
15949
15980
16042
16152
16229
16330
16349
16392
16572
16581
16675
16700
16748
16785
16798
17064
17104
17164
17310
17416
17468
17530
17585
17611
17684
17700
17721
17780
17799
17813
17825
17998
18007
18018
18166
18290
18350
18397
18416
18469
18499
18577
18587
18602
18665
18697
18730
18736
18760
18822
18904
18926
19080
19149
19162
19187
19192
19231
19456
19598
19663
19664
19789
19902
19977
20114
20218
20256
20288
20305
20342
20356
20905
20916
20917
20956
20984
20987
20993
21050
21153
21308
21312
21348
21397
21449
21486
21507
21554
21646
21691
21719
21750
21766
21787
21824
21839
21845
21847
21903
21963
21965
21975
22057
22060
22091
22118
22135
22137
22146
22225
22252
22269
22287
22294
22413
22486
22514
22517
22524
22545
22549
22552
22575
22576
22652
22658
22665
22724
22784
22809
22840
22883
22941
22962
22967
22992
23003
23053
23101
23157
23172
23179
23189
23228
23286
23330
23416
23526
23536
23544
23546
23549
23617
23627
23737
23780
23788
23789
23824
23902
23902
23908
23972
23975
23978
24094
24114
24135
24135
24151
24275
24326
24355
24435
24435
24564
24682
24771
24781
24835
24896
24951
25088
25167
25277
25333
25361
25386
25433
25538
25659
25687
25698
25744
25749
25752
25771
25787
25830
25862
25912
25946
26033
26058
26080
26103
26192
26239
26247
26268
26283
26328
26444
26471
26506
26547
26580
26584
26666
26681
26739
26823
26858
26898
26914
26994
27268
27333
27414
27428
27455
27460
27552
27577
27626
27628
27635
27668
27765
27797
27810
27870
27957
28088
28107
28144
28185
28199
28219
28223
28245
28287
28329
28352
28419
28437
28456
28517
28554
28579
28623
28703
28738
28743
28838
28884
28896
28935
28942
28968
29043
29066
29125
29155
29175
29179
29223
29233
29275
29341
29378
29398
29451
29468
29500
29542
29542
29667
29832
29834
29859
30029
30109
30114
30189
30230
30244
30262
30280
30309
30331
30411
30419
30435
30464
30466
30469
30503
30508
30544
30603
30662
30667
30721
30786
30920
30951
30984
30994
31031
31100
31108
31150
31220
31293
31328
31342
31452
31504
31528
31553
31569
31596
31609
31637
31666
31750
31780
31825
31939
31946
32015
32107
32193
32411
32519
32738
32754
32918
33003
33130
33133
33184
33201
33309
33431
33433
33474
33570
33628
33648
33652
33664
33733
33796
33826
33996
34008
34019
34102
34124
34145
34203
34218
34247
34506
34557
34582
34611
34642
34761
34908
35088
35114
35203
35372
35506
35533
35561
35634
35664
35696
35706
35725
35836
35838
35856
35866
35923
35953
36010
36020
36087
36171
36208
36245
36272
36326
36341
36403
36406
36457
36517
36521
36591
36749
36828
36846
36915
36922
37046
37159
37178
37180
37212
37343
37470
37520
37527
37675
37694
37764
37770
37813
37826
37904
38000
38022
38060
38092
38162
38170
38211
38305
38332
38408
38497
38529
38673
38718
38780
38819
38973
38980
39100
39310
39337
39423
39675
39824
39887
39926
40030
40073
40087
40092
40093
40232
40239
40250
40263
40265
40334
40335
40347
40365
40418
40439
40576
40607
40680
40693
40720
40720
40766
40791
40852
40872
40955
40959
41031
41038
41084
41087
41128
41165
41267
41282
41348
41354
41387
41454
41470
41589
41605
41621
41651
41755
41793
41807
41871
41912
42005
42205
42206
42209
42227
42319
42323
42348
42376
42441
42491
42616
42670
42672
42676
42776
42851
42879
42907
42937
42954
42961
43002
43060
43078
43171
43173
43271
43297
43319
43351
43494
43606
43655
43718
43855
43862
43898
43949
43954
43999
44003
44029
44030
44107
44127
44132
44208
44399
44461
44468
44479
44501
44501
44505
44524
44539
44560
44628
44640
44680
44688
44711
44766
44814
44875
44882
44890
44943
45017
45069
45085
45186
45195
45201
45251
45289
45308
45322
45347
45414
45448
45522
45552
45745
45770
45866
45996
46022
46037
46064
46105
46117
46178
46180
46274
46357
46369
46460
46612
46772
46772
46830
46848
46929
46939
46975
47034
47115
47158
47160
47173
47218
47301
47334
47351
47360
47425
47470
47509
47550
47632
47641
47654
47734
47757
47813
47833
47886
47890
47897
47914
47948
48002
48028
48089
48111
48112
48198
48215
48219
48288
48309
48326
48480
48508
48558
48646
48652
48715
48786
48801
48871
48942
48956
48958
48988
49062
49117
49210
49243
49251
49268
49290
49327
49344
49353
49357
49408
49448
49549
49572
49594
49681
49717
49717
49808
49821
49900
49928
50215
50238
50344
50393
50432
50433
50451
50555
50580
50737
50788
50792
50815
50851
50944
50944
51125
51132
51179
51186
51202
51251
51305
51317
51501
51506
51540
51569
51642
51653
51664
51684
51686
51719
51738
51749
51776
51820
51834
51846
51887
51910
51964
52007
52088
52177
52203
52292
52400
52416
52473
52491
52527
52615
52655
52692
52754
52783
52843
52904
53026
53132
53291
53402
53583
53654
53689
53760
53801
53811
53909
53972
54157
54188
54207
54282
54328
54340
54478
54651
54671
54755
54776
54793
54834
54900
55103
55107
55112
55206
55250
55276
55355
55424
55469
55505
55510
55684
55690
55716
55755
55894
55922
56094
56095
56238
56394
56445
56538
56555
56633
56689
56707
56722
56781
56789
56811
56836
57009
57127
57184
57185
57237
57268
57296
57298
57336
57473
57572
57644
57682
57694
57816
57847
57871
57938
58047
58061
58125
58152
58192
58245
58346
58356
58364
58489
58796
58856
58878
59009
59073
59199
59200
59281
59288
59328
59351
59428
59524
59636
59658
59677
59794
59796
59938
60014
60109
60164
60171
60172
60190
60203
60258
60272
60449
60455
60473
60581
60587
60605
60677
60778
60818
60891
61011
61013
61057
61076
61115
61200
61290
61309
61347
61443
61486
61528
61610
61659
61689
61745
61800
61810
61865
61869
61914
61965
62051
62103
62180
62220
62258
62273
62360
62486
62489
62491
62544
62620
62673
62759
62810
62828
62862
62908
63012
63031
63051
63205
63214
63240
63251
63359
63420
63545
63700
63732
63755
63843
63858
64016
64050
64058
64067
64283
64506
64516
64630
64639
64782
64979
65036
65050
65104
65147
65186
65205
65298
65321
65424
65689
65697
65759
65816
65857
65858
65861
65885
66019
66109
66137
66152
66166
66208
66237
66276
66320
66414
66417
66460
66575
66697
66747
66822
66877
66981
67027
67039
67075
67097
67135
67237
67246
67254
67315
67322
67322
67447
67476
67503
67583
67615
67628
67656
67734
67768
67835
67906
67908
67985
68058
68112
68131
68152
68187
68187
68216
68230
68255
68266
68317
68385
68413
68464
68569
68659
68735
68897
69010
69028
69029
69097
69102
69107
69139
69207
69219
69422
69424
69463
69521
69563
69573
69599
69643
69672
69710
69800
69887
69947
69981
70110
70136
70193
70211
70268
70303
70318
70351
70372
70384
70418
70478
70505
70512
70585
70627
70651
70652
70700
70896
70900
71006
71058
71069
71158
71190
71205
71355
71359
71388
71461
71467
71470
71643
71717
71739
71740
71753
71763
71819
71864
71879
71962
71989
72023
72028
72105
72164
72173
72191
72224
72255
72302
72322
72407
72437
72449
72452
72462
72539
72551
72588
72676
72685
72753
72831
72857
72939
72984
73017
73058
73116
73313
73361
73408
73443
73493
73606
73622
73681
73702
73707
73814
73923
74016
74034
74098
74116
74120
74160
74170
74170
74249
74252
74320
74413
74458
74483
74579
74581
74623
74748
74791
74854
74892
74968
74984
75004
75016
75037
75115
75187
75195
75200
75209
75329
75388
75411
75456
75546
75573
75617
75618
75781
75819
75854
75875
75936
75946
76002
76007
76060
76100
76101
76109
76125
76144
76224
76296
76335
76382
76420
76479
76501
76701
76762
77005
77064
77070
77081
77134
77146
77150
77188
77219
77259
77305
77325
77327
77751
77939
78201
78292
78296
78322
78425
78452
78471
78559
78571
78603
78618
78668
78939
78965
79139
79325
79422
79578
79584
79664
79675
79753
79926
80036
80064
80109
80178
80334
80409
80484
80588
80669
80726
80829
80979
81040
81200
81344
81356
81528
81557
81582
81649
81683
81696
81701
81824
81834
82024
82075
82127
82163
82210
82212
82292
82337
82445
82457
82561
82581
82638
82711
82777
82784
82812
83136
83192
83547
83615
83643
83756
83763
83782
83792
83845
83898
83901
83911
83927
84015
84031
84130
84208
84229
84231
84365
84380
84497
84550
84566
84594
84598
84737
84808
84872
84952
84953
84969
85107
85113
85209
85214
85274
85363
85483
85537
85674
85719
85720
85753
85753
85769
85831
85934
86013
86151
86171
86196
86201
86211
86266
86325
86401
86504
86628
86670
86695
86747
86760
86895
87074
87082
87084
87099
87136
87174
87201
87284
87306
87360
87360
87429
87452
87473
87491
87535
87578
87651
87663
87671
87698
87777
87842
87855
87856
87976
88027
88101
88162
88226
88245
88258
88266
88276
88298
88328
88462
88474
88483
88497
88560
88606
88667
88670
88734
88771
88796
88821
88941
88948
89000
89136
89208
89212
89336
89531
89702
89826
89864
89866
89967
89989
90158
90159
90173
90251
90315
90468
90483
90508
90536
90571
90614
90618
90637
90679
90693
90766
90797
90823
90888
90963
90969
91038
91111
91149
91151
91175
91308
91380
91635
91644
91672
91774
91803
91812
91889
91952
92005
92180
92263
92371
92374
92399
92475
92596
92620
92637
92793
92795
92901
93036
93109
93260
93277
93358
93459
93469
93490
93563
93641
93679
93712
93741
93746
93763
93853
93908
94076
94103
94173
94213
94384
94501
94527
94639
94651
94740
94874
94904
94924
95056
95099
95182
95243
95253
95255
95308
95319
95331
95412
95582
95617
95643
95649
95846
95884
95913
96009
96051
96076
96107
96243
96435
96496
96552
96810
96968
97012
97058
97081
97214
97310
97393
97432
97461
97501
97502
97595
97673
97783
97791
97840
97853
97927
97962
98237
98391
98417
98460
98484
98532
98691
98716
98725
98760
98765
98825
98862
98907
99001
99153
99184
99258
99355
99565
99640
99658
99672
99733
99746
99854
99939
99958
100019
100142
100306
100508
100509
100554
100582
100665
100685
100685
100686
100782
100803
100829
100841
100965
101079
101155
101166
101169
101174
101360
101391
101436
101557
101671
101750
101928
102009
102024
102092
102107
102308
102494
102667
102762
102881
102972
103037
103119
103178
103230
103271
103354
103428
103454
103488
103508
103550
103667
103700
103703
103761
103826
103932
104130
104306
104367
104370
104375
104392
104540
104810
104826
104984
105059
105075
105103
105280
105453
105463
105646
105826
105841
105857
106090
106117
106123
106129
106145
106175
106308
106309
106568
106646
106672
106738
106838
107029
107077
107097
107193
107197
107248
107298
107320
107367
107388
107507
107543
107543
107640
107665
107702
107758
107797
107905
107966
108038
108304
108447
108471
108494
108578
108617
108700
108739
108764
108788
108900
109036
109095
109153
109184
109262
109266
109439
109581
109603
109757
109801
109844
109931
110097
110120
110142
110191
110275
110290
110344
110418
110441
110547
110593
110719
110935
110964
110974
111272
111309
111327
111337
111377
111421
111461
111737
111740
111773
111858
111862
111987
111999
112025
112031
112128
112236
112300
112321
112361
112363
112388
112399
112712
112790
112816
112816
112883
112933
113120
113191
113325
113362
113504
113565
113990
114008
114121
114201
114363
114397
114438
114566
114716
114858
114922
115000
115020
115175
115203
115239
115300
115325
115420
115504
115521
115662
115819
115885
115895
115961
116102
116183
116216
116282
116341
116399
116451
116557
116575
116642
116674
116982
117018
117047
117212
117247
117248
117285
117302
117320
117435
117538
117679
117684
117769
117853
117855
117955
117979
118068
118258
118263
118396
118412
118436
118449
118553
118616
118632
118644
118649
118703
118792
118916
119186
119329
119332
119370
119464
119671
119969
120065
120076
120087
120144
120156
120161
120174
120209
120228
120302
120333
120345
120351
120550
120689
120711
120713
120781
120903
120965
120980
121055
121081
121130
121155
121324
121330
121351
121374
121411
121485
121549
121582
121608
121663
121707
121791
121877
122061
122097
122213
122380
122613
122666
122668
122842
122872
122921
122925
123047
123139
123162
123197
123270
123292
123328
123369
123449
123489
123552
123599
123747
123759
123765
123812
123847
123926
124154
124265
124273
124351
124351
124395
124445
124465
124503
124516
124542
124628
124659
124661
124684
124774
124809
124868
124886
124957
124980
124985
125104
125112
125147
125170
125296
125354
125361
125405
125475
125602
125650
125727
125955
126001
126129
126184
126285
126290
126355
126469
126471
126698
126831
126832
126959
127016
127023
127489
127500
127564
127566
127714
127724
127805
127842
127904
127950
128044
128178
128300
128428
128494
128507
128549
128621
128648
128956
128962
128980
129001
129101
129167
129232
129347
129361
129386
129563
129678
129681
129704
129771
129924
130012
130186
130200
130203
130257
130270
130278
130347
130392
130472
130543
130554
130591
130711
130851
130853
130916
130950
131235
131289
131458
131492
131545
131688
131846
131852
131931
131932
132118
132128
132196
132199
132339
132382
132475
132594
132608
132683
132791
132854
132864
132866
132883
132975
133182
133289
133472
133473
133682
133897
133957
133973
133975
133983
134021
134058
134094
134161
134366
134378
134485
134541
134601
134625
134633
134796
134876
134999
135052
135097
135333
135501
135635
135683
135710
135758
135923
135924
135933
135948
136100
136153
136332
136412
136788
136852
136921
137025
137050
137191
137264
137324
137424
137426
137607
137701
137752
137763
137769
137771
137778
137780
137925
138046
138063
138088
138111
138121
138172
138205
138321
138324
138682
138708
138737
138766
138804
138894
138958
139120
139403
139410
139481
139697
139878
139878
139891
139951
140149
140155
140237
140244
140407
140431
140477
140505
140526
140545
140660
140791
140794
140913
140945
140950
140956
141038
141228
141513
141539
141635
141671
141755
141795
141808
141961
141967
142082
142093
142216
142232
142275
142477
142515
142530
142560
142579
142776
142867
142921
142960
143178
143362
143405
143596
143864
143871
143933
144022
144064
144108
144157
144203
144230
144349
144534
144626
144701
144765
144775
144822
144949
145168
145186
145260
145411
145435
145437
145471
145538
145573
145597
145630
145675
145685
145723
145896
145907
145992
146044
146153
146259
146357
146422
146445
146470
146654
146791
146822
147087
147099
147194
147218
147220
147257
147262
147307
147311
147448
147505
147515
147811
147817
147942
147944
147982
148015
148542
148592
148592
148603
148610
148623
148730
148872
148969
149028
149076
149280
149353
149550
149633
149661
149685
149693
149758
149769
149815
149951
149975
149984
150010
150072
150140
150180
150210
150294
150298
150425
150428
150443
150500
150503
150574
150582
150711
150866
150899
150901
150902
150918
150949
151171
151200
151234
151287
151348
151408
151436
151571
151854
151923
152191
152237
152294
152445
152465
152543
152605
152624
152647
152665
152699
152758
152788
153030
153187
153247
153293
153321
153335
153525
153563
153615
153628
153646
153740
153802
154012
154196
154200
154208
154457
154737
154821
154902
154905
154924
154985
154995
155012
155030
155060
155099
155115
155119
155215
155314
155342
155497
155619
155735
155818
155862
155981
156145
156233
156248
156358
156376
156379
156383
156394
156432
156452
156461
156505
156714
156720
156731
156754
156964
156975
156989
156989
157017
157107
157342
157357
157361
157619
157656
157679
157784
157809
157827
157902
157952
158000
158068
158182
158199
158202
158222
158262
158263
158307
158328
158355
158432
158503
158549
158557
158596
159057
159139
159215
159226
159266
159358
159671
159748
159780
159788
159857
159954
160094
160164
160193
160277
160347
160358
160437
160492
160596
160628
160647
160654
160717
160718
160790
161165
161241
161258
161298
161392
161754
161784
161792
161795
162027
162077
162315
162407
162528
162697
162832
162891
162922
162960
163080
163298
163299
163368
163378
163388
163587
163632
163774
163956
163975
164124
164232
164233
164331
164552
164591
164692
164865
164964
165117
165315
165360
165528
165788
165873
166080
166162
166244
166418
166500
166634
166787
167030
167190
167300
167355
167400
167438
167591
167679
167694
167702
167720
167766
167882
167895
168074
168147
168158
168279
168405
168664
168975
169078
169154
169170
169436
169485
169552
169629
169779
169980
170154
170160
170170
170328
170544
170596
170687
170727
170791
170811
170826
170873
171133
171187
171324
171450
171637
171807
171869
171986
172083
172240
172304
172385
172486
172496
172506
172571
172672
172777
172875
172924
172938
173025
173347
173552
173567
173728
173953
173978
174055
174124
174140
174231
174244
174264
174541
174863
174956
175002
175439
175500
175647
175764
175845
175991
176123
176331
176441
176520
176624
176656
176670
176784
176916
177189
177396
177433
177628
177707
177722
177730
177772
177796
177846
178020
178157
178231
178327
178348
178971
179365
179429
179571
179574
179833
180052
180183
180237
180305
180345
180348
180465
180499
180583
180731
180804
180885
181114
181231
181279
181287
181292
181355
181539
181756
181779
181884
181908
182270
182312
182345
182393
182432
182461
182542
182565
182604
182614
182715
182814
182867
182868
183059
183073
183374
183446
183465
183584
183606
183659
183741
183831
183877
183962
183976
184100
184161
184165
184372
184518
184520
184580
184586
184715
184897
185166
185185
185262
185341
185535
185635
185843
185884
185969
186023
186032
186045
186224
186458
186462
186539
186647
186664
186678
186696
186783
186793
186914
187053
187090
187113
187224
187315
187646
188042
188145
188186
188309
188429
188473
188732
188791
188853
188935
189021
189060
189081
189112
189299
189332
189406
189420
189561
189667
189821
189954
190064
190102
190210
190320
190326
190451
190520
190695
190722
190798
190820
190957
191138
191237
191244
191265
191271
191349
191500
191515
191538
191545
191772
192289
192346
192356
192397
192496
192610
192769
193093
193184
193221
193303
193382
193503
193595
193652
193701
193756
193771
193778
193837
193888
193928
194057
194119
194213
194347
194350
194455
194615
194668
194735
194801
195034
195043
195442
195583
195669
195721
195736
195746
195888
195921
196005
196319
196514
196581
196647
196798
197172
197280
197397
197421
197423
197489
197570
197591
197836
197933
198108
198465
198523
198632
198894
198918
199034
199204
199470
199516
199538
199862
200101
200242
200338
200363
200375
200716
200726
200749
200939
201085
201128
201251
201350
201372
201409
201539
201874
201955
202219
202232
202859
202885
202926
203056
203060
203088
203119
203279
203285
203338
203520
203882
203920
204002
204355
204558
204721
205092
205523
205529
205540
205777
205782
205882
206104
206232
206284
206504
206608
206875
206978
207136
207189
207211
207251
207324
207381
207457
207470
207510
207756
207772
207883
208089
208439
208515
208843
208869
208918
208933
209005
209037
209210
209331
209347
209518
209873
209880
210188
210406
210465
210483
210499
210609
210669
210689
211022
211309
211379
211428
211538
211612
211779
211801
211816
212091
212133
212138
212218
212234
212304
212318
212354
212473
212653
212695
213055
213485
213523
213527
213535
213645
213772
213969
214074
214079
214165
214198
214266
214296
214368
214524
214659
214864
215172
215689
215886
215929
216110
216353
216394
216533
216641
216804
216864
217091
217419
217606
217758
217766
218155
218158
218680
218707
218848
219247
219387
219412
219461
219547
219727
219728
219802
219855
219947
220526
220652
220685
220791
221011
221060
221068
221284
221289
221346
221444
221507
221621
221663
221861
222112
222393
222428
222446
222524
222540
222645
222964
223134
223517
223937
224002
224059
224105
224952
225089
225145
225314
225373
225429
225695
226035
226421
226457
226471
226472
226561
226768
226802
226819
227033
227426
227533
227579
227620
227833
228282
228376
228500
228762
228892
229116
229176
229668
229923
230076
230099
230138
230172
230212
230237
230417
230450
230686
230774
231341
231448
231663
232352
232450
232586
232631
232782
232924
232957
232983
233028
233321
233440
233537
233617
233691
233716
233879
234011
234145
234361
234403
234447
235114
235140
235253
235274
235336
235354
235597
235718
235747
235918
235970
236092
236127
236234
236350
236394
236739
236848
237197
237203
237451
237684
237750
237783
237802
238191
238602
238774
238865
238876
238947
239127
239306
239633
239644
239673
240062
240512
240546
240586
240945
241012
241435
241800
242169
242260
242589
242727
242842
243380
243461
243544
243641
243719
243755
243837
244184
244332
244413
244700
244707
245225
245342
245380
245800
245840
246845
246867
246897
247115
247288
247322
247527
247531
247938
247979
248540
249167
249881
250029
250070
250226
250619
250965
251028
251136
251216
251293
251384
251390
251516
251814
251857
252188
252394
252484
252488
253432
253597
253944
254310
254533
254751
254901
254934
254936
255375
255377
255683
255890
255938
256363
256864
257001
257116
257472
257671
257814
258015
258187
258386
258441
258451
258942
259052
259087
259103
259411
259486
259625
259627
259684
260502
260933
261086
261287
261664
261982
262094
262119
262860
263109
263238
263751
263790
263801
263851
264168
264395
264453
264663
264877
265188
265297
265635
265980
266824
266826
267148
267174
267220
267472
267476
267548
267657
267812
267966
268098
268504
268591
269870
270396
270851
270890
270949
271053
271211
271490
271891
272090
272410
272447
272593
272752
273608
273625
274014
274228
274256
274446
274949
275023
275431
275781
275912
276024
276412
276689
276781
277139
277249
277251
278368
278547
278726
278906
279668
279689
279815
279897
280183
280317
280323
280866
281012
281102
281805
281813
281844
282166
282307
282687
282875
283198
283876
284245
284866
284963
285007
285533
285609
285843
286244
286577
286606
287396
288016
288127
288143
288360
288704
288739
288865
288984
289117
289261
289395
289889
289937
290256
291493
291880
292095
292165
292224
292312
292471
292495
292506
292993
293120
293876
293906
293938
294339
294344
294803
295257
295309
295366
295480
295690
296254
296698
296811
296895
297080
297727
297742
298557
298780
299099
299318
299357
299381
300018
300268
301009
302086
302201
302599
302884
303012
303132
303261
303410
303805
304786
305138
305420
305473
305612
305737
305912
305953
306032
306062
306986
307681
307994
308008
308346
308404
308662
309692
309757
310447
310637
310863
314081
314190
315005
315244
316166
316707
316935
317050
317200
317230
317664
320212
320304
320458
320583
321301
321711
321905
322104
323020
323305
323825
324750
324864
325507
325682
326235
326356
326736
327014
327516
327610
328384
329124
329750
330689
330720
331044
331313
331935
332053
332447
332531
333132
333312
333444
333822
334287
334632
334636
335604
337449
337464
337942
338172
338189
338343
338949
338968
339229
339382
340097
341810
342021
342103
342247
342616
342960
342983
343394
343450
343725
344041
344498
345269
346043
346216
346750
348226
348576
349024
349183
349566
350146
350364
351007
351055
351774
351973
352908
354419
356873
357650
357824
358694
360242
360402
360410
360633
361090
362566
362734
363257
365223
365247
365591
365813
365859
366198
366879
367903
368547
369460
369867
369977
370254
370541
370581
371962
372869
373742
374221
374997
377155
378385
379109
383388
384077
385071
385743
390108
390392
390793
392430
396098
397726
398810
398996
400642
403460
405048
405334
408017
408263
409057
409092
410321
410547
412468
414277
419921
420569
421146
422204
422813
423545
424118
424662
425992
427825
428181
428306
431164
431889
432301
432879
436721
439607
443753
447257
447323
448597
457488
458417
459156
465017
466364
467247
475400
476288
476828
478419
482391
484948
485297
486226
487837
491020
500508
504341
507347
521153
533057
545320
550084
562277
562593
571323
574357
575572
595946
600696
661265
687893
