0
0
31
132
246
294
502
528
546
550
565
590
996
1010
1063
1283
1320
1446
1482
1506
1588
1644
1662
1678
1684
1772
1841
1916
1958
2228
2276
2292
2347
2391
2399
2434
2445
2588
2596
2639
2649
2797
2857
2889
2919
2977
2986
2997
3006
3007
3043
3079
3113
3178
3232
3291
3452
3518
3541
3609
3648
3659
3697
3700
3865
3880
3924
3973
3998
4001
4090
4103
4216
4267
4297
4378
4480
4533
4562
4644
4664
4759
4818
4826
4862
4886
4947
4957
4991
4995
5070
5118
5158
5262
5299
5354
5401
5409
5459
5479
5500
5577
5603
5662
5773
5819
5880
5884
5897
5924
5951
5982
6032
6040
6051
6055
6106
6136
6217
6268
6290
6303
6309
6374
6489
6497
6518
6543
6597
6680
6886
6888
6897
6951
6972
7087
7133
7139
7184
7353
7387
7434
7471
7474
7524
7597
7627
7648
7700
7711
7719
7753
7765
7928
8041
8062
8097
8168
8201
8316
8401
8414
8492
8551
8605
8718
8726
8852
8902
8916
8929
8938
9079
9276
9278
9462
9509
9534
9545
9558
9577
9705
9726
9727
9733
9784
9807
10068
10162
10167
10291
10310
10326
10347
10372
10381
10388
10397
10448
10662
10716
10721
10788
10853
10896
10936
10968
11008
11046
11144
11227
11411
11423
11491
11563
11564
11615
11651
11733
11812
11883
11943
12120
12180
12203
12286
12382
12483
12533
12605
12687
12701
12779
12833
12835
12839
12942
12947
13016
13066
13197
13205
13225
13248
13248
13313
13436
13439
13451
13589
13821
13860
13866
13870
13939
14032
14069
14109
14272
14308
14338
14361
14389
14546
14571
14593
14624
14655
14721
14785
14803
14897
14943
15014
15116
15198
15388
15392
15395
15423
15453
15479
15487
15580
15694
15716
15738
15817
15832
15838
15855
16152
16211
16253
16253
16272
16273
16329
16407
16434
16450
16508
16608
16656
16696
16824
16861
16867
16940
16953
17167
17201
17208
17227
17242
17377
17441
17448
17456
17542
17544
17571
17767
17940
18016
18020
18118
18375
18392
18434
18485
18508
18573
18671
18699
18972
18999
19226
19230
19360
19422
19576
19883
19895
19900
19942
19944
19950
19966
20040
20179
20182
20309
20363
20493
20533
20579
20662
20718
20761
20818
20924
20946
20948
20975
21004
21010
21044
21070
21113
21360
21415
21422
21427
21445
21449
21470
21495
21518
21597
21614
21671
21698
21723
21724
21839
21908
21932
21964
21988
22045
22057
22154
22279
22336
22354
22428
22446
22452
22689
22777
22840
22936
22938
23330
23347
23373
23406
23446
23454
23488
23552
23557
23564
23657
23734
23744
23782
23796
23800
23833
23886
23923
24011
24170
24184
24213
24260
24444
24536
24611
24647
25135
25305
25333
25346
25347
25349
25385
25439
25547
25576
25633
25643
25674
25677
25689
25780
25786
25805
26028
26227
26403
26471
26476
26512
26515
26584
26603
26656
26661
26689
26703
26746
26783
26852
26917
27003
27011
27044
27065
27122
27133
27148
27325
27351
27380
27528
27554
27651
27685
27738
27821
27822
27873
27879
27944
27945
27948
27993
28007
28034
28099
28157
28211
28299
28302
28334
28603
28608
28610
28649
28664
28687
28957
29069
29152
29214
29242
29346
29456
29496
29598
29605
29825
29833
29967
30043
30127
30143
30267
30285
30312
30326
30373
30406
30499
30541
30635
30657
30693
30741
30755
30868
30915
30984
31062
31092
31195
31360
31367
31397
31429
31507
31518
31536
31557
31564
31605
31679
31794
31994
32080
32119
32272
32272
32351
32379
32382
32400
32414
32499
32519
32540
32709
32787
32815
32848
32864
32897
32910
32914
32930
32943
32984
32995
33047
33195
33249
33335
33453
33465
33541
33572
33613
33619
33647
33663
33667
33771
33809
33819
33977
33985
34045
34089
34090
34152
34240
34242
34359
34382
34395
34409
34448
34459
34459
34485
34530
34557
34704
34712
34762
34774
34793
34835
34937
35036
35089
35339
35378
35421
35422
35436
35465
35481
35484
35722
35770
35803
35851
35981
35999
36057
36062
36084
36112
36123
36168
36186
36281
36758
36778
36827
36855
36884
37054
37102
37181
37221
37340
37407
37413
37558
37575
37586
37598
37656
37724
37749
37769
37877
37929
37944
38069
38161
38253
38316
38331
38407
38451
38511
38797
38852
38870
38884
38900
38968
39034
39058
39115
39153
39206
39214
39267
39275
39298
39324
39506
39574
39607
39635
39663
39680
39748
39905
39921
39977
40043
40098
40143
40234
40334
40374
40434
40485
40577
40611
40666
40707
40764
40817
40843
40933
41034
41049
41061
41145
41280
41293
41377
41380
41415
41445
41672
41674
41766
41790
41879
41891
41994
42045
42049
42084
42118
42254
42280
42293
42377
42448
42453
42568
42647
42664
42693
42786
42794
42798
42877
42916
42936
43101
43124
43234
43274
43337
43403
43433
43472
43479
43502
43541
43661
43677
43743
43972
44013
44042
44317
44439
44560
44629
44664
44799
44819
44870
44977
45116
45127
45184
45189
45307
45413
45508
45532
45553
45589
45649
45652
45686
45738
45863
45977
46050
46080
46084
46158
46163
46190
46219
46298
46337
46369
46381
46437
46520
46525
46727
46755
46765
46792
46818
46849
46854
46971
47012
47057
47095
47155
47270
47281
47298
47334
47350
47353
47542
47573
47794
47811
47873
47877
47984
47989
48177
48180
48248
48357
48439
48455
48610
48786
48885
48945
49052
49070
49215
49217
49236
49245
49277
49278
49299
49326
49332
49415
49454
49819
49819
49960
50049
50059
50073
50142
50158
50170
50187
50201
50229
50276
50398
50401
50514
50516
50574
50800
50805
50821
50957
51112
51236
51459
51545
51676
51688
51733
51875
51899
51945
52090
52107
52251
52325
52369
52692
52901
52916
52935
52980
53191
53263
53292
53354
53390
53417
53424
53433
53558
53562
53648
53651
53696
53746
53803
54043
54117
54144
54146
54258
54282
54367
54442
54567
54630
54739
54791
54835
54852
54859
54943
54957
54963
54968
55062
55110
55246
55370
55473
55476
55525
55740
55742
55747
55827
55832
55834
55855
56030
56282
56283
56342
56387
56410
56466
56480
56582
56604
56720
56759
56780
56849
56985
57199
57238
57244
57287
57494
57526
57569
57738
57748
57782
57859
57957
58064
58114
58194
58291
58342
58347
58376
58446
58480
58507
58576
58617
58618
58768
58778
58783
59023
59026
59145
59228
59234
59273
59273
59319
59378
59541
59606
59769
59778
59788
59808
59870
59879
59909
59973
60099
60167
60171
60201
60383
60440
60560
60561
60562
60570
60585
60854
60895
61010
61407
61496
61586
61753
61889
61899
61938
61952
61989
62113
62166
62170
62173
62185
62187
62220
62353
62364
62462
62504
62566
62566
62676
62771
62783
62916
62943
62955
63151
63347
63363
63391
63454
63466
63681
63782
63903
63912
63917
64015
64021
64151
64199
64201
64344
64419
64481
64611
64662
65018
65021
65168
65232
65256
65379
65392
65406
65514
65600
65654
65673
65797
65862
65933
65947
66036
66063
66096
66106
66259
66281
66368
66381
66386
66400
66429
66629
66696
66760
66874
66986
67013
67032
67048
67142
67257
67359
67394
67448
67479
67565
67609
67768
67843
67959
68002
68102
68110
68139
68200
68252
68283
68400
68532
68717
68734
68842
68865
69205
69247
69442
69483
69490
69496
69519
69592
69603
69696
69824
69971
70012
70014
70077
70091
70101
70159
70255
70563
70708
70766
70882
70923
70944
70971
71030
71076
71276
71339
71503
71624
71627
71631
71651
71734
71841
71890
71905
72132
72255
72433
72452
72564
72601
72716
72872
73001
73024
73210
73220
73356
73403
73462
73527
73552
73565
73688
73779
73898
74016
74060
74260
74292
74305
74312
74330
74358
74412
74466
74494
74562
74585
74688
74775
74776
74812
74877
74920
74982
75004
75032
75152
75183
75486
75643
75685
75743
76036
76088
76089
76090
76102
76215
76237
76247
76414
76489
76587
76637
76708
76746
76880
76898
76904
76975
77012
77047
77143
77250
77344
77410
77482
77497
77558
77590
77640
77654
77703
77715
77724
77851
77862
77875
77890
77992
78262
78356
78390
78419
78469
78555
78589
78641
78807
78808
79094
79720
79740
79871
79921
80300
80455
80491
80501
80502
80574
80666
80704
80736
80737
80860
80957
81051
81195
81240
81241
81352
81367
81444
81452
81483
81498
81553
81584
81673
81677
81688
81713
81763
81892
81921
81992
82004
82018
82256
82407
82614
82721
82753
82826
82845
82965
83106
83116
83217
83295
83367
83717
83802
84052
84097
84183
84247
84293
84295
84482
84558
84637
84717
84850
84968
84988
85129
85195
85261
85274
85300
85308
85358
85378
85589
85592
85784
85817
85843
85962
86143
86256
86354
86396
86463
86473
86533
86644
86701
86850
86933
87025
87038
87263
87347
87371
87394
87439
87650
87714
87744
87954
87996
88052
88082
88089
88159
88177
88252
88256
88263
88302
88356
88458
88594
88612
88666
88689
88846
88885
88921
88943
89083
89091
89200
89216
89230
89238
89274
89372
89391
89523
89548
89577
89857
89925
90005
90011
90119
90284
90301
90306
90380
90417
90570
90601
90646
90654
90729
90750
90824
90902
90966
91022
91073
91140
91324
91362
91369
91435
91450
91521
91527
91532
91750
91796
91894
91973
92133
92262
92463
92529
92553
92644
92696
92738
92883
92952
92972
93014
93084
93088
93111
93234
93298
93330
93661
93693
93717
93797
93838
94073
94089
94104
94106
94120
94129
94159
94230
94279
94375
94401
94682
94734
94785
94855
94946
95077
95167
95212
95294
95361
95389
95424
95694
95738
96192
96193
96302
96515
96615
96676
96696
97008
97034
97118
97205
97228
97262
97269
97310
97321
97592
97750
97936
98059
98145
98219
98309
98376
98418
98441
98521
98581
98587
98611
98636
98673
98759
98809
99118
99153
99166
99289
99368
99433
99530
99537
99540
99658
99706
99726
99829
99895
99906
99925
99993
100189
100190
100404
100622
100675
100713
100714
100722
100796
100818
100846
100971
101220
101233
101301
101392
101409
101436
101475
101511
101602
101665
101669
101763
101817
101822
101881
101910
101927
102049
102057
102153
102263
102302
102362
102504
102533
102568
102792
102979
103147
103160
103177
103522
103627
103668
103749
103917
103948
104116
104170
104204
104208
104281
104483
104491
104618
104688
104690
104691
104817
104919
105181
105251
105393
105520
105521
105584
105586
105641
105711
105758
105823
105862
105864
105926
106008
106053
106162
106185
106198
106245
106306
106318
106336
106345
106416
106563
106784
106828
106829
106898
107102
107146
107165
107255
107516
107625
107625
107721
107736
107745
107911
107977
107984
107984
108072
108131
108230
108265
108283
108371
108445
108504
108599
108656
108984
109040
109218
109233
109490
109531
109590
109594
109779
109798
109807
109868
109908
110039
110294
110359
110421
110530
110636
110729
110848
110864
110886
110891
110899
110907
111040
111127
111155
111206
111277
111374
111407
111537
111621
111664
111700
111752
111870
111879
111925
111982
112078
112368
112539
112772
112994
113021
113165
113201
113230
113255
113283
113308
113312
113313
113326
113345
113437
113650
113850
113869
113885
114351
114360
114524
114602
114714
114768
114898
115133
115164
115175
115405
115562
115583
115731
115762
115788
115839
115885
115951
116107
116138
116138
116144
116197
116263
116317
116621
116664
116719
116790
116807
116913
117061
117161
117263
117300
117430
117440
117462
117519
117607
117608
117755
117758
117835
117906
117919
118245
118494
118539
118609
118690
118763
119025
119052
119239
119261
119509
119930
119962
120337
120399
120458
120664
120832
120973
121456
121513
121567
121706
121830
121913
121978
122168
122302
122841
122895
122907
123067
123101
123267
123348
123388
123602
123713
123877
124007
124319
124352
124600
124618
124690
124714
124744
124889
124974
125105
125583
125831
125974
126080
126323
126474
126480
126503
126771
126896
126900
127109
127487
127741
127920
128223
128298
128361
128384
128419
128434
128445
128526
128554
128633
128643
128733
128778
128841
128955
128967
128986
129080
129347
129390
129464
129670
129707
129724
129770
129929
129995
130029
130037
130123
130308
130479
130588
130619
130621
130752
130759
130798
130804
130868
130917
130961
131117
131238
131422
131471
131490
131911
131925
131951
131963
132040
132079
132148
132163
132259
132545
132598
132929
132972
133085
133241
133267
133308
133465
133469
133784
133824
133842
133862
133987
134019
134028
134064
134074
134234
134409
134528
134550
134685
134796
134911
134913
134982
135044
135234
135244
135247
135520
135852
135879
135895
136386
136427
136619
136653
136712
136724
136892
136895
137023
137239
137546
137598
137642
137684
137755
137929
138040
138058
138161
138221
138260
138272
138288
138347
138777
138800
138879
138910
138941
138949
139308
139322
139390
139592
139699
139756
139781
139795
139802
139916
139955
139963
139968
139977
140004
140022
140116
140174
140192
140289
140336
140383
140389
140500
140810
140813
141244
141256
141547
141632
141671
141920
142011
142216
142324
142475
142514
142549
142663
142764
143034
143154
143310
143439
143553
143609
143610
143624
143665
143688
143936
144077
144084
144141
144376
144431
144563
144699
144766
144841
144844
144849
144852
144869
144920
144940
144977
145265
145269
145362
145516
145640
145662
145716
145977
146298
146351
146464
146482
146587
146634
146730
146781
147031
147047
147381
147393
147407
147496
147605
147628
147872
147927
148113
148151
148236
148352
148388
148550
148794
148858
149029
149050
149051
149074
149085
149187
149297
149328
150285
150616
150663
150775
150875
150922
150992
151043
151104
151270
151313
151388
151478
151553
151614
151724
151974
152039
152101
152293
152337
152485
152650
152742
152971
153192
153452
153474
153489
153571
153863
153978
154075
154344
154373
154590
154605
154720
154775
154938
155028
155117
155169
155199
155238
155240
155463
155537
155674
155726
156029
156052
156118
156249
156290
156385
156583
156678
156752
156779
156932
157147
157233
157321
157373
157384
157675
157749
157790
157840
158141
158178
158276
158426
158434
158469
158566
158618
159063
159142
159147
159493
159597
159729
159962
160107
160320
160574
160998
161258
161266
161341
161426
161544
161554
161643
161663
161671
161673
161742
162078
162257
162542
162946
162951
162969
163322
163327
163373
163438
163555
163767
163771
164366
164367
164684
164775
164785
165032
165106
165572
165574
165786
166058
166368
166464
166668
166803
166832
166843
167332
167523
167682
167967
167980
168268
168357
168642
168647
168890
169394
169451
169500
169861
169910
169911
169949
170300
170358
170583
170621
170695
170703
170778
171040
171048
171067
171380
171464
171464
171686
171764
171784
172246
172470
173253
173335
173432
173498
173499
173563
173749
173782
173860
173893
173958
174473
174482
174495
174830
174849
174851
174855
174889
174922
175137
175160
175187
175233
175395
175460
175513
175910
176254
176262
176322
176445
176851
177053
177366
177464
177579
177657
177772
177847
177871
178153
178552
178647
178754
179233
179247
179301
179317
179327
179366
179521
179970
180031
180629
180808
180885
180890
180966
181179
181208
181321
182047
182076
182240
182371
182401
182737
182893
183071
183515
183547
183601
183694
183753
183815
184041
184108
184336
184387
184517
184553
184565
184978
185232
185338
185466
185642
185646
185935
186121
186188
187092
187216
187994
188132
188246
188253
188897
188976
189100
189272
189304
189665
189670
189850
189953
189995
190108
190242
190394
190512
190551
190688
190883
191313
191536
191836
192075
192076
192347
192363
192461
192558
192687
192691
192749
193024
193042
193056
193153
193273
193827
194194
194235
194322
194367
194492
194575
194687
194885
194928
195020
195092
195121
195244
195652
195941
196035
196051
196175
196833
196834
196979
197434
197473
197800
198312
198575
198758
198901
199041
199094
199161
199862
200069
200249
200275
200278
200462
200522
200627
200755
200937
200963
200980
201042
201174
201365
201526
201626
201634
201840
202308
202360
203036
203250
203320
203499
203529
203862
204236
204323
204341
204364
204374
204652
204695
204835
204877
204899
205071
205189
205389
205407
205625
205720
206011
206275
206404
206511
206783
206820
207065
207137
207240
207579
207691
207739
208439
208836
208847
208883
209118
209329
209534
209558
209572
209597
209680
209929
210175
210552
210862
211132
211301
211333
211426
211560
211760
211976
212530
213295
213333
213378
213438
213545
213608
213885
214150
214265
214419
214422
214444
215253
215257
215271
215303
215506
215539
215565
215654
215679
215884
216137
216188
216268
216490
216795
217038
217082
217214
217244
217334
217510
217639
218277
218718
219127
220407
220434
220939
220996
221067
221104
221150
221176
221652
221836
222091
222167
222326
222537
222682
222781
222785
222966
223221
223263
223549
223702
223726
223824
224422
224754
225419
225501
225891
226018
226032
226062
226076
226137
226207
226808
226904
226913
227054
227309
227724
228171
228598
228826
228988
229478
229707
229964
230046
230068
230214
230362
230506
230585
230766
231010
231016
231091
231145
231440
231511
231715
231754
231936
232112
232259
232973
233029
233160
233572
233644
233754
233793
233845
234026
234116
234685
234727
235146
236204
236411
236750
237011
237021
237040
237296
237501
237811
238314
239193
239907
240205
240347
240496
240665
240723
240830
240838
240987
241521
241578
241676
241858
242017
242869
242905
242917
243102
243476
244049
244105
244280
244700
244831
245367
245668
246185
246403
246826
246893
247101
247272
247321
247631
248068
248092
248468
248569
248668
249069
249509
249631
249705
249797
249802
249812
249905
250535
250740
250781
251090
251095
251212
251274
251399
251852
252162
252225
253005
253031
253143
253287
253365
253475
254362
254533
254656
255530
255561
255575
255723
255730
255766
255925
255978
256096
256358
256692
256788
256803
256916
257415
257606
257794
258388
258786
258883
259172
259253
259598
260006
260369
260483
261368
261889
261908
262178
262387
262791
262974
262994
263394
263474
263597
263823
263902
264182
264252
264638
265029
265360
265478
265983
266396
266860
268110
268588
268981
269557
269662
269696
269928
270433
270649
271056
271074
272335
273047
273252
273357
273544
274037
274060
274565
274593
274994
275186
275621
275889
275985
276052
276117
276118
276731
276960
277206
277410
277480
277484
277927
277971
278307
278774
279434
279441
279758
279894
279957
280669
280966
281402
281436
282482
282994
283050
283249
284017
284183
284979
285343
285510
285955
285990
286182
286519
287919
288829
290429
290445
290823
290842
291172
291370
291509
291600
291937
292220
293618
293798
294314
294387
294528
294934
294987
295462
295708
295867
296306
297176
297517
297843
298448
298732
299145
299612
299669
299732
299877
300086
300100
300258
300376
300389
300468
300469
301181
301640
301853
301942
302566
302994
303602
304949
305425
305885
305964
307118
307401
307528
307652
308070
308104
308981
309672
309924
310131
310534
310570
311102
311318
311318
311597
312076
312108
313195
313982
315445
315610
315831
316011
316268
316342
316969
317158
317734
318445
318593
318705
318722
318735
320474
320916
321099
321188
322262
322719
323893
324644
325511
327013
327555
328585
328613
329320
330222
330624
330631
331366
332484
333752
333930
334463
336229
338474
338517
339692
339774
340342
340544
342135
342529
344191
344208
344909
345515
346035
347264
347834
348607
348804
351209
351613
353261
353613
353696
354461
357881
359160
359959
360899
362126
362212
362337
362778
363006
363716
364317
364465
364669
365613
368628
370379
370781
371252
371426
371450
372027
372477
372801
373407
373806
375429
377915
378449
378514
379262
381008
383388
384272
385039
385913
386939
390222
391913
392757
393725
394932
396303
396844
397127
401174
401842
402498
403385
403717
407190
408119
411685
412552
413279
414415
417791
425201
425998
428242
430172
433817
437658
438402
439341
443704
445377
446574
450031
450851
451131
452054
458834
463585
467390
468110
470555
472034
474550
477928
480819
481119
484953
504084
504284
505682
507063
510802
544252
558331
566637
