0
0
127
287
342
356
373
524
539
608
654
682
752
860
860
884
944
948
955
964
979
986
1012
1030
1097
1204
1231
1249
1259
1314
1369
1397
1526
1559
1567
1617
1631
1635
1635
1638
1652
1789
1796
1799
1855
1861
1862
1889
1910
1933
2053
2159
2223
2248
2375
2379
2429
2482
2508
2639
2639
2654
2664
2744
2783
2815
2869
2925
2967
3040
3095
3096
3154
3184
3227
3230
3247
3256
3312
3316
3345
3363
3380
3423
3445
3457
3523
3575
3622
3626
3727
3798
3814
3823
3901
3907
3931
4056
4069
4122
4122
4137
4161
4193
4217
4222
4272
4362
4375
4377
4395
4397
4426
4444
4495
4530
4576
4693
4718
4722
4734
4749
4879
4918
4954
4978
5001
5020
5035
5045
5097
5173
5264
5269
5278
5300
5332
5349
5493
5540
5542
5544
5571
5622
5649
5673
5733
5797
5841
5894
5917
5921
6000
6014
6044
6131
6198
6280
6283
6295
6302
6322
6346
6398
6440
6441
6467
6477
6502
6523
6577
6579
6625
6628
6661
6699
6795
6807
6840
6967
7040
7055
7081
7103
7201
7229
7264
7275
7340
7444
7533
7560
7621
7720
7728
7749
7750
7751
7753
7763
7798
7851
7894
7935
7958
8010
8151
8178
8191
8284
8347
8360
8372
8398
8408
8435
8451
8520
8604
8675
8815
8864
8887
8890
8945
8985
9044
9055
9102
9239
9362
9378
9404
9485
9489
9526
9563
9593
9612
9651
9715
9722
9754
9822
9825
9845
9856
9857
9860
9863
9926
9986
9990
10033
10034
10037
10046
10177
10193
10202
10265
10279
10454
10504
10506
10578
10664
10782
10792
10795
10936
11041
11059
11060
11196
11257
11270
11359
11404
11527
11566
11576
11595
11645
11694
11704
11720
11778
11869
11921
12074
12098
12122
12126
12218
12233
12287
12418
12443
12455
12490
12572
12611
12631
12667
12686
12787
12909
12921
12949
12962
12969
13036
13086
13088
13258
13359
13369
13388
13397
13450
13540
13562
13566
13670
13722
13774
13787
13820
13886
13902
13928
13934
13949
13954
13969
13970
13991
14015
14075
14237
14241
14249
14256
14288
14334
14421
14462
14478
14492
14647
14651
14654
14665
14701
14727
14732
14734
14772
14826
14892
14947
14964
15014
15020
15163
15235
15350
15386
15395
15420
15467
15505
15516
15545
15555
15562
15580
15683
15689
15778
15788
15839
15865
15873
15922
16077
16227
16242
16280
16284
16328
16361
16514
16583
16611
16676
16677
16720
16886
16966
17031
17186
17227
17248
17292
17293
17305
17319
17388
17549
17558
17739
17839
17913
17925
17958
17981
17994
18000
18033
18038
18068
18072
18131
18143
18261
18326
18387
18484
18496
18531
18579
18596
18628
18719
18725
18840
19052
19062
19081
19129
19133
19144
19204
19213
19221
19244
19428
19564
19609
19630
19773
19789
19851
19936
20007
20014
20040
20066
20105
20108
20126
20156
20210
20212
20362
20375
20520
20538
20631
20701
20754
20884
20899
20899
20900
20910
21003
21005
21087
21102
21181
21234
21259
21277
21393
21441
21469
21506
21602
21614
21625
21688
21702
21740
21765
21820
21851
21891
22007
22032
22036
22066
22099
22162
22272
22275
22280
22289
22295
22346
22347
22395
22457
22481
22585
22602
22645
22646
22651
22736
22756
22762
22820
22840
22843
22878
22894
22924
23043
23059
23072
23087
23124
23126
23138
23152
23179
23276
23296
23352
23366
23368
23484
23490
23509
23520
23520
23562
23607
23617
23659
23683
23689
23697
23706
23715
23719
23765
23922
23925
24057
24138
24139
24268
24311
24341
24395
24418
24434
24453
24521
24603
24688
24691
24719
24737
24838
24930
24979
25005
25168
25203
25233
25247
25251
25303
25325
25412
25470
25475
25477
25502
25549
25577
25591
25601
25770
25861
25921
25926
26062
26111
26194
26409
26519
26543
26613
26613
26622
26629
26673
26736
26745
26772
26781
26790
26802
26827
26866
26871
26877
26886
26925
26993
27035
27038
27159
27194
27263
27331
27359
27367
27423
27474
27477
27516
27532
27558
27599
27610
27652
27659
27664
27707
27758
27906
27918
27932
27955
27962
27984
28002
28090
28137
28138
28143
28187
28190
28204
28214
28271
28272
28288
28315
28337
28382
28485
28543
28614
28658
28740
28740
28791
28830
28832
28845
28884
28952
29000
29068
29128
29164
29252
29301
29319
29348
29487
29577
29622
29742
29762
29766
29782
29824
29839
29934
29957
30118
30152
30155
30203
30216
30262
30381
30461
30477
30517
30553
30570
30686
30717
30731
30753
30866
30965
31111
31131
31153
31154
31165
31219
31221
31239
31248
31256
31261
31441
31498
31499
31571
31597
31677
31730
31900
31951
32207
32228
32266
32304
32327
32374
32388
32398
32413
32427
32504
32643
32675
32716
32719
32754
32821
32853
32868
32882
32892
32901
33024
33024
33044
33105
33134
33153
33340
33350
33362
33424
33457
33552
33641
33746
33807
33810
33842
33918
33966
34013
34051
34082
34202
34235
34235
34303
34349
34365
34389
34390
34391
34488
34533
34554
34563
34603
34614
34631
34661
34699
34717
34743
34827
34928
35145
35159
35159
35238
35256
35347
35354
35466
35518
35531
35572
35574
35593
35724
35731
35882
35931
35934
35948
36015
36022
36091
36100
36189
36252
36276
36280
36340
36344
36413
36427
36543
36764
36820
36835
36838
36857
36908
36926
37074
37134
37170
37191
37226
37235
37240
37303
37309
37335
37367
37456
37627
37648
37708
37892
37952
38001
38010
38070
38120
38149
38183
38187
38201
38399
38405
38418
38500
38576
38595
38653
38671
38701
38719
38729
38759
38783
38830
38854
38907
38965
39047
39149
39189
39229
39251
39281
39332
39352
39377
39386
39428
39550
39639
39692
39713
39741
39784
39814
39841
39865
39884
39890
39922
40062
40082
40217
40230
40392
40399
40442
40532
40535
40555
40566
40583
40602
40613
40752
40780
40816
40826
40837
40877
40923
40932
40939
40956
41019
41074
41107
41140
41143
41212
41276
41314
41340
41396
41423
41423
41438
41502
41526
41529
41530
41567
41569
41576
41673
41695
41781
41875
41903
41936
41989
41994
42009
42142
42190
42252
42279
42391
42398
42446
42455
42487
42513
42586
42605
42650
42688
42731
42737
42768
42809
42865
42885
42976
43028
43038
43154
43158
43160
43202
43216
43308
43425
43470
43588
43639
43726
43744
43755
43766
43783
43812
43949
43978
43983
43989
43995
44013
44035
44049
44067
44069
44116
44161
44230
44237
44327
44400
44432
44483
44484
44542
44553
44563
44569
44596
44655
44669
44705
44765
44772
44849
44914
44984
45007
45039
45138
45151
45152
45198
45204
45227
45235
45262
45342
45361
45436
45459
45497
45559
45593
45643
45671
45681
45735
45739
45749
45794
45815
45831
46000
46009
46032
46072
46117
46205
46225
46254
46390
46413
46437
46449
46625
46643
46687
46759
46793
46814
46820
46893
46938
46944
47012
47018
47024
47038
47194
47265
47476
47553
47563
47664
47691
47708
47749
47796
47799
47912
47984
48003
48039
48109
48128
48191
48203
48220
48260
48281
48299
48345
48358
48359
48379
48398
48434
48444
48573
48606
48610
48647
48654
48729
48731
48749
48914
48962
49014
49026
49089
49173
49220
49270
49283
49302
49366
49368
49441
49511
49544
49584
49620
49671
49748
49797
49839
49895
49910
49942
49985
50036
50149
50155
50196
50202
50220
50300
50333
50336
50373
50395
50401
50459
50465
50468
50516
50519
50535
50568
50679
50697
50750
50773
50802
50815
50872
50890
50947
50957
50977
50999
51104
51113
51235
51327
51346
51350
51382
51471
51523
51556
51598
51655
51716
51733
51745
51838
51869
51888
51916
51933
51999
52008
52061
52088
52157
52184
52253
52386
52392
52400
52448
52461
52488
52502
52667
52727
52898
52969
52977
53075
53099
53127
53216
53347
53391
53424
53425
53449
53457
53571
53634
53662
53666
53726
53828
53839
53944
53963
54016
54072
54158
54190
54192
54340
54352
54361
54366
54367
54408
54463
54530
54623
54628
54665
54728
54831
54887
54961
54988
55110
55253
55269
55299
55363
55483
55573
55589
55603
55683
55684
55963
55975
55984
56117
56273
56282
56336
56338
56340
56467
56475
56572
56590
56592
56673
56674
56704
56750
56770
57174
57233
57243
57253
57265
57378
57496
57502
57604
57666
57780
57833
57841
57931
58012
58037
58112
58117
58155
58176
58193
58203
58409
58411
58445
58449
58450
58486
58533
58544
58574
58577
58581
58770
58794
58807
58825
58832
58838
58869
58929
58935
59002
59051
59210
59247
59325
59396
59403
59468
59474
59588
59688
59769
59920
59920
59954
60022
60116
60185
60192
60236
60352
60386
60407
60457
60512
60598
60599
60648
60718
60816
60903
60944
60972
61033
61049
61109
61123
61168
61171
61171
61186
61193
61342
61430
61475
61583
61626
61636
61740
61765
61841
61845
61942
62067
62239
62257
62263
62335
62412
62453
62604
62619
62647
62671
62681
62697
62719
62750
62914
62998
63215
63235
63472
63497
63521
63541
63624
63691
63784
63784
63813
63839
63846
63863
63876
63969
63973
64008
64051
64086
64088
64107
64126
64137
64145
64252
64283
64284
64410
64423
64432
64437
64503
64521
64625
64671
64705
64706
64737
64740
64797
64806
64822
64841
64851
64865
64879
64902
64922
65046
65065
65092
65101
65120
65124
65157
65166
65168
65184
65303
65315
65317
65368
65387
65400
65444
65445
65498
65541
65580
65753
65807
65828
65871
66068
66068
66088
66200
66385
66492
66542
66568
66658
66740
66834
66857
66864
66869
66988
67025
67075
67080
67138
67173
67287
67303
67346
67370
67422
67465
67474
67505
67514
67534
67554
67554
67752
67768
67796
67937
68025
68104
68176
68224
68275
68323
68371
68373
68451
68542
68547
68552
68563
68576
68768
68872
69006
69103
69133
69182
69390
69471
69485
69519
69653
69671
69702
69703
69707
69714
69754
70167
70334
70392
70627
70754
70759
70831
70848
70858
70874
70877
70883
70894
70918
70996
71014
71040
71071
71205
71286
71331
71333
71469
71470
71478
71504
71545
71547
71794
71943
72019
72034
72049
72049
72058
72126
72142
72156
72186
72216
72253
72281
72311
72312
72315
72365
72399
72444
72447
72481
72496
72599
72624
72630
72728
72743
72758
72857
72911
72949
72972
72974
73018
73075
73097
73184
73243
73246
73306
73381
73411
73478
73522
73545
73580
73603
73641
73646
73677
73748
73749
73753
73771
73807
73808
74121
74134
74178
74213
74235
74270
74291
74358
74448
74588
74648
74686
74706
74805
74895
74908
74931
74935
75123
75356
75446
75591
75626
75699
75762
75826
75848
75914
75929
76041
76080
76185
76190
76194
76283
76307
76513
76640
76664
76684
76685
76734
76767
76792
76888
76892
76900
76946
76953
76958
77015
77017
77061
77219
77238
77314
77426
77445
77498
77558
77567
77593
77847
77896
77923
77967
78004
78022
78097
78114
78115
78157
78165
78224
78277
78279
78295
78345
78459
78548
78563
78673
78727
78804
78846
78864
78915
79055
79124
79139
79157
79170
79186
79347
79439
79505
79516
79617
79709
79766
79877
79878
80037
80057
80101
80103
80131
80141
80146
80178
80213
80253
80289
80290
80302
80330
80383
80405
80490
80515
80615
80718
80737
80844
80890
80966
80968
80972
81032
81052
81054
81091
81181
81235
81238
81243
81269
81302
81367
81392
81498
81528
81541
81585
81593
81602
81614
81645
81686
81802
81850
81855
81891
81979
81993
82047
82232
82232
82269
82276
82312
82364
82374
82475
82588
82707
82763
82899
82907
82922
82996
83032
83115
83120
83239
83259
83293
83293
83297
83403
83452
83615
83687
83856
83975
83979
84026
84081
84089
84168
84336
84388
84412
84458
84484
84524
84548
84715
84822
84871
84914
84953
85028
85061
85089
85094
85118
85140
85140
85193
85289
85341
85435
85549
85571
85593
85771
85838
85853
85889
85927
85986
85989
86106
86130
86224
86246
86258
86307
86315
86326
86528
86546
86558
86572
86575
86606
86735
86978
86983
87054
87058
87113
87209
87333
87385
87448
87523
87754
87777
87788
87837
87845
87872
88155
88166
88259
88323
88331
88363
88392
88494
88535
88621
88765
88769
88780
88986
89021
89141
89158
89224
89290
89312
89391
89392
89567
89579
89623
89810
89866
90045
90098
90109
90123
90131
90236
90468
90491
90497
90503
90684
90738
90744
90756
90759
90792
90819
90825
91122
91162
91177
91288
91453
91555
91604
91825
91889
92049
92090
92135
92135
92194
92438
92618
92851
92856
92868
92913
92929
93005
93033
93142
93202
93271
93278
93280
93287
93348
93421
93433
93488
93595
93666
93688
93745
93751
93836
93839
93853
93859
93865
93875
93875
94105
94313
94401
94414
94469
94501
94674
94678
94681
94703
94805
94905
94928
94943
94999
95055
95236
95334
95375
95562
95800
95813
95831
95962
95969
95990
95997
96049
96089
96136
96206
96224
96345
96381
96441
96569
96619
96628
96659
96712
96756
96768
96793
96800
96813
96903
96916
96945
96959
97017
97086
97123
97139
97244
97330
97492
97568
97613
97630
97646
97699
97731
97814
97850
98046
98083
98212
98215
98404
98446
98485
98487
98576
98644
98661
98662
98677
98687
98743
98802
98835
98866
98897
98917
98933
98934
98942
98942
99010
99156
99315
99460
99518
99568
99654
99666
99685
99700
99735
99764
99846
99912
100058
100082
100126
100320
100351
100432
100481
100707
100720
100758
100766
100873
100893
101005
101248
101255
101275
101280
101336
101382
101382
101481
101506
101515
101623
101637
101787
101799
101814
101865
101902
101923
101982
101984
102019
102058
102070
102087
102123
102124
102177
102178
102227
102259
102291
102320
102330
102632
102640
102662
102736
102789
102793
103022
103202
103204
103273
103316
103430
103483
103498
103503
103612
103645
103743
103774
103801
103842
103896
103948
104080
104096
104142
104196
104211
104233
104251
104292
104444
104695
104758
104761
104812
104827
104875
104930
104966
105110
105134
105149
105159
105163
105165
105230
105279
105309
105311
105474
105506
105577
105677
105687
105738
105873
105876
105891
105899
105965
105993
106095
106142
106237
106297
106307
106363
106365
106535
106667
106769
106792
106838
106895
106908
106945
107057
107172
107226
107304
107419
107520
107523
107653
107669
107758
107813
107860
107926
107951
108062
108092
108215
108243
108304
108456
108882
108884
109034
109140
109172
109188
109212
109269
109269
109461
109502
109583
109624
109628
109714
109732
109761
109769
109782
109871
109891
109972
110093
110220
110264
110307
110375
110385
110403
110512
110528
110529
110539
110671
110713
110901
110928
110990
111101
111153
111163
111249
111303
111442
111546
111569
111700
111710
111830
111832
111916
111950
112172
112211
112265
112280
112372
112689
112835
112840
112894
112912
112928
113137
113152
113216
113385
113406
113436
113522
113545
113628
113750
114031
114050
114080
114117
114154
114222
114345
114377
114450
114475
114488
114565
114630
114658
114690
114806
114895
114896
114996
115011
115012
115297
115321
115339
115375
115378
115512
115565
115795
115850
115916
116022
116350
116405
116442
116517
116550
116657
116857
116964
117143
117195
117251
117359
117425
117435
117465
117472
117555
117644
117675
117776
117791
117849
117864
117896
117964
118148
118158
118229
118304
118386
118418
118540
118596
118624
118742
118813
118835
118857
118913
118976
119067
119099
119271
119282
119307
119367
119459
119475
119503
119553
119578
119612
119725
119762
119798
119855
119985
120169
120180
120216
120217
120373
120469
120470
120480
120525
120624
120665
120785
120788
120802
120828
120836
120872
120942
121018
121072
121082
121176
121235
121279
121286
121328
121333
121385
121746
121746
121769
121838
121883
121927
121953
121977
122030
122075
122079
122140
122186
122228
122262
122301
122467
122473
122487
122508
122530
122559
122584
122727
122892
122979
122985
123006
123051
123144
123158
123165
123171
123292
123383
123384
123408
123456
123558
123601
123651
123902
123933
123971
123993
124010
124017
124082
124107
124111
124135
124138
124176
124192
124286
124303
124349
124352
124457
124543
124551
124672
124716
124764
124851
124956
125019
125393
125570
125645
125680
125736
125870
125914
125961
126033
126087
126090
126225
126279
126319
126329
126391
126478
126501
126507
126546
126551
126616
126647
126750
126902
126910
126959
126999
127005
127105
127160
127165
127219
127352
127426
127496
127659
127716
127723
127802
127833
128027
128090
128098
128131
128183
128234
128236
128244
128260
128268
128288
128324
128345
128351
128418
128474
128476
128496
128610
128642
128726
128778
128780
128815
128849
128980
129044
129113
129119
129184
129192
129320
129360
129406
129436
129600
129628
129721
129767
129818
129890
129996
130035
130082
130111
130268
130370
130535
130553
130802
130828
130905
130914
131019
131029
131035
131058
131091
131301
131392
131416
131539
131560
131725
131846
131897
132121
132151
132160
132165
132303
132343
132350
132419
132494
132608
132613
132705
132712
132874
132901
132907
133063
133183
133238
133300
133345
133374
133458
133471
133552
133612
133632
133866
133920
134261
134348
134486
134621
134664
134697
134713
134894
134897
134904
134914
134944
134982
135016
135061
135231
135291
135397
135404
135406
135433
135457
135494
135580
135667
135689
135737
135745
135835
135931
135993
136026
136105
136227
136303
136410
136448
136545
136624
136668
136693
136784
136804
136921
137008
137063
137143
137221
137229
137269
137337
137442
137470
137491
137519
137562
137591
137618
137648
137678
137709
137755
137769
137770
137807
137849
137853
137966
138103
138154
138190
138198
138248
138520
138552
138641
138666
138743
138988
139120
139179
139334
139396
139397
139564
139700
139772
139773
139810
139875
139899
139910
140021
140206
140216
140375
140380
140429
140436
140446
140539
140540
140573
140654
140788
140887
140914
140987
141026
141067
141108
141146
141193
141276
141302
141324
141379
141490
141533
141610
141627
141641
141643
141666
141768
141809
141835
142065
142194
142210
142229
142248
142309
142325
142355
142356
142441
142599
142626
142667
142704
142828
143410
143597
143610
143683
143702
143778
143839
143866
143879
143964
144051
144086
144113
144170
144315
144370
144516
144650
144684
144820
144890
144938
144973
145012
145251
145306
145337
145394
145483
145489
145524
145684
145712
145805
146186
146238
146264
146392
146465
146735
146936
146943
146973
147004
147066
147205
147337
147426
147439
147476
147707
147844
147866
147901
147988
148241
148353
148394
148401
148426
148697
148979
149044
149156
149300
149304
149328
149336
149389
149427
149528
149661
149700
149809
149831
149866
149877
149927
149955
149991
150039
150105
150238
150276
150341
150498
150525
150532
150691
150747
150755
150853
150854
151168
151189
151277
151304
151422
151459
151497
151502
151596
151636
151641
151651
151793
151830
151830
151923
151959
151961
151976
151985
152079
152113
152118
152273
152310
152310
152693
152790
153063
153252
153373
153420
153570
153609
153911
153950
153975
153997
154029
154079
154090
154102
154121
154244
154560
154709
154773
154924
155081
155210
155308
155388
155419
155570
155701
155941
155971
155998
156039
156071
156130
156142
156161
156201
156232
156646
156723
156758
156787
156797
156903
157016
157056
157130
157224
157261
157345
157415
157422
157469
157481
157590
157722
158086
158107
158152
158158
158159
158666
158933
158957
159028
159039
159102
159166
159417
159529
159574
159583
159610
159679
159732
160083
160221
160303
160306
160352
160357
160363
160669
160823
160879
161035
161441
161622
161681
161715
161775
161849
161905
162047
162068
162180
162254
162426
162491
162526
162617
162690
162723
162754
162785
162821
162875
162932
163316
163645
163681
163693
163719
164070
164210
164230
164349
164379
164482
164559
164600
164619
164619
164744
164759
164878
165121
165219
165552
165671
165721
165962
165964
166121
166372
166510
166700
166855
166900
167008
167180
167372
167430
167600
167895
167932
168047
168090
168234
168305
168376
168411
168450
168547
168670
168755
168816
168820
168880
168916
169054
169080
169132
169172
169188
169192
169674
169734
169824
169869
169913
169991
170417
170440
170493
170574
170672
170674
170700
170705
170755
170886
170917
170951
171221
171386
171418
171419
171529
171540
171552
171568
171739
171798
171824
171941
171958
172052
172200
172206
172212
172213
172284
172341
172366
172375
172407
172454
172458
172568
172617
172667
173068
173112
173292
173300
173345
173460
173689
173703
173793
173808
174110
174118
174262
174378
174384
174582
174639
174650
174710
174772
174870
175033
175108
175349
175407
175456
175675
175695
175868
175899
176106
176296
176366
176397
176426
176486
176549
176747
176931
176984
177153
177355
177422
177534
177623
177685
177716
177977
178366
178461
178653
179000
179035
179094
179188
179190
179256
179316
179800
179867
179944
180033
180191
180212
180260
180283
180410
180480
180586
180654
180661
180725
181162
181238
181259
181282
181286
181299
181371
181489
181576
181630
181640
181714
181766
181864
182004
182068
182439
182586
182608
182730
182754
182840
183051
183169
183220
183256
183332
183358
183513
183555
183556
183657
183696
183704
183868
183990
184067
184075
184215
184239
184340
184345
184456
184499
184578
184679
184803
184823
185003
185011
185028
185100
185350
185369
185485
185490
185540
185540
185810
185949
186097
186131
186163
186256
186423
186770
186787
186806
186874
187031
187175
187345
187514
187624
187631
187639
188374
188419
188422
188441
188537
188568
188582
188940
189044
189566
189574
189769
189813
189981
190005
190030
190064
190177
190214
190239
190262
190308
190424
190442
190465
190539
190575
190741
190755
190790
190851
191110
191273
191354
191392
191522
191526
191637
191910
191966
192475
192596
192597
192719
192744
192789
192815
192875
192974
193067
193312
193467
193585
193606
193609
193685
193689
193695
193697
193965
193965
194037
194135
194159
194199
194338
194401
194416
194562
194666
194762
194785
194839
194859
195125
195211
195309
195440
195441
195613
195659
195770
195963
196011
196181
196294
196328
196410
196504
196611
196652
196940
196947
197078
197305
197386
197457
197565
197645
197924
197934
198083
198234
198241
198284
198348
198715
198777
199121
199248
199306
199462
199724
199807
199881
199925
199942
199957
199983
200114
200286
200478
200534
200541
200614
200639
200672
200676
200681
200681
200781
200856
200928
201272
201325
201327
201532
201544
201710
201840
201960
202004
202056
202201
202208
202315
202455
202469
202494
202842
202975
203236
203349
203373
203531
203955
204143
204195
204236
204353
204691
204759
204983
205058
205102
205274
205382
205622
205699
205946
205950
205952
206246
206399
206402
207403
207522
207577
207612
207787
207967
208043
208120
208233
208287
208351
208614
208670
208830
209347
209364
209680
209839
209856
209868
210066
210112
210146
210211
210271
210381
210496
210588
210593
210737
210826
211198
211199
211234
211273
211360
211451
211595
211840
211885
211886
212114
212275
212490
212491
212572
212778
212887
212903
212970
213047
213146
213266
213399
213578
213673
213721
213749
213853
213928
213961
213974
214115
214330
214330
214414
214631
214667
215044
215060
215312
215374
215513
215610
215675
215876
216001
216054
216247
216499
216725
216848
217044
217080
217179
217360
217435
217518
217595
217732
217847
217886
218034
218694
218979
219241
219256
219368
219433
219731
219851
219958
219978
220012
220089
220122
220327
220404
220563
220606
220667
220721
220843
220864
220972
221230
221269
221281
221299
221360
221530
221556
221669
221970
222121
222503
222755
222813
222855
223116
223117
223295
223583
223657
223898
224055
224132
224291
224383
224397
224497
224603
224704
224724
224911
225098
225198
225213
225381
225500
225594
225870
226069
226157
226479
226530
226745
226784
226788
226863
226984
227345
227393
227783
227814
227940
228015
228155
228494
228511
228701
228767
228888
229239
229451
229659
229676
229915
230043
230067
230124
230296
230333
230334
230436
230448
230900
230930
230954
231041
231083
231171
231182
231317
231322
231596
231650
232091
232153
232481
232574
232694
232984
233032
233063
233141
233466
233550
233835
234060
234090
234194
234310
234612
234730
235503
235797
235804
235947
235949
235950
236026
236081
236234
236502
236513
236781
236806
237003
237198
237203
237328
237451
237733
237826
237832
238000
238686
238689
238877
239521
239637
239757
239819
239999
240459
241538
241744
241883
242102
242214
242247
242249
242286
242687
242718
242731
242764
243299
243414
243577
243918
243944
243951
244094
244137
244139
244651
244843
244961
245040
245250
245327
245330
245356
245365
245567
245671
246073
246074
246087
246173
246744
247119
247646
248023
248169
248460
248604
248659
248930
249434
249553
249669
249769
249820
249930
250086
250274
250708
250715
250754
250863
250893
250921
251000
251002
251450
252045
252108
252211
252507
253060
253095
253097
253629
253880
253935
254495
254742
255263
255614
255803
256222
256406
256482
256685
257189
257295
257489
257576
257630
257688
258619
258705
258731
258782
258961
259017
259124
259248
259565
259830
259863
259934
260040
260314
260407
260498
260755
260805
261125
261187
261524
261943
261976
262083
262083
262310
262488
262490
262598
262762
262771
263161
263364
263724
263857
263957
264055
264286
264544
264773
265011
265316
265389
265501
265564
265730
266090
266624
266943
267401
267499
267508
267717
267723
267877
267949
268260
268414
268489
269021
269191
269484
269629
269695
270571
270591
270867
270931
271008
271134
271498
272136
272141
272248
273099
273362
273632
273778
273836
274505
274543
275242
275341
275636
276012
276253
276447
276962
276977
277151
277334
277741
277811
277904
277955
278187
278279
278388
278981
278989
279254
280071
280246
280351
280540
280674
281060
281116
281242
281647
281912
282078
282115
282278
282310
283163
283507
283625
283771
284087
284236
285176
285204
285258
286065
286409
286494
286626
286647
286873
286966
287351
287373
287423
287555
287704
287888
287956
288054
288776
288812
288898
288935
289083
289130
289698
289990
290463
290862
290936
291257
291556
291671
291848
291902
292207
292472
292726
293062
293098
293344
293510
293784
293851
294343
294497
294715
294818
294842
294855
294873
294905
294978
295050
296329
296490
296884
296919
297011
297268
297271
297312
297638
297775
297919
298384
298658
298700
298736
299432
299938
299963
300200
300491
300598
300748
301146
301158
301307
301325
301352
301981
302009
302160
302953
303022
303528
303663
303760
305290
305292
305345
305947
305971
306064
306123
306384
306522
306552
307101
307982
308684
308857
309686
309808
310217
310365
310585
311067
311716
311935
312118
312854
313318
313501
313903
313992
314303
314401
314425
314711
315448
315526
315716
315756
315898
316323
316927
317336
317380
317486
317755
318407
318539
318658
318682
319492
319895
320116
320847
321038
322047
322721
323942
324236
324325
324870
325948
326164
327056
327216
327632
327674
328056
329494
329630
329800
330165
330219
330458
330557
331009
331340
331858
332337
332587
333247
333517
334838
335038
335173
335429
335444
335887
336449
337211
337784
338717
338912
339409
339982
340547
340565
340691
340904
341572
341575
342131
342792
342888
343801
345357
345829
346728
347447
348208
348331
348385
350295
350445
351700
351939
352738
353424
354036
354117
354221
354376
354776
355085
355638
356605
357007
358815
358951
359747
359813
362425
362643
362853
364460
364659
365407
366658
367678
367850
368644
368865
368923
369289
369333
369350
370454
371165
371878
372606
373065
373401
374926
375331
375430
378369
378594
380014
380088
381837
382213
383889
384416
386381
387169
387331
388949
388962
389454
390478
391288
391613
391935
392709
392780
393401
393554
394912
395133
396106
396866
399297
399299
399324
400786
400842
401212
401916
402238
402679
404372
406452
408358
408652
408878
409421
411191
411443
411541
411724
411910
413890
414601
414622
415718
416349
416799
416841
416850
418084
423406
423748
423910
424075
424668
426289
426662
427560
427734
429179
430178
430326
431461
431570
432006
434313
442116
442200
444799
445190
446303
447504
448438
451230
451535
453590
455897
463865
470849
471293
476062
479730
482102
483051
486371
502778
513179
517549
519109
520405
523486
524077
530398
531441
567467
569311
604163
