0
0
524
619
648
656
708
804
938
1038
1063
1129
1146
1251
1310
1337
1357
1565
1587
1682
1783
1823
1831
1946
1954
1993
2007
2238
2322
2327
2348
2360
2372
2432
2595
2670
2672
2695
2837
2931
2950
2952
3014
3027
3028
3115
3271
3363
3371
3565
3577
3813
3824
3888
3940
3945
3949
3994
4026
4136
4197
4415
4439
4700
4864
4900
4969
5312
5319
5347
5521
5534
5623
5711
5782
5842
5847
5906
5991
6114
6175
6772
6838
6911
6928
7089
7164
7269
7340
7437
7839
7849
7883
7996
8112
8153
8443
8488
8569
8586
8674
8697
8714
8730
8802
8870
9194
9260
9435
9523
9632
9650
9748
9790
10017
10201
10209
10285
10289
10403
10490
10553
10555
10663
10745
10776
10941
10946
11098
11234
11243
11314
11357
11386
11507
11530
11562
11664
11702
11763
11864
11930
11936
12104
12143
12242
12258
12379
12383
12475
12515
12726
12745
12780
12855
12875
12983
12991
13089
13155
13166
13238
13255
13292
13554
13606
13768
13862
13867
14009
14037
14107
14200
14221
14231
14393
14579
14631
14644
14654
15036
15094
15129
15135
15310
15400
15430
15524
15547
15599
15634
15694
15764
15823
15852
15855
15880
16248
16253
16287
16308
16358
16617
16709
16916
16977
17061
17144
17258
17259
17321
17564
17570
17575
17602
17940
17972
18108
18162
18166
18252
18381
18387
18648
18665
18727
18747
18993
19070
19085
19094
19292
19327
19511
19525
19610
19637
19672
19707
19810
19952
19997
19997
20048
20057
20120
20247
20357
20407
20491
20511
20662
20696
20773
20909
20977
21069
21076
21158
21290
21439
21478
21583
21720
21773
21861
21879
21957
22004
22047
22099
22250
22294
22379
22490
22527
22603
22946
22964
23155
23201
23348
23430
23431
23449
23578
23654
23664
23800
23859
23868
23903
23991
24026
24111
24140
24346
24361
24419
24450
24519
24618
24642
24671
24838
24858
24935
25023
25114
25156
25280
25344
25411
25446
25568
25576
25704
25791
25802
25893
25897
25953
25970
26105
26377
26415
26526
26539
26571
26610
26625
26685
26800
26956
27188
27617
27859
27904
28023
28031
28224
28327
28405
28443
28471
28848
28927
28947
29008
29035
29085
29179
29236
29667
29683
29966
29979
30013
30186
30432
30778
30806
30811
30834
30855
31043
31086
31124
31275
31342
31377
31384
31392
31751
31780
31917
31949
32099
32110
32112
32130
32162
32313
32571
32583
32638
32671
32698
32703
32723
32859
32939
32979
32995
33003
33009
33155
33307
33324
33329
33511
33526
33639
33934
34037
34053
34136
34208
34245
34279
34285
34390
34438
34553
34707
34733
34762
34789
34862
35037
35249
35325
35458
35566
35579
35588
35657
35660
35671
35716
35799
35834
35997
36013
36028
36206
36317
36325
36445
36544
36585
36900
36918
37139
37211
37287
37429
37614
37714
37843
37852
37865
37875
37976
38041
38145
38432
38478
38890
38967
38997
39014
39139
39159
39172
39179
39267
39320
39437
39464
39621
39641
39750
39845
39991
40223
40280
40428
40438
40518
40687
40699
40718
40986
41001
41031
41072
41147
41192
41203
41430
41442
41453
41489
41497
41497
41544
41572
41722
41836
41869
41995
42152
42183
42308
42327
42467
42472
42536
42712
42959
43028
43059
43318
43320
43347
43380
43418
43442
43516
43651
43751
43789
43892
44032
44071
44140
44186
44310
44405
44417
44439
44572
44669
44675
44789
44891
44946
45103
45122
45149
45247
45281
45361
45385
45556
45603
45627
45849
45864
45914
45945
46010
46181
46218
46318
46325
46379
46516
46527
46839
46926
47317
47321
47384
47502
47522
47659
47778
47805
47817
47963
47975
48005
48039
48369
48489
48502
48648
48702
48825
49054
49058
49080
49322
49405
49718
49851
49895
50101
50150
50186
50198
50503
50575
50691
50781
50801
51046
51169
51489
51769
51840
51877
51918
51949
51974
52060
52210
52310
52399
52471
52511
52720
52907
52996
53042
53082
53112
53396
53443
53479
53598
53641
53786
53867
53911
54036
54263
54269
54323
54356
54423
54481
54487
54513
54650
54719
54758
54879
54984
55049
55245
55384
55423
55468
55608
55770
56186
56358
56377
56440
56488
57032
57058
57137
57186
57233
57512
57526
57540
57547
57641
57766
57821
57880
58024
58057
58106
58109
58334
58536
58542
58721
59146
59205
59262
59372
59413
59456
59477
59510
59646
59663
59678
59959
59960
60317
60865
60903
60919
61052
61143
61157
61207
61223
61277
61483
61508
61554
61625
61741
61975
62069
62396
62396
62474
62570
62805
62855
63092
63100
63541
63581
63725
63790
63828
63945
64110
64192
64509
64525
64600
64608
64655
64658
64723
64743
64852
65066
65091
65104
65116
65180
65206
65259
65335
65377
65525
65675
65737
65791
65836
65939
66027
66093
66177
66234
66238
66256
66496
66511
66672
66676
67082
67087
67089
67101
67106
67132
67210
67283
67348
67457
67475
67552
67562
67578
67748
67749
67761
67780
68288
68362
68463
68476
68591
68677
68688
68696
68886
68952
69421
69446
69456
69508
69890
70043
70062
70189
70198
70331
70532
70550
70576
70685
70803
70891
71063
71159
71273
71648
71700
71746
71752
71766
71877
71947
72017
72098
72205
72294
72299
72333
72359
72378
72398
72424
72585
72619
72699
72778
73089
73099
73227
73314
73410
73423
73460
73484
73494
73509
73677
73732
73775
73790
73816
73914
73919
74017
74020
74095
74194
74302
74424
74436
74554
74726
74786
74999
75019
75079
75107
75157
75208
75234
75282
75424
75501
75716
76064
76205
76500
77067
77093
77179
77193
77420
77464
77472
77663
77710
77732
77820
77876
77888
77981
78055
78119
78260
78265
78382
78604
78682
78827
78925
79148
79191
79260
79376
79490
79762
79850
80152
80265
80434
80480
80521
80574
80698
80906
81032
81227
81361
81468
81552
81639
81641
81710
81786
81821
81987
81990
82069
82204
82417
82511
82970
83027
83080
83265
83378
83412
83525
83534
83558
84247
84275
84289
84323
84344
84655
84825
84866
84929
85027
85073
85104
85598
85604
85655
85757
85847
85847
86115
86141
86165
86242
86314
86331
86333
86348
86353
86454
86495
86661
86941
87115
87132
87167
87306
87455
87524
87590
87624
87642
87721
87916
88043
88470
88511
88547
88590
88734
89254
90002
90232
90402
90601
90638
90655
90667
90913
90917
90988
91117
91129
91152
91316
91337
91344
91383
91385
91565
91694
91791
91836
91945
92283
92321
92349
92520
92537
92725
92734
92798
92889
92991
92995
93095
93368
93373
93473
93612
93664
93823
93841
93855
94595
94631
94647
94745
94860
94925
95075
95099
95109
95125
95133
95246
95252
95307
95449
95487
95530
95565
95581
95593
95726
95759
95884
96053
96209
96330
96363
96374
96412
96504
96754
96882
96905
96937
96966
97120
97248
97366
97518
97561
97567
97596
97731
97885
97901
98006
98377
98495
98504
98510
98516
98546
99045
99155
99176
99271
99343
99384
99481
99507
99619
99751
100027
100122
100378
100404
100442
100493
100731
100993
101019
101169
101317
101327
101549
101615
101662
101772
101960
101997
102069
102456
102573
102653
102670
102770
103082
103130
103130
103256
103328
103631
103861
103888
103914
103927
103948
104041
104356
104489
104729
104790
104816
104838
105022
105034
105044
105157
105287
105329
105344
105532
105560
105913
106147
106198
106261
106347
106349
106364
106497
106639
106694
106743
106763
107058
107254
107415
107489
107546
107584
107687
107724
107920
107939
108124
108221
108375
108430
108651
108842
108916
108991
109008
109255
109383
109547
109725
109838
110235
110242
110295
110493
110791
110956
110988
111157
111241
111267
111548
111652
111653
111743
111764
111810
111900
111910
112137
112315
112494
112677
113217
113319
113624
113711
113749
113824
113863
113924
113930
113943
114066
114401
114404
114445
114463
114550
114551
114821
114847
114897
114943
115108
115732
116331
116338
116395
116575
116914
116986
117109
117204
117847
117896
117923
117975
118094
118119
118220
118343
118577
118749
118753
118849
119395
119695
119839
119979
120213
120250
120281
120409
120484
120798
120850
120947
121150
121509
121512
121608
121655
121923
121972
122047
122060
122295
122345
122402
122409
122482
122554
122558
122826
122958
122971
123052
123260
123338
123394
123468
123505
123511
123584
123709
123972
124129
124221
124297
124487
124494
124512
124651
124660
124737
124905
124985
125582
125607
125952
126078
126200
126322
126405
126442
126526
126644
126805
126854
126926
126929
126987
127106
127112
127280
127340
127516
127580
127711
127827
127834
127903
127942
128017
128020
128032
128036
128087
128118
128217
128387
128706
128837
128854
128910
128980
129067
129271
129318
129724
129775
129870
129964
130063
130964
131162
131439
131491
131686
131719
131872
131891
131896
131940
132021
132136
132319
132365
132810
132834
133187
133245
133339
133636
133674
133865
134037
134163
134183
134305
134518
134524
134698
134716
134827
134857
134881
135218
135507
135538
135882
135883
136166
136398
136560
136567
136733
136808
137126
137199
137225
137354
137498
137504
137672
138029
138250
138353
138785
138823
138969
139259
139310
139606
139628
139757
140123
140225
140279
140293
140507
140563
140765
141178
141302
141527
141533
141545
141701
141883
141994
142098
142141
142216
142299
142532
142537
142748
142834
142839
142927
143180
143373
143582
143628
143826
143846
144012
144215
144283
144376
144476
144658
144922
144982
144992
145333
145786
145787
146160
146202
146295
146393
146700
146852
147025
147379
147382
147419
147469
147509
147733
147931
148888
148920
149116
149258
149546
149569
149630
149697
149738
149918
149968
150201
150251
150458
150733
150844
150856
150975
150996
151030
151042
151274
151383
151618
151977
152298
152462
152697
152726
152865
153041
153253
153287
153500
153639
153668
153796
153940
154043
154088
154322
154331
154576
154647
154719
154859
155023
155426
155651
156282
156752
156821
156957
157040
157446
157527
157808
157894
158191
158492
158637
158802
159307
159491
159676
159847
160042
160046
160113
160225
160291
160608
160706
160711
160771
161630
161731
161808
162309
162419
162720
162752
162886
163007
163364
163388
163444
163594
164352
164530
164600
164679
164728
164805
164938
164957
165031
165260
165507
165525
165545
165622
166546
166704
166753
166946
167036
167037
167093
167176
167214
167290
167304
167401
167598
167608
167680
167784
167823
168039
168269
168345
168544
168608
168721
168809
168849
169126
169258
169470
169529
169779
169900
169952
170160
170302
170332
170402
170450
170506
170515
170801
171023
171242
171521
171568
171698
171747
171798
172042
172183
172289
172642
172781
173137
173250
173522
173535
173551
173633
173655
173688
173931
174239
174249
174280
174471
174498
174628
174740
174855
175479
175730
175776
175966
176764
176832
176934
177005
177125
177242
177333
177565
178156
178183
178307
179494
179536
179707
179764
180021
180147
180230
180553
180587
180598
180607
180632
181095
181231
181457
181484
181597
181698
182065
182109
182204
182334
182926
183221
183276
183354
183452
184213
184296
184389
184531
184848
184986
185358
185490
185576
186099
186250
186528
186686
186712
187200
187278
187745
188074
188245
188369
188928
189030
189198
189251
189434
189946
190090
190302
190563
190682
190755
190824
190963
190996
191211
191234
191490
192520
192732
192849
193196
193206
193430
193441
193632
193716
193786
193820
193841
193844
194273
194312
194333
194606
195379
195855
195903
196595
196914
196959
197541
197862
197941
197957
198299
198401
198476
198571
199018
199028
199228
199286
199734
199817
200104
200464
200773
200776
200812
200977
201815
202661
203262
203377
203426
203548
203575
203686
204214
204288
204510
204537
204570
204770
205042
205127
205231
205441
205858
206077
206110
206451
206499
206576
206661
206742
206790
207288
207420
207447
207778
208095
209637
209729
210140
210510
210531
210550
210777
210798
210799
210866
211483
211535
211960
212271
212318
212392
212755
213593
213715
213795
213956
214017
214067
214139
215320
215333
215711
215724
215818
216215
216243
216285
216724
216733
216912
217051
217092
217105
217611
217720
217915
218691
218783
218890
218945
219336
219578
219670
219829
219935
219952
220034
220198
220558
220911
220919
221383
221480
221484
221493
221703
221764
221984
222096
222379
222696
223006
223712
223742
223776
223857
223951
224510
224534
224593
224677
224892
225221
225766
226582
226593
226927
227142
227176
227618
227689
228269
228673
228843
228859
229034
230710
230892
231126
232062
232624
233515
233702
234022
234211
234728
234753
235180
235386
235684
235812
235820
236448
236544
236649
236908
237000
237193
237224
237364
237420
237488
237565
237700
237953
238316
239980
240470
240775
240796
241260
241324
241681
241788
241872
241971
243051
243418
243795
243829
243893
244192
244490
244502
244778
245190
245256
245483
245548
245570
245719
246104
246311
246434
246510
246745
246776
246780
246876
246919
247241
247536
247573
247674
247864
248182
248363
248690
248882
249304
249334
249976
250467
250682
250738
250785
250956
251128
251224
252108
252301
252936
253004
253232
253869
254394
254901
255139
255312
255637
255961
256514
256862
257965
258709
258993
259739
260237
260685
260807
261690
262033
262056
262429
262483
262581
262701
263497
263585
263629
263684
263827
264187
264573
265287
265583
265870
265886
265995
266003
266121
266260
267035
267378
268171
268673
269167
269897
269975
270048
270060
270118
271315
272441
272518
272571
272756
273078
273108
273646
273743
273764
273925
274233
275103
276181
276501
277032
277633
277815
278158
278480
278504
278845
278862
279468
279760
280053
280728
280828
280884
280981
281988
283249
283792
284035
284223
285018
285195
285234
285483
285999
287726
288189
288248
288446
293538
294132
294175
294878
295753
295979
296998
297199
297657
297905
298229
298422
298676
299586
299641
300522
300688
300724
300903
301528
301614
301653
302019
302520
303955
303958
305655
305860
306268
307258
307520
307605
307978
308120
308327
309208
309337
309782
309945
310876
310975
311019
311457
311540
311718
311831
312071
312226
312267
313441
314556
315317
319510
319649
320084
320119
320325
320795
323053
323300
326405
327292
329315
330625
330851
331122
332461
333474
333587
334279
336897
337260
337855
337860
338118
339155
343044
343050
343499
343794
344662
345093
346624
347448
347627
347814
348038
350123
350550
351551
352538
352825
353936
354380
354648
355884
360365
361490
362847
367567
369462
369740
370947
371494
372484
373041
375739
378092
379094
380423
382120
382660
385210
386188
387336
387448
388040
388076
388245
388898
390179
391155
392298
394354
395260
396684
400275
403173
403493
406301
407618
409178
411872
414955
416179
421477
422746
425682
425853
427472
434765
438453
439845
440672
443627
444276
449010
449341
463173
465296
470826
473982
478220
485348
530987
535862
565152
567454
580474
591084
633355
