0
0
592
789
849
889
1020
1380
1434
1945
1967
1985
2067
2141
2455
2546
2562
2826
2891
3178
3293
3394
3406
3741
3969
4186
4407
4742
4797
5126
5187
5194
5372
5707
6036
6565
6646
6676
7120
7208
7446
7603
8159
8340
8359
8397
8466
8467
8705
8916
9591
9878
10005
10038
10056
10167
10259
10440
10535
10720
11231
11554
11611
11643
11703
11732
12339
12819
12876
13388
13856
13907
13940
13970
14249
14381
14635
14885
14969
15402
15487
15595
15856
15900
16146
16297
16448
16534
17051
17510
17559
17599
17996
18000
18088
18373
18651
18913
19339
19875
19995
20173
20235
20420
20833
21047
21145
21740
21824
21892
21980
22012
22151
22506
22535
22777
22836
22852
23283
23802
24075
24141
24344
24819
24888
24915
25043
25099
25477
25499
25752
26323
26327
26422
26476
26859
26934
27154
27179
27328
27397
27467
27526
28438
28744
28894
28908
29159
29287
29421
29485
29741
29988
30066
30290
30427
30618
30713
30743
30898
31222
31228
32095
32413
32552
32714
32753
32765
32892
33005
33101
33256
33277
33377
33403
33464
33575
33576
33972
34178
34453
34854
34909
35026
35475
35765
35794
35944
36024
36249
36582
36629
36630
37059
37131
37347
37665
37737
37853
38814
39123
39569
40069
40128
40265
40578
40755
40780
40965
41108
41300
41525
41987
42129
42199
42958
43872
43958
44031
44887
45309
45553
45739
45851
46262
46297
46354
46424
46524
46812
46813
47136
47366
47381
47468
47803
48032
48065
48119
48167
48585
48665
48830
48836
48841
49097
49267
49610
49692
49721
49837
50493
50630
50721
51407
52322
52552
52923
53126
53612
53874
54019
54247
54385
54512
54818
55546
55992
56422
56592
56823
56964
57078
57348
57406
57642
57683
57689
57810
57996
58111
58229
58657
58976
59022
59089
59559
60055
60219
60323
60546
60650
60869
60870
61043
61079
61195
61263
61784
62084
62163
62228
62600
62696
62801
62970
63034
63163
63727
63810
63863
64055
64110
64196
64461
64572
64785
65085
65421
65478
65636
65688
65708
65804
65870
66021
66389
66727
66733
66750
66853
66945
66997
67045
67080
67377
67664
67791
68273
68300
68456
68498
68651
68821
69237
69439
69680
69691
69995
70002
70096
70425
70634
71147
71444
71461
71685
71842
72345
72391
72591
72645
72906
73206
73665
73788
73829
74082
74798
74849
75024
75064
75162
75264
76070
76072
76122
76209
76374
76713
76957
77087
77119
77633
77663
77748
77848
78054
78150
78470
79314
79563
79663
79792
79919
79954
80134
80247
80560
80570
81032
81115
81133
81729
82129
82324
82387
82401
82716
82853
83041
83077
83211
83586
83937
84372
84895
85109
85236
85249
85550
86184
87029
87116
87263
87459
88008
88077
88105
88180
88399
89052
89053
89197
89306
89498
89791
90256
90415
90685
90967
91094
91144
91652
91995
92066
92270
92851
93014
93738
93772
93870
93901
94003
94261
94515
94665
94764
94906
94993
95145
95276
95337
95426
95661
95947
96012
96152
96303
96327
96543
96886
96942
97148
97151
97289
97510
97578
98047
98098
98161
98386
98673
98781
98813
99143
99218
99477
99579
99656
99739
99874
100082
100095
100280
100978
100988
101099
101116
101139
101940
102319
102997
103511
103534
103964
104036
104317
104619
104741
105109
105626
106100
106253
106350
106735
106908
107190
107285
107384
107568
107670
107672
107973
108761
109074
109208
109267
109325
109352
109871
109917
110050
112069
112535
112855
113026
113375
113520
113661
113762
113868
113877
113965
114104
114113
114415
114677
115370
115984
116017
116731
117116
117173
117642
118091
118227
118247
118388
118643
118870
118885
118985
119649
119877
119912
119926
120089
120135
120138
120147
120193
120614
120836
121816
122004
122507
122559
122589
122936
122951
123295
123487
123715
123818
124160
125139
125182
125360
126082
126099
126144
126490
126506
126674
126787
127714
127730
127953
128695
129185
129374
129737
129836
129844
129919
130423
131069
131896
132202
132481
132694
134241
134510
134685
134937
135190
135530
136735
137042
137056
137811
138400
139351
139462
139486
139744
140049
140063
140247
140264
140417
141048
141100
141504
142459
143299
143427
143982
144193
144393
144758
145184
145363
145916
146724
146899
147072
147188
147220
147247
147296
147422
147699
148961
149288
149329
149714
149863
150205
150268
151016
151023
151391
151520
152029
152058
152119
152935
153524
153535
154344
154734
155621
155985
156152
156940
157206
157536
157764
157806
157884
158008
158043
158130
158346
158398
158469
158682
158930
159002
160509
160604
161342
161344
161385
162467
162610
163153
163232
163342
163363
163450
163647
163676
163814
163966
165047
165240
165982
166142
166677
166717
166740
166823
167006
167182
167279
167328
167875
167942
167971
169287
169310
169897
170042
170192
171425
171829
172313
172544
172558
172655
173132
173158
174611
174879
174960
175377
175935
177012
177699
178155
178177
178954
178988
179355
179356
179594
180685
181952
182213
182310
182315
182632
182827
183297
183472
183507
183580
184426
184771
186280
187293
187967
188400
189393
189424
189664
189847
189953
190310
190341
190891
191197
191318
191931
193160
193512
194055
195232
195310
195658
197091
197503
197867
197921
198763
198904
199447
199941
200116
200367
200501
201353
201913
202548
203298
204269
205205
205575
206518
206680
207463
209046
209937
210766
211511
212000
212780
212945
213351
213978
214733
214814
215495
218000
219062
219391
220269
220561
220831
222277
222314
222887
224702
224813
225590
226013
226177
226955
227918
228095
229527
230063
230866
231966
232101
232173
232511
234536
234539
234670
234682
234728
235899
236543
236594
239606
239620
239731
239876
240461
240769
240816
241749
242682
243721
244710
244747
246256
247133
247264
248483
248983
249004
249212
250706
251071
251121
251139
251278
252079
252176
253181
254188
254999
255524
257148
259890
261157
262288
262580
265190
265699
266224
266799
268237
268388
268720
268941
269666
269820
270062
270130
270859
270890
270900
271478
272284
272384
272719
273180
274033
275606
276905
276983
277013
277501
277668
278954
279598
279790
280441
281312
282546
284539
285910
286780
286969
288827
289346
290711
292140
292508
294175
295387
295430
295875
296698
297477
299668
300438
300870
301614
301615
302546
304418
305327
307154
307931
309945
310811
314444
316958
318010
318303
320556
322304
323314
324306
328295
328964
330794
331415
331451
332294
333761
337232
340056
341467
341888
343600
344503
346850
347231
350537
350779
355712
356034
356221
359248
360286
362172
363364
369249
375439
375807
378743
393884
398448
400641
402059
405136
409687
419915
437169
440500
442776
443724
493896
494419
501575
508044
589279
628910
