0
0
147
155
178
209
231
325
368
491
523
526
585
659
670
704
709
725
797
883
887
912
950
1042
1089
1202
1211
1243
1324
1377
1408
1442
1448
1509
1564
1592
1601
1822
1854
2003
2110
2230
2242
2352
2518
2560
2661
2706
2943
3225
3256
3275
3290
3344
3499
3577
3628
3781
4100
4124
4161
4397
4823
4888
5027
5196
5310
5321
5338
5446
5488
5509
5534
5568
5742
5920
6039
6177
6222
6288
6336
6524
6552
6731
6741
6775
6794
6828
6924
7057
7168
7242
7349
7390
7683
7905
7987
8312
8326
8337
8583
8584
8681
8905
8953
8995
9092
9103
9130
9391
9488
9510
9644
9731
9861
9876
10096
10366
10400
10460
10479
10709
10798
10959
11023
11098
11102
11142
11304
11339
11524
11587
11651
11709
11754
11892
11954
12386
12458
12564
12772
12883
12992
13001
13050
13205
13224
13264
13299
13396
13510
13528
13578
13613
13735
13860
13885
13916
13971
13993
14292
14346
14387
14468
14472
14477
14530
14537
14560
14699
14799
14931
14948
14970
15034
15199
15265
15288
15486
15637
15772
15937
16019
16081
16130
16652
16829
17274
17318
17631
17753
17763
17796
17984
18004
18062
18126
18204
18208
18231
18260
18403
18406
18509
18552
18623
18626
18751
18843
19014
19209
19340
19534
19698
19719
19967
20045
20086
20134
20135
20261
20312
20519
20605
20607
20685
20723
20885
20895
20933
20994
21030
21412
21490
21549
21578
21621
21716
21874
21972
22045
22079
22167
22309
22371
22415
22501
22589
22654
22670
22673
23116
23207
23220
23391
23417
23498
23499
23520
23522
23603
23712
23720
23871
23895
24160
24279
24333
24346
24457
24521
24563
24708
24856
24936
24986
25009
25038
25140
25741
25804
26001
26019
26107
26166
26259
26271
26324
26482
26488
26489
26491
26496
26605
26666
26779
26824
27292
27326
27384
27400
27553
27556
27562
27831
28069
28427
28634
28943
28965
29117
29253
29317
29367
29592
29752
29885
30320
30450
30531
30549
30607
30633
30745
31039
31066
31078
31090
31114
31171
31246
31315
31468
31769
31782
31882
32137
32219
32242
32321
32493
32524
32626
32627
32930
33041
33060
33214
33287
33321
33371
33409
33491
33549
33813
33978
34087
34158
34272
34273
34292
34318
34395
34486
34548
34743
34828
34868
34912
35057
35069
35098
35151
35203
35307
35379
35472
35579
35651
35695
35789
35898
35904
35917
35940
35941
35962
35967
36037
36141
36234
36289
36309
36762
36964
37037
37064
37083
37131
37247
37358
37484
37551
37678
37932
37946
38010
38028
38108
38299
38302
38332
38438
38490
38631
38699
38701
38702
38867
38924
38947
38966
39093
39324
39460
39495
39752
39912
39922
39999
40191
40511
40665
40672
40699
40716
40736
40746
40790
40798
40819
41114
41121
41211
41312
41370
41419
41457
41465
41472
41546
41594
41615
41635
41650
41834
41871
42050
42214
42270
42367
42431
42618
42648
42792
42816
42827
42850
42909
43004
43019
43062
43085
43124
43236
43257
43674
43854
43970
44070
44137
44143
44474
44497
44596
44789
44899
44972
44982
44987
45156
45174
45329
45494
45836
45990
46026
46143
46251
46278
46360
46425
46516
46589
46970
47009
47139
47179
47220
47448
47559
47673
47757
47874
47884
48009
48010
48231
48381
48492
48548
48718
48936
48937
49062
49137
49150
49422
49440
49796
49837
49896
49943
50097
50145
50295
50536
50557
50717
50810
51039
51242
51617
51680
51696
51750
51823
51833
51835
51930
52066
52255
52258
52428
52436
52512
52546
52551
52561
52617
53163
53344
53362
53375
53412
53591
53602
53706
53859
53961
54098
54157
54337
54431
54675
54845
54850
54865
55101
55316
55328
55352
55410
55505
55527
55546
55746
55955
56013
56137
56182
56226
56476
56586
56722
57070
57191
57245
57285
57389
57418
57463
57489
57554
57735
57797
57805
58013
58142
58169
58191
58242
58309
58357
58441
58487
58604
58634
58778
58804
58929
58963
59007
59053
59254
59331
59415
59434
59520
59541
59594
59609
59855
60209
60287
60509
60512
60540
60575
60691
60760
60795
60942
60965
61016
61027
61037
61136
61140
61178
61236
61261
61280
61781
61958
62186
62255
62569
62591
62596
62897
62924
63036
63089
63172
63208
63303
63369
63387
63474
63563
63639
63651
63844
63859
64024
64046
64046
64244
64373
64379
64449
64688
64720
65034
65142
65211
65259
65309
65463
65552
65575
65619
65743
65774
65812
65827
65899
66034
66128
66169
66190
66236
66395
66454
66521
66548
66553
66735
66807
66811
66910
66955
66973
67024
67092
67095
67141
67270
67288
67335
67389
67751
67760
67912
67973
68038
68112
68227
68265
68267
68412
68531
68852
68988
69057
69125
69160
69242
69469
69489
69569
69578
69665
69697
70354
70385
70499
70503
70571
70718
70857
70870
71114
71576
71616
71663
71746
71942
71966
71987
72046
72058
72194
72199
72230
72251
72372
72385
72404
72446
72570
72596
72710
72854
72863
72932
73056
73151
73158
73549
73619
73720
74026
74098
74135
74184
74215
74218
74265
74286
74353
74595
74735
75059
75132
75160
75388
75480
75608
75757
75912
75989
76173
76448
76537
76632
76746
76757
77073
77105
77152
77198
77240
77360
77423
77467
77515
77531
77547
77653
77657
77796
77803
77918
78037
78171
78314
78330
78448
78828
78927
78937
79137
79372
79458
79615
79656
79714
79855
80255
80308
80406
80491
80551
80660
80681
80691
80823
80837
80963
80980
81020
81200
81236
81328
81579
81704
81925
82065
82117
82517
82904
83055
83076
83168
83170
83721
84434
84485
84525
84540
84611
84667
84711
84833
85195
85228
85306
85333
85415
85488
85496
85871
85872
86222
86256
86355
86448
86514
86824
86928
87107
87281
87459
87466
87681
87773
87873
87988
87999
88120
88133
88367
88385
88508
88688
88930
89116
89261
89354
89430
89668
90064
90121
90180
90250
90263
90445
90515
90552
90615
90642
90687
90853
90892
91143
91253
91260
91403
91449
91521
91593
91774
91948
92000
92024
92251
92361
92616
92692
92897
93249
93443
93448
93615
93912
93940
94049
94116
94351
94593
94639
94707
94824
95438
95490
95603
95609
95618
95751
96260
96318
96361
96439
96467
96939
96968
97135
97179
97331
97333
97352
97372
97411
97479
97759
97886
98175
98217
98272
98294
98491
98507
98537
98705
98888
99052
99282
99378
99470
99519
99571
99682
99693
100140
100204
100284
100323
100449
100515
100641
100876
101235
101481
101604
101702
101702
101945
101957
101968
102127
102367
102405
102421
102470
102756
102863
103403
103423
103602
103642
104115
104289
104345
104499
104905
105026
105224
105228
105395
105444
105572
105619
105758
105809
105817
105871
105885
105888
106146
106148
106181
106188
106443
106462
106588
106597
106633
106750
106825
106986
107054
107137
107439
107490
107542
107775
107893
107956
108115
108231
108371
108483
108494
109120
109179
109327
109886
109926
110019
110169
110253
110262
110397
110446
110455
110529
110591
110688
110827
110930
110961
111027
111062
111266
111339
111397
111772
111896
112180
112202
112449
112601
112864
112908
112983
113014
113047
113052
113059
113125
113166
113255
113302
113316
113366
113508
113581
113611
113706
113762
114023
114060
114088
114122
114268
114392
114414
114521
114684
114961
114986
114996
115260
115378
115466
115678
115715
115805
115848
115849
115884
116349
116405
116432
116436
116604
116741
116944
116999
117172
117372
117608
117730
117837
118050
118175
118212
118227
118261
118519
118749
119003
119268
119542
119552
119613
119635
119918
120459
120498
120641
120671
120745
120874
121138
121270
121323
121386
121513
121549
121586
121654
121680
121719
122023
122040
122050
122118
122414
122904
123100
123310
123399
123432
123490
123585
123804
124036
124129
124400
124439
124569
124593
124724
124791
124866
125017
125495
125505
125650
125898
126004
126126
126309
126450
127266
127388
127435
127634
127728
127956
128027
128134
128245
128529
128557
128706
128949
129840
130151
130276
130295
130457
130477
130601
130700
130802
130944
130971
131121
131299
131337
131364
131579
131736
131800
131817
131864
132031
132122
132159
132310
132467
132487
133133
133350
133584
134227
134379
134380
134400
134809
134870
134870
134979
135337
135448
135742
135808
135917
136061
136522
136758
136865
136896
136993
137018
137038
137123
137193
137285
137552
137565
137953
138093
138983
139178
139335
139546
139758
140026
140112
140174
140217
140797
140983
141705
141993
142046
142189
142274
142409
142452
142515
142661
142674
142802
143095
143213
143664
143824
143991
144006
144132
144459
144530
144982
144984
145058
145192
145222
145234
145271
145357
145465
145519
145541
145601
145647
145675
145971
146292
146302
146697
146840
146981
147066
147076
147093
147273
147570
147600
147996
148014
148176
148210
148557
149266
149461
149488
149734
150176
150268
150531
150952
150964
150993
151854
151981
152035
152172
152344
152382
153058
153300
153497
153729
153735
153752
153764
153812
154041
154186
154233
154255
154257
154366
154465
154548
154591
154853
155158
155167
155179
155487
155646
155689
155804
155855
156103
156319
156554
156672
156723
156919
157007
157084
157553
157646
157695
157762
157909
158249
158302
158441
158539
158547
158649
158649
159154
159630
159641
159715
159756
159929
160221
160583
160616
160673
160838
161219
161626
162037
162142
162457
162613
162804
162810
162912
163218
163322
163543
163652
163663
163884
164174
164228
164380
164905
165024
165415
165466
165677
165687
165961
166125
166148
166404
166437
166441
166472
166614
166991
167100
167411
167447
167543
167757
167860
168416
168654
168695
168714
169444
169498
169715
169807
169820
169961
170062
170298
170563
170588
170834
170927
171307
171365
172144
172165
172293
172375
172479
172616
172754
173405
173565
173609
173675
173756
173898
173983
174193
174246
174514
174721
174924
175478
175492
175728
176234
176346
176396
176950
177002
177028
177331
177371
177379
177709
177781
178391
178472
178579
178615
178761
179032
179264
179539
179606
179737
180005
180135
180312
180390
180574
180685
180726
180745
180795
181113
181355
181396
181833
182239
182645
182688
182781
182888
182893
182901
182959
183051
183126
183244
183330
183379
183573
183917
183932
184593
184714
184755
184845
184901
185442
185566
185962
186399
186455
186622
186818
186996
187037
187044
187440
187721
188016
188037
188276
188304
188347
188652
189199
189361
190038
190160
190559
190639
190656
190758
190784
190815
190821
191008
191114
191136
191378
191626
191972
192165
192263
192623
192769
193012
193230
193408
193438
193997
194109
194416
194566
194602
194992
195001
195471
195680
196049
196097
196335
196558
196911
197072
197460
197603
197637
197745
198807
199171
199517
199654
200214
200298
200736
200750
200854
200855
201514
201799
202284
202324
202956
203990
204051
204395
204714
204751
205473
205489
205530
205770
206333
206826
206828
206871
206939
207068
207147
207205
207749
207947
207968
208327
208661
209261
209791
209952
210409
210429
210962
211025
211133
211548
211588
211625
211829
212098
212127
212144
212299
212354
212574
212664
213344
213386
213567
213851
214047
214086
214773
214789
214923
214992
215149
215582
215866
216239
216644
217323
217470
217588
217781
218166
219021
219237
219311
219346
219361
219946
220049
220173
220279
220740
220908
221472
221621
221812
221877
221895
222061
222614
222718
222946
222996
223065
223101
223548
223845
224420
224911
224916
225098
225121
225304
225390
226042
226153
226694
226969
227210
227346
227392
227675
227800
227995
228574
228747
229109
229906
230095
230229
230600
230619
230865
231114
231267
231270
231648
231981
232533
233598
233801
234171
234441
234444
234762
234772
234976
235474
236087
236238
237155
237479
237826
237912
237921
238106
238231
238274
238318
238594
238710
239030
239151
239311
239437
239660
239773
240317
240541
241142
241335
241471
242505
242651
243475
243946
244660
245169
245724
246606
246612
246620
247522
248592
250158
250173
250496
250526
250601
251139
251298
251728
251844
252038
252323
252622
253196
253240
253684
253783
253806
254550
255205
255258
255418
255547
256265
256567
257108
257191
257198
257413
257835
258925
258980
259660
259810
259896
260005
260476
260540
260879
261270
262421
263074
264631
264899
265782
266769
266805
267624
267838
268087
268555
269518
269986
270898
271556
273199
273419
273464
273864
273881
274011
274355
275037
276137
276143
276580
276604
276723
277511
277588
277605
277980
278222
278305
278510
278617
278709
279550
279730
279735
280173
280504
281479
282145
282448
282738
282783
284704
285630
285664
285725
285736
285803
286804
288429
289175
289750
290110
292029
292666
292733
293115
293199
293397
294659
296530
296541
300059
300405
301583
301622
302178
302286
302640
302707
302848
305412
307701
308669
310004
310071
310994
311736
312471
312606
313679
314247
314472
314725
315451
316823
319152
319175
319441
319538
319641
320171
320751
322761
323284
323594
324291
324871
325518
325613
326417
327087
328549
328574
329213
329673
329714
333887
334186
335032
336339
336461
337431
338699
339096
339321
340487
341217
342877
343047
343584
344283
344472
345409
345607
346497
346649
346781
346832
347283
348503
349153
349980
353075
353526
353657
354452
357360
358349
361013
363659
368076
368576
370516
372404
372766
373928
376035
378093
378171
378779
380866
381109
381176
384007
385008
386973
392493
392775
394166
395037
399892
400301
402367
404521
404619
411491
411559
414830
416492
423920
427278
438162
442369
444613
446095
448140
451540
454300
455340
455794
456676
457334
460023
461634
465098
470290
480661
489125
500368
500924
504931
546718
567127
570954
579324
580413
595787
652939
720049
