0
0
19
20
44
49
68
77
105
111
141
160
174
198
199
214
289
295
452
472
498
551
575
578
581
607
645
739
763
791
795
960
980
987
1039
1064
1147
1148
1179
1267
1270
1299
1314
1392
1431
1441
1459
1467
1487
1543
1552
1565
1568
1601
1606
1646
1664
1666
1680
1724
1764
1812
1832
1841
1867
1892
1964
1964
1967
1979
2044
2045
2074
2098
2154
2155
2165
2207
2228
2233
2249
2288
2302
2307
2307
2336
2355
2364
2384
2505
2558
2561
2670
2682
2686
2711
2749
2759
2777
2798
2801
2878
2879
2885
2906
2913
2918
2934
2936
2943
2944
2951
3021
3049
3056
3064
3099
3171
3186
3197
3231
3248
3253
3280
3287
3292
3328
3330
3379
3380
3387
3434
3442
3483
3501
3550
3574
3587
3601
3604
3612
3642
3649
3661
3675
3692
3752
3754
3766
3806
3822
3895
3902
3931
3985
3998
3999
4014
4021
4072
4090
4091
4103
4145
4306
4314
4327
4337
4345
4409
4411
4432
4464
4496
4566
4576
4583
4597
4598
4603
4637
4672
4682
4695
4709
4709
4728
4764
4780
4785
4843
4863
4876
4881
4895
4973
4979
5013
5019
5152
5159
5168
5175
5218
5223
5229
5342
5366
5409
5489
5491
5519
5521
5529
5541
5555
5556
5573
5583
5648
5692
5716
5739
5807
5816
5885
5889
5899
5906
5930
5956
5960
6049
6155
6197
6309
6410
6446
6461
6502
6522
6551
6552
6567
6612
6671
6707
6724
6733
6742
6813
6836
6879
6895
7044
7078
7107
7120
7143
7162
7171
7172
7274
7291
7298
7300
7303
7339
7362
7391
7454
7460
7486
7495
7510
7532
7549
7556
7565
7606
7656
7667
7680
7747
7752
7772
7790
7801
7843
7851
7870
7887
7897
7920
7924
7995
8017
8027
8083
8086
8106
8215
8261
8298
8302
8307
8325
8390
8391
8391
8413
8432
8446
8456
8464
8473
8484
8581
8586
8621
8636
8641
8668
8688
8707
8712
8738
8756
8866
8908
8954
8962
8970
8973
8998
9011
9017
9017
9047
9081
9119
9122
9156
9183
9185
9320
9325
9345
9388
9393
9424
9509
9516
9543
9548
9619
9672
9697
9762
9795
9868
9881
9882
9900
9932
9938
9950
9955
10065
10111
10133
10157
10182
10199
10258
10263
10306
10308
10316
10346
10397
10401
10408
10466
10490
10523
10538
10544
10565
10651
10694
10721
10763
10819
10823
10840
10848
10877
10899
10910
10915
10950
10956
10989
11044
11055
11096
11149
11182
11202
11215
11226
11283
11287
11308
11312
11315
11333
11354
11368
11379
11393
11456
11469
11523
11543
11630
11677
11686
11717
11719
11756
11852
11852
11856
11863
11879
11940
11975
11982
11996
12024
12098
12112
12135
12199
12199
12260
12279
12290
12307
12327
12332
12388
12388
12414
12436
12447
12497
12501
12538
12546
12585
12602
12615
12682
12700
12718
12742
12763
12794
12835
12875
12922
12932
12937
12938
12980
13050
13055
13067
13077
13094
13097
13106
13115
13136
13144
13169
13222
13234
13267
13277
13279
13293
13315
13322
13331
13332
13355
13381
13403
13453
13469
13491
13543
13548
13553
13583
13625
13634
13648
13708
13720
13742
13744
13779
13785
13788
13815
13880
13885
13901
13904
13912
13914
13918
13929
13939
13965
13996
14004
14010
14012
14018
14023
14101
14225
14239
14256
14302
14306
14320
14339
14388
14485
14598
14630
14834
14858
14869
14891
14930
14963
15000
15034
15060
15090
15124
15162
15192
15192
15215
15240
15248
15267
15282
15286
15298
15313
15345
15361
15416
15421
15439
15443
15447
15491
15564
15576
15611
15633
15718
15743
15782
15791
15862
15905
15960
16003
16026
16060
16131
16135
16136
16146
16149
16180
16183
16204
16227
16246
16250
16256
16271
16311
16315
16327
16329
16363
16381
16383
16429
16437
16437
16466
16483
16536
16538
16544
16544
16591
16616
16669
16736
16736
16740
16749
16749
16765
16801
16831
16832
16841
16841
16870
16900
16904
16916
16947
16956
16991
17005
17023
17066
17099
17113
17138
17140
17143
17148
17213
17219
17259
17267
17329
17339
17417
17428
17500
17520
17537
17576
17655
17736
17786
17805
17856
17883
17895
17896
17907
17909
17926
17966
17984
17990
18003
18009
18025
18061
18072
18095
18126
18150
18176
18197
18198
18224
18234
18271
18279
18286
18288
18289
18373
18394
18415
18437
18458
18468
18485
18497
18603
18643
18704
18721
18722
18737
18755
18846
18877
18952
18982
18989
19061
19068
19151
19230
19231
19315
19372
19465
19470
19507
19511
19531
19571
19602
19610
19627
19658
19680
19705
19765
19771
19811
19834
19878
19894
19907
19955
20032
20033
20088
20091
20117
20123
20133
20152
20208
20230
20235
20247
20313
20318
20357
20376
20376
20392
20446
20458
20489
20517
20560
20624
20640
20650
20770
20786
20808
20893
20938
20939
20947
20968
20971
21003
21038
21055
21059
21072
21076
21092
21093
21195
21237
21239
21250
21258
21267
21303
21380
21396
21416
21424
21497
21564
21586
21589
21609
21620
21649
21671
21700
21786
21795
21807
21841
21884
21892
21922
21934
21938
21950
21952
21957
21980
21995
22040
22081
22120
22159
22181
22187
22218
22234
22264
22333
22342
22357
22363
22381
22386
22414
22443
22446
22450
22471
22494
22561
22573
22583
22586
22638
22651
22658
22661
22676
22677
22681
22686
22695
22699
22700
22757
22763
22826
22860
22875
22933
22966
22985
23003
23052
23086
23118
23126
23130
23175
23177
23178
23259
23284
23296
23319
23336
23340
23376
23394
23435
23439
23458
23458
23517
23564
23584
23588
23604
23614
23636
23684
23769
23789
23793
23817
23840
23908
23931
24047
24052
24060
24099
24103
24160
24163
24179
24224
24235
24313
24378
24423
24424
24432
24494
24558
24574
24647
24659
24670
24672
24725
24725
24727
24770
24771
24782
24784
24817
24828
24854
24864
24865
24896
24902
24908
24924
24957
24958
24968
24976
25000
25013
25029
25082
25202
25205
25251
25289
25291
25318
25323
25368
25442
25515
25550
25568
25602
25692
25709
25727
25767
25776
25782
25793
25838
25840
25874
25925
25943
25945
26037
26040
26092
26109
26110
26149
26156
26171
26171
26176
26179
26189
26234
26270
26326
26343
26430
26462
26519
26541
26573
26583
26590
26600
26601
26608
26662
26671
26719
26758
26812
26894
26930
26930
26946
26989
27082
27131
27189
27230
27248
27280
27312
27340
27433
27435
27438
27446
27465
27521
27539
27566
27611
27663
27685
27724
27725
27745
27783
27795
27838
27872
27873
27884
27887
27895
27941
27987
27993
28008
28009
28038
28048
28102
28143
28170
28216
28223
28390
28391
28516
28521
28528
28617
28681
28713
28718
28787
28875
28915
28938
28944
28972
28975
28995
29008
29015
29022
29058
29059
29074
29098
29107
29132
29166
29270
29271
29274
29295
29386
29417
29472
29516
29541
29557
29560
29568
29590
29600
29601
29622
29624
29714
29726
29858
29864
29880
30046
30114
30114
30135
30149
30192
30262
30280
30289
30327
30340
30342
30372
30420
30477
30495
30523
30576
30614
30616
30636
30692
30693
30701
30705
30710
30716
30717
30758
30770
30785
30813
30815
30823
30891
30897
30898
30907
30918
30918
30932
30959
31000
31009
31019
31077
31078
31117
31145
31155
31193
31234
31245
31309
31351
31372
31412
31428
31481
31526
31536
31578
31579
31583
31609
31615
31650
31677
31733
31766
31828
31865
31870
31877
31882
31887
31899
31915
31965
31977
31978
32048
32069
32081
32098
32128
32151
32183
32214
32232
32237
32290
32316
32318
32423
32447
32461
32471
32480
32531
32552
32560
32591
32646
32676
32705
32741
32759
32760
32860
32863
32873
32910
32924
32930
32945
32954
32964
32967
32980
32985
32994
33012
33034
33047
33054
33123
33170
33182
33202
33205
33255
33281
33296
33330
33375
33390
33395
33437
33443
33481
33482
33513
33536
33595
33619
33628
33635
33712
33727
33742
33747
33776
33817
33840
33888
33896
33905
33917
33935
33963
33980
33991
34008
34040
34059
34065
34080
34103
34119
34159
34213
34351
34370
34374
34397
34488
34548
34549
34578
34630
34646
34659
34706
34755
34759
34894
34954
35089
35095
35135
35136
35184
35281
35282
35317
35323
35404
35415
35428
35528
35539
35562
35578
35653
35740
35748
35769
35779
35789
35821
35843
35884
35908
35924
35978
35989
36020
36021
36091
36128
36146
36162
36167
36170
36197
36244
36280
36306
36319
36323
36408
36410
36442
36442
36458
36468
36558
36562
36599
36614
36635
36664
36722
36777
36785
36829
36836
36868
36884
36910
36915
36930
36949
36958
36974
36978
37003
37007
37011
37023
37051
37053
37060
37072
37072
37083
37108
37124
37126
37130
37140
37144
37150
37193
37228
37236
37253
37280
37296
37320
37326
37354
37380
37387
37402
37416
37442
37442
37458
37463
37526
37538
37564
37579
37582
37587
37612
37624
37702
37737
37775
37776
37801
37844
37854
37858
37909
37944
38021
38023
38032
38091
38121
38135
38166
38187
38195
38225
38251
38271
38305
38308
38321
38328
38389
38390
38397
38416
38417
38424
38428
38459
38465
38487
38489
38508
38538
38541
38543
38596
38643
38645
38688
38713
38730
38764
38769
38857
38861
38878
38931
39031
39097
39109
39146
39165
39208
39215
39278
39294
39301
39393
39401
39405
39450
39463
39474
39496
39517
39524
39672
39774
39798
39814
39835
39845
39874
39986
40053
40104
40124
40143
40171
40239
40242
40282
40285
40289
40302
40320
40344
40350
40384
40385
40391
40397
40407
40438
40473
40485
40485
40500
40535
40556
40585
40593
40606
40625
40638
40709
40710
40749
40759
40783
40791
40792
40835
40871
40910
40911
40930
40939
41020
41046
41102
41181
41262
41306
41336
41348
41357
41407
41411
41420
41421
41445
41491
41521
41540
41545
41548
41548
41614
41676
41783
41792
41792
41796
41821
41840
41864
41892
41898
41921
41953
41959
41973
41992
42021
42093
42204
42207
42267
42284
42301
42341
42358
42437
42456
42460
42464
42498
42513
42530
42553
42554
42570
42581
42597
42658
42678
42694
42823
42826
42856
42858
42870
42947
42987
43037
43042
43075
43093
43279
43393
43421
43439
43449
43498
43529
43613
43624
43636
43641
43661
43718
43772
43776
43823
43830
43889
43903
43945
43974
44016
44016
44058
44072
44085
44122
44129
44134
44156
44195
44243
44400
44415
44417
44427
44439
44446
44449
44484
44534
44561
44605
44652
44703
44741
44750
44795
44812
44852
44870
44879
44907
44910
44911
44998
45020
45064
45141
45175
45189
45227
45249
45264
45289
45311
45317
45324
45342
45345
45420
45433
45440
45446
45474
45492
45509
45524
45525
45528
45550
45575
45613
45624
45650
45708
45731
45748
45803
45862
45904
45946
45988
46074
46095
46101
46148
46164
46166
46178
46205
46210
46219
46235
46320
46322
46330
46362
46362
46414
46435
46481
46514
46622
46680
46682
46746
46783
46803
46840
46880
46906
46951
46973
46980
47061
47083
47320
47396
47452
47516
47557
47565
47567
47610
47618
47637
47670
47688
47695
47736
47755
47807
47852
47862
47882
47894
47918
47974
48041
48225
48249
48263
48302
48358
48420
48431
48446
48448
48458
48509
48535
48577
48578
48580
48590
48697
48720
48740
48778
48785
48818
48862
48881
48896
48908
48936
48953
48994
49018
49038
49044
49071
49190
49246
49313
49353
49409
49445
49474
49618
49678
49767
49838
49840
49854
49869
49938
50014
50035
50071
50074
50089
50150
50186
50239
50249
50280
50295
50387
50421
50426
50474
50520
50613
50615
50622
50627
50628
50634
50698
50751
50773
50836
50867
50895
50923
50966
50994
51012
51053
51072
51105
51130
51134
51211
51269
51274
51315
51479
51483
51543
51565
51590
51593
51654
51676
51684
51754
51760
51762
51777
51784
51829
51840
51842
51930
51945
51949
51953
52008
52050
52113
52184
52259
52267
52314
52321
52411
52442
52456
52472
52482
52485
52555
52568
52582
52584
52697
52716
52723
52735
52795
52806
52826
52830
52854
52864
52886
52918
52998
53011
53027
53085
53096
53113
53121
53147
53151
53178
53182
53190
53205
53249
53285
53299
53328
53351
53380
53388
53436
53455
53455
53469
53474
53481
53514
53546
53566
53743
53758
53798
53830
53838
53843
53870
53883
53957
53969
54006
54015
54055
54084
54120
54134
54268
54291
54316
54321
54327
54363
54367
54371
54408
54418
54474
54490
54494
54501
54536
54577
54579
54586
54611
54613
54629
54673
54730
54736
54763
54803
54806
54825
54831
54867
54889
54909
54914
54918
54983
54987
55045
55049
55077
55095
55103
55106
55112
55141
55158
55185
55207
55277
55280
55285
55295
55297
55303
55321
55358
55390
55412
55428
55463
55487
55529
55538
55550
55617
55617
55653
55654
55671
55682
55723
55752
55779
55802
55901
55901
55906
55909
55923
55930
55958
56032
56056
56100
56178
56185
56191
56192
56207
56234
56254
56255
56279
56286
56360
56361
56394
56402
56439
56499
56552
56690
56755
56792
56803
56823
56895
56942
57019
57021
57117
57127
57141
57198
57230
57257
57265
57305
57356
57416
57419
57455
57456
57484
57493
57504
57510
57529
57575
57595
57616
57634
57646
57654
57664
57782
57797
57814
57855
58029
58048
58050
58059
58066
58081
58086
58128
58166
58206
58220
58245
58251
58268
58312
58315
58329
58341
58394
58411
58443
58450
58496
58542
58605
58623
58626
58629
58652
58660
58706
58781
58785
58859
58898
58962
58996
59015
59019
59047
59097
59114
59122
59125
59145
59191
59220
59224
59235
59294
59313
59363
59401
59481
59506
59525
59604
59631
59654
59678
59691
59771
59798
59847
59859
59873
59924
59947
59954
59963
59980
60045
60087
60105
60116
60123
60132
60144
60157
60239
60243
60261
60280
60365
60377
60399
60400
60409
60470
60476
60478
60487
60497
60502
60571
60571
60602
60616
60666
60692
60742
60773
60804
60853
60928
60951
60955
60964
60997
61007
61076
61087
61094
61110
61123
61191
61221
61236
61246
61249
61260
61276
61306
61437
61447
61478
61488
61488
61497
61532
61574
61584
61587
61641
61658
61686
61710
61725
61760
61785
61796
61900
61941
61978
61997
62093
62158
62163
62167
62200
62274
62392
62443
62445
62484
62484
62537
62553
62560
62561
62574
62605
62686
62708
62719
62732
62777
62802
62807
62848
62883
62932
62937
62940
62966
63004
63042
63105
63156
63183
63210
63214
63221
63245
63262
63284
63334
63341
63355
63373
63390
63399
63407
63503
63572
63574
63584
63641
63672
63677
63712
63724
63724
63737
63745
63758
63769
63783
63841
63901
63901
63917
63945
63947
64001
64021
64037
64038
64068
64094
64098
64102
64104
64121
64130
64173
64182
64187
64193
64207
64219
64241
64244
64249
64333
64336
64354
64456
64474
64486
64506
64509
64551
64598
64646
64665
64820
64864
64879
64900
64930
64976
64986
64991
65030
65039
65041
65115
65126
65158
65218
65224
65336
65347
65355
65375
65382
65508
65574
65612
65613
65652
65663
65732
65790
65902
65923
65979
66000
66013
66088
66110
66132
66147
66171
66177
66211
66224
66265
66293
66307
66317
66466
66476
66485
66492
66523
66539
66577
66629
66655
66689
66692
66728
66739
66741
66761
66779
66793
66824
66824
66913
66928
66936
66944
66975
66984
67025
67063
67070
67119
67227
67255
67275
67428
67428
67483
67500
67545
67591
67613
67625
67717
67799
67851
67915
67933
68021
68072
68156
68163
68256
68292
68294
68320
68339
68343
68366
68376
68381
68406
68427
68447
68473
68480
68548
68626
68640
68645
68669
68677
68713
68726
68731
68734
68837
68842
68858
68877
68891
68892
68933
68992
69037
69102
69109
69176
69180
69187
69286
69304
69305
69313
69343
69404
69437
69445
69456
69469
69491
69499
69537
69557
69568
69589
69639
69644
69658
69663
69767
69799
69818
69829
69928
69964
69968
69973
70004
70007
70016
70039
70091
70113
70120
70147
70159
70214
70245
70259
70267
70318
70321
70492
70505
70507
70549
70574
70602
70604
70661
70717
70763
70788
70813
70881
70909
70977
71060
71095
71163
71263
71318
71324
71335
71417
71440
71501
71509
71522
71566
71589
71591
71603
71615
71618
71631
71640
71674
71689
71708
71772
71779
71781
71787
71826
71838
71861
71863
71898
71963
72092
72114
72137
72185
72189
72221
72254
72287
72471
72491
72594
72661
72665
72684
72712
72750
72775
72808
72811
72812
72912
72920
72961
73016
73016
73074
73091
73164
73172
73182
73197
73304
73311
73311
73339
73352
73365
73395
73416
73425
73434
73462
73468
73598
73598
73602
73663
73724
73793
73812
73854
73878
73879
73891
73896
73955
73976
74000
74001
74041
74069
74076
74100
74160
74186
74197
74230
74266
74305
74346
74396
74406
74434
74477
74486
74539
74587
74602
74607
74620
74643
74660
74668
74683
74727
74736
74745
74756
74759
74762
74810
74890
74895
74965
75046
75065
75149
75149
75160
75191
75298
75300
75306
75307
75324
75356
75373
75384
75426
75485
75509
75537
75570
75570
75571
75584
75585
75637
75669
75678
75721
75754
75779
75849
75854
75876
75895
75897
75916
75920
75949
76079
76088
76174
76194
76208
76236
76243
76258
76266
76283
76304
76351
76370
76385
76406
76474
76559
76580
76657
76742
76778
76810
76872
76896
76897
76935
77006
77018
77042
77083
77090
77142
77149
77151
77205
77260
77298
77313
77314
77322
77324
77368
77379
77424
77441
77441
77457
77476
77485
77494
77494
77528
77575
77650
77655
77672
77741
77778
77899
77903
77911
77957
77988
78096
78169
78172
78229
78232
78237
78243
78258
78265
78296
78331
78345
78396
78472
78527
78545
78576
78594
78631
78743
78771
78776
78790
78891
78901
78964
78986
79147
79171
79176
79184
79219
79233
79269
79326
79359
79368
79388
79403
79419
79424
79439
79443
79451
79514
79524
79544
79733
79766
79783
79828
79846
79877
79918
80003
80123
80225
80380
80396
80402
80410
80423
80452
80452
80503
80513
80530
80547
80587
80600
80608
80698
80712
80785
80810
80813
80844
80877
80897
80935
80945
81020
81034
81085
81093
81111
81124
81169
81171
81251
81282
81291
81295
81385
81403
81448
81504
81515
81529
81534
81556
81606
81639
81639
81693
81718
81720
81837
81877
81927
81929
81944
81956
82000
82064
82075
82111
82124
82133
82155
82242
82243
82260
82263
82266
82271
82299
82306
82324
82362
82418
82452
82508
82601
82688
82713
82737
82748
82812
82917
82940
83016
83038
83068
83186
83191
83252
83350
83533
83583
83606
83630
83647
83678
83707
83773
83780
83780
83814
83910
83910
83957
83969
83984
84128
84141
84194
84247
84282
84284
84346
84379
84391
84453
84455
84471
84479
84601
84619
84620
84630
84666
84747
84781
84813
84849
84955
84962
84965
84979
84983
85099
85111
85139
85140
85154
85160
85196
85213
85258
85320
85341
85438
85488
85500
85542
85564
85578
85630
85718
85719
85734
85737
85809
85883
85889
85921
85965
85982
85983
85991
86003
86028
86033
86039
86103
86104
86109
86156
86160
86207
86208
86248
86257
86258
86299
86334
86392
86471
86484
86536
86597
86622
86652
86662
86683
86686
86699
86799
86819
86854
86869
86873
86940
86943
86954
86963
86969
86979
87010
87014
87071
87174
87207
87258
87288
87332
87384
87410
87429
87434
87436
87447
87472
87490
87493
87508
87509
87540
87561
87575
87594
87628
87635
87675
87735
87876
87892
87903
87955
88060
88076
88103
88143
88179
88234
88259
88304
88309
88310
88348
88437
88442
88452
88471
88491
88531
88533
88569
88569
88598
88761
88808
88818
88836
88836
89022
89031
89106
89123
89172
89187
89200
89210
89245
89326
89361
89397
89412
89428
89460
89492
89513
89521
89570
89594
89634
89705
89749
89790
89800
89839
89881
89899
89913
89928
89953
89953
90101
90110
90150
90162
90227
90270
90433
90456
90472
90473
90488
90502
90547
90553
90561
90585
90606
90633
90687
90711
90735
90779
90781
90820
90875
90922
90934
90958
90967
91060
91070
91075
91105
91119
91123
91131
91175
91194
91217
91235
91293
91315
91361
91361
91408
91416
91434
91445
91466
91560
91570
91582
91593
91610
91658
91672
91700
91718
91740
91755
91779
91786
91811
91833
91840
91968
91978
92002
92052
92093
92102
92131
92136
92144
92157
92202
92236
92285
92320
92359
92377
92425
92522
92566
92637
92684
92757
92765
92777
92797
92896
92970
93068
93095
93107
93107
93148
93198
93253
93305
93352
93359
93374
93394
93448
93523
93526
93535
93598
93612
93656
93657
93676
93696
93698
93726
93736
93910
93956
94069
94083
94157
94161
94203
94209
94217
94220
94221
94224
94288
94324
94364
94370
94383
94400
94400
94455
94460
94488
94498
94545
94560
94563
94584
94603
94617
94618
94690
94692
94737
94744
94799
94835
94860
94879
94904
94947
95069
95080
95111
95173
95280
95282
95305
95329
95341
95425
95435
95484
95523
95548
95554
95564
95609
95634
95690
95794
95836
95847
95868
95947
96092
96097
96158
96199
96246
96328
96550
96564
96672
96674
96687
96727
96762
96766
96828
96850
96894
96923
96932
96956
96959
96987
96996
97078
97079
97085
97123
97135
97145
97165
97174
97174
97213
97226
97297
97347
97354
97364
97410
97464
97525
97584
97590
97680
97729
97748
97751
97752
97795
97803
97805
97816
97877
97912
97974
98000
98000
98028
98054
98079
98080
98095
98130
98169
98233
98244
98283
98284
98291
98334
98335
98343
98361
98368
98384
98460
98471
98542
98542
98549
98564
98567
98653
98691
98717
98759
98802
98816
98830
98889
98952
99014
99055
99094
99176
99219
99295
99433
99465
99529
99613
99631
99634
99636
99659
99666
99723
99741
99761
99808
99876
99890
99891
99916
99918
99984
100028
100035
100049
100060
100080
100120
100175
100207
100260
100297
100350
100386
100416
100463
100585
100603
100671
100756
100776
100826
100870
100927
100943
100987
101150
101176
101177
101178
101184
101197
101227
101282
101291
101321
101336
101359
101378
101378
101425
101454
101457
101552
101581
101591
101669
101697
101723
101748
101778
101798
101848
101960
101978
101980
101987
102008
102056
102067
102110
102126
102127
102172
102194
102201
102214
102243
102304
102304
102310
102330
102362
102379
102416
102448
102497
102594
102628
102645
102656
102685
102784
102792
102801
102846
102925
102943
103024
103071
103071
103186
103491
103535
103543
103544
103582
103584
103787
103834
103835
103934
104048
104061
104092
104174
104201
104260
104307
104326
104390
104411
104458
104463
104473
104488
104530
104585
104613
104656
104686
104859
104873
104890
104901
104932
104977
105102
105129
105142
105150
105186
105199
105204
105214
105257
105273
105277
105334
105384
105386
105387
105419
105453
105468
105469
105474
105499
105504
105524
105586
105589
105638
105740
105784
105893
105914
105926
105976
106077
106167
106180
106285
106349
106365
106366
106392
106454
106494
106518
106574
106609
106649
106655
106656
106664
106683
106694
106697
106730
106786
106805
106846
106916
106987
107062
107097
107110
107124
107125
107170
107174
107328
107355
107358
107369
107448
107456
107457
107485
107504
107556
107621
107627
107701
107703
107708
107727
107742
107759
107772
107816
107834
107860
107871
107938
107965
108011
108039
108131
108158
108183
108199
108212
108240
108243
108359
108450
108474
108485
108490
108503
108528
108550
108608
108649
108674
108711
108766
108839
108869
108903
108906
108930
109067
109120
109124
109146
109208
109208
109262
109350
109372
109402
109461
109462
109485
109529
109599
109632
109693
109716
109764
109777
109792
109896
109904
109959
110019
110070
110089
110182
110217
110231
110243
110244
110285
110327
110340
110363
110371
110460
110502
110556
110569
110584
110716
110743
110772
110821
110902
111099
111102
111125
111270
111340
111459
111512
111567
111596
111607
111632
111678
111679
111755
111786
111798
111840
111863
111875
111942
111969
111986
112005
112016
112034
112054
112093
112143
112171
112196
112203
112214
112218
112234
112261
112291
112399
112479
112543
112608
112781
112823
112909
112958
112972
112996
113060
113083
113175
113197
113218
113244
113294
113318
113331
113372
113391
113467
113520
113522
113553
113582
113654
113728
113730
113780
113781
113803
113808
113829
113843
113866
113876
113977
113977
114006
114010
114071
114076
114113
114113
114211
114238
114253
114259
114272
114285
114298
114359
114374
114476
114518
114569
114601
114613
114733
114733
114741
114799
114863
114937
114999
115026
115027
115044
115060
115070
115147
115263
115264
115282
115359
115372
115402
115549
115559
115581
115642
115680
115689
115697
115727
115727
115780
115821
115920
115964
116015
116072
116112
116115
116165
116196
116211
116251
116296
116308
116356
116399
116526
116594
116738
116763
116805
116826
116861
116893
116946
116950
116978
117078
117094
117243
117304
117335
117344
117373
117394
117434
117470
117544
117589
117620
117688
117778
117872
117927
117970
118079
118082
118200
118202
118213
118216
118234
118255
118304
118357
118360
118373
118384
118390
118395
118412
118479
118502
118526
118592
118636
118681
118724
118726
118726
118782
118804
118869
118892
118954
118959
119001
119009
119029
119098
119157
119269
119333
119370
119389
119442
119639
119646
119686
119736
119740
119756
119837
119881
119893
119919
119947
120007
120019
120069
120091
120133
120261
120266
120266
120296
120299
120380
120415
120424
120460
120467
120498
120535
120641
120655
120665
120747
120766
120824
120947
121079
121148
121161
121252
121254
121261
121303
121306
121333
121407
121562
121698
121752
121765
121784
121799
121802
121872
121909
121954
121958
121982
122227
122341
122341
122512
122525
122576
122707
122713
122727
122762
122774
122783
122911
122939
123011
123018
123055
123200
123266
123297
123311
123340
123483
123490
123491
123499
123514
123619
123621
123634
123652
123683
123699
123788
123846
123872
123915
123982
123986
124012
124021
124066
124125
124258
124309
124411
124414
124453
124458
124508
124537
124545
124609
124666
124714
124728
124795
124795
124802
124855
124872
124895
124910
124999
125017
125138
125146
125191
125207
125232
125246
125279
125308
125314
125357
125414
125546
125548
125590
125659
125727
125740
125762
125793
125829
125859
125875
125893
125904
126023
126238
126312
126333
126348
126362
126411
126433
126501
126525
126544
126556
126577
126592
126636
126666
126676
126680
126728
126897
126916
126958
126970
126985
127016
127173
127240
127241
127279
127379
127424
127441
127445
127457
127629
127638
127641
127685
127707
127716
127731
127733
127821
127832
127881
127887
127958
127971
127979
128152
128227
128324
128397
128409
128568
128575
128583
128652
128662
128677
128736
128815
128872
128947
129145
129167
129277
129358
129453
129548
129578
129588
129598
129634
129730
129783
129786
129796
129824
129857
129861
129902
129921
129949
129977
130006
130020
130049
130086
130099
130108
130202
130204
130261
130317
130400
130426
130509
130646
130711
130722
130777
130932
131033
131081
131099
131269
131358
131436
131479
131487
131520
131537
131567
131571
131589
131658
131738
131841
131849
131857
131862
131866
132092
132129
132262
132292
132310
132327
132371
132375
132412
132650
132711
132720
132746
132757
132901
132965
132996
133047
133083
133105
133256
133270
133297
133426
133547
133639
133679
133717
133753
133804
133841
133856
133862
133888
133909
133909
134028
134045
134058
134074
134161
134167
134172
134182
134190
134229
134258
134292
134376
134424
134425
134500
134509
134536
134540
134540
134579
134642
134708
134799
134865
134894
134954
135005
135014
135036
135056
135074
135085
135149
135211
135289
135303
135349
135368
135517
135571
135597
135618
135651
135667
135742
135743
135754
135759
135838
135954
135965
135976
136079
136112
136154
136166
136182
136201
136214
136254
136260
136264
136277
136291
136306
136330
136346
136414
136417
136447
136451
136490
136659
136671
136705
136760
136792
136913
136975
137024
137060
137073
137105
137124
137161
137193
137213
137219
137294
137351
137363
137374
137454
137531
137589
137773
137774
137874
137927
137956
137980
138146
138190
138266
138300
138353
138396
138402
138414
138430
138456
138462
138463
138526
138583
138630
138656
138834
138945
138966
139077
139186
139224
139227
139234
139421
139425
139433
139462
139466
139585
139592
139621
139626
139636
139709
139742
139757
139998
140013
140071
140093
140103
140188
140289
140314
140348
140378
140413
140446
140505
140510
140526
140532
140632
140657
140703
140739
140921
140991
141007
141151
141161
141295
141297
141384
141421
141510
141564
141582
141588
141591
141616
141654
141678
141681
141918
141969
141969
141994
142001
142010
142111
142201
142221
142244
142288
142315
142323
142353
142361
142364
142404
142451
142490
142509
142531
142578
142719
142862
142949
142988
143039
143052
143058
143108
143131
143148
143152
143213
143389
143431
143438
143475
143482
143535
143563
143593
143629
143634
143674
143691
143707
143779
143824
143844
143883
143941
143981
143983
143985
144116
144195
144262
144343
144405
144469
144479
144499
144616
144618
144628
144630
144692
144697
144711
144730
144745
144838
144924
144989
145029
145070
145153
145188
145344
145361
145422
145438
145459
145519
145650
145678
145681
145741
145749
145772
145820
145833
145903
145904
145939
145965
146024
146032
146034
146081
146090
146093
146160
146331
146335
146360
146472
146555
146590
146743
146753
146813
146857
146877
146911
146952
147008
147042
147127
147133
147199
147210
147271
147284
147295
147348
147350
147411
147421
147434
147447
147547
147573
147656
147706
147706
147718
147832
147837
147838
147874
147884
147908
148015
148050
148164
148247
148301
148309
148348
148358
148481
148515
148527
148700
148717
148811
148888
148926
149047
149060
149104
149110
149136
149147
149150
149222
149259
149268
149316
149322
149375
149434
149436
149461
149463
149464
149530
149557
149633
149649
149695
149712
149722
149739
149770
149921
149994
150123
150229
150310
150471
150514
150551
150583
150601
150752
150816
150824
150849
150859
150860
150870
150922
150956
151002
151105
151212
151259
151282
151353
151363
151398
151466
151515
151529
151667
151688
151782
151793
151827
151828
152053
152095
152134
152179
152197
152219
152299
152321
152537
152548
152618
152777
152839
152933
152993
153011
153156
153225
153230
153311
153311
153365
153378
153426
153473
153500
153558
153590
153597
153602
153604
153680
153897
153899
153906
153983
154031
154107
154258
154259
154270
154317
154350
154396
154408
154422
154464
154487
154503
154531
154533
154582
154605
154621
154690
154691
154752
154828
154850
154852
154889
154972
154972
154972
154979
155115
155143
155174
155234
155265
155530
155630
155673
155704
155782
155831
155870
155935
155938
155960
156044
156106
156118
156234
156264
156323
156402
156489
156531
156624
156625
156680
156693
156696
156719
156754
156773
156870
157148
157334
157428
157435
157487
157584
157588
157638
157710
157751
157789
157810
157815
157861
157868
157945
158021
158060
158182
158210
158298
158308
158311
158357
158451
158483
158515
158646
158676
158788
158865
158877
158916
158919
158943
159042
159192
159245
159257
159259
159470
159474
159478
159499
159567
159743
159814
159884
159962
159988
160089
160105
160205
160218
160355
160433
160489
160529
160543
160592
160624
160710
160732
160790
160861
160896
160913
160915
161001
161010
161086
161090
161094
161197
161234
161285
161348
161377
161458
161490
161511
161605
161617
161653
161771
161799
162097
162258
162266
162270
162452
162470
162554
162555
162577
162649
162657
162671
162693
162698
162707
162828
162861
162899
162953
162980
163041
163098
163244
163248
163292
163544
163582
163608
163628
163755
163909
163918
163969
164056
164108
164178
164302
164355
164373
164446
164539
164550
164660
164684
164690
164786
164890
164971
165095
165145
165259
165261
165409
165444
165465
165472
165538
165546
165566
165716
165731
165850
165887
165900
165934
165956
165965
166026
166094
166131
166150
166158
166258
166258
166316
166336
166430
166443
166597
166618
166648
166761
166784
166834
166963
166964
167000
167038
167057
167080
167131
167177
167207
167301
167450
167462
167489
167522
167542
167553
167591
167595
167601
167605
167668
167688
167761
167765
167767
167786
167805
167863
167885
167900
167945
168009
168009
168073
168129
168159
168189
168228
168243
168397
168537
168566
168598
168648
168723
168753
168794
168819
168991
169055
169113
169149
169237
169254
169285
169564
169695
169733
169776
169856
169867
169908
169927
169991
169993
170071
170129
170132
170203
170245
170265
170330
170345
170355
170373
170422
170428
170447
170480
170495
170517
170534
170629
170804
170891
171134
171160
171269
171308
171356
171357
171384
171391
171421
171422
171495
171568
171624
171669
171722
171735
171742
171997
172034
172052
172078
172087
172099
172190
172301
172423
172487
172552
172616
172637
172757
172815
172840
172901
173016
173278
173365
173367
173430
173430
173455
173457
173461
173480
173480
173500
173506
173604
173672
173689
173736
173767
173770
173776
173787
173809
173913
173935
173938
173939
174066
174101
174219
174253
174260
174271
174279
174333
174427
174430
174436
174458
174510
174604
174617
174637
174651
174712
174746
174842
174849
174860
174918
174925
174947
174967
174983
174985
175051
175054
175098
175232
175344
175456
175484
175634
175667
175686
175969
176099
176135
176136
176140
176296
176320
176410
176415
176423
176534
176651
176706
176827
176835
176879
176952
176976
177052
177111
177171
177196
177207
177273
177315
177345
177445
177454
177576
177595
177710
177727
177772
177856
177919
177929
177962
178115
178132
178354
178584
178621
178669
178676
178892
178984
179045
179053
179086
179090
179111
179157
179246
179286
179433
179444
179608
179856
179878
179890
179950
180153
180179
180340
180356
180430
180476
180642
180941
181105
181185
181188
181232
181278
181346
181429
181493
181711
181715
181730
181825
181865
182127
182152
182192
182202
182258
182379
182422
182485
182518
182586
182596
182630
182687
182738
182841
182920
182971
182994
183119
183142
183175
183207
183251
183269
183582
183609
183658
183673
183686
183741
183766
183820
183907
183921
184037
184202
184471
184489
184529
184548
184551
184652
184729
184752
184816
184849
184900
184919
184923
184962
185110
185155
185197
185201
185218
185345
185454
185622
185732
185790
185974
185990
186111
186170
186227
186257
186362
186387
186458
186549
186786
186834
186894
186908
186909
186938
187013
187130
187178
187193
187326
187331
187344
187364
187504
187545
187582
187584
187808
187929
187954
187979
187990
187990
188278
188433
188590
188596
188700
188753
188825
188832
189137
189138
189224
189291
189309
189319
189489
189502
189530
189567
189691
189707
189709
189818
189972
190012
190041
190061
190130
190231
190382
190390
190425
190491
190501
190501
190507
190511
190539
190545
190560
190589
190677
190746
190856
190923
190926
190967
191041
191179
191214
191234
191345
191461
191509
191593
191640
191680
191757
191796
191832
191877
191885
191918
192004
192057
192123
192155
192216
192249
192281
192295
192333
192346
192497
192604
192611
192705
192705
192719
192720
192855
192866
193092
193151
193197
193199
193328
193349
193353
193410
193436
193440
193442
193549
193623
193646
193687
193712
193714
193726
193733
193749
193778
193800
193813
193829
193849
193899
193970
193977
194050
194131
194186
194197
194244
194266
194270
194346
194525
194535
194689
194746
194753
194807
194854
194878
194933
194965
195025
195133
195149
195172
195218
195245
195532
195577
195624
195646
195763
195811
195858
195893
196068
196147
196154
196319
196334
196761
196772
196809
196891
196903
196928
197082
197193
197229
197231
197327
197381
197444
197454
197491
197510
197523
197581
197595
197603
197610
197844
197929
198131
198152
198178
198340
198806
198847
198984
199050
199064
199257
199391
199494
199630
199711
199735
199807
199820
200095
200210
200328
200428
200480
200540
200673
200713
200715
200783
200835
201009
201157
201178
201188
201241
201253
201350
201352
201404
201466
201544
201568
201789
201879
201896
201910
201959
201991
202006
202031
202034
202093
202192
202378
202410
202528
202540
202556
202728
202820
202828
202902
202936
202982
203019
203110
203121
203213
203303
203358
203382
203561
203566
203670
203710
203770
203846
203940
203946
203948
204019
204043
204059
204129
204246
204304
204316
204492
204604
204618
204639
204755
204823
204866
204903
205229
205324
205324
205332
205349
205498
205720
205840
205850
205870
205872
205955
205969
206075
206082
206095
206182
206187
206232
206254
206268
206327
206442
206468
206493
206522
206634
206679
206732
206945
207100
207154
207237
207252
207298
207302
207334
207373
207463
207531
207608
207688
207714
207728
207745
207772
207831
207873
207893
207925
207926
207939
207968
208012
208061
208175
208204
208549
208817
209102
209155
209162
209183
209279
209386
209678
209771
209827
209931
209938
210014
210039
210153
210302
210344
210393
210541
210610
210810
210953
211083
211120
211190
211220
211236
211289
211381
211387
211524
211743
211898
211995
212096
212103
212172
212296
212315
212364
212519
212526
212546
212576
212747
212748
212761
212866
212881
212986
212994
213012
213097
213183
213262
213291
213340
213353
213454
213627
213629
213630
213781
213877
213877
213918
213968
213976
214010
214097
214192
214258
214334
214446
214474
214681
214704
214978
215035
215209
215231
215433
215482
215528
215717
215780
215789
215855
215978
216003
216285
216445
216510
216530
216567
216725
216878
216975
216989
217269
217567
217612
217658
217725
217995
218005
218037
218242
218484
218670
218809
218927
219014
219089
219334
219354
219367
219401
219499
219819
219820
219970
220147
220267
220283
220318
220333
220390
220595
220705
220711
220729
220790
220815
220860
220892
221015
221058
221099
221325
221407
221540
221637
221740
221940
222096
222304
222391
222498
222535
222691
222853
222864
222890
222901
223027
223084
223306
223455
223520
223601
223617
223647
223731
223786
223875
223956
224041
224063
224173
224235
224324
224418
224605
224634
224643
224670
224788
224823
224943
224973
225131
225136
225254
225274
225349
225441
225525
225628
226154
226311
226414
226575
226627
226638
226644
226646
226665
226666
226717
226851
226913
227011
227073
227207
227321
227401
227408
227572
227654
227704
227756
227871
227922
228225
228350
228377
228415
228515
228609
228683
228778
228840
229248
229360
229497
229537
229638
229740
229847
229897
229965
230245
230301
230322
230323
230504
230523
230577
230722
230736
230985
231148
231241
231379
231380
231433
231458
231614
231957
232184
232192
232216
232258
232277
232324
232506
232555
232721
232740
232796
232864
232916
232923
232984
233015
233149
233159
233195
233376
233588
233675
233723
233810
233822
233882
234045
234130
234366
234384
234516
234523
234596
234660
234953
235039
235109
235116
235207
235232
235247
235266
235309
235389
235464
235465
235501
235650
235664
235699
235790
235843
235865
235907
235911
235943
236171
236220
236288
236370
236398
236405
236426
236617
236648
236658
236716
236916
236953
237342
237349
237362
237434
237652
237768
237949
238066
238139
238318
238320
238500
238569
238752
239005
239005
239049
239197
239522
239534
239540
239577
239893
239913
240116
240216
240368
240374
240572
240579
240719
240722
240917
241056
241187
241429
241478
241504
241572
241614
241678
241708
241850
242390
242391
242423
242431
242472
242514
242536
243010
243024
243028
243066
243098
243186
243226
243445
243495
243603
243674
243682
243752
243781
243922
244052
244137
244405
244628
244894
244983
245247
245280
245572
246216
246245
246453
246455
246542
246742
246893
246949
247032
247176
247294
247382
247614
247614
247927
247936
247947
248293
248405
248421
248438
248683
248823
248999
249062
249325
249459
249492
249557
249972
250058
250076
250179
250277
250441
250518
250592
250827
250840
250980
251024
251077
251785
252001
252026
252087
252339
252431
252442
252456
252527
252735
252827
253033
253102
253229
253258
253536
253573
253598
253600
253624
253665
253673
253694
254026
254054
254198
254203
254227
254303
254567
254656
254753
254798
254909
255268
255381
255587
255697
255774
256049
256154
256302
256555
256564
256633
256634
256663
256674
256681
256684
256734
256850
256851
256914
257102
257221
257256
257333
257572
257658
257665
257738
257761
257859
257902
257963
257999
258055
258125
258456
258559
258855
258917
258946
259062
259262
259330
259405
259566
259678
259929
260036
260039
260043
260142
260332
260518
260529
260689
260982
261013
261119
261162
261183
261188
261291
261352
261435
261603
261827
262185
262256
262411
262536
262648
262975
263022
263032
263180
263214
263321
263422
263440
263669
263769
263865
263988
264004
264068
264152
264252
264271
264396
264610
264672
264779
264837
264953
265090
265171
265195
265197
265235
265301
265332
265353
265481
265498
265703
265709
265896
265920
265932
265993
266011
266399
266428
266454
266475
266477
266714
267006
267035
267054
267071
267299
267373
267520
267545
267718
267913
267981
268046
268059
268148
268333
268368
268474
268536
268867
269122
269399
269495
269547
269584
269634
269674
269714
269794
269796
269814
269892
269998
270076
270076
270506
270546
270581
270582
270668
270842
270855
270869
270874
270937
271018
271172
271635
271752
271770
271867
272283
272362
272659
272723
272975
273256
273433
273483
273895
274357
274396
274407
274496
275017
275146
275255
275259
275360
275411
275630
275746
275770
276107
276190
276475
276801
276961
277129
277169
277420
277587
277823
277905
278167
278322
278391
278691
278813
279002
279144
279163
279247
279584
279702
279703
280359
280402
280491
280842
280925
281233
281324
282170
282553
282610
282849
282958
283070
283156
283333
283393
283557
283644
283692
283737
283780
283959
284185
284229
284456
284495
284626
285023
285446
285474
285510
285599
285617
285700
285730
286030
286229
286346
286359
286634
286716
286777
286888
286890
286996
287248
287269
287671
287681
287808
287996
288612
288793
289152
290335
290351
290366
290386
290411
290572
290624
290644
290783
290798
290969
291304
291327
291360
291557
291654
291693
291769
292149
292189
292308
292365
292381
292383
292460
292952
293091
293166
293240
293277
293348
293362
293465
293544
293593
293674
293848
294270
294389
294398
294429
294444
294507
294607
294655
295073
295075
295084
295479
295502
295595
295615
295670
295761
295813
295905
295951
296297
296339
296555
296596
296668
296779
296790
296995
297109
297117
297228
297397
297708
297886
298082
298200
298358
298519
299023
299371
299587
299881
299995
299998
300188
300203
300387
300399
300602
300805
301343
301402
301420
301651
301837
301854
302514
302635
303008
303324
303440
303638
303928
303941
304392
304437
305643
305729
306172
306411
306606
307018
307261
307673
307891
307905
308511
308619
308966
309444
309554
309847
310007
310046
310101
311087
311574
312092
312702
313574
313637
313827
313945
314461
314540
315090
315120
315579
315589
315611
315756
315828
316100
316189
316402
316664
316834
316864
317376
317421
317477
317507
317617
317874
317907
318072
318237
318598
318706
319375
319525
319757
319830
319963
320421
320540
320610
320771
320858
320946
321128
321274
321278
321464
321694
322163
322229
322712
322884
323087
323118
323140
323685
324444
324530
324870
324939
324983
325132
325314
325386
325447
325620
326808
327309
327480
327585
327664
327675
327728
327837
328198
328429
328512
328516
328710
328821
329278
329603
330259
330492
330591
330795
331364
331714
331807
331908
331960
332049
333212
333585
333773
333967
334053
334154
334428
334643
334954
334971
335053
335576
335784
336210
336301
336438
337291
337378
337387
337506
337803
338228
338234
338406
338648
339746
340454
340699
340955
341428
342199
342220
342557
342732
343059
343267
343489
343526
343743
343943
344501
344730
344741
344769
344787
345021
345039
345428
345476
345522
345990
346153
346339
347073
347406
347498
348506
348642
349344
349457
349597
349622
350278
351118
352174
352223
352406
352432
352454
352465
352783
353026
353415
353570
353628
353965
354126
354151
354344
354539
354552
354758
354958
355191
355207
355296
355425
355498
355856
355867
356509
356567
356714
356981
357370
357606
357826
358054
358092
358244
358698
359698
359843
360097
360381
360757
361566
362071
362073
362192
362722
362960
363639
363744
364144
364172
364271
364395
364450
364451
365059
365489
365729
365785
365807
366295
366316
367269
367315
367393
367731
367916
368122
368128
368221
368382
368495
370632
371061
371193
371270
371291
371369
372043
372460
372484
372628
373333
373888
373978
374094
375260
375458
375474
375931
375940
376845
377229
377417
377540
379169
379536
380730
381270
381567
381780
382109
382817
382900
383663
384248
385068
385994
386135
386288
386634
387113
387253
387796
388905
389429
389692
390044
390275
390437
390901
391978
392091
393550
393766
394032
394084
394092
395127
395340
395421
395684
397196
397675
397943
398447
398455
399359
400571
400916
401673
401677
402588
402845
403662
404094
404424
404731
405402
407882
408398
409288
412955
413665
413757
413960
413980
414989
416175
417167
417470
417676
418739
420573
424422
424735
425263
425977
427023
427878
428251
428736
429392
431373
431972
432988
434049
434228
435696
436766
436830
438371
438872
439845
441655
448086
448223
450285
450779
452332
452606
454438
454639
454715
456315
456596
457000
458077
459575
460197
461444
467035
468779
469299
470840
471014
472048
472352
475681
477916
478740
480330
481873
482736
484253
484905
486633
490542
492536
495540
497581
498223
505437
507182
511146
511179
521087
526544
529671
532684
547144
547589
566916
569596
600652
626538
