0
0
9
38
190
265
301
435
455
466
521
578
678
711
751
762
800
945
965
1061
1087
1138
1167
1283
1287
1322
1390
1455
1467
1467
1601
1622
1694
1735
1820
1827
1883
1976
2004
2032
2051
2053
2086
2142
2245
2266
2273
2282
2344
2370
2428
2433
2476
2498
2522
2532
2557
2638
2659
2670
2673
2681
2732
2839
2961
2987
3028
3097
3148
3225
3368
3460
3611
3677
3817
3848
3861
3883
3955
4098
4099
4279
4362
4366
4509
4514
4659
4945
5052
5110
5155
5175
5195
5222
5475
5483
5485
5569
5810
5812
5833
5862
5883
5893
5906
5934
5963
5976
5992
6035
6062
6109
6153
6156
6165
6185
6240
6331
6465
6544
6612
6666
6763
6777
6791
6868
6941
6941
6960
7017
7035
7107
7129
7169
7242
7263
7407
7428
7429
7443
7451
7498
7503
7576
7643
7744
7746
7875
7895
7932
7956
8023
8057
8110
8114
8157
8468
8469
8646
8682
8702
8749
8869
8959
9236
9386
9420
9481
9610
9663
9701
9709
9720
9743
9743
9778
9801
9831
9894
9923
9969
10189
10272
10338
10339
10391
10500
10525
10546
10555
10564
10569
10705
10800
10801
11085
11106
11184
11252
11275
11379
11438
11451
11463
11557
11650
11670
11678
11701
11713
11769
11794
11895
11951
11987
12005
12074
12098
12140
12218
12278
12394
12492
12522
12649
12667
12698
12699
12742
12966
13000
13035
13047
13076
13087
13216
13326
13337
13389
13394
13478
13554
13684
13780
13811
13976
13991
14034
14068
14077
14260
14332
14334
14562
14632
14789
14841
14859
14866
14942
14956
14972
15105
15180
15247
15360
15366
15514
15624
15639
15662
15686
15714
15766
16010
16070
16090
16098
16110
16133
16222
16227
16276
16353
16468
16542
16544
16571
16601
16624
16640
16757
16818
16831
16833
16841
16976
17247
17250
17277
17330
17337
17363
17412
17472
17514
17554
17583
17633
17643
17653
17784
17868
17903
17965
18003
18047
18067
18096
18145
18189
18263
18281
18343
18345
18370
18388
18392
18450
18537
18578
18609
18787
18814
18853
18888
18955
18969
19011
19046
19104
19151
19170
19202
19480
19499
19591
19707
19728
19943
20031
20117
20197
20282
20405
20440
20463
20474
20541
20542
20615
20795
20802
20969
21006
21029
21070
21141
21178
21181
21226
21271
21273
21286
21348
21448
21457
21615
21689
21730
21733
21741
21779
21779
21803
21907
21955
22026
22135
22136
22190
22210
22218
22309
22319
22465
22477
22565
22566
22579
22634
22690
22993
23184
23221
23300
23339
23341
23441
23519
23600
23623
23640
23760
23785
23875
23997
24035
24051
24145
24285
24299
24311
24460
24489
24571
24666
24688
24742
24748
24832
24906
25107
25159
25192
25195
25318
25391
25425
25535
25629
25651
25750
25883
26011
26062
26096
26114
26140
26219
26266
26483
26624
26633
26675
26697
26707
26717
26807
26827
27045
27062
27088
27223
27238
27407
27505
27705
27720
27780
27990
28016
28020
28043
28066
28112
28248
28254
28272
28296
28411
28562
28581
28597
28604
28858
28901
29039
29105
29183
29219
29226
29330
29375
29404
29457
29468
29500
29504
29527
29537
29616
29650
29687
29706
29819
30181
30224
30296
30300
30320
30338
30417
30522
30526
30580
30610
30747
30780
30888
30904
30937
31110
31117
31223
31345
31461
31482
31510
31587
31608
31640
31667
31682
31688
31869
31945
32027
32027
32070
32078
32094
32100
32119
32133
32178
32208
32224
32233
32239
32312
32352
32542
32605
32616
32754
32894
32908
32938
32951
33130
33227
33242
33301
33401
33549
33589
33755
33808
33852
33972
34097
34158
34225
34277
34290
34335
34367
34510
34622
34625
34662
34674
34684
34699
34744
34766
34832
35139
35176
35206
35229
35256
35375
35447
35610
35667
35733
35751
35802
35836
35892
35902
36010
36063
36069
36087
36116
36121
36250
36348
36487
36488
36596
36704
36773
36778
36867
36881
36931
36965
36967
36967
37252
37368
37377
37438
37510
37586
37668
37890
38053
38056
38102
38119
38134
38235
38242
38248
38273
38283
38361
38369
38385
38417
38430
38460
38495
38514
38515
38561
38565
38630
38711
38794
38836
39041
39076
39201
39282
39467
39485
39517
39530
39571
39623
39649
39752
39855
39867
39874
39899
40107
40182
40323
40328
40407
40462
40465
40621
40649
40690
40783
40831
40837
40879
40895
40900
40910
40921
41208
41213
41240
41361
41398
41443
41559
41639
41713
41723
41755
41780
41814
41905
41999
42094
42099
42168
42208
42243
42307
42316
42324
42369
42397
42402
42447
42448
42545
42587
42777
42850
42903
42963
43112
43133
43169
43206
43226
43271
43274
43337
43423
43450
43701
43956
43960
43978
44043
44064
44071
44114
44128
44224
44283
44497
44588
44720
44789
44811
44850
44929
45003
45118
45143
45183
45248
45345
45361
45429
45435
45449
45449
45452
45477
45508
45597
45633
45678
45732
45844
45886
45978
46025
46055
46068
46118
46173
46190
46271
46273
46327
46337
46352
46525
46531
46554
46757
46855
46926
46950
47015
47037
47134
47219
47396
47462
47492
47521
47564
47648
47824
47895
47982
48023
48049
48098
48242
48267
48308
48323
48432
48457
48537
48543
48552
48586
48648
48716
48762
48790
48892
48976
49129
49143
49146
49631
49644
49700
49822
49834
49966
49985
49988
49993
50228
50302
50324
50325
50379
50415
50571
50575
50778
50813
50875
50941
51018
51126
51132
51203
51211
51246
51284
51302
51335
51337
51354
51372
51460
51508
51520
51574
51653
51689
51752
51759
51818
51822
51923
51977
52009
52009
52118
52212
52271
52291
52310
52400
52462
52498
52524
52528
52577
52578
52595
52602
52657
52787
52871
52873
52893
53038
53072
53105
53176
53186
53226
53391
53401
53416
53486
53490
53651
53725
53728
53759
53884
53959
53982
54237
54273
54278
54322
54434
54510
54521
54537
54558
54564
54571
54598
54600
54636
54654
54762
54782
54840
54960
55029
55119
55152
55442
55588
55595
55790
55791
55806
55865
55875
55966
56074
56131
56150
56263
56276
56309
56440
56442
56509
56526
56565
56590
56603
56609
56680
56713
56788
56953
56970
57004
57055
57200
57300
57567
57651
57695
57703
57718
57741
57799
57868
57999
58011
58034
58050
58054
58059
58226
58505
58593
58610
58615
58787
58823
58896
58906
58945
59056
59115
59122
59204
59289
59314
59361
59370
59380
59428
59529
59626
59779
59884
60106
60169
60282
60370
60539
60616
60619
60691
60753
60870
60958
61360
61439
61488
61556
61593
61623
62133
62198
62233
62361
62525
62557
62575
62730
62985
63208
63371
63452
63553
63576
63632
63665
63767
63807
63825
63860
64024
64086
64134
64153
64168
64230
64264
64265
64416
64435
64444
64505
64507
64548
64645
64838
64968
65117
65123
65342
65457
65514
65531
65731
65803
65850
65940
65967
65981
66014
66063
66086
66279
66287
66306
66322
66477
66483
66581
66719
66877
67112
67134
67140
67188
67213
67229
67261
67305
67333
67340
67361
67397
67452
67499
67519
67548
67549
67555
67567
67641
67660
67808
67943
67944
68006
68007
68021
68345
68643
68790
68901
68910
68965
69244
69254
69362
69398
69465
69553
69556
69663
69777
69807
69883
69966
69973
69978
69980
70003
70060
70064
70074
70184
70306
70549
70566
70663
70685
70799
70845
70846
70923
71034
71041
71046
71105
71140
71208
71376
71518
71570
71732
71814
72223
72360
72514
72524
72555
72660
72662
72674
72775
72795
72898
73130
73136
73189
73219
73232
73274
73300
73581
73593
73632
73665
73698
73816
74069
74142
74165
74189
74354
74406
74437
74557
74635
74652
74739
74824
75037
75038
75055
75090
75111
75132
75242
75249
75279
75319
75326
75328
75331
75334
75379
75379
75433
75454
75575
75579
75581
75682
75781
75792
75829
75837
75857
75923
75927
75950
75971
76045
76099
76100
76144
76202
76435
76532
76604
76646
76864
76874
76890
76897
76923
76964
77051
77060
77158
77190
77271
77315
77320
77328
77346
77358
77423
77779
77853
77969
77981
78063
78120
78224
78320
78340
78385
78400
78416
78557
78610
78685
78742
78760
78867
78883
78920
78999
79010
79074
79154
79181
79205
79279
79537
79607
79620
79750
79884
79905
80110
80162
80211
80214
80220
80230
80461
80503
80626
80632
80744
80862
80893
80942
80982
81028
81096
81105
81116
81150
81230
81235
81286
81336
81451
81489
81499
81539
81617
81657
81727
81751
81813
81825
82037
82108
82444
82471
82474
82487
82584
82763
82786
82829
83061
83101
83123
83160
83290
83388
83618
83621
83732
83804
83887
84120
84395
84405
84474
84474
84487
84494
84625
84631
84631
84746
84771
84853
84937
85094
85116
85120
85260
85493
85555
85555
85556
85580
85610
85664
85856
85879
85930
85970
85986
86174
86177
86218
86277
86513
86556
86752
86864
86913
86921
87006
87026
87033
87105
87135
87355
87411
87454
87547
87727
87767
87770
87853
87900
87949
88120
88140
88184
88202
88238
88304
88318
88399
88521
88528
88595
88616
88620
88898
88990
89200
89221
89249
89269
89309
89691
89691
89842
89901
89934
89983
90090
90186
90241
90242
90360
90418
90429
90467
90507
90661
90682
90727
90834
90942
90946
90984
91150
91236
91300
91304
91412
91455
91488
91590
91615
91686
91783
91921
92065
92079
92165
92230
92251
92302
92334
92449
92457
92491
92543
92551
92683
92825
92830
92920
92927
93226
93259
93662
93737
93756
93766
93926
94092
94223
94230
94246
94357
94690
94746
94833
94856
94943
95119
95120
95210
95256
95331
95478
95503
95508
95528
95690
95841
95857
95996
96036
96120
96237
96238
96376
96434
96487
96525
96547
96639
96714
96744
96748
96780
96791
96791
96927
97039
97064
97075
97171
97227
97360
97421
97427
97455
97477
97516
97537
97555
97557
97561
98001
98068
98132
98429
98460
98484
98537
98612
98679
98789
98857
98861
98920
98988
99012
99048
99069
99098
99100
99117
99213
99248
99257
99269
99331
99432
99635
99793
99900
99987
100033
100184
100330
100514
100539
100702
100707
100784
100849
100885
100902
100905
100910
100927
100964
100984
101011
101115
101242
101291
101302
101368
101412
101418
101452
101507
101520
101619
101726
101746
101906
101915
101916
101982
102071
102097
102122
102130
102140
102208
102216
102322
102657
102707
102752
102925
103062
103070
103178
103204
103232
103319
103331
103485
103530
103563
103635
103640
103756
103805
103819
103907
103944
104148
104270
104422
104435
104602
104617
104794
104883
104901
104910
105096
105170
105243
105516
105576
105586
105621
105781
105790
105828
105985
106041
106087
106211
106297
106314
106464
106475
106538
106571
106716
106728
106791
106798
106808
107161
107170
107287
107309
107459
107495
107561
107564
107580
107713
107715
107725
107774
107855
107917
108048
108116
108182
108305
108326
108411
108461
108572
108723
108725
108742
108785
108819
108822
108862
108885
108998
109206
109280
109378
109603
109611
109658
109661
109684
109818
109918
109932
109969
110001
110196
110201
110254
110351
110363
110385
110457
110498
110540
110547
110587
110669
110712
110728
110764
110768
110771
110783
110841
111008
111027
111031
111290
111492
111524
111753
111801
111820
111894
112161
112196
112264
112331
112361
112574
112599
112625
112643
112707
112772
112889
112926
113030
113095
113220
113301
113453
113529
113674
113680
113763
113807
114050
114068
114180
114269
114384
114408
114514
114534
114571
114588
114840
115085
115111
115309
115407
115479
115500
115543
115578
115620
115728
115848
115971
116012
116012
116221
116378
116473
116672
116677
116697
116703
116728
116810
116811
116942
117007
117082
117119
117220
117235
117251
117297
117321
117345
117587
117725
117803
117916
117936
117975
118037
118080
118090
118099
118338
118387
118400
118458
118501
118546
118634
118836
118905
119129
119223
119396
119408
119454
119612
119800
119847
119900
119910
119978
120014
120292
120413
120430
120518
120611
120730
120785
120845
120925
120937
121135
121268
121300
121307
121371
121386
121459
121475
121487
121561
121606
121728
121897
121908
121934
122077
122183
122250
122306
122317
122412
122495
122518
122705
122741
122757
122986
123153
123216
123253
123302
123311
123317
123344
123487
123588
123679
123688
124009
124215
124301
124439
124672
124750
124829
124925
125061
125097
125231
125240
125257
125531
125605
125671
125734
125951
126023
126139
126178
126195
126251
126304
126315
126338
126537
126599
126696
126699
126789
126837
126887
126949
126976
127042
127081
127081
127087
127139
127159
127365
127451
127467
127582
127605
127646
127683
127693
127724
127737
127809
127840
128062
128198
128320
128323
128644
128820
128923
128941
129056
129065
129199
129258
129370
129552
129558
129784
129789
129794
130006
130260
130386
130447
130489
130688
130823
130852
131028
131040
131090
131171
131475
131480
131612
131749
131762
131988
132031
132099
132218
132544
132878
132922
132927
133053
133111
133126
133834
133883
133908
133946
133977
134038
134039
134093
134194
134195
134227
134260
134440
134493
134745
134866
135038
135039
135114
135207
135239
135579
135691
135846
135912
135979
136001
136293
136369
136462
137092
137227
137239
137373
137416
137425
137537
137578
137726
137757
137768
137785
137791
137819
137869
137880
137943
137943
137967
137989
138119
138151
138299
138443
138487
138514
138859
139013
139066
139150
139335
139597
139792
139849
140049
140158
140249
140250
140748
140841
140900
140932
141029
141209
141214
141217
141325
141381
141611
141631
141661
141715
141866
141866
141869
141966
142021
142091
142244
142281
142459
142492
142534
142891
143110
143241
143264
143436
143480
143520
143765
143863
143976
144292
144354
144387
144431
144555
144620
144660
144854
145122
145134
145216
145227
145237
145389
145645
145690
145708
145819
145844
145878
146050
146075
146121
146201
146256
146368
146520
146588
146659
146930
146956
146957
147026
147080
147276
147336
147344
147524
147651
147737
147812
148083
148092
148133
148262
148397
148408
148504
148666
148791
148800
148824
148978
149078
149358
149574
149603
149664
149737
149757
149797
149878
150013
150067
150271
150356
150403
150420
150813
150822
150928
151232
151375
151390
151392
151570
151708
152119
152195
152218
152284
152371
152375
152450
152484
152511
152557
152600
152841
153283
153295
153374
153461
153507
153547
153611
153653
153676
153837
153843
154039
154039
154096
154494
154549
154563
154676
154837
155391
155461
155622
155720
155769
156161
156215
156311
156461
156651
156723
156881
156982
157078
157134
157263
157704
157774
157900
157936
158034
158067
158237
158242
158414
158637
158647
158793
158800
158952
158964
159174
159250
159260
159284
159545
159835
160073
160207
160283
160308
160421
160433
160448
160457
160867
160945
160948
161120
161223
161422
161507
161660
161741
161874
161992
162028
162549
162748
163199
163273
163385
163646
163674
163811
163835
163843
164027
164151
164504
164549
164586
164862
165166
165190
165213
165305
165751
165771
165843
165994
166111
166355
166398
166611
166710
166802
166802
167010
167054
167097
167163
167187
167194
167366
167376
167456
167457
167572
167665
167852
168309
168383
168441
168512
168771
168972
169100
169144
169322
169393
169892
169934
169983
170086
170151
170308
170331
170709
170769
170845
170849
171208
171220
171267
171373
171415
171533
171608
171716
171825
172151
172239
172256
172290
172428
172463
172473
172496
172579
173113
173358
173360
173569
173655
173791
173996
174104
174129
174187
174197
174228
174425
174569
174934
174939
175150
175159
175220
175247
175403
175473
175699
175752
175771
175813
175820
176144
176180
176510
176524
177096
177414
177474
177494
177641
177659
177788
178135
178177
178350
178475
178597
178672
178682
178792
178865
178867
179003
179083
179319
179400
179643
179703
179767
179989
180232
180341
180439
180651
180671
180749
180959
181213
181231
181292
181355
181428
181609
181639
181829
181933
181940
181951
182010
182133
182247
182455
182545
182631
183269
183276
183352
183391
183402
183795
183893
183927
184185
184742
184753
184761
184792
184828
185076
185340
185367
185468
185529
185530
186195
186208
186313
186380
186596
186701
186762
186788
186988
187098
187138
187161
187499
187539
187740
187825
187861
187885
187954
188091
188167
188541
188646
188815
188833
189071
189150
189379
189598
189917
190083
190199
190526
190722
190757
190874
191091
191305
191307
191512
191524
191885
192063
192144
192386
192558
192686
192774
192933
193087
193218
193221
193226
193237
193299
193309
193395
193506
193519
193647
193993
194129
194192
194208
194304
194332
194579
194582
194598
194851
194928
195233
195312
195324
195861
195902
196013
196049
196069
196265
196355
196366
196441
196722
196747
196897
196902
196927
196990
197059
197095
197207
197225
197555
197573
197573
197996
198020
198246
198265
198332
199349
199616
199635
199662
200242
200243
200445
200504
200564
200943
201020
201063
201398
201517
201539
202131
202145
202252
202700
202888
203019
203072
203281
203451
203681
203689
203902
204116
204220
204518
204650
204676
204676
204709
204915
205038
205464
205533
206207
206456
206922
207335
207346
207513
207727
207918
208031
208038
208076
208155
208415
208864
208920
208999
209001
209136
209276
209536
209626
209677
209727
209748
209812
209879
210088
210237
210264
210264
210467
210551
210591
210926
210964
211269
211305
211337
211438
211779
212267
212505
212803
212893
212922
212961
213047
213188
213250
213316
213410
213654
213916
214182
214444
214700
214932
215841
215950
216048
216226
216411
216601
216751
216969
217003
217140
217180
217188
217295
217565
217588
217958
218099
218291
218500
218552
218763
218824
219241
219466
219756
220157
220179
220731
220954
221026
221086
221282
221522
221562
221631
221986
222007
222156
222345
222693
222767
222842
223261
223824
223948
224048
224123
224258
224440
224536
224582
224714
224763
224813
224930
225065
225093
225223
225239
225573
225719
225741
226202
226390
226658
226955
227000
227483
227648
227703
228013
228284
228339
228552
228803
228868
228935
229386
229461
230192
230200
230340
230475
230493
230552
230752
230938
231158
231310
231590
232014
232068
232220
232824
233291
233428
233594
234008
234051
234461
234760
234982
235184
235236
235649
235735
235770
236402
236596
236643
237056
237110
237137
237362
237431
237550
237585
238266
238902
238989
239208
239294
239612
239842
240018
240375
240392
241101
241318
241417
241476
241517
241718
242136
242495
242792
243251
243255
243432
243545
244327
244663
244816
244952
245066
245239
245448
245844
245931
245996
246009
246046
246180
246396
246962
247041
247336
247339
247378
247450
247483
247742
247996
249824
249895
249974
250014
250329
250669
251826
251836
252159
252274
252814
252879
253278
253329
253647
253977
254014
254498
254776
254939
256098
256111
256299
256494
256665
257221
257250
258018
258254
258474
258803
259127
260156
260355
260399
260782
261032
261164
261459
261724
261794
262337
262473
262895
262936
263102
263113
263266
263703
263746
263773
263896
264086
264090
264233
264342
264645
264829
265594
265995
266248
266773
266816
266832
267137
267837
268499
269383
269812
270422
270546
271434
271489
271717
271750
272466
272974
273273
273769
274269
274968
275067
275547
276195
277110
277274
277287
277532
277613
278031
278102
278117
278680
279087
279103
280104
280338
280676
280872
280923
281125
281238
281859
281962
282570
284300
284329
285073
285979
286077
286680
286707
287076
288308
288375
288488
288494
289040
289579
289797
290140
290148
290168
290381
290947
290990
291559
292292
292346
292468
292669
293261
293267
293338
293956
294720
294811
295957
295965
296069
296853
298567
298841
298913
299246
299412
299519
299946
300498
300601
300631
301102
301264
301532
301862
301896
301970
302395
303033
304298
304302
304527
305604
305968
306411
307065
307837
308448
309974
310020
310810
310820
310828
311163
312323
312735
313004
313180
313603
313884
314667
315520
316772
316893
317065
317443
317603
318165
318521
318844
319272
320465
321361
321977
321979
322012
322422
322933
324276
324603
324695
324972
325303
326067
326975
327104
327623
329052
330048
330204
330648
330942
331512
332609
333631
334030
334385
334586
335165
335346
335386
335808
337067
337369
338147
338626
339157
339371
339651
339963
340069
340917
344271
345086
345832
345994
346961
346978
347775
348390
348873
349681
349699
349872
349895
350251
351842
352491
352521
352914
353271
353493
354279
354304
354444
354663
355331
357237
357559
357601
357872
358188
359770
359948
360524
360544
360707
361027
361363
361546
364148
364278
366386
367903
368139
368842
369673
369811
370447
371751
373054
373239
373872
375844
375984
376474
377350
378706
379491
379855
383143
384709
384739
386941
389392
391832
392478
394218
394251
395030
397082
397153
397297
399030
399066
399412
401521
401629
404620
404914
410739
410999
412521
413056
413776
414686
417355
417578
418577
418825
421687
421735
423393
425974
426586
428408
430018
436744
437276
438887
439059
447431
449297
450900
458624
459858
469150
471553
474929
476671
478455
482242
499318
500715
507012
508537
509405
509888
510407
516884
516897
564177
582659
585237
