0
0
281
293
304
304
322
323
382
394
586
592
656
664
669
729
731
752
767
767
786
831
905
973
1066
1097
1110
1114
1140
1219
1223
1226
1270
1337
1410
1514
1526
1562
1582
1593
1655
1891
1930
1940
1976
1996
2035
2058
2064
2120
2179
2255
2357
2369
2443
2456
2466
2473
2496
2529
2686
2769
2800
2857
2881
2907
2966
3144
3174
3244
3345
3346
3353
3354
3358
3474
3508
3509
3512
3553
3574
3662
3684
3745
3751
3842
3875
3934
3960
3996
4027
4031
4039
4044
4133
4165
4228
4258
4289
4372
4395
4426
4506
4522
4563
4568
4635
4648
4679
4681
4741
4748
4782
4782
4804
4835
4840
4844
4925
4950
5025
5178
5244
5252
5330
5352
5370
5408
5511
5525
5609
5622
5680
5682
5714
5732
5738
5738
5811
5838
5907
5911
5931
5958
5968
5989
6016
6121
6138
6162
6178
6236
6272
6305
6305
6459
6470
6519
6552
6584
6613
6631
6632
6717
6942
7027
7107
7138
7147
7195
7227
7332
7333
7378
7476
7539
7577
7588
7602
7699
7720
7751
7920
7941
8012
8049
8135
8222
8297
8310
8313
8324
8339
8423
8466
8556
8634
8659
8664
8681
8709
8724
8754
8774
8778
8835
8975
9030
9129
9250
9289
9294
9388
9441
9448
9451
9515
9680
9711
9728
9799
9865
9895
9915
9918
9941
9951
9957
9969
9990
10087
10163
10203
10254
10260
10264
10337
10422
10445
10447
10561
10608
10704
10832
11039
11118
11161
11199
11228
11232
11283
11314
11326
11335
11384
11394
11456
11466
11469
11490
11500
11608
11720
11784
11808
11814
11823
11856
11867
11868
11909
12033
12038
12047
12084
12104
12117
12142
12172
12210
12214
12351
12510
12562
12575
12598
12619
12632
12734
12778
12804
12900
12942
13111
13172
13204
13256
13333
13344
13414
13434
13476
13530
13534
13549
13580
13642
13693
13693
13807
13975
14009
14032
14050
14102
14147
14155
14155
14210
14220
14227
14240
14270
14328
14394
14482
14506
14515
14551
14573
14591
14620
14621
14675
14681
14697
14725
14747
14751
14753
14795
14864
14976
15028
15274
15360
15370
15389
15418
15439
15539
15579
15588
15649
15656
15659
15854
15880
15892
15979
16040
16061
16064
16087
16089
16108
16122
16164
16168
16186
16268
16290
16304
16309
16324
16349
16389
16510
16526
16568
16675
16834
16873
17006
17009
17033
17114
17116
17132
17159
17221
17224
17262
17342
17375
17480
17493
17534
17584
17615
17795
17801
17813
17832
17962
17972
17997
17999
18004
18018
18072
18103
18132
18142
18192
18222
18245
18272
18319
18424
18540
18551
18582
18598
18606
18606
18667
18673
18691
18709
18753
18754
18815
18861
18878
18887
18892
18906
18933
18965
18982
19047
19176
19206
19238
19259
19275
19297
19306
19329
19367
19471
19538
19550
19612
19628
19634
19651
19699
19820
19852
19899
19914
19925
19978
20022
20029
20085
20133
20136
20174
20203
20220
20294
20356
20365
20387
20557
20567
20572
20612
20620
20748
20774
20832
20865
20983
21003
21015
21033
21092
21118
21245
21265
21298
21360
21374
21476
21558
21585
21610
21646
21649
21806
21875
21882
21998
22051
22083
22126
22176
22259
22264
22279
22341
22364
22374
22415
22435
22505
22523
22601
22640
22695
22709
22713
22805
22863
22904
22990
22991
23030
23104
23271
23272
23351
23353
23469
23560
23565
23646
23651
23703
23736
23827
23834
23837
23865
23906
23922
23988
24051
24123
24171
24184
24193
24238
24244
24252
24289
24383
24397
24427
24450
24491
24494
24515
24565
24618
24650
24650
24690
24690
24698
24699
24779
24780
24855
24869
24949
24986
25008
25024
25110
25121
25121
25133
25139
25312
25357
25378
25398
25445
25480
25565
25570
25620
25632
25659
25669
25686
25821
25830
25841
25944
25953
26079
26226
26261
26401
26420
26430
26439
26472
26507
26598
26618
26637
26744
26755
26784
26818
26848
26876
26905
26964
26976
26998
27054
27166
27218
27230
27235
27292
27323
27386
27400
27414
27421
27447
27680
27756
27816
27942
28019
28037
28071
28127
28128
28177
28199
28203
28264
28334
28345
28408
28519
28542
28630
28670
28724
28727
28750
28892
28907
28932
28959
29048
29063
29083
29095
29139
29230
29299
29352
29355
29373
29417
29466
29542
29562
29594
29610
29711
29743
29899
29928
29972
30011
30029
30096
30127
30160
30284
30326
30329
30338
30422
30448
30473
30517
30542
30636
30648
30685
30691
30727
30763
30765
30791
30800
30830
30870
30879
30885
30911
30930
31043
31130
31171
31174
31202
31256
31311
31324
31332
31342
31432
31445
31454
31483
31498
31578
31578
31657
31698
31718
31738
31779
31841
31905
31989
32002
32014
32028
32092
32104
32107
32115
32122
32126
32205
32231
32252
32275
32295
32329
32331
32340
32431
32446
32497
32526
32546
32581
32608
32710
32715
32792
32824
32856
32916
33011
33070
33099
33131
33192
33227
33258
33276
33304
33348
33380
33401
33412
33441
33558
33580
33603
33625
33646
33725
33754
33782
33787
33798
33894
33962
33990
34003
34042
34055
34070
34097
34129
34155
34221
34231
34239
34310
34333
34362
34373
34384
34393
34403
34430
34454
34485
34514
34539
34571
34659
34721
34806
34826
34893
35000
35053
35156
35223
35422
35457
35532
35556
35581
35599
35618
35650
35658
35703
35728
35747
35810
35812
35875
35892
35911
35974
36084
36171
36188
36189
36218
36334
36357
36403
36436
36449
36480
36535
36598
36604
36607
36646
36657
36711
36727
36773
36806
36812
36963
37020
37112
37122
37150
37155
37244
37344
37356
37382
37389
37398
37443
37444
37458
37470
37497
37501
37504
37553
37567
37571
37658
37732
37753
37769
37797
38030
38036
38146
38196
38231
38241
38280
38322
38337
38356
38375
38428
38481
38494
38498
38543
38552
38616
38664
38665
38692
38757
38851
38862
38885
38914
38925
38975
38982
39019
39030
39042
39054
39137
39144
39211
39239
39296
39320
39384
39386
39397
39438
39457
39491
39541
39549
39566
39567
39624
39701
39791
39816
39826
39828
39847
39943
39998
40110
40127
40183
40190
40280
40305
40317
40354
40436
40448
40467
40477
40514
40534
40612
40623
40629
40655
40675
40679
40689
40716
40830
40866
40893
40936
40962
40962
41005
41046
41049
41059
41099
41108
41143
41166
41170
41220
41281
41299
41328
41365
41410
41447
41469
41513
41545
41624
41698
41730
41809
41820
41860
41889
41911
41966
42001
42004
42010
42057
42114
42201
42295
42296
42342
42448
42458
42726
42730
42740
42809
42942
42972
42985
43011
43042
43060
43195
43200
43256
43286
43308
43311
43334
43385
43405
43428
43465
43488
43491
43609
43612
43619
43680
43759
43792
43798
43851
43896
43927
43930
44054
44170
44170
44191
44348
44458
44533
44636
44666
44695
44763
44832
44837
44921
44961
45022
45035
45041
45172
45193
45239
45243
45246
45286
45309
45310
45371
45372
45402
45411
45438
45586
45603
45657
45700
45741
45809
45823
45833
45859
46029
46047
46067
46184
46189
46226
46243
46250
46305
46326
46381
46392
46404
46431
46461
46469
46482
46509
46590
46614
46735
46738
46747
46822
46833
46851
46971
47000
47025
47121
47138
47305
47353
47465
47503
47517
47520
47524
47589
47597
47632
47726
47745
47793
47940
48018
48046
48077
48096
48111
48141
48143
48180
48218
48242
48272
48286
48329
48403
48407
48621
48629
48693
48716
48924
48951
48973
48989
49058
49237
49247
49298
49300
49315
49333
49359
49518
49534
49564
49592
49730
49767
49783
49807
49817
49826
49847
49852
49989
50031
50032
50070
50103
50106
50125
50181
50318
50339
50373
50484
50596
50600
50637
50714
50716
50762
50768
50791
50811
50818
50859
50892
50904
50904
50906
50919
50969
50984
51101
51180
51282
51341
51424
51453
51502
51628
51631
51669
51700
51759
51810
51855
51911
51956
51987
52070
52122
52203
52226
52258
52262
52269
52303
52435
52488
52498
52499
52573
52611
52646
52745
52810
52915
52944
52962
52963
53011
53015
53029
53203
53361
53381
53425
53466
53475
53488
53631
53658
53747
53774
53789
53813
53813
53853
53901
53914
53949
54001
54092
54108
54130
54185
54186
54296
54304
54368
54385
54414
54443
54448
54682
54696
54730
54805
54860
54878
54911
54926
54943
55021
55023
55033
55041
55043
55072
55087
55123
55196
55230
55246
55273
55280
55379
55465
55532
55546
55561
55563
55587
55672
55693
55702
55732
55765
55847
55874
55892
55944
55964
55965
55968
55968
55983
56095
56211
56222
56228
56242
56287
56317
56447
56496
56516
56604
56665
56773
56848
56879
56960
57078
57154
57155
57197
57268
57280
57353
57428
57461
57464
57468
57497
57572
57588
57644
57652
57771
57788
57823
57887
57928
57934
57935
57938
57978
58012
58017
58028
58053
58060
58060
58119
58255
58260
58277
58298
58355
58420
58422
58438
58519
58592
58602
58806
58826
58837
58856
58868
58927
59020
59027
59030
59062
59124
59170
59304
59348
59359
59452
59467
59480
59554
59561
59607
59720
59729
59738
59750
59766
59854
59927
59948
59993
60078
60112
60116
60197
60207
60208
60281
60379
60381
60383
60427
60502
60512
60607
60609
60622
60642
60686
60715
60793
60803
60844
60894
60910
60965
60986
61076
61116
61189
61212
61281
61326
61348
61357
61373
61402
61417
61434
61484
61579
61664
61758
61789
61852
62072
62200
62221
62283
62288
62340
62340
62342
62347
62381
62415
62426
62471
62495
62508
62579
62583
62614
62626
62636
62697
62705
62786
62788
62813
62817
62886
63174
63180
63193
63321
63323
63348
63379
63399
63495
63507
63516
63522
63530
63585
63592
63627
63641
63680
63709
63841
63852
63983
64007
64029
64038
64081
64102
64142
64183
64217
64223
64228
64235
64358
64404
64408
64432
64540
64555
64566
64786
64913
64949
65020
65065
65123
65166
65188
65260
65273
65283
65362
65403
65435
65439
65613
65660
65687
65749
65789
65791
65791
65814
65830
65848
65857
65918
65967
65983
65991
66074
66106
66174
66201
66269
66301
66388
66419
66461
66529
66569
66680
66699
66716
66741
66892
67046
67051
67146
67153
67174
67226
67337
67367
67506
67522
67669
67698
67820
67889
67935
67937
67941
68031
68054
68119
68150
68192
68215
68286
68425
68479
68524
68548
68551
68568
68737
68792
68824
68836
68904
68914
68966
68969
69052
69055
69072
69089
69107
69131
69219
69322
69343
69351
69411
69474
69518
69537
69569
69629
69734
69888
69930
69943
69974
70192
70219
70247
70296
70420
70437
70477
70479
70490
70501
70591
70602
70616
70623
70637
70698
70736
70788
70826
70845
70863
70984
71167
71185
71225
71227
71264
71275
71390
71397
71462
71508
71558
71604
71657
71721
71751
71810
71823
71942
72002
72023
72054
72054
72068
72083
72262
72338
72397
72581
72607
72647
72686
72722
72722
72736
72758
72768
72782
72800
72874
72886
72935
72938
73047
73052
73114
73253
73347
73480
73524
73531
73647
73790
73856
73862
73946
73949
73958
73966
73995
74240
74317
74322
74341
74490
74641
74702
74706
74745
74838
74878
74895
74907
74932
74950
75094
75119
75228
75268
75290
75415
75497
75562
75564
75807
75825
75830
76085
76087
76156
76160
76305
76309
76449
76600
76612
76647
76683
76694
76721
76778
76786
76802
76818
76861
76955
76973
77035
77053
77073
77139
77144
77153
77165
77197
77224
77272
77322
77359
77373
77481
77649
77759
77779
77795
77841
77867
77901
77903
77906
77911
77983
78006
78093
78127
78169
78222
78234
78255
78429
78443
78480
78579
78676
78692
78726
78829
78996
79087
79102
79107
79109
79114
79115
79212
79249
79347
79369
79463
79616
79654
79660
79672
79761
79782
79814
79839
79843
79850
79852
79950
80133
80211
80253
80284
80377
80430
80445
80504
80553
80621
80635
80713
80717
80739
80778
80858
80889
80892
80949
81017
81149
81211
81212
81269
81411
81425
81540
81627
81805
81858
81891
81988
82138
82185
82275
82323
82347
82352
82377
82435
82471
82473
82513
82561
82565
82592
82592
82624
82745
82813
82942
82953
83008
83014
83035
83099
83158
83159
83202
83258
83330
83355
83470
83474
83564
83578
83589
83590
83649
83674
83713
83761
83795
83795
83916
84077
84083
84149
84298
84325
84383
84435
84508
84566
84589
84593
84783
84819
84851
84909
85202
85267
85366
85431
85437
85633
85699
85716
85762
85869
85995
86012
86028
86082
86097
86158
86190
86588
86624
86783
86820
86921
86988
87000
87050
87117
87149
87188
87239
87285
87316
87346
87384
87616
87682
87721
87786
87948
87990
88025
88043
88066
88086
88371
88557
88605
88611
88621
88686
88705
88717
88895
88909
88984
88987
89107
89249
89291
89294
89337
89409
89574
89608
89626
89657
89788
89788
89790
89823
89880
89951
89969
89975
90000
90020
90060
90104
90185
90230
90359
90390
90463
90478
90521
90645
90683
90799
90822
90886
90900
91016
91099
91156
91224
91282
91341
91396
91423
91485
91526
91566
91577
91579
91905
91924
92019
92035
92069
92074
92088
92091
92101
92126
92167
92185
92331
92390
92412
92451
92502
92551
92572
92578
92659
92686
92739
92760
92827
92927
93052
93066
93132
93154
93251
93344
93361
93417
93418
93473
93501
93507
93551
93556
93644
93684
93930
93962
94008
94064
94136
94179
94269
94324
94358
94360
94372
94503
94507
94549
94569
94615
94724
94818
94843
94921
94969
95103
95125
95156
95335
95392
95396
95422
95462
95490
95504
95598
95669
95721
95860
95874
95938
95968
95992
96004
96011
96040
96047
96050
96331
96380
96398
96447
96748
96865
96937
97034
97036
97076
97095
97148
97155
97208
97260
97267
97334
97338
97389
97395
97413
97454
97505
97522
97565
97579
97660
97721
97911
97951
97960
97984
98072
98110
98183
98200
98271
98349
98378
98428
98552
98692
98696
98784
98789
98794
98947
98965
99053
99104
99162
99206
99262
99294
99339
99382
99426
99467
99527
99584
99661
99673
99738
99742
99839
99880
99966
99998
100159
100168
100254
100290
100322
100323
100374
100413
100449
100553
100588
100863
100926
100987
101137
101148
101178
101365
101672
101738
101836
101857
101918
101932
101933
102062
102080
102175
102201
102206
102243
102287
102396
102413
102430
102441
102455
102486
102522
102724
102816
102860
103052
103057
103078
103125
103194
103215
103336
103375
103445
103508
103663
103748
103929
103976
104116
104167
104248
104351
104367
104494
104567
104597
104612
104694
104938
104938
104948
104978
105197
105387
105551
105563
105708
105763
105793
105856
105917
105982
105999
106135
106179
106230
106326
106528
106548
106553
106555
106634
106813
107011
107187
107196
107250
107268
107296
107335
107369
107480
107659
107706
107902
108046
108054
108054
108062
108075
108167
108246
108252
108263
108372
108399
108432
108483
108618
108667
108669
108693
108796
108805
108842
108866
108951
109111
109128
109358
109377
109378
109393
109396
109478
109524
109660
109709
109765
109867
109899
109948
110002
110046
110055
110164
110171
110179
110186
110223
110232
110293
110396
110405
110433
110529
110546
110731
110777
110925
110983
111005
111118
111127
111176
111312
111340
111369
111438
111646
111719
111749
111795
111840
111896
111914
111941
111950
112054
112071
112086
112089
112165
112231
112289
112311
112372
112411
112460
112616
112626
112804
112829
112895
113019
113025
113028
113031
113064
113080
113086
113239
113240
113378
113415
113440
113545
113628
113686
113734
113819
113826
113911
114040
114071
114340
114371
114381
114389
114407
114496
114522
114698
114738
114743
114794
114807
114834
114856
114975
115024
115201
115259
115424
115445
115457
115541
115563
115624
115739
115896
115999
116010
116043
116126
116219
116232
116336
116412
116453
116490
116500
116506
116552
116569
116603
116664
116763
116794
116835
116855
116881
116938
116952
116999
117037
117139
117143
117258
117316
117630
117636
117709
117711
117756
117779
117819
117865
117876
117880
117958
117967
118010
118083
118121
118196
118264
118375
118412
118412
118496
118654
118696
118922
119040
119058
119226
119270
119324
119359
119425
119558
119819
119922
120181
120288
120366
120435
120594
120642
120652
120828
121065
121083
121222
121272
121289
121309
121345
121445
121581
121712
121801
121818
121830
121864
121896
121906
121956
121989
122066
122069
122080
122089
122100
122209
122476
122580
122649
122653
122747
122747
122760
122778
122800
122878
122905
122968
123001
123126
123126
123205
123332
123345
123535
123573
123626
123640
123876
123893
123908
123926
123980
123996
124014
124220
124225
124257
124258
124304
124327
124334
124478
124665
124856
124866
124875
124922
124980
125018
125065
125177
125223
125263
125280
125300
125381
125402
125578
125686
125941
125975
125992
125999
126228
126438
126452
126642
126803
126835
126839
126847
126865
126878
126886
127048
127102
127111
127169
127294
127442
127496
127529
127743
127764
127859
127869
127881
128039
128040
128099
128106
128106
128214
128367
128380
128501
128511
128622
129041
129106
129183
129221
129298
129327
129427
129501
129551
129580
129620
129753
129773
129807
129872
129921
129954
129968
130084
130167
130184
130263
130273
130275
130322
130358
130522
130568
130678
130747
130784
130838
130860
130918
130967
130993
131054
131073
131094
131162
131180
131330
131450
131471
131643
131810
131819
132047
132061
132184
132196
132230
132271
132296
132372
132436
132481
132617
132620
132622
132656
132670
132685
132705
132761
132787
132886
132969
133011
133164
133301
133671
133733
133815
133840
133843
133894
133949
133960
134073
134161
134170
134191
134256
134264
134349
134350
134631
134668
134684
134708
134765
134804
135044
135059
135059
135213
135298
135456
135543
135612
135679
135705
135750
135763
135855
135999
136070
136084
136143
136170
136231
136382
136430
136431
136449
136530
136588
136649
136687
136790
136887
136910
136923
136967
136998
137056
137305
137410
137624
137739
137748
137793
137885
137901
138074
138101
138150
138203
138242
138306
138318
138428
138466
138515
138524
138585
138660
139022
139151
139161
139182
139204
139234
139278
139383
139386
139559
139687
139756
139792
139825
139869
139990
140090
140292
140311
140402
140497
140522
140573
140614
140628
140693
140712
140729
140923
141051
141186
141473
141533
141737
141852
141858
141876
142080
142174
142236
142280
142361
142367
142375
142423
142491
142664
142764
142808
142979
143014
143043
143066
143251
143259
143422
143434
143621
143627
143697
143703
143742
143846
143853
143999
144177
144187
144438
144453
144721
144817
144915
144967
145041
145262
145287
145340
145376
145519
145594
145702
145794
145826
146136
146190
146241
146274
146428
146443
146646
146686
146731
146949
147266
147445
147452
147639
147826
147885
148052
148203
148216
148486
148728
148740
148795
148953
149016
149215
149271
149395
149424
149427
149575
149576
149603
149612
149776
149783
149786
149830
149933
149980
150030
150346
150428
150663
150663
150821
150848
151002
151131
151180
151256
151311
151312
151365
151436
151437
151449
151455
151682
151710
151898
151904
151942
151970
152028
152097
152113
152148
152155
152338
152356
152529
152588
152660
152827
152982
153043
153152
153303
153429
153469
153509
153591
153626
153664
153780
153801
153827
154009
154027
154031
154123
154153
154220
154232
154339
154376
154580
154660
154728
154740
154917
154989
155048
155081
155111
155150
155262
155304
155398
155433
155437
155532
155684
155697
155954
156104
156128
156314
156481
156497
156505
156522
156527
156592
156595
156669
156768
156863
156972
157146
157155
157359
157538
157766
157946
158054
158072
158078
158094
158214
158231
158301
158379
158403
158574
158624
158639
158833
159086
159135
159143
159145
159243
159311
159532
159632
159987
160013
160017
160207
160209
160211
160261
160382
160436
160514
160524
160608
160731
160738
160805
160806
160871
160893
160910
160910
161207
161465
161560
161570
161692
161697
161841
161871
161881
161894
161926
161932
161974
162040
162054
162055
162194
162216
162602
162615
162831
163133
163218
163222
163370
163398
163413
163728
163734
163978
164045
164073
164274
164281
164305
164391
164518
164566
164611
164701
164743
164922
164952
164993
165134
165236
165275
165332
165450
165562
165672
165816
165958
165998
166049
166142
166242
166256
166277
166282
166356
166449
166467
166560
166570
166576
166600
166622
166775
166872
166994
167097
167248
167290
167479
167622
167752
167833
167860
167888
167916
167966
167993
167998
168021
168023
168068
168168
168215
168220
168244
168292
168296
168312
168444
168467
168496
168514
168620
168679
168747
168854
168932
168938
169077
169145
169260
169403
169417
169562
169582
169655
169675
169784
169800
169824
169923
170022
170071
170146
170174
170244
170369
170397
170444
170554
170599
170667
170705
170854
170864
170944
171238
171256
171275
171418
171545
171630
171631
171633
171715
171827
171956
172206
172260
172291
172446
172592
172642
172820
172843
173113
173505
173710
173789
173964
173973
174005
174278
174403
174473
174542
174585
174710
174736
174738
174770
174795
174803
174817
174944
175062
175098
175103
175188
175252
175261
175427
175519
175950
176027
176035
176177
176494
176565
176591
176664
176693
176763
176767
176797
176816
176863
176962
177253
177377
177467
177594
177712
177849
177979
178026
178198
178674
178693
178824
178948
179040
179127
179170
179266
179392
179453
179538
179673
179705
179727
179799
179807
179879
179968
180021
180109
180264
180497
180589
180617
180683
180770
180792
180960
180993
181086
181109
181143
181168
181256
181393
181456
181594
181631
181757
181768
182039
182040
182128
182155
182298
182584
182702
182802
183021
183281
183402
183449
183728
183764
183801
183855
183958
184266
184305
184321
184321
184438
184570
184757
184802
184876
184906
184933
184981
185047
185059
185118
185192
185197
185515
185679
185825
185910
185965
186321
186394
186553
186572
186574
186797
186827
186838
186884
187022
187107
187186
187305
187329
187406
187484
187528
187792
187812
187837
187847
187895
187953
187999
188012
188169
188237
188368
188480
188574
188586
188684
188764
189187
189232
189348
189700
189727
189727
189839
190109
190135
190207
190216
190262
190280
190453
190610
190615
190771
190789
190916
191185
191304
191311
191458
191509
191523
191842
191887
192122
192134
192154
192381
192485
192771
192886
193079
193372
193495
193644
193681
193765
193773
194057
194201
194203
194204
194207
194221
194346
194465
194602
194659
194939
195064
195145
195229
195308
195325
195430
195702
195838
195922
196190
196604
196726
197188
197393
197475
197494
197534
197542
197543
197558
197589
197743
197923
197946
198105
198217
198263
198272
198417
198510
198868
198957
199022
199108
199177
199197
199223
199270
199314
199329
199476
199576
199695
199740
199762
200244
200303
200428
200700
200720
200879
200897
200909
201064
201132
201178
201212
201230
201333
201476
201514
201649
201753
201794
201887
202205
202219
202235
202351
202353
202491
202595
202644
202987
203008
203018
203080
203127
203433
203511
203563
203737
203760
203857
203881
203956
203971
204072
204250
204266
204315
204361
204420
204674
204897
205049
205104
205178
205337
205366
205404
205600
205925
206010
206054
206070
206072
206149
206206
206285
206315
206436
206497
206751
206990
207048
207067
207105
207172
207312
207326
207642
207835
208001
208072
208127
208374
208794
208906
208971
209072
209180
209383
209602
209802
209965
210249
210272
210316
210367
210434
210458
210564
210654
210676
210734
210830
210862
211191
211194
211216
211606
211692
211909
211997
212085
212232
212604
212630
212767
212805
212809
213105
213376
213645
213873
213922
214361
214418
214481
214524
214527
214568
214717
215003
215082
215102
215257
215343
215359
215448
215465
215470
215547
216039
216140
216268
216605
216767
216859
217267
217483
217543
217599
217637
217754
217870
217933
218007
218033
218399
218441
218572
218589
218599
218684
218771
218942
218992
219187
219428
219796
219840
219877
219909
220060
220087
220381
220385
221111
221113
221175
221181
221244
221399
221478
221532
221637
221834
221997
222035
222146
222241
222435
222565
222684
222691
222697
223020
223158
223165
223345
223475
223560
223561
223710
223999
224302
224320
224415
224550
224759
225271
225358
225383
225532
225609
225765
225824
226043
226319
226385
226416
226690
227078
227191
227381
227393
227409
227462
227935
228104
228185
228186
228409
228467
228517
228610
228710
228907
229156
229438
229446
229543
229813
229942
230147
230193
230429
230456
230507
230648
230757
230785
230854
230865
231163
231242
231379
231491
232000
232091
232216
232307
232353
232415
232498
232578
232705
232785
232830
232922
232944
233251
233292
233824
233892
234032
234135
234154
234184
234255
234271
234335
234421
234604
234800
235336
235534
235652
235675
235769
235880
235928
236255
236672
236734
236801
236835
236935
236975
237175
237192
237272
237424
237865
238192
238787
239135
239583
239671
239733
239779
239819
239977
240053
240164
240388
240505
240567
240696
240849
240880
240949
241349
241580
241587
241778
242025
242196
242372
242473
242528
242533
242570
242765
243324
243521
243544
243564
243655
243756
243763
244043
244120
244158
244281
244329
244403
244619
244678
245247
245613
245665
245780
246042
246064
246074
246428
246569
246715
246736
246824
247486
247654
248263
248272
248426
248562
248644
248947
248981
249358
250133
250201
250409
250445
250509
250592
250661
250731
251056
251315
251384
251609
251652
251825
252020
252082
252411
253080
253113
253132
253333
253594
253792
254334
254428
254702
254830
255076
255137
255379
255564
255667
256084
256203
256250
256390
256400
256515
256722
257203
257298
257604
257636
257817
257947
257998
258038
258489
258757
258850
258918
258940
258956
259083
259101
259287
260008
260021
260034
260248
260901
261105
261340
261386
261580
261633
261821
261973
262049
262576
262847
263630
263914
264153
264220
264229
264334
264402
264562
264946
265137
265257
265295
265456
265814
266251
266413
266907
267266
267844
267870
268174
268217
268741
268826
268935
269207
269261
269334
269916
270096
270446
270476
270701
270836
271062
271135
271417
271527
271590
271657
271876
272248
272675
272950
273486
273632
273638
274419
274690
275155
275527
276056
276070
276586
276662
276937
277128
277397
277422
277727
277908
278237
278368
278607
278826
278840
279140
279242
279309
279515
279520
279553
279663
279814
279893
279969
280010
280375
280417
280470
280474
280545
280947
281002
281048
281298
281353
281354
281518
281647
281758
282157
282242
282604
282796
282816
282834
283334
283414
283730
283929
283936
283977
284385
284948
285175
285177
285599
285868
285918
286060
286219
286513
286664
287155
287157
287202
287284
287871
288033
288078
288167
288439
288474
289060
289361
289532
289619
289767
289880
289908
289944
289994
290055
290377
290562
290585
290628
291002
291013
291260
292348
292783
292895
292921
293918
293966
294991
295177
295267
295331
295503
296183
296490
296576
297020
297225
298340
298882
299290
299440
299606
300345
300537
300674
300773
300791
300867
301196
301228
301342
301387
301485
301509
301711
301995
302125
302420
302483
302712
303064
304032
304235
304588
304737
304871
305644
305871
305978
306078
307426
307778
308197
308970
309209
309879
310109
310599
310762
311030
311741
312080
312151
312326
313196
314024
314511
314580
314880
315359
316251
316912
316932
317339
319173
319848
319978
320709
321242
321965
322356
322524
322642
323264
323332
323433
323492
323569
323656
324867
324959
325162
325190
326201
326514
326577
327027
327337
327502
327711
328185
328476
328552
328618
329325
329493
329925
330119
330362
331677
332150
332456
332633
333176
333203
334844
334890
334963
335072
335187
335604
336585
336660
338354
338473
338710
339351
340271
340335
340451
340748
341207
341790
342153
342334
342488
342682
342768
343029
343867
344579
344695
345727
346690
347617
347952
348507
348528
349054
351805
352283
352713
353058
353351
353454
353711
355361
356543
356603
357199
357885
358831
360079
360518
360763
361147
361401
361459
362185
362213
362303
363018
363724
364441
364679
364723
365084
365754
365995
366326
367487
367543
368455
368817
369336
369472
371186
371489
371572
371811
371980
373586
373875
374248
376639
378117
378336
379267
379337
379342
380014
380350
380488
381501
382084
382207
382322
383047
383306
385074
385231
387656
388413
388971
389068
391063
391196
392285
396629
397266
397721
398999
399681
400686
400772
402630
404910
406640
406883
408457
410750
411214
411441
415254
417299
417816
418420
420235
420254
422351
428480
429611
429888
434131
434183
437712
439660
440245
440508
440891
441067
443865
444286
445770
447907
451727
454260
454724
454970
456265
456775
457350
458097
458591
460094
465629
468755
469397
471191
471845
474179
475945
478567
483843
488198
494478
495430
496352
498071
505242
508607
516235
518045
520775
526338
527743
541685
562302
591859
677355
