0
0
5
18
46
58
64
69
143
170
184
342
435
547
597
656
657
689
693
699
800
980
995
1005
1017
1077
1123
1182
1227
1302
1313
1348
1420
1432
1482
1518
1572
1573
1580
1593
1602
1672
1692
1698
1699
1716
1731
1748
1790
1791
1845
1854
1876
1911
1964
1966
1971
1983
1990
2014
2042
2055
2207
2262
2263
2291
2349
2361
2363
2393
2396
2552
2698
2746
2878
2997
3090
3107
3130
3218
3220
3280
3303
3356
3361
3463
3569
3837
3846
3911
4029
4169
4200
4214
4339
4389
4413
4433
4459
4472
4473
4610
4722
4762
4872
4939
4974
5002
5036
5042
5126
5139
5165
5200
5351
5435
5455
5529
5567
5572
5608
5609
5655
5706
5737
5759
5858
5892
5908
5935
5975
5975
5976
6010
6014
6076
6172
6319
6334
6337
6352
6413
6485
6543
6552
6580
6641
6738
6813
6856
6892
6967
7085
7105
7105
7185
7200
7270
7290
7311
7313
7539
7559
7578
7745
7817
7887
7914
7954
7977
7985
8036
8065
8128
8178
8205
8278
8333
8371
8439
8652
8688
8741
8805
8806
8880
9088
9128
9199
9220
9316
9325
9346
9447
9488
9556
9589
9620
9664
9691
9886
9918
9924
9935
10048
10126
10126
10260
10336
10392
10439
10499
10513
10597
10784
10850
10911
10963
11031
11126
11205
11217
11242
11273
11288
11307
11342
11356
11411
11466
11510
11542
11566
11584
11691
11743
11815
11960
12002
12011
12190
12203
12216
12295
12527
12604
12694
12806
12844
12906
12983
12989
13010
13039
13204
13218
13299
13365
13444
13464
13545
13552
13573
13680
13764
13777
13792
13799
13806
13852
13863
13999
14009
14051
14192
14207
14210
14245
14265
14334
14370
14464
14482
14495
14504
14665
14722
14780
14793
14820
14822
14864
14875
14904
14917
14965
14995
15001
15049
15103
15165
15181
15199
15239
15246
15353
15395
15502
15553
15575
15582
15584
15604
15609
15682
15690
16203
16269
16358
16402
16414
16449
16480
16491
16512
16551
16581
16674
16703
16777
16806
16809
16901
16920
16924
16942
16942
16989
17021
17032
17224
17245
17249
17401
17417
17461
17589
17699
17746
17746
17781
17804
17811
17852
17930
17959
17978
17998
18056
18090
18103
18214
18293
18347
18349
18454
18611
18643
18722
18742
18835
18897
19013
19028
19128
19167
19182
19205
19206
19226
19230
19281
19282
19324
19334
19395
19453
19485
19541
19567
19568
19604
19608
19691
19736
19861
19869
19911
19927
20106
20164
20174
20229
20267
20281
20281
20290
20398
20403
20570
20590
20619
20648
20714
20780
20915
21013
21094
21138
21199
21220
21222
21259
21317
21345
21397
21398
21549
21628
21693
21723
21780
21783
21856
22030
22068
22102
22171
22206
22261
22291
22359
22521
22557
22581
22596
22603
22649
22735
22749
22817
22822
22836
22836
22859
22902
23010
23028
23083
23105
23231
23258
23293
23388
23412
23417
23443
23482
23505
23566
23665
23719
23719
23778
23827
23981
23985
24024
24032
24158
24163
24229
24257
24347
24362
24505
24562
24568
24578
24603
24658
24663
24680
24725
24787
24844
24845
24849
24979
24980
24991
25102
25174
25184
25262
25424
25450
25523
25523
25525
25576
25613
25614
25655
25658
25693
25725
25735
25821
25842
25877
25896
25932
25982
26143
26185
26193
26286
26356
26376
26389
26477
26481
26492
26560
26609
26629
26673
26916
26959
26967
26967
27176
27319
27478
27532
27559
27591
27725
27753
27896
27899
27901
27945
28014
28117
28146
28190
28205
28261
28309
28315
28338
28339
28366
28408
28459
28487
28520
28537
28549
28586
28607
28677
28698
28714
28715
28797
28806
28924
29125
29162
29164
29231
29259
29276
29408
29409
29460
29485
29492
29552
29613
29659
29742
29746
29857
29918
29976
29986
29999
30170
30214
30215
30367
30379
30527
30556
30708
30747
30761
30806
30859
30914
30916
30925
30978
31015
31112
31141
31191
31276
31308
31314
31368
31394
31411
31461
31477
31513
31606
31648
31654
31671
31731
31758
31853
31908
31930
31934
31938
32021
32026
32060
32068
32103
32213
32347
32460
32509
32698
32713
32717
32722
32775
33024
33089
33143
33180
33244
33282
33301
33397
33403
33444
33509
33525
33627
34022
34049
34057
34063
34171
34197
34229
34265
34556
34558
34572
34594
34704
34778
34795
34796
34810
34818
34827
34903
34921
34995
35039
35105
35125
35142
35228
35357
35486
35519
35588
35663
36009
36045
36089
36102
36143
36150
36172
36194
36207
36267
36279
36309
36422
36646
36819
36893
36910
36921
36947
37042
37058
37121
37199
37213
37303
37353
37358
37409
37491
37501
37526
37574
37734
37739
37796
37941
38014
38078
38110
38126
38148
38223
38303
38311
38325
38580
38705
38755
38760
38791
38839
38976
38994
39039
39110
39166
39219
39229
39242
39246
39436
39569
39610
39666
39916
40026
40177
40196
40248
40250
40258
40491
40516
40600
40610
40631
40756
41053
41071
41214
41222
41232
41310
41360
41457
41648
41649
41662
41689
41689
41927
41961
41980
42017
42029
42055
42227
42265
42290
42313
42326
42414
42508
42522
42524
42604
42671
42702
42754
42768
42794
42889
42916
42965
43029
43117
43160
43196
43197
43307
43383
43424
43454
43459
43502
43564
43633
43662
43675
43679
43842
43853
43929
43969
43977
44106
44160
44221
44239
44266
44334
44359
44393
44495
44591
44591
44614
44636
44762
44772
44806
44849
44854
44926
44930
45061
45063
45143
45149
45152
45155
45346
45361
45473
45523
45524
45570
45625
45733
45782
45816
45823
45868
45898
45916
46017
46071
46226
46288
46313
46352
46465
46484
46641
46685
46820
46925
46969
46981
47065
47113
47280
47281
47355
47396
47397
47520
47623
47788
47811
47916
47932
47970
47975
47978
48028
48031
48041
48062
48191
48226
48297
48347
48347
48552
48571
48701
48745
48763
48776
48872
48921
48973
48999
49010
49071
49086
49101
49124
49125
49320
49354
49371
49384
49402
49422
49557
49568
49622
49733
49773
49780
49809
49851
49895
49950
50017
50068
50097
50231
50256
50376
50384
50454
50482
50486
50541
50568
50675
50680
50816
50880
50910
50914
50923
50949
50988
51012
51015
51029
51052
51131
51145
51183
51236
51254
51320
51346
51348
51369
51483
51492
51768
51940
51956
51982
52025
52180
52344
52359
52385
52427
52462
52480
52544
52559
52563
52582
52695
52733
52748
52751
52826
53000
53043
53134
53147
53221
53229
53238
53271
53291
53302
53335
53484
53511
53660
53765
53770
53852
53944
54000
54049
54064
54177
54205
54256
54268
54399
54644
54658
54710
54741
54831
54882
54884
54888
54894
54901
54910
54997
55001
55030
55071
55073
55089
55130
55282
55325
55340
55340
55504
55512
55574
55582
55607
55673
55842
55928
55995
56037
56054
56099
56178
56201
56223
56398
56440
56452
56457
56536
56623
56650
56696
56700
56704
56710
56752
56761
56769
56772
56802
56812
56845
56889
57138
57178
57227
57255
57372
57387
57442
57471
57544
57638
57644
57668
57696
57698
57731
57795
57799
57840
57865
57871
57950
58091
58130
58223
58238
58262
58375
58525
58530
58566
58581
58692
58734
58740
58770
58809
58937
59000
59116
59197
59201
59350
59445
59457
59507
59525
59553
59584
59650
59787
59829
59830
59989
60028
60055
60167
60199
60233
60443
60525
60553
60592
60986
61009
61022
61098
61120
61211
61247
61411
61465
61546
61710
61858
61906
61951
61968
62007
62099
62277
62292
62341
62420
62461
62478
62525
62547
62547
62629
62630
62683
62695
62894
62904
62946
62966
63059
63125
63131
63157
63388
63389
63443
63493
63500
63513
63552
63676
63754
63844
63859
64035
64427
64494
64548
64629
64787
65011
65048
65049
65215
65255
65309
65313
65413
65450
65476
65491
65522
65747
65755
65804
65827
65831
65847
65890
65950
66026
66048
66069
66179
66222
66254
66344
66352
66367
66397
66478
66534
66719
66844
66846
67007
67067
67075
67097
67125
67180
67244
67260
67277
67306
67337
67360
67386
67391
67516
67592
67601
67619
67637
67663
67843
68036
68081
68169
68179
68383
68410
68550
68563
68627
68628
68649
68666
68714
68714
68741
68843
68872
68891
68910
69014
69157
69214
69268
69283
69358
69456
69496
69539
69739
69744
69807
69868
69927
69990
70056
70111
70145
70207
70216
70219
70297
70297
70303
70319
70435
70478
70531
70558
70633
70694
70720
70744
70749
70775
70795
70852
70881
70960
71153
71165
71194
71213
71419
71496
71530
71542
71542
71572
71579
71631
71692
71707
71747
71787
71943
72057
72079
72152
72221
72277
72295
72308
72312
72319
72352
72364
72433
72460
72474
72476
72554
72710
72767
72773
72926
73004
73005
73065
73120
73239
73243
73292
73320
73432
73434
73466
73474
73652
73662
73678
73846
73978
73991
74094
74128
74181
74323
74373
74468
74480
74534
74540
74549
74630
74741
74902
74957
75001
75006
75049
75055
75094
75224
75235
75350
75529
75585
75809
75810
75836
75841
76021
76078
76134
76206
76300
76309
76461
76503
76525
76546
76552
76581
76663
76676
76694
76704
76750
76826
76840
76941
77082
77164
77328
77328
77353
77401
77411
77543
77552
77600
77616
77709
77841
77882
77907
77950
78035
78077
78129
78157
78241
78300
78618
78665
78677
78711
78828
78842
78871
78931
78975
79138
79505
79522
79616
79644
79661
79961
80045
80064
80232
80340
80352
80365
80438
80485
80501
80667
80686
80686
80713
80776
80781
80806
80868
80881
80981
81060
81103
81199
81208
81209
81376
81421
81504
81517
81553
81573
81583
81628
81670
81710
81840
81900
81932
82051
82055
82074
82087
82092
82117
82223
82287
82356
82400
82440
82447
82463
82509
82515
82516
82550
82575
82590
82672
82698
82719
82741
82814
82980
82996
83000
83008
83064
83150
83192
83210
83288
83314
83477
83556
83621
83651
83819
83850
83928
83951
83974
84032
84075
84110
84114
84122
84150
84159
84170
84498
84512
84535
84536
84751
84798
84926
85031
85047
85056
85139
85241
85243
85262
85281
85405
85462
85610
85819
85861
85865
85882
86056
86149
86192
86193
86270
86298
86320
86326
86373
86419
86493
86518
86586
86726
86942
87000
87008
87056
87303
87359
87374
87381
87716
87723
87734
87910
88012
88019
88100
88140
88243
88281
88313
88319
88436
88453
88479
88500
88572
88591
88592
88628
88658
88695
88771
88805
88807
88949
88950
88964
89112
89120
89145
89155
89164
89265
89266
89329
89332
89478
89597
89599
89667
89686
89729
89736
89776
89798
89817
89865
89984
90214
90228
90272
90372
90426
90468
90594
90635
90676
90767
91030
91096
91148
91215
91265
91434
91497
91530
91595
91622
91630
91638
91875
91994
92133
92206
92211
92245
92282
92314
92335
92635
92674
92766
93071
93278
93318
93424
93448
93477
93553
93571
93638
93652
93687
93694
93741
93751
93919
94051
94179
94193
94197
94198
94221
94245
94310
94327
94335
94372
94411
94412
94488
94618
94678
94732
94839
95007
95028
95144
95189
95266
95411
95444
95521
95523
95551
95574
95677
95728
95768
95993
96018
96102
96253
96380
96382
96427
96455
96570
96642
96673
96694
96800
96889
96894
97020
97101
97112
97150
97289
97396
97566
97623
97648
97652
97739
97763
97775
97786
97810
97880
97895
98165
98173
98197
98199
98229
98287
98294
98307
98314
98347
98465
98510
98552
98663
99052
99075
99201
99218
99250
99370
99439
99480
99500
99602
99689
99750
99862
99905
99964
100024
100088
100153
100290
100420
100456
100496
100603
100677
100711
100779
100787
100802
100916
101015
101095
101140
101146
101291
101532
101609
101610
101783
101986
102031
102199
102229
102347
102458
102466
102531
102549
102644
102696
102741
102765
102843
102849
102942
102993
103136
103137
103324
103390
103642
103839
103920
103920
103974
103982
104142
104188
104199
104352
104354
104395
104413
104437
104460
104492
104496
104512
104521
104531
104571
104599
104611
104615
104626
104659
104747
104923
105116
105139
105374
105412
105430
105507
105514
105540
105578
105623
105626
105828
106051
106091
106106
106243
106262
106300
106345
106364
106458
106470
106473
106657
106689
106754
106859
107217
107270
107418
107488
107603
107776
107848
107869
107882
107897
108028
108150
108185
108212
108274
108351
108362
108514
108557
108645
108735
108868
108922
108965
108997
109002
109013
109100
109135
109243
109264
109298
109368
109390
109495
109495
109505
109599
109655
109743
109808
109851
110041
110212
110358
110430
110468
110480
110491
110506
110636
110833
110858
110864
110940
111087
111126
111129
111147
111393
111546
111584
111801
111835
111864
111906
111915
111927
111978
112004
112046
112098
112151
112286
112329
112492
112518
112591
112665
112703
112756
112986
112997
113043
113087
113092
113317
113342
113468
113597
113613
113614
113765
113870
113882
113913
114033
114044
114072
114073
114099
114105
114164
114238
114431
114470
114480
114550
114647
114688
114702
114805
114805
114824
114884
114888
115022
115094
115096
115150
115190
115286
115330
115344
115476
115675
115809
116065
116221
116258
116276
116307
116323
116446
116550
116671
116746
116850
116947
116985
117053
117103
117132
117146
117200
117224
117255
117279
117440
117441
117545
117753
117782
117834
117848
117851
117909
117931
118102
118153
118165
118223
118266
118293
118336
118431
118831
118924
118966
119037
119080
119125
119175
119261
119412
119455
119556
119615
119724
119730
119735
119751
119818
119912
119948
120060
120123
120196
120201
120324
120425
120572
120593
120651
120671
120796
120847
120848
120859
120873
120947
120948
120956
121137
121197
121339
121350
121360
121369
121459
121461
121463
121478
121524
121571
121731
121748
121755
121808
121877
121976
122073
122162
123028
123044
123163
123226
123269
123297
123423
123461
123521
123561
123654
123777
123861
123878
123919
123946
123971
124054
124081
124084
124092
124105
124164
124194
124285
124394
124426
125181
125405
125501
125845
125880
126027
126117
126248
126794
126807
127030
127091
127195
127248
127305
127346
127358
127614
127669
127785
127823
127835
127920
127997
128053
128064
128153
128217
128238
128370
128531
128580
128662
128674
129008
129043
129134
129198
129199
129215
129505
129634
129665
129780
129839
129927
129987
129995
130001
130006
130039
130046
130110
130261
130298
130417
130448
130710
130820
130826
130850
130877
131007
131017
131147
131498
131557
131571
131667
131696
131720
131734
131796
131832
131939
131979
132004
132045
132070
132197
132222
132337
132341
132494
132650
132716
132791
133303
133313
133456
133458
133460
133551
133645
133695
133980
133983
133997
134022
134022
134064
134081
134183
134367
134437
134506
134529
134586
134789
135121
135143
135214
135418
135834
136013
136085
136107
136225
136354
136356
136482
136605
136645
136774
136842
136849
136991
137054
137163
137287
137351
137352
137398
137474
137506
137519
137536
137634
137742
137901
137905
138110
138133
138278
138300
138309
138403
138547
138600
138671
138753
138822
138912
138921
139037
139041
139103
139375
139470
139551
139661
139695
139830
139845
139908
139978
140004
140133
140244
140290
140305
140327
140337
140609
140645
140831
140930
141031
141031
141056
141077
141131
141254
141566
141697
141738
141830
142258
142267
142268
142326
142392
142443
142453
142519
142589
142599
142751
142770
142904
143214
143297
143322
143608
143617
143623
143636
143675
143696
143710
143724
143956
144058
144059
144168
144220
144336
144505
144528
144614
144752
144850
144854
144990
145197
145274
145483
145513
145528
145631
145886
145954
146029
146209
146466
146490
146493
146581
146740
146842
146851
146860
146988
146994
147366
147493
147558
147818
147851
147896
147912
147925
148001
148121
148217
148267
148287
148322
148439
148531
148541
148550
148621
148726
148823
148905
148925
149024
149221
149261
149343
149419
150010
150012
150025
150110
150115
150147
150186
150389
150763
151640
151678
151689
151696
151909
152014
152020
152026
152216
152222
152300
152587
152622
152811
152829
152854
152880
152906
152922
152951
153008
153051
153056
153154
153378
153404
153452
153490
153495
153528
153537
153573
153754
153755
153891
153992
154102
154141
154183
154233
154344
154372
154390
154498
154504
154591
154729
154800
154822
154915
154934
154946
155179
155183
155435
155475
155633
155651
155760
155770
155876
155937
155938
156131
156367
156378
156584
156720
156764
156882
156892
157119
157134
157247
157314
157360
157456
158238
158320
158362
158420
158444
158499
158680
158730
158806
158826
158867
158925
158926
159331
159349
159461
159609
159730
159916
160012
160029
160125
160149
160382
160608
160641
160655
160842
160875
160929
161018
161097
161135
161287
161525
161889
161905
161924
161977
162048
162220
162488
162617
162747
162755
163480
163502
163610
163633
163636
163827
163867
164050
164127
164465
164575
164597
164654
164831
164976
165055
165287
165369
165437
165480
165591
165772
165816
166290
166335
166644
166739
166877
166881
166894
166930
166995
167056
167154
167220
167348
167400
167422
167459
167601
167663
167687
167777
167790
167822
167835
167906
167941
168011
168311
168323
168465
168479
168654
168940
169003
169065
169119
169166
169306
169359
169642
169662
169813
169854
169976
169991
170021
170058
170262
170369
170462
170653
170673
170717
170736
170849
170904
170916
170971
171007
171347
171363
171458
171498
171622
171687
171719
171725
171730
171835
172002
172083
172153
172395
172585
172648
172752
172896
173163
173205
173414
173773
173807
173817
173908
173920
173973
174283
174469
174496
174680
174832
174924
175085
175937
175979
176264
176369
176389
176400
176616
176617
176778
176854
176880
176936
177223
177241
177394
177418
177510
177630
177649
177665
177698
177921
178205
178562
178747
178890
178891
178925
178995
179009
179055
179236
179295
179427
179593
179634
179658
179958
179959
180008
180229
180254
180260
180278
180398
180685
180810
180982
181305
181307
181411
181485
181668
181962
182198
182316
182327
182329
182471
182538
182540
182658
182684
182695
182714
182770
182776
182781
183004
183041
183259
183412
183423
183425
183483
183643
183701
183892
183895
183954
184008
184176
184185
184224
184290
184372
184412
184659
184791
185201
185402
185488
185494
185842
185951
186055
186066
186384
186385
186447
186664
186737
186893
186930
186980
187001
187113
187121
187146
187239
187419
187530
187733
187826
187893
187934
187936
187955
188031
188141
188205
188408
188579
188614
188774
188813
188892
189507
189812
189841
189921
189993
190101
190116
190176
190235
190424
190456
190724
190767
190892
190904
190909
191096
191132
191144
191227
191390
191415
191452
191582
191588
191726
191861
191904
191958
192068
192470
192501
192559
192779
192859
193101
193259
193260
193590
193714
193838
193860
193884
194097
194138
194469
194607
194659
194964
195335
195663
195798
195988
196035
196127
196347
196430
196628
196745
196884
196955
196997
197076
197171
197197
197331
197347
197533
197744
197786
197943
198087
198090
198345
198705
198778
198982
199080
199143
199149
199343
199678
199792
199976
200795
200842
200849
200950
201149
201191
201194
201262
201458
201483
201577
201738
201880
202038
202202
202327
202754
203083
203204
203215
203230
203359
203439
203711
203727
203733
203758
203935
204164
204215
204406
204555
204901
204910
205094
205332
205510
205602
205797
206003
206034
206168
206322
206410
206414
206560
206662
206719
206815
206830
206885
207106
207146
207159
207235
207285
207581
207629
207649
207710
208031
208088
208220
208227
208744
208981
209157
209306
209752
209869
209993
210006
210035
210071
210073
210136
210383
210430
210714
210721
210733
210751
210832
211012
211884
211913
212002
212053
212076
212086
212256
212758
212880
213057
213130
213533
213731
213825
213886
213931
213981
214154
214320
214500
214521
214576
214578
214582
214606
214749
215024
215051
215086
215450
215783
215823
216020
216115
216141
216682
217005
217377
217427
217494
217687
217837
218082
218325
218368
218494
218542
218590
218703
218780
219087
219160
219244
219530
219708
219896
219947
219993
220140
220235
220643
220738
220820
220877
220970
221536
221657
221667
221768
222086
222171
222559
222574
222578
222834
223275
223559
223591
223760
223793
223815
224198
224204
224445
224526
224548
224625
224639
224652
224755
224760
224923
224987
225110
225220
225405
225751
225776
225794
226092
226237
226309
226790
226839
227015
227116
227141
227157
227360
227422
227509
227566
227757
227770
228036
228088
228394
228513
228833
228973
228993
229103
229319
229740
229909
229930
230114
230381
230442
230500
230950
230953
231156
231295
231382
231555
231787
232173
232444
232615
232819
232941
233005
233401
233809
233984
234051
234074
234147
234309
234686
234794
234815
234972
235197
235238
235410
235679
236709
236751
237063
237223
237448
237801
238043
238554
238702
238706
238888
238981
239161
239319
239331
239756
239811
239986
240270
240916
241014
241405
241591
241635
241990
242180
242234
242649
242889
242958
243105
243228
243262
243448
243735
243851
244200
244220
244283
244436
244534
244613
244684
244732
244821
245153
245354
245381
245512
245561
245675
245800
245811
246207
246440
246528
246888
247248
247748
248237
248270
248781
249030
249271
249530
249788
250059
250116
250173
250213
250268
250509
250558
251129
251196
251809
251896
252018
252175
252420
252668
252716
253038
253336
253507
253757
254017
254256
255120
255291
255448
255474
255603
255707
255846
255975
256026
256092
256465
256587
256621
256638
256797
256984
257019
257313
257726
257816
257848
258216
258396
258902
258928
258942
259451
259486
259565
259632
259643
259757
260061
260173
260198
260359
260618
260976
261003
261111
261436
261465
261682
261782
262066
262310
262450
262608
262720
262855
263726
263896
264019
264662
264741
265171
265385
265445
265544
265677
265693
266129
266301
266575
267537
268296
269201
269207
269398
269471
269692
269705
270224
270353
270448
270510
270529
270571
270855
271136
271167
271169
271459
271569
271701
272002
272171
272313
272335
272686
273129
273357
273427
273733
273940
274147
274181
274218
274518
274849
275020
275053
275076
275124
275127
275237
275504
275728
276069
276070
276768
276784
276892
277286
277374
277590
278028
278047
278069
278073
278484
278527
278675
279193
279378
279722
279880
279915
280118
280316
280652
280666
281030
281262
281503
281596
281677
281714
281789
281801
281953
282053
282448
282464
282628
283439
283716
283758
283942
284496
284562
284844
286034
286211
286624
286870
287248
287932
288041
288339
289560
290121
290242
290364
290877
291174
291350
291593
291622
291722
291978
292071
293128
293276
293466
293852
294067
294262
294834
295040
295526
296616
296860
297327
297933
298154
298335
299067
299085
299094
299369
299781
300114
300348
300668
300705
301019
301170
301195
301379
301413
302598
302740
303189
303821
304097
304108
304453
304517
304559
304801
306259
306852
307291
308347
308371
308479
308543
308654
309168
309798
310430
310489
310895
310972
311045
311081
311452
311745
312378
313375
313658
314029
314134
314325
314480
314497
314623
314858
315120
316099
316323
316625
316956
316971
317895
318705
318743
319520
319530
319538
320094
320144
321084
321162
321181
321183
321264
321563
323882
324469
324981
325430
326470
326743
326896
326988
327707
327735
328152
328239
328302
328829
328843
328872
329113
329543
329718
329779
329868
330106
330200
330257
330374
330543
330674
330902
331388
331635
332617
332834
332903
333775
333859
333888
334062
334829
335574
335682
336021
336933
337014
337341
337926
338149
340161
340625
341075
341579
341810
345628
346136
346214
346412
347841
348312
348669
348904
349731
349932
350002
350069
350319
351266
352089
352184
353585
354552
354823
355169
355938
357191
358209
358501
358512
358661
359591
360141
361297
362911
363759
364117
365116
365709
366008
367169
367352
367446
368537
368575
368671
370423
371681
371999
372222
372605
373850
374433
374488
374488
375434
375675
375985
376356
377028
377089
377938
378473
378871
380049
380241
380799
381104
381780
383240
383860
384277
386151
386814
386859
387117
387235
387545
388098
388509
388624
388834
389310
389445
390359
393762
394796
396454
397596
397604
398559
400303
402476
403103
403495
405907
408671
408701
409507
410305
411291
412961
413176
415392
416520
417759
420238
425841
427393
428486
429126
430215
432591
435548
439608
443034
444229
456783
458641
459253
459844
460377
466107
466348
467079
468014
470857
472527
473551
476721
479267
484704
488339
490407
508008
510313
512680
524839
540203
540724
549470
551486
573526
576475
708160
