0
0
246
267
351
593
660
664
676
696
698
723
744
789
797
822
883
935
942
1034
1057
1061
1136
1165
1281
1393
1419
1525
1560
1615
1675
1789
1841
1912
1945
1992
2112
2194
2207
2266
2378
2470
2475
2478
2479
2482
2497
2525
2597
2606
2716
2775
2852
2945
2959
3003
3008
3178
3208
3248
3365
3372
3384
3491
3502
3617
3631
3806
3813
3871
3879
3904
3928
3993
4091
4113
4176
4180
4328
4381
4425
4453
4471
4475
4563
4629
4694
4709
4722
4748
4789
4790
4823
4839
4840
4943
4981
4985
5069
5173
5176
5220
5250
5309
5322
5324
5330
5397
5469
5477
5550
5649
5676
5741
5802
5860
5933
5956
6021
6025
6028
6115
6307
6311
6495
6528
6558
6622
6712
6844
6902
7010
7016
7210
7259
7270
7411
7449
7635
7729
7773
7935
7970
7990
8246
8347
8375
8378
8465
8499
8500
8579
8581
8609
8654
8765
8789
8902
8949
8963
9179
9208
9318
9427
9432
9503
9521
9523
9530
9576
9593
9632
9756
9778
9807
9827
9836
9897
9911
9939
9964
9991
10028
10133
10135
10186
10203
10313
10322
10324
10371
10492
10495
10520
10542
10684
10694
10732
10738
10766
10891
11008
11025
11074
11185
11260
11315
11323
11359
11416
11435
11622
11687
11706
11848
11900
12060
12291
12498
12524
12668
12789
12817
12846
12928
12972
13026
13026
13032
13034
13109
13179
13277
13356
13372
13374
13469
13566
13645
13698
13809
14020
14073
14130
14156
14174
14225
14249
14257
14308
14309
14356
14376
14455
14466
14478
14486
14499
14664
14703
14764
14895
14906
14923
15020
15033
15264
15274
15297
15310
15367
15432
15461
15465
15593
15612
15613
15667
15786
15789
15790
15926
15940
15977
15979
16036
16074
16153
16208
16306
16332
16351
16413
16414
16477
16531
16617
16620
16633
16754
16786
16974
17065
17077
17107
17125
17270
17386
17405
17433
17458
17551
17579
17583
17734
17761
17776
18102
18135
18187
18214
18278
18278
18348
18378
18382
18417
18509
18662
18673
18677
18677
18761
18763
18768
18924
19006
19024
19106
19169
19237
19285
19320
19479
19495
19545
19547
19550
19713
19731
19759
19779
19786
19870
19992
20046
20152
20196
20196
20287
20380
20499
20585
20606
20660
20701
20776
20924
20960
21111
21158
21208
21323
21336
21430
21482
21566
21595
21615
21621
21636
21688
21707
21896
21932
22052
22081
22106
22146
22163
22181
22277
22414
22487
22507
22522
22593
22612
22637
22655
22667
22682
22683
22831
22848
22886
22909
22921
22930
22976
23115
23134
23195
23226
23233
23434
23494
23518
23549
23616
23724
23750
23838
23842
23886
24018
24080
24082
24244
24432
24441
24525
24568
24674
24690
24710
24780
24832
24931
25123
25127
25129
25228
25287
25293
25336
25375
25416
25451
25502
25588
25720
25730
25748
25752
25807
25813
25868
25899
25951
26003
26017
26223
26295
26369
26396
26604
26617
26736
26880
26942
26973
27057
27109
27129
27171
27195
27229
27310
27328
27386
27402
27454
27520
27602
27633
27680
27725
27733
27742
27750
27774
27879
28002
28060
28086
28128
28207
28316
28319
28324
28718
28767
28801
28885
28886
28942
28984
29097
29112
29160
29172
29210
29210
29434
29619
29630
29720
29781
29941
29993
30288
30311
30313
30392
30451
30463
30463
30467
30479
30482
30508
30566
30624
30664
30671
30715
30893
30973
30978
31059
31063
31121
31139
31176
31179
31277
31349
31369
31392
31432
31459
31515
31616
31670
31688
31733
31804
31832
31866
31881
31922
31972
31989
32013
32033
32091
32107
32109
32153
32270
32278
32297
32371
32388
32457
32473
32558
32642
32656
32765
32923
32969
32998
33011
33108
33185
33264
33273
33338
33346
33353
33392
33442
33635
33716
33781
33816
33842
33883
33900
33944
33962
34018
34046
34099
34110
34210
34395
34446
34452
34487
34579
34597
34634
34674
34679
34688
34730
34774
34808
34810
34979
35059
35151
35250
35254
35256
35260
35287
35378
35385
35433
35441
35505
35566
35618
35627
35643
35678
35697
35732
35732
35765
35810
35820
35889
35945
35985
36020
36029
36053
36094
36114
36141
36169
36169
36206
36244
36307
36315
36326
36356
36470
36522
36577
36662
36786
36894
36895
36898
36901
36957
37409
37558
37584
37598
37640
37661
37904
37931
37990
38021
38034
38050
38062
38082
38101
38154
38184
38192
38194
38202
38239
38281
38285
38309
38360
38361
38490
38514
38782
38790
38791
38792
38812
38855
38876
38920
38968
39144
39146
39171
39237
39300
39433
39521
39562
39693
39705
39785
39870
39874
39909
40020
40058
40119
40182
40201
40254
40271
40344
40387
40417
40424
40431
40460
40474
40626
40689
40760
40815
40920
41082
41104
41107
41151
41184
41193
41265
41269
41320
41359
41579
41625
41645
41817
41823
41843
41875
42031
42067
42085
42166
42187
42193
42195
42211
42465
42486
42491
42757
42767
42919
42972
43020
43133
43215
43225
43230
43349
43405
43517
43523
43966
44118
44215
44235
44240
44299
44307
44536
44540
44584
44586
44663
44682
44684
44760
44777
44781
44810
44843
44963
45080
45132
45181
45216
45266
45424
45473
45547
45547
45571
45659
45713
45726
45812
45852
45882
46114
46272
46422
46586
46717
46826
46835
46865
46875
47017
47058
47155
47173
47186
47208
47221
47280
47299
47461
47514
47526
47531
47545
47559
47582
47601
47615
47730
47761
47786
47899
47975
48002
48014
48032
48039
48055
48078
48083
48119
48143
48169
48242
48264
48293
48322
48347
48432
48434
48529
48816
48830
48897
48962
48963
48986
49126
49162
49229
49252
49283
49311
49314
49447
49508
49566
49666
49686
49697
49761
49831
49852
49862
49958
50011
50020
50025
50038
50060
50100
50132
50227
50231
50529
50561
50583
50615
50644
50953
51011
51087
51120
51172
51493
51623
51657
51740
51758
51808
51836
52089
52100
52142
52165
52271
52324
52335
52353
52433
52462
52527
52537
52576
52661
52661
52852
52858
52886
52889
53002
53006
53078
53128
53174
53212
53219
53232
53403
53455
53525
53572
53584
53602
53674
53770
53816
53848
53892
53976
54041
54047
54105
54113
54195
54219
54311
54482
54502
54578
54628
54697
54727
54772
54788
54889
54929
55026
55079
55085
55085
55111
55142
55243
55305
55363
55450
55473
55555
55624
55635
55651
55763
55785
55795
55828
55849
55869
55887
55901
55985
56021
56054
56168
56320
56344
56347
56405
56567
56630
56700
56717
56774
56823
56834
56871
56922
56977
56985
57027
57141
57271
57293
57331
57375
57473
57506
57513
57563
57598
57798
57806
57833
57876
57906
57958
58032
58045
58112
58133
58205
58236
58386
58443
58450
58576
58599
58610
58714
58742
58916
58916
58954
58990
58995
59039
59112
59273
59398
59419
59493
59516
59519
59667
59711
59832
59848
59981
60028
60048
60064
60113
60128
60130
60183
60209
60264
60300
60508
60509
60576
60604
60614
60620
60627
60644
60680
60848
60866
60902
60938
61015
61058
61094
61203
61340
61479
61492
61496
61585
61586
61614
61684
61707
61717
61739
61802
61925
61930
62013
62096
62139
62187
62226
62234
62437
62450
62463
62530
62582
62601
62733
62761
62832
62850
62900
62967
63086
63324
63337
63343
63489
63525
63628
63691
63812
63843
63909
64041
64047
64074
64090
64114
64121
64160
64173
64176
64179
64187
64228
64278
64278
64352
64364
64381
64434
64547
64697
64704
64883
64959
64990
65083
65129
65136
65223
65285
65301
65319
65410
65443
65499
65594
65607
65622
65638
65846
66078
66079
66233
66295
66422
66503
66595
66636
66743
66766
66806
66899
67099
67115
67137
67176
67197
67266
67279
67299
67436
67449
67525
67605
67661
67718
67747
67847
67975
68003
68098
68135
68300
68377
68559
68579
68723
68732
68770
68799
68808
68979
68994
69266
69269
69366
69422
69554
69771
69794
69801
69986
70253
70284
70295
70329
70338
70339
70444
70465
70475
70490
70510
70524
70643
70763
70781
70982
71026
71068
71099
71215
71349
71383
71385
71392
71425
71439
71591
71698
71784
71873
71882
71969
72104
72183
72206
72255
72271
72517
72560
72561
72711
72763
72794
72798
72806
72811
72829
72937
72940
72998
73003
73076
73084
73293
73300
73326
73368
73436
73448
73602
73654
73791
73801
73815
73855
73944
73950
73961
74133
74136
74138
74140
74178
74205
74350
74430
74442
74485
74508
74553
74562
74591
74608
74698
74704
74767
74895
74910
75151
75325
75416
75609
75805
75810
75935
76082
76143
76143
76153
76192
76269
76310
76340
76462
76506
76552
76628
76637
76718
76720
76744
76770
76820
76822
76887
76987
77040
77145
77213
77232
77316
77316
77440
77447
77505
77511
77530
77754
77772
77920
78001
78009
78009
78028
78083
78177
78326
78453
78545
78629
78652
78722
78822
78859
78918
78958
78969
78972
79053
79063
79076
79077
79089
79157
79331
79431
79511
79526
79687
79731
79826
79829
79903
79984
80154
80271
80273
80365
80424
80441
80487
80658
80697
80863
80892
80935
81070
81087
81158
81331
81441
81594
81650
81689
81751
81755
81835
81838
81857
81868
81948
82022
82035
82039
82055
82270
82290
82370
82381
82616
82636
82651
82702
82740
82760
82806
82921
83048
83079
83106
83274
83381
83487
83496
83585
83620
83839
83889
83897
83910
83984
84016
84136
84280
84282
84374
84382
84437
84447
84530
84578
84711
84762
84835
85088
85151
85196
85219
85254
85300
85426
85443
85492
85537
85581
85684
85712
85973
86045
86064
86085
86128
86140
86221
86222
86255
86338
86338
86358
86377
86476
86545
86557
86592
86592
86702
86706
87029
87126
87155
87170
87233
87383
87400
87407
87443
87499
87540
87717
87717
87741
87842
88007
88027
88052
88072
88094
88138
88229
88374
88433
88434
88441
88478
88616
88653
88720
88769
88777
88777
88928
88959
89000
89228
89494
89513
89736
89958
90254
90438
90463
90464
90617
90683
90855
90879
90894
91008
91013
91083
91103
91129
91170
91432
91512
91527
91545
91546
91699
91710
91716
91762
91971
92073
92105
92134
92155
92260
92296
92432
92517
92552
92553
92612
92615
92670
92735
92741
92783
92817
92834
92869
93131
93196
93318
93534
93810
93961
94009
94053
94078
94143
94151
94305
94354
94591
94754
94811
94832
94838
94844
94870
94968
94972
95046
95056
95072
95092
95138
95150
95183
95286
95442
95714
95798
95823
95849
95858
95906
95961
95969
96000
96080
96142
96216
96247
96250
96267
96314
96453
96487
96624
96778
96986
97162
97219
97237
97270
97298
97453
97522
97578
97578
97677
97746
97763
97782
97901
97958
98043
98140
98159
98386
98473
98494
98591
98626
98629
98748
98782
99040
99272
99278
99334
99641
99716
99759
99771
99861
99949
99989
100059
100061
100071
100088
100148
100156
100235
100251
100405
100429
100547
100611
100625
100872
100873
100931
100950
101023
101063
101097
101155
101186
101194
101450
101599
101718
101790
102021
102031
102051
102054
102114
102122
102338
102506
102557
102581
102767
102859
103016
103145
103254
103376
103384
103448
103466
103603
103758
103792
103849
103853
103882
103886
103891
103950
104101
104166
104205
104206
104370
104530
104533
104590
104603
104751
104767
104839
104859
105048
105056
105068
105176
105201
105428
105469
105472
105606
105673
105809
106203
106329
106408
106463
106510
106531
106792
106997
107036
107042
107061
107065
107077
107106
107206
107363
107411
107444
107640
107681
107925
107927
107940
107996
108061
108073
108128
108215
108260
108261
108316
108317
108385
108426
108620
108814
108831
108909
108962
109025
109048
109077
109079
109091
109113
109152
109164
109232
109406
109495
109572
109614
109770
109913
110072
110304
110366
110573
110632
110888
111087
111117
111172
111196
111222
111233
111270
111317
111445
111516
111561
111596
111643
111937
111967
111995
112112
112129
112182
112279
112350
112401
112429
112455
112461
112736
112881
113068
113109
113184
113224
113508
113526
113542
113774
114071
114260
114309
114349
114409
114422
114497
114580
114640
114773
114789
114856
115015
115030
115105
115134
115256
115323
115342
115443
115607
115686
115699
116059
116076
116308
116662
116893
116946
116958
116959
117105
117180
117255
117385
117409
117600
117680
117688
117788
117845
117886
117904
117961
118002
118013
118071
118126
118138
118315
118371
118493
118589
118657
118677
118894
119000
119111
119316
119561
119616
119688
119839
119922
119929
120123
120134
120218
120252
120408
120512
120582
120838
120841
120843
120879
120898
121121
121155
121200
121207
121215
121249
121307
121466
121467
121498
121674
121683
121755
121920
121926
121937
121956
122005
122098
122123
122233
122254
122261
122549
122741
122747
122897
122965
122969
122975
123143
123278
123312
123315
123388
123395
123411
123462
123755
123767
123775
123807
123907
124029
124081
124229
124483
124597
124681
124690
124893
124942
124997
125233
125562
125743
125946
126356
126420
126458
126615
126743
126764
126862
126886
127282
127576
127717
128048
128174
128227
128253
128258
128287
128751
128850
128890
129172
129270
129388
129516
129518
129540
129545
129707
129808
129880
129891
129959
129970
130185
130241
130244
130312
130576
130597
130643
130665
130968
130970
131259
131280
131332
131495
131500
131900
131934
131997
132356
132649
132677
132948
132974
133040
133091
133246
133251
133266
133270
133271
133322
133349
133496
133517
133647
133923
133957
134047
134137
134206
134259
134652
134788
134845
134862
135035
135151
135271
135348
135377
135444
135482
135722
135843
135865
135897
136040
136125
136185
136436
136695
136868
136991
137003
137027
137075
137328
137449
137508
137537
137753
137899
137991
138239
138394
138708
138732
138909
139034
139048
139226
139623
139750
139752
139786
139795
139804
139893
139953
140010
140031
140104
140115
140139
140158
140378
140497
140500
140591
140674
140731
140827
140845
140920
140937
141068
141166
141210
141287
141395
141439
141515
141674
141764
141880
141941
142164
142258
142277
142419
142745
142779
142985
143011
143044
143098
143205
143233
143245
143338
143408
143448
143474
143621
143654
143684
143757
143802
143815
143920
144038
144109
144234
144319
144354
144510
144551
144582
144722
145224
145232
145375
145497
145546
145789
145883
146090
146281
146292
146377
146562
146785
147141
147141
147147
147411
147446
147510
147737
147768
147781
147835
147979
148089
148145
148246
148337
148433
148556
148679
148850
148891
149208
149232
149337
149739
149817
150088
150100
150571
150640
150652
150874
150887
150908
150965
151146
151465
151591
151739
151743
151779
151817
151844
152106
152354
152428
152471
152505
152635
152680
152895
152900
152906
153364
153425
153576
153789
153941
154059
154151
154236
154253
154368
154733
154756
154769
154974
155149
155319
155339
155378
155453
155542
155683
155806
155831
156024
156379
156531
156814
157122
157282
157292
157361
157373
157413
157536
157580
157596
157785
157807
157829
157897
158004
158223
158330
158524
158533
158600
158667
158725
158844
158926
159002
159329
159330
159345
159384
159514
159521
159636
159639
159639
159715
159737
159833
159979
160034
160064
160099
160139
160183
160713
160716
160727
160887
160897
160918
160997
161080
161092
161169
161264
161291
161443
161520
161548
161568
161573
161628
161660
161694
161743
161775
161838
161839
161910
161977
162142
162172
162277
162488
162527
162768
162870
162981
163115
163179
163218
163354
163482
163597
163757
163774
163820
164062
164080
164165
164260
164323
164360
164696
164698
164838
164963
165157
165170
165293
165313
165344
165407
165470
165574
165745
166005
166093
166116
166221
166270
166374
166423
166510
166609
166858
167032
167041
167068
167132
167201
167276
167467
167662
167993
168023
168062
168103
168127
168543
168853
168855
168947
168951
168997
169020
169259
169421
169586
169745
169859
170150
170218
170260
170332
170349
170453
170498
170531
170563
170825
170857
170886
170906
170906
170926
170926
170946
171176
171363
171567
171716
171765
171842
171903
172038
172066
172500
172527
172581
172820
172831
172880
172990
173071
173277
173324
173423
173684
174120
174230
174238
174349
174425
174675
174724
174873
174882
175190
175793
176509
176612
176678
176680
176759
176833
176839
177054
177138
177164
177289
177440
177546
177558
177559
177750
177774
178144
178310
178365
178390
178510
178787
178789
178898
179071
179100
179108
179229
179497
179704
179819
179821
179875
179983
180094
180203
180424
180474
180714
180740
180918
181079
181176
181303
181579
181601
181647
181737
181976
181989
182085
182135
182229
182546
182638
182834
182857
183034
183103
183271
183530
183549
183567
183669
183698
183700
183760
183772
183830
183888
183953
184081
184208
184248
184498
184585
184596
185231
185363
185616
185709
185824
186033
186340
186471
186531
186562
186611
186759
186913
187003
187046
187164
187211
187254
187294
187348
187419
187430
187471
187543
187575
188247
188448
188610
188741
188811
188990
189161
189236
189304
189316
189340
189386
189536
189639
189662
189918
189944
189946
190043
190113
190144
190168
190251
190433
190476
190492
190517
190606
190637
190815
190914
191049
191309
191367
191548
191718
191810
191850
191891
191994
192155
192196
192282
192489
192537
192642
192668
192824
192965
193082
193189
193245
193264
193331
193367
193393
193515
193636
193852
193860
193877
194041
194260
194345
194409
194622
194798
194832
195137
195234
195369
195383
195553
195569
195617
195932
196239
196389
196531
196565
196687
196865
197199
197272
197376
197447
197449
197561
197673
197752
197806
198167
198352
198468
198617
199072
199298
199581
199611
199896
200055
200057
200257
200453
200721
200801
201321
201558
201613
201626
201787
201806
201813
202042
202091
202113
202404
202836
203117
203604
203693
203815
203843
203876
203883
203980
204292
204330
204402
204423
204485
204891
205039
205114
205138
205153
205508
205613
205754
205809
206122
206345
206394
206742
206757
206897
206968
206999
207025
207352
207547
207604
207760
208075
208222
208268
208489
208680
208814
208964
209079
209209
209658
210160
210786
210847
210914
210981
211020
211088
211290
211714
211740
212021
212335
212443
212648
212879
212902
213246
213247
213269
213320
213336
213628
213774
214373
214447
214586
214994
215292
215478
215957
216073
216087
216091
216309
216536
216589
216731
216795
216981
217052
218020
218493
218775
218867
218932
219896
219941
220057
220314
220444
220467
220632
220761
220943
220960
221014
221093
221375
221412
221623
222152
222207
222259
222515
222692
222771
223060
223090
223341
223750
223824
223888
223902
224046
224242
224294
224415
224439
224456
224982
225056
225156
225387
225432
225675
226070
226504
227200
227273
227275
227418
228270
229046
229048
229670
229800
229884
229944
229967
230072
230114
230134
230676
231114
231421
232013
232017
232341
232452
232471
232612
232761
233110
233358
233565
233754
233876
233956
233982
234047
234117
234401
234514
235003
235687
235719
235952
236168
236248
236276
236327
236602
236631
236637
236953
237197
237207
237328
237341
237565
237798
238152
238330
238463
238509
239220
239490
239550
239666
239668
239833
239983
240059
240559
240600
241334
241888
242254
242256
242921
242950
242997
243257
243782
243838
243860
244009
244183
244223
244711
245360
246002
246389
246672
246993
247026
247166
247475
247885
247896
248917
249075
249146
249628
249695
249886
249936
249950
249953
249976
250284
250713
251151
251558
251629
251856
252018
252087
252228
252297
252443
252449
252640
253604
253973
254284
254422
254469
254474
254573
254687
254914
254920
255541
256286
256430
256708
257056
257172
258225
258347
258361
258410
258529
258593
258659
258912
259870
260292
260363
260663
261329
262482
262521
262558
263073
263777
263846
263899
263962
264438
264521
264827
264958
265227
265337
265727
265804
265897
266012
266209
266286
266401
266571
266897
267405
267625
268219
268641
268708
269238
269354
269674
269776
269902
270724
271097
271229
271464
271539
272160
272985
273075
273276
273858
273878
274026
274199
274395
274536
274609
274653
274783
275027
275250
275287
276639
277255
277667
277693
277935
278426
280046
280198
280640
280679
280922
281274
281785
282271
282432
282954
283171
283725
283745
286177
287129
287314
287345
287451
287498
287540
289013
289464
289687
289792
289907
290233
290535
290967
291051
291325
291455
291531
292305
294252
294331
295348
296077
297819
298525
299435
299909
300290
300362
301889
302181
302379
302683
302873
303046
303432
303606
304512
304721
304724
305499
305762
306379
306741
307638
308051
308138
309774
310489
310980
311188
311775
311950
312188
312525
312634
312986
313094
313437
313798
314279
314493
315057
315345
315966
316106
316398
316530
316562
316883
317444
317488
317528
317589
317750
318185
318269
318511
319901
320158
320886
321535
322083
322636
322699
323586
323846
323905
324282
324692
325043
325629
326591
326860
327508
328185
328671
329488
329779
330414
330822
331003
331280
331401
332784
333085
333331
333566
334600
335314
335329
335457
335568
336136
336279
336763
337247
338165
339373
340221
340353
341322
341766
341961
342477
343353
343479
344386
344810
344822
345547
346155
346189
346389
347589
347809
347892
348168
348196
348694
349465
350969
352657
353517
353848
353868
354111
354880
355000
355092
355131
355529
357066
358092
359350
359991
360139
361098
361262
361300
362462
362658
365530
366338
367497
367922
368098
368873
370343
370369
370706
371147
372096
373247
375398
376508
377182
377246
378721
380697
381966
382638
383361
384080
386069
386650
387274
390030
390444
391772
391806
392433
392683
392714
392916
394186
394340
397081
397703
401781
403927
404742
406776
406897
406926
408847
410002
410285
410720
411038
411295
412460
414864
415110
417762
424197
426398
426759
426928
430848
430974
431821
433122
433789
445119
445362
447813
451584
453354
454803
459519
463346
464757
471713
488770
490831
501131
501495
502172
505981
531028
537150
538952
545069
561104
578505
584855
