0
0
15
46
85
164
170
172
222
241
249
296
423
425
522
532
591
613
685
750
805
872
888
990
1002
1100
1130
1146
1180
1182
1264
1376
1443
1584
1589
1601
1665
1733
1887
1965
1997
2213
2228
2259
2292
2346
2348
2385
2435
2435
2437
2474
2672
2705
2860
2950
2969
2976
3086
3124
3136
3319
3345
3407
3479
3527
3549
3724
3739
3779
3838
3875
3953
4016
4106
4147
4171
4250
4268
4305
4307
4312
4333
4455
4458
4507
4552
4568
4568
4584
4632
4668
4753
4756
4835
4839
4909
5009
5071
5229
5309
5329
5422
5447
5531
5574
5682
5694
5980
6062
6179
6308
6346
6390
6478
6572
6640
6707
6835
6945
7033
7047
7047
7075
7077
7116
7244
7328
7356
7390
7472
7502
7503
7555
7635
7641
7761
7778
7780
7819
7875
7930
8088
8107
8138
8225
8241
8293
8309
8359
8366
8377
8513
8572
8579
8609
8756
8760
8798
8830
9159
9176
9222
9267
9273
9348
9369
9400
9472
9491
9585
9609
9622
9626
9687
9749
9761
9793
9835
9842
9875
9877
10045
10089
10095
10158
10197
10325
10390
10473
10489
10505
10547
10730
10769
10841
10883
10890
10906
11009
11042
11073
11132
11155
11173
11196
11225
11273
11370
11396
11464
11465
11474
11529
11536
11569
11632
11657
11674
11738
11879
11901
11999
12174
12194
12230
12280
12380
12586
12673
12753
12784
12819
12913
13023
13078
13092
13105
13170
13171
13206
13207
13287
13314
13317
13354
13441
13455
13456
13571
13637
13677
13753
13767
13788
13808
14028
14042
14098
14131
14138
14511
14605
14628
14636
14691
14695
14737
14743
14813
14931
14947
15028
15068
15078
15108
15112
15236
15383
15446
15479
15552
15556
15593
15599
15667
15831
16040
16055
16129
16249
16292
16319
16376
16391
16426
16439
16498
16511
16511
16572
16586
16611
16626
16646
16711
16731
16795
16817
16954
17045
17136
17172
17210
17333
17411
17451
17572
17619
17693
17696
17710
17745
17757
17819
17823
18039
18043
18059
18065
18092
18093
18093
18151
18216
18348
18352
18390
18485
18510
18535
18552
18730
18816
18818
18968
18988
19058
19201
19220
19232
19237
19248
19256
19314
19420
19438
19514
19556
19580
19633
19667
19701
19701
19796
19903
19999
20086
20313
20344
20360
20451
20457
20589
20657
21005
21021
21054
21062
21114
21127
21174
21210
21254
21284
21522
21557
21563
21573
21630
21662
21688
21768
21775
21817
21987
21992
22008
22023
22060
22102
22108
22138
22193
22249
22353
22414
22524
22535
22537
22576
22633
22634
22730
22776
22868
22912
23139
23155
23160
23200
23229
23249
23254
23275
23373
23443
23539
23583
23585
23626
23768
23770
23804
23877
23889
24046
24047
24091
24137
24164
24242
24270
24329
24384
24475
24479
24485
24539
24552
24604
24628
24651
24682
24697
24702
24738
24808
24847
25036
25101
25136
25151
25186
25257
25268
25372
25399
25638
25724
25755
25806
25854
25860
26011
26150
26206
26207
26212
26231
26268
26401
26421
26468
26470
26518
26591
26610
26628
26700
26887
27037
27069
27139
27162
27182
27358
27398
27439
27472
27541
27592
27634
27690
27694
27697
27738
27778
27795
27874
27941
27987
28066
28091
28118
28121
28139
28384
28439
28440
28451
28480
28498
28610
28716
28799
28837
28889
28935
28943
29049
29091
29139
29149
29241
29277
29278
29321
29347
29423
29467
29632
29649
29721
29845
29884
30114
30330
30412
30472
30497
30661
30729
30856
30864
30877
30883
30998
31002
31069
31087
31098
31122
31316
31415
31451
31502
31544
31651
31758
31853
31870
31883
31955
32006
32028
32037
32050
32140
32185
32211
32264
32276
32321
32367
32377
32378
32507
32508
32551
32554
32560
32648
32690
32698
32851
32858
32897
32914
33005
33154
33159
33363
33370
33395
33435
33471
33519
33560
33636
33662
33724
33795
33897
33904
33906
33951
33969
34001
34069
34120
34221
34285
34331
34366
34402
34417
34615
34760
34777
34841
34855
34947
34983
35010
35085
35126
35274
35353
35354
35361
35515
35563
35594
35681
35706
35720
35880
35969
36003
36033
36040
36085
36125
36231
36263
36317
36407
36466
36466
36521
36557
36615
36635
36693
36705
36707
36739
36950
37022
37161
37198
37207
37462
37635
37986
38024
38035
38043
38083
38108
38173
38184
38211
38222
38340
38401
38405
38531
38548
38654
38721
38741
39168
39212
39218
39367
39389
39458
39472
39483
39511
39556
39574
39661
39828
39861
39915
39942
39943
40044
40195
40225
40253
40266
40275
40293
40397
40488
40491
40617
40624
40643
40646
40693
40728
40820
40904
40929
40955
41025
41288
41372
41402
41442
41523
41571
41605
41660
41669
41736
41802
41857
41910
41967
42030
42046
42076
42102
42239
42348
42493
42562
42622
42662
42776
42854
42857
43020
43067
43097
43100
43124
43155
43158
43220
43296
43337
43341
43389
43415
43492
43812
43889
43925
43990
44007
44040
44093
44094
44151
44216
44232
44521
44569
44588
44590
44596
44642
44647
44692
44757
44761
44775
44849
44948
45099
45103
45135
45188
45198
45255
45384
45399
45475
45513
45609
45688
45694
45711
45717
45778
45926
46206
46242
46290
46365
46375
46411
46521
46522
46600
46659
46773
46791
46904
47048
47068
47099
47177
47271
47303
47357
47396
47406
47453
47458
47475
47635
47694
47838
47909
47922
47952
47966
48025
48096
48104
48124
48159
48227
48333
48415
48466
48482
48508
48632
48661
48717
48756
48759
48794
48847
48870
48873
48878
48918
48999
49074
49270
49365
49371
49399
49515
49569
49666
49669
49701
49702
49751
49769
50028
50258
50328
50434
50601
50621
50662
50694
50727
50842
50909
50977
51058
51077
51144
51148
51192
51207
51207
51225
51349
51443
51587
51600
51630
51642
51743
51790
51845
51909
52061
52063
52116
52163
52254
52282
52339
52504
52575
52633
52652
52730
52749
52772
52806
52815
52816
52836
52865
52887
53017
53112
53130
53250
53398
53404
53492
53547
53574
53707
53725
53855
53902
53946
54217
54284
54325
54329
54345
54570
54689
54759
54814
54849
54864
54921
54970
55005
55045
55049
55121
55193
55286
55596
55598
55620
55634
55706
55829
55858
55863
55885
55904
55949
55952
55978
55983
56024
56138
56197
56203
56210
56223
56235
56302
56308
56308
56519
56617
56666
56714
57037
57108
57296
57397
57436
57454
57541
57585
57590
57600
57614
57911
57936
58035
58182
58207
58276
58285
58322
58339
58385
58423
58647
58662
58768
58877
58877
58934
58935
58954
58961
59007
59014
59221
59302
59345
59370
59371
59526
59565
59581
59588
59650
59668
59742
59816
59957
60001
60075
60080
60084
60105
60147
60148
60172
60283
60358
60386
60554
60625
60763
60823
60982
61170
61248
61248
61265
61314
61481
61524
61578
61607
61646
61653
61703
61708
62129
62170
62307
62396
62452
62547
62611
62726
62784
62819
62904
62939
62976
63094
63095
63095
63164
63211
63231
63292
63394
63894
64307
64339
64419
64463
64483
64761
64772
64873
64969
65005
65258
65258
65324
65370
65404
65426
65474
65602
65634
65652
65727
65736
65768
66035
66035
66068
66111
66132
66373
66402
66453
66459
66483
66514
66546
66810
66842
66843
66921
66924
66968
67021
67023
67077
67156
67246
67260
67343
67400
67932
67956
68122
68141
68259
68291
68324
68353
68582
68658
68669
68673
68678
68691
68698
68744
68943
68969
68989
69162
69211
69372
69612
69640
69689
69704
69752
69800
69842
69885
69904
70018
70033
70046
70273
70365
70431
70448
70486
70802
70881
70900
70932
71234
71535
71553
71585
71591
71609
71680
71752
71819
71853
71862
71878
71916
71919
71943
72149
72200
72240
72299
72455
72479
72567
72680
72738
72790
72848
72940
73018
73206
73242
73418
73541
73610
73689
73746
73752
73767
73793
73906
74085
74107
74133
74165
74268
74306
74387
74417
74421
74445
74451
74541
74943
75107
75328
75397
75453
75504
75530
75623
75687
75925
75960
76050
76139
76157
76210
76462
76735
76788
76847
76851
76868
76906
76915
76961
76998
77006
77007
77394
77471
77565
77565
77599
77612
77659
77708
77730
77811
77817
77881
77908
78000
78461
78543
78570
78638
78760
78853
78992
79069
79255
79333
79392
79485
79655
79720
79733
79762
79817
79878
79973
79983
79984
80039
80043
80179
80297
80364
80481
80516
80705
80719
80835
80848
80983
81016
81103
81212
81256
81269
81284
81335
81395
81483
81550
81554
81561
81639
81735
81794
81834
81904
82137
82195
82199
82380
82400
82583
82638
82711
82892
82965
83167
83170
83278
83309
83311
83503
83549
83560
83593
83814
83881
84173
84242
84342
84402
84473
84483
84508
84518
84615
84751
84782
84820
84844
84847
84905
84909
85042
85053
85110
85129
85154
85309
85378
85478
85543
85550
85699
85856
85869
85927
86068
86128
86175
86188
86243
86472
86500
86654
86722
86758
86874
86881
86893
86981
87027
87072
87094
87218
87235
87268
87280
87360
87410
87500
87517
87582
87884
87913
87967
87974
88003
88053
88057
88169
88205
88226
88328
88345
88549
88638
88701
88839
88852
89261
89311
89462
89470
89470
89588
89674
89713
89725
89852
89972
89996
90029
90050
90345
90376
90611
90650
90660
90717
90841
90903
90929
90961
90965
91058
91082
91159
91257
91257
91335
91428
91497
91712
91746
91759
91864
91953
91972
91980
92016
92163
92196
92201
92317
92322
92537
92696
92758
92764
92788
92845
92953
93155
93168
93455
93737
93739
93754
93779
93927
93965
94014
94015
94021
94248
94279
94283
94315
94359
94455
94537
94560
94594
94673
94688
94773
94900
94923
94952
94988
95003
95006
95049
95054
95181
95283
95284
95317
95324
95382
95425
95478
95524
95617
95647
95692
95694
95889
96011
96031
96077
96138
96154
96202
96248
96400
96437
96516
96518
96542
96596
96751
96781
96883
97095
97108
97117
97176
97213
97240
97571
97596
97747
97761
97780
97889
98031
98080
98146
98173
98288
98355
98389
98444
98473
98565
98655
98736
98858
98881
99052
99077
99130
99268
99281
99299
99439
99456
99514
99611
99681
99686
99734
99906
99924
100027
100032
100048
100058
100085
100196
100362
100382
100406
100795
100831
100877
100889
100997
101016
101035
101041
101182
101304
101320
101373
101377
101387
101487
101579
101617
101706
101756
101883
101980
102107
102186
102247
102325
102333
102337
102344
102461
102517
102554
102645
102646
102859
102887
102924
102997
103004
103050
103053
103067
103141
103177
103214
103215
103222
103253
103305
103331
103395
103405
103439
103559
103598
103655
103681
103746
103771
103816
103927
103985
103989
104014
104227
104288
104359
104432
104500
104527
104597
104637
104991
105001
105042
105329
105406
105448
105530
105687
105712
105758
105789
105839
105850
105882
105996
106086
106194
106319
106331
106339
106471
106512
106513
106558
106671
106723
106729
106767
106799
106823
106842
106880
107014
107026
107047
107142
107197
107282
107285
107385
107444
107484
107508
107842
107943
107947
108031
108038
108117
108139
108157
108242
108321
108328
108366
108494
108500
108551
108616
108642
108749
108889
108916
108937
108941
108956
109040
109140
109251
109280
109409
109462
109530
109612
109664
109747
109760
109772
109791
109889
109986
110024
110162
110181
110324
110342
110381
110399
110520
110615
110631
110631
110711
110717
110720
110792
110855
110890
110914
110947
111611
111634
111707
111836
111960
112023
112024
112112
112242
112410
112572
112584
112679
112771
112861
112887
112913
112915
112965
112966
113103
113131
113136
113253
113253
113395
113429
113459
113636
113718
113762
113866
113871
113911
113912
114094
114158
114163
114423
114480
114792
114836
114837
114935
115060
115095
115116
115147
115182
115250
115411
115500
115512
115630
115651
115776
115805
115845
115916
115978
116103
116225
116342
116440
116511
116682
116750
116855
116965
117027
117196
117221
117275
117316
117424
117441
117558
117671
117957
118024
118043
118214
118361
118540
118663
118679
118811
118926
118998
119302
119306
119436
119641
119653
119817
119904
119911
119945
120023
120109
120137
120193
120310
120366
120488
120558
120570
120636
120908
121065
121102
121168
121242
121527
121555
121816
121828
121935
121944
122054
122178
122492
122504
122532
122638
122669
122838
122890
122965
123251
123275
123277
123363
123534
123641
123660
123931
124274
124280
124319
124353
124436
124503
124522
124723
125001
125037
125128
125129
125396
125514
125560
125560
125703
125736
125780
126099
126233
126339
126342
126355
126370
126438
126482
126500
126504
126661
126707
126936
126936
127087
127113
127586
127612
127642
127787
128122
128165
128272
128304
128509
128525
128699
129139
129143
129166
129246
129275
129275
129357
129377
129427
129567
129749
130072
130116
130325
130353
130396
130414
130555
130571
130595
130603
130613
130716
130748
130979
131114
131383
131407
131836
131853
132050
132206
132515
132605
132946
132980
133138
133351
133456
133658
133737
133742
133963
134018
134101
134138
134206
134274
134278
134319
134523
134523
134574
134640
134701
134712
134723
134740
134902
135051
135343
135353
135682
135691
135693
135734
135827
136008
136157
136256
136398
136453
136477
136495
136622
136722
136802
136896
137104
137106
137177
137237
137274
137413
137812
137906
138040
138086
138125
138412
138443
138526
138591
138700
139126
139235
139278
139426
139448
139479
139644
139755
139805
140154
140236
140288
140289
140849
141225
141269
141330
141386
141526
141616
141779
141785
141806
141811
141820
141876
142119
142195
142369
142616
142691
142756
142784
142933
143025
143096
143184
143464
143511
143691
143715
144079
144141
144163
144184
144380
144442
144720
144804
144805
144870
145076
145134
145208
145262
145306
145435
145456
145643
145744
145843
145870
145919
145930
145962
146024
146077
146357
146668
146758
147029
147165
147257
147397
147548
147553
147688
147753
147835
147900
147937
148063
148232
148416
148496
148537
148552
148562
148615
148703
148944
149310
149318
149344
149511
149512
149745
149801
149827
150043
150188
150362
150416
150540
150749
150797
150926
150952
150958
150981
151037
151198
151210
151435
151492
151544
151605
151807
151869
152026
152038
152150
152236
152240
152247
152492
152706
152771
152890
153031
153204
153357
153534
153586
153634
153783
153805
153809
153959
154126
154174
154197
154264
154371
154424
154438
154497
154527
154578
154705
154840
154892
155007
155114
155172
155480
155786
155905
156015
156054
156114
156139
156140
156415
156449
156520
156546
156747
156783
156851
156861
156862
157052
157111
157579
157644
157660
157698
157723
158093
158134
158161
158178
158371
158400
158444
158474
158924
159171
159752
159825
160018
160020
160041
160059
160156
160240
160328
160337
160379
160406
160602
160893
160979
161022
161113
161129
161184
161267
161461
161486
161564
161566
161671
161751
161765
161803
161872
161921
161964
161994
162143
162519
162822
162935
163200
163235
163301
163415
163452
163528
163726
163822
163850
164116
164612
164718
164882
165045
165475
165595
165879
165938
166119
166222
166269
166513
166529
166663
166677
166685
166796
166923
166949
167256
167289
167305
167324
167406
167631
167935
168424
168498
168507
168565
168649
168670
168731
168883
169033
169158
169607
169645
169661
169776
169801
169825
169940
170087
170376
170401
170418
170447
170591
170600
170638
170684
170708
170833
170953
170982
171081
171278
171322
171337
171573
171660
171735
171795
171876
171999
172081
172225
172255
172291
172413
172623
172921
173137
173319
173324
173594
173620
173625
173649
173856
173975
173989
173998
174030
174231
174705
174802
174995
175050
175136
175267
175330
175401
175401
175508
176059
176080
176126
176146
176222
176336
176382
176396
176413
176736
177225
177229
177325
177562
177790
177884
177897
177899
177911
177941
178099
178108
178145
178272
178273
178296
178342
178349
178356
178610
178639
179236
179467
179549
179573
179615
179626
179858
179973
180102
180399
180414
180453
180563
181051
181119
181223
181227
181403
181451
181566
181587
181801
182038
182242
182271
182290
182340
182707
182726
183275
183356
183403
183432
183634
183671
183817
183856
184093
184148
184452
184510
184558
184806
184895
184953
185016
185028
185086
185344
185686
186093
186252
186280
186426
186815
186876
186986
186994
187092
187132
187203
187232
187319
187495
187616
187636
187648
187785
187848
188052
188384
188445
188499
188746
188833
188954
189135
189402
189432
189540
189937
190013
190103
191000
191329
191509
191670
192055
192082
192218
192351
192519
192633
192648
192660
192676
192813
193271
193569
193594
193780
193906
193932
193954
194131
194268
194969
195049
195132
195153
195256
195364
195645
195659
195961
196034
196067
196356
196411
196499
196555
196630
196841
196942
197151
197164
197253
197312
197391
197487
197607
197781
197883
198393
198470
198719
199382
200268
200320
200381
200422
200485
200533
200656
200760
200839
200904
200935
200963
201046
201103
201129
201144
201206
201379
201391
201452
201474
201778
202122
202249
202332
202365
202410
202486
202510
202671
202695
202798
203446
203485
203521
203696
204046
204131
204187
204454
204572
204588
204643
204670
204925
205269
205591
205656
205945
206238
206573
206626
206648
206731
206961
207267
207508
207561
207818
208615
209223
209258
209513
209843
209997
210175
210193
210432
210516
210519
210552
210831
211317
211325
211414
211466
211675
212021
212320
212357
212376
212379
212475
212687
212890
213050
213064
213159
213281
213364
213552
213925
214061
214069
214215
214260
214925
214947
215025
215031
215118
215331
215941
216080
216175
216532
216838
216974
217230
217314
217607
218035
218132
218155
218176
218441
218444
218534
218704
218749
218904
218912
218979
219099
219148
219275
219884
219914
219930
220345
220429
220583
220619
220661
220706
221327
221369
221517
221777
221945
222223
222247
222260
222351
222449
223102
223251
223422
223580
223763
224126
224279
224301
224626
224720
225175
225445
225517
225580
225716
225836
226194
226273
226323
226393
226422
226548
226791
226866
227170
227249
227258
227271
227572
228010
228016
228229
228235
228269
228337
228430
228615
228804
229067
229203
229274
229366
229546
229557
230163
230590
231140
231155
231540
231623
231942
232179
232856
233301
233604
234319
234457
234545
234547
234792
235034
235605
235656
236020
236024
236445
236731
237212
237304
237765
238291
238670
238773
238874
238946
239469
239528
239869
239912
239959
240006
240140
240458
240743
240797
241074
241174
241365
241483
241750
241855
242029
242189
242324
242330
242361
242395
242547
242775
242821
243110
243166
243231
243309
243372
243912
244240
244408
244669
244803
244961
245007
245078
245215
245359
245632
245679
245730
245791
245927
246533
246547
247362
247427
247551
247997
248222
248342
248696
249876
249939
249995
250199
250200
250333
250641
250836
250853
251041
251268
251636
251643
251994
252069
252437
252825
252876
253625
253957
254010
254192
254254
254481
254682
254908
254921
255053
255190
255548
255614
255917
255946
256087
256349
256759
256864
257039
257129
257507
257839
257875
257891
257978
258120
258289
258630
259076
259126
259177
259751
259768
259852
260057
260369
260373
260428
260512
260830
261355
261508
261875
262310
263844
264610
264632
264733
264974
265027
265141
266200
266812
267291
267369
268016
268224
269155
269447
270073
270097
270151
270694
270758
271309
271910
272124
272270
272321
272322
272497
272709
273536
274045
274156
274800
275311
275930
276030
277015
278412
278799
279031
279168
279222
279728
280013
280058
280401
280645
280681
280782
280879
281590
281747
281895
282077
282287
282302
282591
282900
283076
285001
286104
286193
286444
286785
287142
287655
287752
288249
288353
288647
289252
289456
289774
289785
290272
290347
290855
291977
292287
292632
292674
293849
293924
294068
294111
294144
294349
294569
294599
294723
295281
295414
295561
295578
295695
296453
297145
297453
297778
298008
298336
298827
299486
299585
299733
299840
300108
300279
300449
300451
300469
300613
300618
301002
302982
303271
303466
303544
303603
303604
303674
304130
304686
304853
305524
305616
306020
306877
306879
307350
307831
308030
308457
308636
309391
309625
309640
309659
309932
310160
310300
310654
310829
311781
311952
312054
312844
313006
313564
313713
313882
313885
313981
314261
315623
315661
317534
318050
318323
318937
318956
319079
320244
320550
320584
320977
321154
321538
321801
322121
323599
323738
324251
324513
326051
326857
326948
328331
328508
328702
329008
329296
330419
330456
331186
331366
331380
331529
331726
332098
332138
332243
332329
333269
333625
333793
334568
335027
335711
335821
336167
336746
337800
339935
339963
340062
341203
341925
342009
343663
344856
345441
345652
345757
345998
349485
349487
351345
351546
351717
352907
353377
353679
354242
354435
355275
355503
355674
355853
356280
356570
357079
357080
358256
358843
360430
360477
362592
362615
363301
363797
364044
364661
365227
365229
365594
366143
366563
368188
368404
368621
369961
370464
371199
373086
373292
374401
374447
374946
374971
375169
375171
375409
376627
379464
380788
381060
382234
384130
384755
385507
385743
387738
389161
389225
390223
390688
390745
390753
392430
393038
397052
399064
401387
404090
404377
404979
405605
405716
406004
406954
407815
409080
410703
414573
416058
417398
418117
420151
420926
421852
422343
423681
424121
425331
426654
431041
432309
433245
434028
438657
438971
443318
444609
445347
447591
448622
450409
450438
453911
455379
459205
461068
461436
462505
462810
462895
463273
463541
464681
470966
473109
473537
475006
477692
478863
482183
498947
521695
533108
537815
