0
0
23
68
135
138
165
168
196
200
236
254
274
324
407
427
481
526
639
682
692
753
759
807
819
884
890
920
992
1030
1093
1129
1212
1244
1250
1253
1324
1353
1401
1476
1478
1479
1494
1497
1553
1637
1721
1733
1762
1835
1928
2232
2283
2295
2371
2380
2390
2449
2484
2571
2600
2618
2699
2741
2859
2859
3007
3012
3058
3171
3243
3289
3336
3425
3464
3469
3477
3536
3607
3631
3682
3746
3760
3777
3874
3877
3884
3885
3886
3909
3954
4153
4219
4259
4281
4334
4364
4420
4462
4501
4520
4564
4626
4640
4659
4682
4786
4830
4844
4876
4899
4985
5068
5096
5226
5335
5354
5393
5427
5494
5531
5574
5578
5583
5625
5644
5650
5669
5682
5711
5727
5729
5781
5785
5841
5841
5937
6036
6036
6047
6087
6136
6152
6165
6186
6317
6374
6399
6410
6422
6439
6453
6475
6567
6572
6606
6624
6647
6659
6685
6697
6710
6746
6765
6791
6798
6844
6854
6880
6884
6889
6935
6946
6957
6958
6985
7003
7042
7050
7053
7165
7182
7206
7223
7247
7327
7334
7536
7539
7540
7600
7630
7631
7700
7739
7836
7880
8022
8089
8127
8142
8157
8226
8248
8304
8371
8384
8492
8604
8636
8643
8660
8695
8744
8754
8824
8842
8888
8942
8948
8978
8991
9019
9040
9217
9226
9237
9241
9271
9375
9465
9470
9504
9558
9575
9670
9671
9696
9707
9737
9785
9787
9820
9842
9937
9956
9962
10001
10022
10031
10038
10049
10092
10161
10163
10192
10209
10217
10262
10299
10304
10374
10378
10392
10463
10516
10530
10557
10565
10571
10594
10649
10702
10707
10755
10763
10809
10860
10872
10931
10982
11042
11066
11090
11100
11176
11220
11224
11234
11369
11400
11470
11496
11513
11613
11618
11766
11787
12050
12061
12110
12190
12215
12231
12337
12348
12392
12418
12424
12437
12509
12522
12595
12625
12741
12767
12850
12884
12912
12923
12933
12970
12984
13008
13043
13098
13104
13175
13190
13222
13246
13304
13330
13342
13373
13417
13440
13451
13617
13774
13789
13851
13914
13939
13976
13988
14183
14188
14235
14237
14237
14253
14324
14457
14531
14540
14552
14603
14714
14771
14799
14808
15028
15070
15077
15092
15133
15134
15148
15160
15260
15262
15316
15327
15395
15462
15489
15532
15616
15633
15642
15690
15809
15812
15820
15877
15920
15977
16001
16046
16053
16056
16072
16126
16131
16176
16206
16219
16225
16232
16279
16286
16297
16304
16382
16405
16458
16465
16494
16572
16581
16637
16740
16745
16835
16875
16893
16898
16915
16934
16948
17004
17015
17090
17128
17139
17147
17147
17236
17306
17316
17439
17461
17480
17506
17568
17570
17573
17699
17789
17796
17898
17906
17918
17976
17991
18023
18027
18187
18191
18232
18271
18320
18328
18340
18381
18440
18471
18472
18541
18560
18563
18608
18615
18681
18695
18778
18812
18857
19047
19050
19058
19140
19150
19216
19218
19283
19305
19375
19388
19402
19411
19420
19511
19515
19608
19640
19641
19652
19741
19813
19824
19960
20056
20241
20467
20471
20539
20545
20570
20633
20729
20730
20751
20771
20790
20794
20826
20867
20885
20889
20937
21079
21080
21175
21324
21332
21542
21560
21563
21628
21644
21661
21726
21768
21799
21832
21922
21983
22035
22159
22179
22318
22385
22474
22493
22508
22543
22543
22549
22556
22571
22720
22815
22840
22849
22855
22897
22907
22960
22968
22989
22992
23045
23094
23110
23121
23124
23225
23248
23255
23283
23295
23319
23365
23400
23476
23476
23512
23522
23552
23604
23661
23680
23693
23854
23857
23990
24000
24034
24105
24151
24199
24217
24285
24296
24463
24535
24720
24807
24818
24869
24916
24973
25048
25063
25116
25130
25196
25248
25267
25277
25279
25280
25329
25356
25377
25433
25478
25672
25677
25690
25702
25770
25997
26034
26047
26051
26067
26138
26171
26350
26394
26412
26457
26492
26657
26797
26867
26927
26940
26950
26975
27006
27018
27028
27121
27122
27135
27155
27244
27255
27284
27418
27467
27483
27565
27589
27627
27766
27830
27880
27935
27957
27960
28007
28017
28114
28120
28203
28404
28474
28489
28529
28607
28610
28617
28698
28943
28957
29035
29053
29061
29125
29187
29217
29227
29248
29409
29451
29551
29665
29734
29745
29767
29780
29849
30002
30009
30016
30022
30101
30129
30155
30205
30216
30225
30362
30398
30426
30486
30522
30526
30570
30607
30659
30676
30699
30720
30760
30829
30850
30874
30913
30942
31038
31059
31072
31129
31184
31209
31282
31284
31471
31479
31484
31529
31628
31741
31744
31851
31904
31917
31931
31932
31982
32001
32018
32028
32035
32161
32197
32299
32324
32339
32454
32472
32483
32506
32537
32558
32592
32658
32674
32759
32793
32808
32840
32896
32911
32951
32960
33074
33147
33164
33177
33239
33296
33598
33620
33637
33681
33704
33731
33744
33824
33840
33846
33848
33852
33859
33932
33950
34112
34127
34239
34282
34302
34311
34410
34493
34531
34534
34542
34572
34616
34669
34700
34743
34756
34762
34806
34835
34868
34908
34959
34983
35101
35119
35135
35147
35187
35207
35249
35276
35277
35297
35326
35421
35462
35467
35484
35488
35584
35597
35635
35656
35666
35707
35755
35820
35857
35880
35882
35917
35970
36053
36080
36087
36093
36173
36195
36224
36328
36387
36393
36436
36530
36665
36683
36719
36830
36876
36898
36955
36998
36999
37065
37072
37165
37217
37217
37232
37232
37247
37255
37263
37290
37359
37409
37466
37477
37477
37503
37507
37524
37587
37594
37613
37613
37658
37689
37709
37725
37759
37777
37804
37849
37852
37867
37906
37980
37995
37998
38003
38034
38082
38105
38120
38195
38226
38230
38234
38252
38274
38276
38333
38340
38367
38420
38450
38521
38544
38705
38717
38829
38868
38879
38890
38910
38928
38988
38997
39163
39249
39262
39298
39418
39454
39479
39603
39680
39782
39782
39797
39815
39836
39871
39882
40001
40039
40046
40079
40248
40258
40262
40288
40308
40429
40466
40512
40522
40765
40833
40840
40841
40864
40915
40931
40950
40959
40973
41000
41007
41038
41067
41093
41123
41178
41219
41284
41289
41317
41350
41421
41435
41477
41494
41577
41603
41662
41686
41734
41801
41809
41844
41847
41874
41884
41898
41900
41904
41904
41926
41943
41952
41997
42046
42076
42151
42160
42212
42225
42246
42281
42321
42350
42440
42497
42519
42588
42615
42684
42694
42699
42755
42760
42845
42979
43006
43157
43164
43181
43182
43195
43197
43198
43204
43286
43394
43419
43482
43497
43504
43524
43533
43597
43605
43822
43864
43965
43998
44007
44052
44081
44216
44217
44289
44299
44306
44443
44509
44509
44642
44880
44927
44974
45036
45129
45137
45158
45246
45260
45296
45361
45379
45497
45513
45554
45556
45566
45590
45643
45666
45683
45768
45815
45844
45899
45916
45937
45999
46067
46136
46152
46154
46157
46194
46229
46262
46296
46342
46354
46363
46367
46463
46495
46575
46613
46636
46636
46677
46680
46861
46956
46968
46994
47028
47102
47155
47172
47189
47208
47213
47257
47303
47312
47379
47388
47389
47435
47470
47478
47556
47621
47757
47811
47817
47830
47942
48008
48026
48053
48062
48092
48103
48152
48340
48466
48478
48482
48503
48527
48590
48647
48728
48737
48904
48907
48974
48981
48986
48990
49086
49130
49165
49188
49314
49387
49405
49587
49591
49599
49602
49612
49668
49801
49877
50109
50180
50210
50246
50268
50273
50325
50360
50431
50467
50603
50618
50651
50679
50706
50822
50867
50887
50895
50901
50932
50936
50942
51015
51025
51074
51105
51214
51224
51233
51250
51294
51333
51415
51424
51429
51473
51517
51552
51760
51763
51814
51935
52022
52086
52103
52127
52144
52198
52222
52276
52318
52359
52590
52596
52669
52776
52945
52946
52952
53150
53190
53220
53243
53309
53487
53565
53587
53616
53620
53625
53653
53684
53694
53709
53753
53779
53786
53990
54017
54022
54056
54081
54128
54174
54211
54218
54328
54354
54379
54482
54507
54561
54627
54725
54732
54795
55067
55097
55110
55120
55146
55182
55266
55286
55294
55459
55520
55551
55579
55581
55604
55620
55676
55745
55780
55782
55785
55818
55820
55884
56013
56026
56047
56091
56123
56173
56184
56359
56386
56404
56426
56575
56579
56589
56593
56602
56615
56623
56635
56673
56763
56788
56834
56842
56898
56899
56938
56940
56991
57075
57321
57345
57358
57494
57529
57551
57577
57590
57594
57736
57872
57882
57897
57956
57988
57989
58039
58060
58166
58185
58190
58208
58216
58225
58248
58350
58382
58389
58475
58515
58516
58610
58670
58676
58711
58749
58752
58806
58830
58839
58864
58884
58895
58912
59072
59093
59124
59141
59147
59236
59263
59347
59355
59424
59442
59473
59683
59769
59992
60017
60032
60093
60105
60114
60180
60191
60193
60293
60319
60337
60373
60374
60434
60522
60528
60610
60632
60650
60703
60720
60794
60805
61011
61041
61086
61155
61206
61224
61246
61287
61333
61471
61564
61580
61655
61743
61790
61839
61931
61932
62021
62039
62200
62308
62329
62495
62598
62651
62728
62768
62833
62869
62931
63058
63179
63218
63231
63274
63321
63343
63360
63404
63472
63485
63536
63567
63583
63596
63646
63766
63812
63847
63931
64043
64045
64081
64081
64096
64114
64132
64143
64299
64310
64323
64336
64342
64423
64431
64507
64672
64724
64756
64756
64767
64802
64870
64924
64944
65011
65054
65073
65126
65179
65196
65361
65534
65540
65567
65606
65633
65662
65682
65685
65697
65720
65839
65911
66045
66204
66232
66429
66456
66555
66601
66670
66797
67042
67078
67091
67095
67148
67255
67302
67317
67385
67458
67469
67469
67539
67583
67682
67694
67701
67730
67891
67930
67997
68130
68140
68153
68215
68320
68347
68380
68409
68445
68501
68543
68651
68669
68720
68778
68787
68791
68832
68882
68901
68952
68983
68996
69051
69054
69077
69138
69149
69180
69281
69337
69399
69404
69426
69426
69434
69446
69555
69806
69925
69954
70014
70163
70166
70171
70198
70230
70292
70343
70383
70420
70494
70517
70539
70558
70561
70562
70620
70641
70853
70945
71004
71174
71175
71246
71398
71410
71452
71464
71530
71539
71592
71684
71702
71751
71838
71868
71873
71918
71972
71985
72050
72150
72154
72168
72251
72269
72276
72287
72288
72445
72474
72547
72576
72647
72654
72859
72868
72904
73035
73073
73122
73135
73196
73208
73368
73370
73548
73570
73596
73641
73696
73710
73742
73785
73808
73818
73853
73900
73919
73966
73991
74016
74076
74079
74087
74109
74136
74148
74151
74207
74225
74255
74302
74303
74533
74609
74738
74846
74938
74957
75021
75040
75112
75175
75190
75196
75356
75419
75442
75505
75546
75555
75562
75629
75752
75763
75779
75840
75849
76016
76033
76075
76139
76154
76165
76226
76260
76316
76317
76436
76447
76480
76564
76606
76633
76693
76701
76932
77002
77015
77070
77228
77274
77281
77302
77321
77415
77457
77520
77546
77553
77585
77593
77710
77726
77809
77866
77872
77882
77889
77975
77986
78007
78027
78032
78148
78232
78249
78349
78387
78454
78508
78617
78708
78789
78868
78892
79014
79079
79170
79309
79405
79424
79460
79476
79489
79501
79772
79772
79796
79895
80073
80081
80088
80118
80165
80167
80228
80258
80279
80421
80449
80470
80490
80556
80562
80637
80652
80697
80703
80711
80742
80781
80830
80848
80865
80907
80926
80964
80993
81031
81069
81076
81109
81163
81201
81241
81251
81363
81364
81389
81392
81423
81429
81516
81689
81743
81777
81814
81834
81848
81851
82123
82177
82191
82339
82593
82595
82689
82737
82805
82811
82818
82878
82891
83148
83195
83307
83394
83424
83426
83589
83684
83751
83790
83817
83818
83946
84012
84082
84089
84132
84137
84160
84266
84274
84277
84289
84302
84334
84337
84433
84649
84652
84675
84708
84754
84766
84861
84905
84930
84933
84986
85114
85291
85362
85427
85435
85437
85464
85483
85496
85497
85510
85520
85574
85606
85625
85688
85888
85928
86044
86103
86143
86149
86235
86306
86347
86373
86380
86408
86421
86440
86533
86645
86687
86711
86728
86733
86896
86962
87014
87051
87098
87182
87273
87416
87425
87444
87505
87521
87532
87627
87694
87708
87821
87822
87932
88053
88256
88298
88319
88322
88337
88507
88627
88665
88695
88774
88863
89045
89090
89137
89182
89184
89207
89477
89531
89557
89599
89612
89682
89701
89717
89739
89746
89749
89761
89777
89949
90117
90126
90179
90180
90252
90311
90418
90421
90424
90490
90496
90556
90679
90691
90943
91066
91106
91150
91235
91240
91259
91290
91290
91333
91343
91345
91348
91452
91576
91634
91679
91738
91799
91846
91857
91880
91907
91916
91957
92053
92165
92181
92190
92239
92270
92294
92344
92407
92415
92464
92482
92488
92500
92501
92595
92602
92621
92742
92795
92928
92969
93163
93273
93319
93428
93463
93484
93512
93535
93610
93614
93707
93807
93810
93844
93852
93926
93971
94038
94185
94271
94302
94331
94355
94567
94591
94613
94632
94683
94766
94892
94938
94978
94993
95105
95108
95168
95223
95225
95408
95411
95440
95449
95468
95517
95585
95651
95664
95699
95749
95785
95797
95854
95932
95985
96073
96108
96269
96451
96466
96508
96510
96577
96595
96688
96722
96730
96737
96861
96862
96972
97086
97224
97238
97289
97310
97333
97349
97357
97512
97653
97686
97735
97750
97820
97898
97919
97920
97928
97956
98001
98038
98077
98117
98118
98203
98237
98294
98350
98429
98451
98462
98687
98812
98826
98836
98876
98931
98931
98942
99141
99210
99216
99240
99305
99350
99371
99407
99441
99450
99454
99588
99611
99675
99689
99765
99796
99798
99876
99879
99891
100021
100088
100128
100188
100251
100428
100430
100491
100585
100589
100629
100662
100683
100692
100773
100854
100890
100917
100929
100975
101057
101120
101157
101224
101285
101327
101421
101460
101554
101627
101636
101658
101707
101714
101814
102018
102067
102211
102261
102288
102407
102517
102651
102853
102932
102935
102980
103063
103248
103380
103589
103643
103668
103788
103790
103859
103863
103864
104076
104283
104358
104440
104461
104482
104483
104505
104662
104710
104733
104765
104819
104947
104960
104979
104984
105058
105225
105266
105318
105430
105440
105601
105649
105657
105749
105780
105994
106038
106064
106096
106141
106234
106255
106276
106309
106323
106626
106650
106665
106769
106776
106858
106872
106911
106955
107097
107161
107196
107358
107495
107503
107507
107520
107521
107651
107715
107751
107751
107754
107849
107916
108000
108014
108103
108138
108175
108194
108321
108402
108435
108529
108530
108674
108701
108706
108710
108769
109090
109143
109183
109219
109273
109301
109363
109384
109406
109423
109455
109479
109541
109578
109676
109701
109724
109763
109771
109921
109992
109994
110033
110189
110205
110243
110274
110288
110288
110306
110312
110364
110391
110445
110494
110517
110528
110552
110568
110630
110699
110709
110855
110899
111031
111193
111199
111209
111232
111294
111407
111500
111557
111664
111683
111741
111880
111897
111913
112054
112095
112104
112115
112127
112193
112207
112259
112317
112347
112499
112534
112758
112820
112832
113040
113097
113188
113220
113284
113412
113445
113545
113556
113578
113632
113644
113713
113810
113885
113987
114051
114054
114085
114122
114195
114263
114272
114339
114384
114411
114435
114565
114567
114598
114662
114663
114776
114794
114801
114817
114871
114902
114903
115003
115027
115060
115154
115391
115407
115430
115512
115644
115645
115695
115752
115918
116041
116063
116129
116282
116296
116440
116457
116457
116518
116678
116681
116712
116754
116841
117040
117072
117086
117156
117222
117308
117341
117446
117452
117482
117569
117628
117651
117730
117732
117791
117823
117840
117950
117972
118146
118181
118228
118247
118252
118270
118283
118372
118403
118469
118555
118570
118607
118611
118649
118653
118681
118780
118877
118906
118995
119010
119057
119132
119153
119182
119257
119352
119423
119579
119936
119979
120154
120154
120199
120407
120471
120522
120528
120528
120639
120678
120705
120758
120792
120863
120956
121053
121092
121095
121123
121290
121321
121341
121401
121515
121537
121614
121682
121683
121711
121798
121807
121850
121877
122019
122049
122120
122147
122148
122209
122391
122393
122546
122552
122565
122594
122603
122667
122690
122896
122942
122944
122982
123094
123094
123236
123307
123317
123324
123378
123439
123544
123624
123809
123830
123923
123929
123979
124019
124067
124217
124284
124410
124451
124570
124716
124723
124753
124798
124807
124825
124863
124952
125035
125054
125057
125125
125251
125339
125417
125422
125490
125542
125571
125701
125702
125734
125778
125891
125968
126084
126088
126183
126305
126337
126615
126636
126885
126972
126997
127022
127039
127055
127124
127278
127279
127286
127300
127378
127447
127593
127661
127686
127687
127756
127846
127896
127979
128121
128188
128254
128349
128375
128442
128472
128570
128609
128878
128879
128908
129007
129161
129198
129319
129433
129471
129573
129609
129709
129711
129736
129748
129757
129768
129850
129872
129911
129912
130125
130137
130202
130410
130435
130484
130550
130559
130700
130757
130786
130839
130905
130938
130947
130978
131018
131031
131115
131131
131139
131146
131258
131287
131357
131385
131478
131557
131567
131576
131578
131578
131582
131624
131755
131828
131867
131885
131957
132135
132147
132175
132299
132654
132949
132957
133034
133056
133064
133246
133400
133502
133505
133572
133596
133759
133838
133857
133866
133873
133968
134052
134152
134205
134212
134316
134502
134580
134684
135046
135182
135241
135245
135251
135273
135320
135393
135469
135498
135498
135507
135593
135603
135646
135718
135737
135772
135795
135827
135880
135947
136020
136076
136163
136235
136298
136318
136419
136467
136592
136688
136726
136809
137030
137042
137098
137237
137277
137373
137435
137516
137538
137637
137683
137728
137787
137827
137906
137983
138163
138163
138194
138196
138246
138308
138318
138367
138369
138387
138406
138407
138420
138512
138668
138737
138785
139134
139260
139293
139347
139441
139540
139562
139583
139649
139666
139672
139687
139882
139930
139940
139941
139961
139988
140030
140158
140193
140270
140428
140469
140525
140601
140757
140847
140931
140944
140951
141022
141059
141177
141317
141484
141592
141636
141655
141743
141773
141903
141947
142038
142047
142284
142370
142456
142646
143020
143045
143142
143185
143292
143579
143691
143719
143791
143803
143808
143858
143884
143944
143985
144002
144055
144147
144152
144187
144254
144303
144314
144327
144363
144377
144387
144400
144514
144636
144669
144678
144798
144798
144815
144821
144866
144944
144974
144978
145027
145034
145554
145599
145662
145746
145757
145769
146120
146133
146259
146276
146494
146595
146728
146736
146743
146780
146813
146839
147022
147061
147079
147093
147267
147284
147287
147479
147683
147781
147820
147940
148056
148085
148129
148178
148191
148199
148247
148360
148464
148482
148539
148688
148737
148768
148983
149039
149092
149154
149156
149171
149381
149440
149750
149783
149887
150189
150218
150506
150645
150645
150671
150786
150856
150859
151062
151100
151384
151427
151455
151464
151549
151556
151601
151754
151831
151911
151920
151999
152006
152011
152066
152108
152138
152328
152434
152441
152441
152556
152883
152904
153064
153107
153141
153148
153170
153248
153285
153315
153438
153489
153558
153691
153696
153736
153751
153790
153867
153907
153955
154138
154274
154287
154336
154536
154622
154691
154983
155054
155121
155226
155323
155430
155516
155600
155632
155726
155730
155784
155941
156102
156165
156224
156281
156382
156435
156523
156535
156537
156571
156674
156765
156913
157015
157055
157103
157122
157129
157178
157197
157501
157533
157544
157803
157878
158070
158092
158277
158324
158324
158460
158559
158579
158716
158728
158815
158862
158873
159006
159309
159331
159499
159504
159741
159901
159936
159989
159996
160034
160040
160042
160083
160134
160181
160316
160361
160504
160592
160630
160639
160712
160782
160848
160857
160887
160895
160897
161018
161063
161071
161158
161274
161323
161329
161506
161581
161621
161685
161700
161770
161793
161921
161940
162034
162047
162098
162101
162121
162153
162541
162728
162753
162909
163006
163072
163112
163234
163319
163383
163410
163442
163466
163474
163551
163575
163609
163699
163918
163931
164064
164065
164118
164354
164422
164430
164810
164818
164955
165297
165394
165440
165466
165474
165509
165519
165554
165790
165813
165879
165879
165906
166037
166243
166316
166328
166372
166425
166550
166584
166734
166970
167057
167084
167228
167482
167539
167590
167736
167736
167750
168004
168087
168210
168218
168226
168366
168688
168837
168840
169138
169178
169254
169364
169514
169519
169612
169707
169777
170064
170109
170131
170227
170308
170679
170756
170760
170875
170908
171291
171333
171372
171407
171435
171484
171495
171667
171880
171907
172195
172275
172309
172638
172651
172679
172834
172863
173014
173041
173045
173144
173407
173494
173514
173689
173716
173719
173738
173952
173976
174084
174089
174151
174325
174358
174407
174581
174848
174863
174904
174932
175046
175236
175339
175372
175407
175431
175686
175698
175868
176099
176102
176132
176177
176181
176368
176466
176478
176616
176617
176656
176804
176806
176808
176834
176913
176987
177043
177057
177082
177105
177123
177335
177405
177696
177913
177959
178164
178269
178420
178465
178477
178575
178612
178708
178731
178768
179031
179051
179069
179119
179197
179212
179312
179388
179413
179414
179494
179576
179668
179855
179872
180208
180332
180568
180611
180836
180844
180935
181087
181252
181295
181318
181631
181633
181698
181745
181768
181877
181961
182200
182713
182734
182889
183078
183163
183183
183245
183420
183447
183530
183544
183638
183787
183905
183960
183986
184012
184136
184143
184182
184282
184352
184407
184456
184599
184735
184874
185005
185221
185249
185320
185364
185778
185797
185883
186104
186111
186178
186288
186377
186437
186494
186545
186632
186696
186772
186792
186843
186899
186951
187041
187119
187125
187347
187408
187428
187514
187605
187628
187767
187839
187968
188040
188044
188544
188627
188666
188857
188877
189155
189301
189316
189747
189799
189927
189992
190067
190259
190271
190448
190453
190482
190736
190842
191059
191091
191168
191196
191230
191270
191307
191571
191604
191779
191910
192008
192134
192156
192573
192577
192703
192781
192815
192825
192909
192995
193063
193102
193139
193309
193444
193510
193700
193739
193796
193899
193991
194061
194075
194091
194201
194213
194229
194357
194363
194433
194480
194515
194632
194727
194893
195336
195571
195611
195724
195859
195890
196047
196108
196334
196388
196611
196664
197052
197084
197087
197104
197246
197254
197470
197539
197592
197698
197782
198191
198309
198366
198405
198586
198619
198765
198818
198867
198975
199135
199369
199551
199589
199944
200001
200126
200172
200244
200352
200392
200523
200576
200772
200773
200798
200838
200901
201089
201210
201336
201385
201620
201732
201859
201897
202060
202072
202128
202196
202315
202411
202449
202462
202515
202598
202793
202854
202965
203052
203185
203540
203564
203681
204396
204419
204443
204514
204525
204611
204674
204906
204916
204920
205268
205305
205533
205631
205790
205892
205987
206065
206142
206181
206342
206432
206579
206613
206708
206825
206936
207277
207378
207533
207802
207803
207828
207894
208003
208033
208079
208114
208136
208235
208609
208681
208684
208823
208828
208883
209116
209229
209239
209543
209599
209892
210158
210159
210200
210233
210302
210421
210467
210497
210517
210605
210668
210723
210850
210961
211297
211587
211630
211929
212176
212479
212522
212728
212801
212995
213303
213548
213658
213723
214085
214153
214155
214183
214296
214303
214650
214721
214994
215109
215114
215178
215331
215380
215399
215505
215522
215647
215896
215988
216066
216374
216637
216847
216857
216919
217260
217271
217288
217391
217458
217751
217988
218633
218829
219072
219073
219157
219550
219609
219870
219980
220040
220469
220541
220768
221559
222003
222578
222598
222658
223016
223058
223229
223390
223600
223815
223919
223986
224309
224377
224422
224450
224519
224565
224831
225125
225226
225394
225456
225542
225597
225691
225868
225920
226130
226215
226257
226322
226952
227003
227193
227354
227533
227554
227559
227618
227643
227786
227826
227836
227942
227951
227956
227961
228311
228439
228586
229014
229099
229192
229648
229868
230260
230266
230557
230689
230743
230796
231086
231115
231203
231401
231473
231558
231662
231720
232396
232663
232863
232864
232926
232943
233757
233769
233772
233798
233846
234121
234402
234453
234701
234841
235128
235335
235620
235634
235819
235883
235928
235970
236076
236076
236153
236256
236259
236774
236798
236819
236824
236893
237418
237528
237576
237612
237625
237736
237810
237941
238016
238180
238371
238491
238517
238604
238728
239570
239606
239656
239778
239820
239888
239979
240003
240468
240520
240567
240801
240823
240849
240928
241018
241018
241108
241183
241417
241508
241544
241695
241807
241817
241955
242110
242241
242316
242372
242508
242647
242863
242868
243119
243124
243426
243728
243753
243802
243910
244097
244244
244293
244366
244470
244830
244932
244942
245005
245089
245268
245353
245524
245604
245824
245862
246090
246140
246580
246716
246804
246933
247130
247466
247581
247841
247931
247962
248169
248302
248704
248861
248900
248993
249012
249224
249490
249499
250293
250639
250813
251080
251212
251320
252025
252061
252338
252778
252798
252937
253456
253568
253656
253716
253746
253824
253996
254154
254687
254808
254981
255302
256231
256310
256552
257048
257252
257512
257525
257734
257851
257922
258719
258794
259105
259155
259418
259494
259776
260032
260082
260108
260251
260509
260684
260762
261758
261832
261894
262032
262140
262223
262552
262741
263370
263499
263657
263864
263916
264063
264107
264146
264178
264182
264640
264665
264742
264856
265210
265404
265644
265867
265912
265992
266010
266168
266691
267044
267212
267427
267448
268406
268422
268485
268524
268625
269155
269462
269846
270142
270634
270676
270925
271348
271441
271486
271512
271719
271819
271915
271923
272361
272457
272459
272745
272939
273136
273214
273344
273514
273853
274199
274240
274420
274534
274598
274622
275416
275800
275800
275952
275962
276015
276511
276579
276982
276993
277291
277599
277878
278002
278025
278483
278670
278741
279094
279109
279459
280004
280107
280155
280221
280255
280298
280488
281578
281591
281798
281906
282021
282166
282507
282638
283586
283627
283686
283737
283807
283953
285337
285530
285650
285729
286217
286315
286518
286662
287060
287310
287529
287914
287933
288190
288264
289004
289732
290012
290175
290379
290723
290795
290884
291439
291539
293235
293619
293947
294065
294067
294169
294961
295400
295451
296353
296380
296842
297015
297058
297923
298302
298789
299235
299887
299897
299918
299956
300596
300733
300956
301136
301345
301589
302050
302289
302565
302886
303402
303453
303936
304159
304401
304410
305009
305765
306065
306113
306205
306960
307224
307850
308056
308344
308409
308975
309692
310080
310959
311470
311779
311841
313079
313215
313516
313812
315190
315217
316664
316736
316822
316901
318489
318976
319174
319917
320000
320176
320274
320601
320664
321629
322516
322519
322708
323087
323430
323592
323693
323738
323773
324615
324982
325339
325822
325939
325999
326297
326414
326452
326626
326739
327423
328106
328472
328711
328864
329058
329203
330074
330081
330123
330549
330857
330981
331449
331543
331607
332272
332489
333874
334808
335700
335920
336051
336318
336515
337353
337507
337644
338089
338190
338209
338325
338433
338517
339320
340001
340616
342722
342817
344695
345193
346237
346390
347083
347509
348675
348994
349450
350032
350707
351444
351810
353848
353959
356001
356303
359013
359258
359405
360019
360659
360724
361613
362515
362955
363041
363950
364409
364881
365104
365518
365558
366208
367308
367943
367986
368240
369518
369851
369917
370190
370496
370772
370964
370975
371343
371807
372351
373063
374942
375215
375757
376836
378250
378393
379138
379494
380710
381982
382622
383351
383583
383783
384264
384841
386578
386595
387332
388175
388497
389575
391402
393463
394776
395539
396375
396683
397189
398598
398684
403490
403603
403662
403950
404324
404636
405525
405611
406219
407184
409391
411645
411981
413638
414081
414091
414099
415948
416796
416856
417716
417803
418325
419970
420684
420812
420902
420967
422016
425959
428121
428725
428936
429287
430279
431332
432116
434220
434719
435007
435214
436163
436209
438095
438620
439684
440038
440107
440404
440728
440796
441560
442156
444656
445177
447768
448618
449073
449732
453822
454867
455746
457082
458751
459664
462915
464336
464508
465712
466382
474573
475787
483078
483207
485482
486235
489410
489955
494638
495186
501132
505829
513625
514860
516183
518269
524435
534019
538516
542002
555158
570826
572536
575627
584079
588993
622477
625412
