0
0
48
173
464
484
551
762
983
1039
1071
1114
1158
1194
1229
1243
1264
1320
1351
1429
1461
1466
1476
1522
1586
1653
1773
1812
1838
1931
2091
2181
2246
2255
2333
2467
2474
2563
2663
2776
2845
2948
3016
3040
3101
3110
3172
3196
3259
3386
3401
3494
3514
3780
3783
3850
3923
3969
4020
4168
4200
4216
4299
4356
4478
4554
4628
4630
4649
4657
4713
4736
4781
4851
4880
4986
5015
5073
5082
5117
5141
5195
5285
5341
5452
5476
5480
5591
5686
5697
5789
5993
6002
6019
6023
6239
6251
6301
6304
6320
6364
6403
6443
6520
6594
6630
6700
6795
6820
7079
7083
7132
7177
7193
7284
7399
7461
7485
7580
7628
7712
7718
7773
7809
7811
7816
7833
8000
8049
8123
8153
8194
8289
8307
8386
8399
8508
8552
8611
8789
8860
8861
8878
8883
8912
9035
9146
9207
9225
9401
9464
9520
9525
9533
9548
9848
9898
9986
10081
10099
10169
10189
10216
10234
10291
10325
10355
10431
10522
10703
10737
10757
10984
11050
11128
11249
11324
11330
11355
11815
12051
12136
12136
12139
12181
12213
12220
12247
12258
12273
12308
12340
12394
12418
12476
12521
12620
12666
12804
12836
12857
12918
13145
13153
13154
13166
13221
13393
13632
13633
13660
13719
13733
13734
13791
13806
13855
13899
13912
13955
13973
14025
14026
14031
14051
14104
14149
14172
14267
14278
14345
14519
14540
14580
14593
14613
14689
14793
14859
14897
14964
14969
14970
15007
15018
15051
15331
15394
15449
15602
15732
15790
15868
15899
15921
15959
15970
15982
15994
15999
16022
16151
16180
16212
16227
16354
16430
16445
16483
16545
16734
16808
16884
16920
16942
17054
17101
17151
17158
17159
17264
17379
17388
17546
17564
17602
17815
18129
18156
18172
18335
18396
18515
18531
18646
18773
18784
18797
18798
18800
18828
18969
18991
19071
19222
19301
19321
19357
19373
19415
19442
19500
19812
20003
20013
20116
20133
20181
20198
20206
20327
20444
20476
20544
20743
20774
20780
20800
20852
20856
20891
20962
21001
21033
21034
21072
21080
21127
21129
21152
21241
21266
21285
21362
21497
21630
21691
21803
21875
22103
22236
22406
22581
22600
22627
22630
22659
22809
22854
22862
22885
22972
23014
23088
23117
23204
23311
23364
23398
23581
23592
23608
23673
23836
23842
24131
24197
24203
24287
24304
24320
24337
24353
24391
24405
24501
24545
24596
24707
24759
24793
24868
24918
24938
24977
25057
25182
25353
25356
25505
25524
25591
25633
25732
25790
25860
25902
25998
26076
26169
26239
26293
26332
26338
26441
26519
26547
26580
26786
26803
26806
26871
26880
26909
26975
27012
27020
27027
27117
27131
27271
27343
27354
27415
27510
27740
27830
27892
27897
27992
28017
28042
28095
28204
28243
28365
28438
28455
28467
28894
28896
28935
29109
29149
29237
29297
29360
29525
29566
29684
29720
29789
29983
29991
30165
30234
30276
30337
30432
30487
30633
30688
30780
30851
30948
30948
31013
31043
31095
31251
31415
31555
31608
31629
31693
31707
31724
31777
31794
31820
31908
31961
32015
32069
32195
32228
32308
32333
32359
32414
32448
32449
32460
32500
32575
32705
32722
32773
32925
33061
33133
33239
33240
33413
33642
33876
33887
33925
34089
34095
34200
34289
34359
34400
34418
34429
34445
34453
34538
34549
34572
34658
34677
34779
34793
34821
34833
34872
34888
35103
35105
35155
35363
35444
35571
35893
35913
35948
36010
36223
36276
36351
36379
36410
36439
36534
36538
36612
36899
37147
37256
37326
37329
37713
37728
37745
37910
37921
37952
37969
37992
38045
38194
38252
38382
38391
38428
38721
38811
38869
39020
39024
39075
39136
39159
39204
39239
39301
39345
39358
39472
39533
39626
39683
39763
39784
39847
39851
40011
40242
40295
40325
40597
40683
40823
40916
40952
41034
41186
41343
41445
41600
41753
41987
42019
42100
42132
42175
42208
42214
42316
42469
42474
42513
42546
42553
42796
42899
42951
43021
43023
43056
43125
43152
43198
43215
43257
43286
43311
43322
43364
43402
43434
43676
43782
43827
43847
44001
44020
44152
44192
44244
44382
44410
44419
44632
44655
44724
44771
44826
44936
44975
45011
45023
45112
45310
45364
45417
45503
45564
45641
45798
45826
45880
46142
46163
46253
46308
46380
46394
46444
46492
46538
46588
46605
46626
46732
46736
46824
46828
46834
46852
46872
46889
47151
47351
47402
47447
47509
47542
47571
47748
47822
47834
47994
48010
48047
48096
48114
48186
48186
48302
48318
48417
48439
48448
48555
48566
48586
48602
48619
48738
48885
48962
49030
49041
49248
49265
49307
49510
49536
49539
49941
49975
50041
50086
50092
50106
50148
50150
50260
50306
50409
50470
50770
50836
50897
50997
51087
51171
51296
51327
51395
51465
51480
51688
51697
51770
51792
51813
51895
51905
51909
52022
52093
52101
52121
52267
52297
52320
52344
52519
52614
52625
52707
52722
52738
52770
52949
52952
53027
53067
53098
53319
53420
53441
53575
53716
53745
53790
53971
54090
54135
54155
54177
54191
54215
54245
54271
54306
54361
54379
54404
54423
54531
54803
54996
55016
55027
55054
55108
55140
55150
55152
55177
55183
55298
55311
55442
55516
55620
55661
55726
55994
56081
56468
56478
56516
56531
56532
56598
56646
56743
56836
56851
56864
56868
56870
56898
56966
56973
56984
57034
57141
57189
57228
57259
57319
57400
57426
57464
57779
57837
57853
57939
58472
58575
58737
58864
58967
58967
59102
59110
59246
59255
59282
59584
59811
59869
59926
60056
60112
60269
60308
60371
60454
60480
60480
60493
60507
60596
60746
60843
60887
60925
61023
61097
61160
61243
61292
61337
61348
61584
61627
61659
61677
61678
61883
61998
62249
62352
62369
62374
62452
62510
62542
62560
62794
63200
63236
63270
63342
63580
63687
63768
63852
63880
63899
63958
64066
64134
64198
64244
64335
64378
64439
64448
64476
64604
64619
64732
64762
64833
64841
64843
65001
65198
65242
65288
65337
65524
65628
65656
65662
65678
65741
65776
65786
65832
65847
65913
66068
66202
66207
66311
66384
66408
66512
66561
66604
66662
66742
66778
66815
66905
67130
67180
67184
67196
67504
67552
67616
67822
67863
67992
68006
68091
68174
68394
68413
68431
68709
68890
69020
69023
69037
69344
69430
69549
69719
69723
69817
69833
69895
69935
69938
69985
70011
70042
70182
70253
70258
70405
70433
70455
70456
70506
70584
70607
70621
70634
70675
70771
70792
70932
70946
71063
71262
71266
71270
71275
71285
71410
71413
71442
71449
71551
71600
71771
71845
71848
71878
71926
72087
72147
72166
72193
72235
72315
72337
72359
72409
72461
72506
72578
72611
72642
72956
72975
73056
73320
73380
73408
73565
73565
73593
73723
73725
73741
73984
74068
74297
74298
74367
74371
74397
74521
74551
74561
74588
74658
74797
74912
74925
74940
74999
75091
75107
75236
75399
75461
75500
75566
75669
75790
75993
76110
76127
76158
76199
76226
76266
76427
76528
76560
76611
76824
77003
77064
77131
77194
77234
77402
77481
77621
77732
77739
78009
78028
78264
78289
78307
78321
78705
78761
78916
78965
79166
79176
79261
79371
79603
79746
79817
79902
80061
80238
80240
80321
80385
80445
80523
80832
80879
80928
80994
81102
81116
81135
81139
81291
81361
81414
81489
81635
81637
81646
81654
81804
82060
82166
82254
82324
82429
82849
82902
82914
82924
82990
83062
83083
83154
83302
83513
83601
83679
83694
83946
83966
83988
84107
84342
84365
84475
84574
84733
84863
84868
84905
85054
85190
85226
85318
85453
85577
85671
85673
85742
85781
85827
85867
85906
85916
85946
86035
86129
86209
86307
86512
86554
86631
86689
86707
86724
86799
87011
87036
87172
87173
87240
87324
87359
87399
87445
87658
87781
87785
87838
87945
88139
88182
88328
88523
88813
88846
88983
89000
89020
89307
89523
89627
90023
90033
90056
90143
90172
90308
90356
90566
90716
90725
90746
90859
90921
90946
91008
91170
91219
91223
91228
91417
91597
91671
91779
91863
91966
92028
92034
92086
92170
92230
92454
92684
92714
92719
92721
92838
92864
92976
92995
93072
93356
93421
93471
93663
93724
93779
93859
93899
93909
93928
94018
94053
94107
94155
94565
94990
95043
95043
95289
95365
95411
95440
95573
95824
95835
95866
96162
96190
96209
96231
96327
96739
96759
96800
97036
97060
97073
97102
97242
97279
97335
97383
97402
97527
97576
97685
97964
98063
98165
98387
98509
98753
98887
98908
98937
99021
99155
99258
99293
99318
99329
99353
99396
99420
99637
99641
99736
99767
99786
99831
99992
100097
100170
100432
100469
100489
100503
100586
100596
100636
100673
101020
101031
101224
101333
101564
101594
101647
101670
101711
101813
101911
101917
102009
102010
102039
102111
102165
102174
102221
102229
102248
102413
102507
102793
102807
102893
103136
103156
103200
103257
103261
103420
103423
103524
103658
103754
103773
103794
103880
103951
104201
104471
104534
104537
104700
104961
105129
105212
105286
105288
105337
105385
105391
105428
105536
105745
105908
106075
106163
106342
106383
106571
106602
106677
106826
106949
107115
107310
107511
107810
107825
108356
108423
108431
108595
108674
108692
108735
108747
109065
109245
109279
109874
109960
110003
110143
110373
110612
110838
110912
110999
111276
111326
111496
111553
111874
111925
111951
112037
112047
112134
112190
112231
112643
112849
112915
113077
113114
113404
113630
113772
113788
114001
114003
114056
114237
114240
114250
114412
114434
114634
114751
114829
114943
114961
114967
115175
115242
115290
115382
115514
115575
115818
115852
115880
115887
115927
115988
116181
116292
116455
116539
116680
116973
117017
117046
117053
117060
117103
117268
117298
117330
117633
117870
117922
118034
118272
118307
118307
118454
118595
118672
118722
118754
118858
118997
118998
119059
119176
119504
119812
119834
119914
119950
120007
120364
120456
120592
120880
121011
121053
121085
121250
121314
121408
121510
121638
121653
121674
121766
121782
121998
122087
122217
122281
122530
122626
122915
123113
123248
123283
123361
123633
123650
123719
123959
124020
124022
124159
124244
124250
124450
124489
124508
124528
124576
124580
124688
124689
124988
125177
125349
125419
125884
125908
126186
126280
126361
126389
126426
126551
126583
126812
126849
126892
127064
127177
127239
127492
127500
127583
127610
127622
127875
127921
127927
127934
128042
128051
128075
128114
128240
128303
128354
128634
128647
128681
128691
128698
128803
128910
129013
129194
129398
129445
129512
129687
129711
129717
129768
129855
130100
130219
130448
130479
130480
130618
130641
130884
130954
131019
131123
131184
131345
131419
131739
131769
131938
131945
132038
132114
132148
132496
132580
132698
132977
133023
133026
133044
133301
133328
133422
133458
133476
133481
133522
133795
133819
133924
133926
134064
134121
134122
134187
134238
134526
134634
134803
134864
134951
134957
134965
134985
135067
135091
135250
135476
135523
135749
135903
135981
136013
136136
136182
136348
136458
136463
136493
136685
136700
136717
136726
136744
136800
136928
137072
137176
137282
137567
137625
137641
137645
137666
137726
137778
137853
138288
138340
138371
138398
138503
138515
138540
138675
138708
138715
138789
139004
139075
139161
139263
139308
139420
139546
139607
139618
139744
139839
139851
139907
139960
140102
140188
140443
140700
140833
140843
140959
141150
141217
141310
141329
141439
141639
141753
141911
142006
142404
142540
142573
142925
142946
143143
143198
143205
143224
143299
143329
143469
143606
143606
143666
143680
143711
143749
143910
144101
144189
144284
144316
144459
144603
144716
144995
145089
145129
145246
145542
145576
145817
145984
146099
146455
146481
146501
146674
146825
146911
146935
146938
147353
147416
147534
147992
148098
148451
148483
148487
148529
148654
148662
148844
148952
148954
148955
149360
149539
149540
149875
150142
150146
150430
150622
150678
150717
150748
150860
151066
151106
151137
151413
151486
151749
151886
152054
152069
152183
152226
152317
152345
152373
152420
152624
152666
152723
152890
152992
153037
153226
153287
153323
153436
153562
153861
153973
154059
154172
154235
154370
154525
154537
154848
154934
154941
155256
155274
155475
155483
156020
156048
156235
156369
156583
156726
156763
156796
156839
157986
158081
158166
158178
158542
158550
158858
158884
158901
158968
159101
159282
159659
159807
159872
160150
160220
160252
160411
160422
160469
160582
160693
160724
160899
160943
161327
161402
161422
161625
161693
161727
161863
161934
162128
162249
162742
162819
163073
163200
163255
163279
163623
163899
164030
164138
164163
164196
164224
164481
164571
164614
164661
164705
164714
164735
164874
164939
165057
165093
165120
165266
165387
165458
165574
165640
165654
165741
166090
166118
166398
166426
166497
166647
166830
166848
166855
166970
167028
167064
167070
167084
167260
167349
167378
167389
167443
167464
167544
167573
167643
168004
168280
168322
168396
168773
168825
168911
168980
169048
169054
169072
169171
169306
169309
169529
170144
170157
170450
170451
170625
170724
170754
170922
170924
171128
171178
171479
171488
171518
171916
171957
172291
172690
172730
172926
173080
173141
173281
173521
173638
173657
173672
173844
174132
174199
174260
174301
174508
174594
174687
175206
175208
175280
175359
175371
175492
175520
175758
175937
176021
176657
176975
177007
177152
177179
177552
177721
177809
177818
177847
177944
178005
178156
178344
178388
178548
178575
178949
178993
179024
179114
179363
179409
179532
179541
179564
179712
179940
180233
180299
180645
180714
180918
181091
181159
181197
181309
181340
181456
181790
182053
182090
182302
182315
182709
182903
183134
183384
183955
184396
184590
184660
184928
185436
185612
185618
185934
186089
186110
186129
186233
186463
186503
186734
186892
186955
187010
187088
187108
187114
187201
187304
187351
187556
187567
187611
187620
187697
187761
188047
188075
188353
188437
188462
188598
188611
188781
188809
189355
189365
189443
189585
189820
190235
190458
191110
191113
191296
191318
191451
191861
191911
192237
192476
192559
192641
192682
192742
192766
192785
192811
192915
193449
193600
193843
193880
193902
194188
194451
194580
195257
195439
195569
195792
196060
196090
196202
196469
196538
197043
197131
197413
197477
197651
197671
197692
198495
198574
198844
199115
199264
199829
200064
200078
200194
200362
200482
200491
200549
200582
200594
201179
201195
201223
201271
201459
201551
201949
202117
202232
202245
202325
202465
202612
202664
202990
203313
203351
203371
203482
203600
204820
205460
205794
206183
206201
206223
206252
206255
206538
206616
206825
206838
206992
207325
207421
207709
207847
207977
208117
208489
209274
209366
209368
209529
209684
209738
209971
210037
210051
210141
210141
210176
210364
210427
210528
210817
210941
211194
211199
211228
211273
211614
211622
211699
211947
212225
212491
212495
212792
213368
213469
213738
214069
214203
214290
214489
214743
214794
214984
215217
215252
215464
215480
215779
215780
215861
216077
216098
216300
216458
216470
216800
216852
216970
217249
217432
217447
217731
217791
218277
218945
219204
219415
219674
219923
220290
220703
220737
220914
220961
220984
221004
221067
221245
221478
221667
221810
221834
221870
221874
222100
222104
222347
222574
222707
222829
223299
223385
223495
223504
223544
223546
224197
224325
224455
224555
224592
224684
225151
225449
225465
225575
225869
225980
226578
226918
227035
227109
227335
227646
227650
227677
227683
227868
228080
228250
228311
228519
228556
228928
229146
229287
229401
229629
230018
230314
230856
231229
231335
231429
231511
231771
232451
232617
232758
233024
233260
233339
233358
233410
233504
233893
234233
234312
234428
234452
234612
234785
235171
235264
235318
235445
235665
235676
235986
236403
236599
237127
237447
238271
238351
238369
238389
238867
239061
239330
239768
240025
240390
240484
240525
240818
241001
241054
241129
241418
241420
241535
241745
241856
241860
241893
242098
242440
243276
243340
243666
243780
244244
244268
244615
244692
244766
244856
245000
245182
245357
245657
245778
245930
245990
246146
246728
246991
247056
247318
247651
247854
247962
248062
248093
248902
249182
249294
249409
249469
249586
249733
249835
249869
250260
250955
251841
252211
252305
252361
252900
252916
253662
253981
254339
255322
255498
255571
255683
256055
256173
256543
256805
256956
256975
257154
257493
257734
257765
257842
258055
258075
258798
259016
259062
259415
259430
259724
260034
260084
260162
260317
260518
261397
261678
261895
262014
262175
262358
262547
263018
263045
263204
263867
264002
265040
265206
266043
266802
267193
267526
267984
268161
268968
269037
269422
270389
270488
270572
270875
271403
272009
272626
272816
273872
274031
274088
274263
274322
275144
275772
276029
276127
276406
276793
277727
278047
278738
278756
279408
279639
279649
279983
280031
280567
281351
281750
282598
282656
282678
282693
283136
283275
283459
283832
283961
284040
284116
284300
285282
285774
285828
285966
286535
286651
287760
288231
288859
289146
290075
290117
290967
291058
291120
291813
292135
292268
293337
293552
293880
294601
295141
295248
295254
296000
296809
297057
297682
298826
299095
299186
299429
299729
300012
300521
300531
300933
301699
301733
302927
302927
302998
303789
305116
305452
305618
305783
305897
306835
307526
307618
309667
310513
311303
311832
312985
313309
313565
313837
314684
314882
315068
316338
316777
316871
317816
317905
318145
318942
319396
319740
320539
321762
321812
323120
323469
323529
323946
324161
324588
325256
328185
328305
328799
329331
329946
330518
330848
332660
333126
333508
333834
334222
335021
335629
336977
338383
338478
338869
338958
339064
339839
340279
340320
340371
340780
342535
344222
344637
344940
345165
345825
346346
347276
347768
347981
348523
348891
349558
350188
350528
350536
351816
353251
353252
353681
353695
354600
357170
360719
360795
361022
361886
362165
362613
362690
363710
364462
364938
365119
369802
370164
370444
371063
375964
376241
377453
377826
378260
379363
379693
381314
385124
385917
386946
387129
388525
389376
389721
391336
394837
395012
395130
395646
397685
398292
398364
400014
400723
401271
401541
402235
406333
408683
409457
410705
411070
411564
411949
414211
416025
416073
416840
417403
417572
418013
419008
419781
419859
420485
422009
424640
426561
428909
429429
430972
434408
434731
434892
443587
444126
452313
455127
460699
460710
470241
470557
473420
475701
481013
481931
491369
495034
523823
551367
594731
628109
