0
0
107
193
202
398
435
442
453
459
466
604
675
707
740
1003
1135
1160
1186
1209
1241
1285
1441
1576
1594
1622
1665
1795
1814
1815
1834
1937
2175
2256
2285
2347
2362
2397
2422
2445
2504
2574
2578
2642
2659
2730
2755
2788
2866
2923
2967
2977
3107
3172
3182
3283
3319
3485
3563
3655
3661
3675
3764
3788
3842
3892
3892
3908
3945
3971
4143
4172
4200
4222
4234
4321
4366
4401
4628
4795
4898
4962
4974
4999
5002
5016
5044
5216
5257
5306
5326
5417
5445
5464
5471
5502
5535
5535
5559
5655
5663
5676
5706
5770
5922
5983
5996
6082
6091
6163
6184
6218
6292
6425
6440
6457
6568
6650
6681
6721
6726
6761
6849
6934
7006
7040
7094
7190
7271
7276
7281
7304
7316
7318
7622
7653
7710
8022
8131
8153
8170
8198
8284
8294
8457
8462
8586
8596
8615
8641
8742
8762
8763
8809
8890
9025
9075
9154
9180
9295
9298
9302
9319
9402
9519
9546
9582
9651
9711
9753
9812
9939
9977
10051
10053
10064
10093
10129
10252
10358
10401
10424
10484
10497
10561
10573
10664
10676
10704
10723
10899
10956
10977
10996
11125
11252
11286
11350
11398
11410
11440
11565
11703
11743
11780
11792
11792
11873
12024
12112
12295
12304
12437
12501
12592
12637
12761
12847
13000
13063
13144
13244
13338
13415
13435
13531
13537
13551
13583
13648
13711
13743
13778
13792
13932
13962
13997
14055
14086
14123
14204
14263
14310
14355
14379
14450
14589
14786
14831
14878
14919
14939
14976
15035
15185
15220
15227
15340
15371
15391
15459
15471
15591
15654
15665
15691
15831
15862
15919
16007
16064
16099
16458
16500
16576
16631
16651
16679
16746
16763
16962
17096
17170
17247
17298
17650
17718
17818
17882
17950
17982
18072
18086
18188
18221
18239
18261
18295
18363
18455
18490
18585
18649
18688
18708
18764
18770
18821
18887
18974
19075
19114
19164
19374
19375
19649
19714
19929
19929
20026
20143
20215
20246
20374
20533
20563
20602
20705
20861
20939
20952
21069
21109
21231
21512
21588
21669
21694
21696
21715
21790
21801
21871
22015
22097
22211
22262
22357
22373
22400
22509
22665
22666
22682
22702
22963
23028
23033
23117
23148
23166
23175
23253
23372
23396
23484
23496
23550
23609
23616
23618
23661
23724
23843
24007
24024
24041
24113
24211
24212
24283
24448
24483
24587
24604
24904
25015
25060
25120
25165
25233
25443
25481
25555
25575
25607
25825
25955
26135
26159
26192
26210
26216
26269
26321
26483
26537
26691
26742
26777
26788
26793
26978
27097
27181
27279
27406
27443
27558
27569
27635
27637
27827
27847
27849
27919
28185
28217
28219
28255
28378
28393
28562
28576
28633
28645
28665
28724
28741
28782
28833
28852
28865
28891
28922
28957
28988
29103
29109
29134
29169
29220
29270
29281
29380
29432
29459
29590
29596
29614
29634
29683
29838
29872
29882
29945
29966
30077
30160
30278
30388
30544
30626
30663
30864
30999
31000
31367
31399
31446
31452
31495
31809
31883
31929
31993
32076
32088
32169
32182
32400
32543
32588
32681
32745
32833
32998
33029
33036
33050
33082
33136
33247
33408
33412
33456
33487
33553
33563
33689
33701
33780
33840
33864
33870
33898
34006
34020
34056
34095
34101
34121
34139
34150
34227
34232
34235
34252
34275
34341
34565
34586
34625
34648
34735
34783
34785
34888
35059
35123
35199
35338
35457
35498
35587
35593
35612
35703
35918
35957
35960
35983
36001
36005
36224
36268
36285
36384
36395
36412
36415
36415
36437
36519
36609
36719
36762
36766
36814
36895
37040
37060
37215
37259
37284
37330
37331
37441
37492
37495
37544
37545
37567
37608
37616
37667
37697
37741
37890
37898
37929
38001
38077
38095
38146
38186
38219
38301
38332
38492
38515
38594
38606
38635
38738
38907
38926
38939
38945
39021
39087
39105
39155
39178
39216
39250
39278
39317
39404
39516
39586
39599
39666
39729
39744
39806
39828
39864
39938
39988
40269
40411
40421
40713
40785
40845
40956
40988
41035
41070
41129
41258
41279
41291
41433
41461
41559
41735
41742
41754
41767
41836
41863
41897
41954
41986
42010
42015
42064
42067
42149
42254
42357
42454
42468
42544
42561
42565
42655
42747
42772
42887
42918
42920
42977
43021
43027
43073
43168
43184
43329
43330
43415
43537
43577
43711
43725
43731
43792
43801
43803
43866
43884
43898
43962
44117
44151
44155
44259
44279
44306
44335
44339
44377
44519
44537
44692
44707
44771
44854
45052
45073
45094
45105
45133
45176
45372
45378
45444
45469
45510
45513
45546
45684
45755
45839
45848
45874
45905
45906
46022
46120
46121
46213
46299
46342
46377
46392
46425
46489
46529
46570
46609
46639
46640
46654
46768
46953
46978
47054
47057
47071
47189
47238
47385
47445
47455
47533
47620
47729
47788
47821
47827
47847
47913
48032
48047
48152
48164
48179
48267
48270
48286
48318
48321
48322
48402
48517
48755
48932
48956
49073
49104
49152
49190
49340
49423
49461
49469
49475
49536
49624
49635
49752
49818
49828
49851
49924
50025
50089
50100
50146
50250
50450
50465
50558
50579
50586
50597
50649
50673
50674
50799
50839
50910
50911
50919
50930
50935
50941
50982
51099
51121
51175
51275
51417
51445
51456
51472
51678
51764
51774
51857
51936
51942
51943
51968
51983
52098
52155
52297
52494
52600
52637
52718
52828
52832
52939
52986
53085
53280
53300
53320
53355
53428
53461
53469
53516
53761
53761
53774
53775
53875
54152
54163
54191
54317
54331
54412
54425
54620
54719
54748
54753
54802
54809
54886
54886
54991
55051
55060
55069
55071
55168
55191
55221
55234
55248
55265
55312
55367
55376
55391
55424
55605
55619
55649
55719
55748
55749
55836
55842
55892
55916
55970
56092
56209
56289
56342
56587
56676
56778
56812
56820
56873
56910
56938
56981
56982
57015
57102
57184
57201
57326
57341
57354
57374
57390
57526
57529
57635
57676
57728
58134
58153
58155
58195
58281
58323
58343
58362
58416
58613
58755
58771
58831
58917
58919
59398
59445
59495
59513
59519
59540
59689
59728
59771
59822
60054
60092
60255
60321
60342
60392
60460
60471
60677
60698
60806
60820
60853
60874
60889
60894
60938
61233
61264
61315
61407
61463
61480
61543
61566
61598
61709
61723
61902
61960
61994
62015
62070
62071
62083
62111
62115
62178
62198
62234
62291
62535
62573
62695
62738
62774
62802
62838
62861
63131
63188
63330
63470
63593
63644
63652
63715
63779
64031
64111
64150
64446
64553
64568
64664
64696
65006
65131
65149
65186
65278
65318
65511
65628
65695
65915
65918
65968
66169
66312
66377
66545
66803
66807
67015
67043
67080
67104
67191
67231
67233
67309
67514
67547
67553
67555
67564
67644
67779
67807
67895
67920
67932
67945
67963
67973
68026
68077
68089
68224
68505
68520
68521
68565
68753
68930
68977
69055
69072
69078
69237
69405
69441
69529
69531
69546
69575
69583
69594
69604
69641
69801
70085
70227
70340
70363
70406
70458
70472
70596
70644
70667
70772
70866
70917
70957
71019
71156
71271
71376
71382
71400
71418
71441
71523
71633
71713
71719
71812
71874
72012
72036
72076
72092
72161
72284
72309
72316
72323
72360
72610
72619
72707
72721
72728
72773
72774
73120
73172
73196
73452
73474
73556
73582
73615
73681
73684
73689
73761
73842
73852
74074
74194
74247
74262
74331
74390
74401
74546
74575
74645
74673
74692
74837
74841
74942
75042
75063
75116
75209
75433
75478
75527
75538
75553
75686
75690
75721
75923
75985
76028
76079
76129
76183
76233
76241
76454
76498
76503
76574
76633
76714
76839
76960
77171
77213
77417
77482
77494
77514
77657
77765
77906
77909
77998
78253
78277
78286
78300
78385
78511
78544
78564
78634
78685
78703
78752
78822
79042
79193
79321
79401
79491
79594
79703
79706
79726
79756
79930
79943
80015
80191
80215
80541
80545
80576
80604
80625
80628
80628
80683
80695
80705
80793
80818
80902
80926
80967
81106
81136
81143
81206
81224
81280
81563
81808
81824
82174
82184
82200
82255
82392
82462
82500
82541
82605
82650
82680
82847
82984
83128
83216
83223
83584
83594
83606
83609
83629
83826
84021
84134
84192
84381
84402
84431
84514
84546
84573
84585
84709
84717
84725
84778
84842
84928
85024
85203
85298
85339
85449
85631
85908
85996
86099
86108
86578
86589
86619
86655
86702
86735
86810
86913
86913
86968
87026
87140
87179
87223
87275
87283
87418
87435
87449
87459
87461
87527
87727
87766
87783
88034
88060
88131
88134
88135
88142
88162
88258
88283
88307
88335
88341
88392
88415
88427
88817
89341
89368
89442
89541
89549
89707
89846
89894
89903
89954
90159
90260
90298
90371
90500
90576
90583
90665
90669
90684
90706
90837
90931
91131
91159
91174
91354
91357
91384
91424
91506
91641
91799
91843
91911
92038
92046
92068
92077
92119
92169
92263
92330
92345
92364
92443
92528
92532
92752
92836
92858
93242
93261
93265
93281
93366
93502
93508
93554
93593
93611
93879
93880
93888
93938
93961
94045
94099
94150
94255
94324
94394
94415
94464
94465
94573
94658
94691
94709
94741
94742
94839
94883
94899
94934
95027
95035
95043
95054
95259
95277
95318
95358
95443
95629
95646
95653
95705
95753
95805
95975
96242
96299
96349
96371
96397
96490
96524
96542
96672
96683
96708
96887
97022
97161
97180
97242
97305
97416
97602
97608
97745
97894
97927
97995
98025
98067
98219
98249
98298
98340
98462
98571
98631
98687
98726
98750
98796
98902
99018
99052
99372
99382
99414
99579
99670
99874
100083
100155
100185
100280
100313
100348
100393
100510
100525
100575
100650
100672
100700
100738
100787
100842
100870
100891
100925
100936
100991
101081
101148
101150
101159
101271
101653
101674
101705
101709
102084
102299
102424
102478
102536
102583
102613
102700
102727
102769
102852
102908
102926
102951
102952
103004
103117
103121
103123
103191
103250
103350
103392
103422
103741
103744
103800
103939
103971
104034
104171
104264
104265
104343
104456
104601
104656
104742
104758
104932
105027
105108
105200
105239
105243
105268
105334
105357
105439
105530
105636
105659
105673
105699
105699
105748
106059
106135
106156
106253
106276
106430
106632
106633
106806
106938
107003
107012
107092
107116
107151
107252
107391
107394
107397
107437
107475
107501
107739
107770
107893
107961
108042
108067
108067
108119
108143
108160
108190
108259
108386
108403
108477
108795
108973
109048
109273
109371
109374
109527
109579
109901
109948
109952
109997
110005
110012
110124
110262
110351
110421
110442
110507
110548
110615
110699
110837
110868
110871
110888
111004
111092
111208
111510
111696
111721
111731
111762
111768
111845
112119
112250
112256
112291
112302
112347
112348
112360
112387
112415
112720
112837
112981
113000
113048
113177
113261
113386
113465
113490
113616
113625
113735
113870
113892
113920
113968
114092
114143
114227
114418
114479
114509
114583
114587
114592
115046
115152
115191
115240
115280
115300
115322
115365
115567
115692
115700
115713
115910
115938
116116
116129
116225
116257
116271
116308
116343
116362
116394
116615
116684
116702
116770
116808
116829
116846
116978
117013
117020
117112
117266
117319
117341
117366
117399
117447
117579
117670
117998
118074
118108
118178
118207
118330
118395
118474
118533
118631
118737
118782
118812
118870
118936
119057
119202
119295
119415
119607
119821
119890
119970
120209
120358
120412
120500
120619
120673
120684
120748
120752
120774
120809
120822
121073
121164
121246
121268
121303
121347
121393
121445
121495
121806
121858
121869
121947
121962
122040
122171
122302
122418
122583
122640
122656
122815
122882
122956
123066
123096
123160
123324
123327
123479
123703
123812
123983
124014
124080
124182
124209
124268
124359
124402
124436
124536
124675
124782
124960
125014
125059
125202
125304
125514
125673
125675
125694
125728
125749
125777
125836
125854
125942
126004
126048
126207
126297
126394
126437
126566
126699
126701
126703
127019
127087
127230
127255
127258
127376
127396
127412
127516
127516
127645
127844
127848
128354
128364
128564
128614
128751
128818
129138
129173
129349
129398
129409
129460
129617
129619
129657
129768
129819
129845
129941
129980
130256
130411
130440
130524
130680
130755
130760
130934
130990
131219
131265
131379
131390
131635
131688
131979
132013
132017
132054
132190
132420
132877
133174
133231
133495
133520
133562
133576
133583
133715
134077
134201
134238
134263
134297
134383
134393
134406
134408
134424
134495
134695
134923
135113
135119
135124
135290
135328
135477
135784
135896
135990
136340
136421
136446
136508
136547
136711
136797
136801
136829
136864
136968
136989
137006
137140
137188
137272
137305
137307
137371
137500
137651
137715
137911
138141
138223
138511
138552
138553
138808
139045
139278
139383
139507
139568
139593
139745
139865
140116
140152
140162
140186
140299
140396
140481
140489
140551
140594
140672
140717
140719
140846
140864
140952
140971
141027
141185
141424
141499
141530
141652
141822
141896
141934
142033
142178
142230
142441
142477
142478
142757
142758
142912
143043
143093
143437
143520
143556
143633
143707
143772
143793
144005
144194
144249
144722
144847
145113
145172
145172
145643
145694
145780
145815
145903
146149
146216
146479
146656
146920
146935
146936
147098
147329
147394
147468
147559
147567
147678
147807
147907
147940
148168
148292
148338
148639
148703
148928
149150
149343
149564
149678
149758
149791
149932
150014
150260
150409
150475
150535
150595
150620
150691
150800
150840
150986
151061
151523
151733
151755
151881
151931
151948
152020
152112
152141
152204
152309
152473
152551
152647
152647
152719
152806
152882
152945
152947
152959
153104
153204
153217
153268
153541
153746
153756
153823
154254
154390
154584
154653
154674
154878
155020
155125
155144
155278
155286
155369
155513
155571
155668
155697
155769
155811
155890
155998
156210
156284
156394
156451
156539
156740
156997
157056
157235
157493
157521
157695
157703
157805
157906
157907
157907
157909
157931
157942
158011
158030
158539
158626
158626
158778
158800
159335
159456
159545
159586
159708
159952
159991
160115
160217
160476
160553
160774
160876
161159
161189
161326
161334
161336
161376
161411
161474
161535
161921
161942
162124
162168
162176
162238
162467
162490
162498
162553
162596
162632
162646
162772
162819
162895
162908
162920
163024
163082
163329
163342
163455
163521
163545
163883
163973
164196
164274
164350
164395
164484
164826
164915
164987
165098
165099
165105
165391
165808
166020
166094
166145
166627
166711
166738
166786
166819
166986
167000
167142
167167
167282
167572
167881
167942
168102
168177
168228
168327
168331
168658
168708
168752
169314
169374
169687
169819
170116
170297
170707
170744
170749
170755
170785
170787
170949
171195
171237
171295
171484
171589
171685
171896
172075
172156
172368
172899
173147
173233
173526
173611
173648
173703
173803
173858
173980
174057
174058
174176
174265
174307
174307
174413
174440
174494
174556
174731
174743
174805
174940
175013
175036
175042
175369
175431
175517
175553
175787
176111
176251
176398
176615
176682
176894
176903
177029
177123
177160
177279
177422
177566
177583
177933
178278
178296
178379
178645
178694
178883
179207
179216
179287
179483
179498
179651
179754
179839
179898
179923
180034
180238
180264
180324
180505
180629
180784
180819
181014
181059
181338
181942
182034
182194
182304
182412
182469
182478
182643
182852
182876
183267
183292
184130
184466
185119
185141
185435
185696
185703
185744
185903
186082
186164
186187
186290
186336
186419
186576
186665
186676
186786
186800
186871
187042
187115
187247
187268
187441
187539
187698
187865
187969
187988
188019
188088
188214
188414
188706
189126
189574
189735
190010
190134
190137
190414
190503
190593
190661
190665
190696
190787
190789
191180
191263
191304
191310
191325
191368
191474
191734
192352
192398
192448
192570
192769
192950
192977
193104
193111
193326
193358
193404
193483
193558
193633
193963
193989
194143
194193
194289
194306
194328
194559
195465
195674
195960
196024
196216
196220
196260
196267
196784
196809
196987
197264
197452
197498
197650
197821
197869
197898
197956
198122
198370
198406
198492
198572
198622
198768
198999
199040
199378
199597
199735
199747
199947
200059
200066
200125
200345
200401
200438
200672
201331
201429
201449
201480
201628
201826
202184
202619
203066
203936
203943
203962
204070
204189
204279
204318
204936
204943
204944
205277
205638
205716
205787
205833
205837
206026
206038
206074
206178
206282
206423
206561
206752
206761
206938
207049
207306
207730
208016
208444
208476
208865
209055
209060
209062
209162
209224
209754
209865
210235
210580
210709
210823
211201
211281
211370
211382
211564
211613
211752
212703
213252
213356
213490
213979
214252
214575
214690
214930
214986
215574
215619
215782
215967
216402
216474
216491
216496
217059
217161
217269
217372
217392
217864
219139
219240
219288
219600
220134
220177
220256
220367
220506
220521
220829
220922
220930
221274
221854
221913
221964
222276
222344
222636
222777
223241
223361
223447
223905
224053
224056
224169
224343
224579
224606
224701
225352
225540
225875
226136
226409
226579
226639
226819
227041
227044
227116
227405
227465
227737
227763
227929
228027
228063
228480
228611
228878
229051
230451
230533
230542
230600
230780
230921
231006
231313
231315
232555
233630
233693
233960
233975
234164
234183
234476
234807
234867
234973
234984
235231
235259
235450
235508
236261
236700
237246
237446
237722
237976
238529
238616
238648
238712
238796
238990
239605
239774
239794
240079
240396
240486
240635
240718
240987
241161
241169
241376
241468
241693
241900
241919
242088
242248
242575
242688
242845
242906
242991
243118
243336
243340
243407
243560
244039
244173
244302
244344
244384
244703
244776
244936
245261
245401
245639
245671
246164
246200
246506
246782
247084
247198
247314
247862
248367
248752
248940
248993
249095
249436
249470
249830
249970
250581
250804
250916
251487
251519
251742
252906
252928
252955
253087
253597
253642
254044
254160
254360
254452
255142
255219
255223
255462
255657
255762
255769
256219
256333
256439
256895
256963
257186
257228
257629
257696
258395
258447
258806
258887
259339
259625
259651
260336
261009
261038
261089
261198
261235
261248
261503
261674
261769
261842
261982
262173
262257
262277
262578
262742
263004
263274
263308
263357
263805
264395
264784
264900
266124
266477
266860
267219
267323
267520
267790
268127
268587
269477
269861
270983
272002
272390
272567
272606
273417
273473
273752
273930
274251
274485
275116
275126
275373
275376
275446
276636
276877
277562
278585
279119
279459
279574
279734
279993
280168
280392
280488
280706
280900
281012
281143
281229
281241
281573
281701
281790
282424
282868
282906
282936
283096
283304
284201
284365
284560
284893
284985
285034
285552
286044
287092
287135
287574
288901
288918
289218
289849
289947
290457
290879
291061
291578
291666
292286
293394
293559
293927
294175
294377
294729
294781
294806
294861
294940
295605
295613
296223
296360
297450
297824
297911
297936
297965
298511
298798
298836
299100
299341
299784
300016
300166
300231
300331
300473
300837
300938
301185
301662
303325
303610
303898
304523
304771
305110
305657
306205
308257
308986
309180
309341
309740
309950
309955
310118
310142
310186
310436
311213
312221
313532
314038
314174
314401
314581
314953
315077
315473
316186
316226
316318
317477
317693
318304
318440
318485
318582
319244
319325
319788
320084
320401
320511
320848
321166
322026
323023
323690
325977
326715
326772
326840
327302
327483
327847
327902
328374
329666
329748
330316
330736
331377
331564
331650
332672
333173
333384
333515
333525
334250
334780
335051
335203
335507
336861
338032
338370
338840
339191
339858
340211
340219
340769
341564
341814
342345
343897
344058
344247
345039
345057
345721
346633
347109
347350
347444
347731
348490
349582
350008
350863
352415
352514
352643
354523
354642
354666
357663
359276
360800
361620
361821
361942
362899
362960
362997
365580
370451
371036
371203
371541
372512
372621
373808
374570
375363
375843
378034
378365
379883
381097
381932
382250
382934
386597
386867
387278
387984
388333
389065
389192
389727
390264
390279
391577
392687
393058
393304
395221
396816
396888
396993
399196
400490
400704
401241
402148
403591
403762
407389
407558
410362
411485
412047
413253
413654
418033
419969
422404
422980
424598
426999
427147
427153
430401
430520
430989
431387
438830
441313
441658
443183
444436
446915
454835
456598
470316
470874
471608
481496
495244
516702
517506
520684
534535
538288
659784
755923
