0
0
55
88
93
193
201
263
384
384
436
517
637
679
694
739
808
866
866
1000
1025
1082
1252
1260
1331
1336
1398
1435
1519
1549
1687
1696
1710
1711
1778
1885
1894
1941
1943
1994
2078
2092
2118
2145
2184
2265
2266
2269
2310
2312
2317
2352
2437
2457
2481
2492
2517
2587
2645
2658
2704
2752
2790
2797
2867
2892
2901
2901
2959
2982
3135
3174
3251
3289
3368
3381
3442
3454
3469
3537
3608
3610
3624
3667
3683
3708
3719
3782
3872
3914
4031
4053
4055
4083
4126
4130
4150
4151
4176
4352
4366
4425
4483
4492
4550
4579
4584
4626
4649
4659
4793
4800
4905
4916
4986
5227
5240
5272
5325
5391
5395
5536
5536
5576
5592
5594
5595
5599
5660
5675
5693
5704
5721
5726
5735
5751
5858
5900
5924
5960
6005
6081
6116
6139
6202
6255
6277
6375
6606
6697
6704
6758
6837
6864
6958
7016
7028
7148
7228
7248
7283
7386
7421
7422
7438
7454
7454
7455
7470
7477
7495
7632
7642
7723
7826
7827
7842
7845
7850
7955
7978
7982
8035
8039
8042
8059
8069
8090
8142
8148
8193
8214
8222
8327
8404
8415
8463
8477
8599
8636
8640
8658
8663
8755
8898
8906
8937
9006
9152
9187
9201
9226
9241
9253
9262
9291
9487
9501
9535
9582
9689
9695
9825
9867
9935
10027
10033
10036
10086
10192
10237
10262
10279
10292
10334
10338
10359
10363
10371
10446
10481
10482
10525
10540
10561
10624
10711
10792
10819
10953
11014
11226
11227
11246
11257
11259
11282
11358
11418
11523
11536
11623
11704
11729
11732
11743
11748
11773
11791
11925
11994
12078
12107
12108
12207
12319
12354
12385
12426
12428
12703
12765
12781
12816
12828
12853
12876
12889
12905
12960
12984
13024
13047
13050
13131
13210
13219
13222
13237
13241
13278
13359
13442
13492
13533
13537
13554
13566
13568
13631
13674
13686
13689
13718
13749
13760
13822
13844
13883
13961
14018
14077
14150
14354
14356
14360
14396
14424
14544
14559
14617
14681
14690
14719
14726
14756
14757
14771
14791
14871
14934
14939
14976
15082
15119
15179
15183
15197
15317
15324
15356
15370
15427
15526
15527
15527
15652
15666
15740
15748
15822
15829
15915
16019
16021
16095
16198
16249
16261
16318
16421
16481
16488
16553
16675
16731
16783
16830
16853
17027
17053
17061
17120
17121
17175
17182
17185
17200
17251
17275
17331
17332
17332
17431
17456
17602
17655
17655
17711
17788
17832
17916
17983
17997
18030
18091
18103
18109
18110
18120
18196
18287
18308
18314
18332
18372
18381
18412
18427
18474
18489
18503
18505
18619
18734
18738
18748
18755
18811
18848
18887
18898
18901
18947
18977
19008
19056
19148
19217
19244
19325
19332
19396
19418
19514
19515
19693
19777
19821
19826
19838
19851
19877
19926
19962
19984
20012
20048
20067
20231
20306
20316
20322
20407
20446
20625
20647
20649
20665
20708
20809
20833
20891
20916
20990
20991
21037
21038
21081
21102
21123
21167
21170
21178
21224
21483
21548
21613
21616
21671
21723
21802
21857
21863
21868
21870
21905
22070
22070
22482
22484
22529
22657
22775
22775
22802
22804
22872
22982
23014
23032
23084
23234
23251
23265
23319
23323
23341
23383
23389
23420
23432
23446
23568
23604
23694
23706
23803
23870
23892
23903
23948
23951
23951
23971
24062
24107
24107
24110
24112
24123
24177
24204
24210
24246
24288
24301
24386
24465
24472
24489
24495
24515
24538
24555
24625
24635
24651
24811
24869
24958
24986
25008
25046
25068
25150
25154
25208
25212
25234
25252
25325
25327
25344
25381
25411
25417
25436
25471
25474
25510
25676
25703
25711
25757
25777
25918
26024
26044
26059
26083
26121
26211
26229
26244
26264
26300
26325
26356
26372
26485
26582
26601
26721
26761
26972
27020
27023
27094
27118
27157
27165
27172
27185
27206
27225
27226
27239
27338
27419
27495
27502
27515
27538
27555
27649
27692
27699
27709
27755
27783
27883
27943
27947
28070
28082
28301
28483
28494
28556
28577
28599
28726
28741
28748
28780
28789
28803
28808
28871
28874
28876
28882
28891
28901
28999
29001
29032
29078
29121
29159
29218
29225
29266
29289
29327
29394
29419
29423
29441
29483
29538
29559
29637
29699
29709
29712
29766
29779
29829
29872
29895
29950
30009
30025
30054
30147
30196
30225
30256
30373
30419
30449
30461
30510
30523
30588
30593
30649
30717
30782
30802
30814
30825
30899
30902
30911
30948
31035
31048
31053
31075
31101
31155
31158
31247
31265
31415
31444
31500
31549
31583
31608
31630
31661
31733
31812
31814
31844
31860
31888
31904
31922
31923
31947
32007
32110
32133
32175
32176
32213
32217
32334
32349
32361
32439
32530
32558
32628
32667
32687
32786
32818
32901
32989
33022
33023
33077
33243
33249
33389
33399
33438
33444
33450
33478
33535
33560
33648
33683
33702
33733
33778
33797
33801
33856
33873
33885
33921
33959
34013
34110
34115
34115
34131
34150
34159
34220
34247
34265
34279
34376
34460
34488
34594
34594
34617
34724
34794
34826
34827
34833
34898
34915
34967
35102
35199
35279
35300
35383
35479
35549
35576
35590
35592
35613
35629
35630
35649
35675
35729
35731
35762
35770
35856
35881
35895
36001
36064
36066
36091
36189
36213
36214
36252
36276
36431
36515
36546
36589
36598
36640
36654
36670
36673
36723
36860
36905
36927
36971
37113
37240
37248
37253
37258
37315
37334
37364
37433
37460
37467
37486
37502
37575
37581
37624
37634
37635
37656
37775
37778
37801
37803
37810
37958
37972
37980
38103
38204
38221
38328
38377
38454
38460
38467
38470
38489
38492
38499
38523
38549
38666
38669
38694
38813
38874
38885
38904
38932
38974
38993
39041
39080
39081
39175
39208
39248
39271
39277
39287
39310
39318
39326
39361
39396
39488
39506
39656
39659
39755
39777
39880
39883
39884
39959
40020
40088
40124
40175
40200
40207
40239
40393
40398
40510
40518
40549
40565
40568
40653
40680
40730
40998
41037
41101
41110
41195
41207
41231
41234
41363
41457
41457
41525
41587
41692
41736
41848
41861
41870
41901
41995
42224
42285
42317
42331
42400
42412
42420
42460
42596
42726
42779
42795
42836
42861
42874
42880
42956
43059
43073
43138
43165
43239
43340
43391
43427
43429
43487
43503
43525
43534
43558
43586
43653
43663
43674
43764
43905
43918
43922
44069
44116
44122
44199
44214
44231
44233
44305
44412
44521
44571
44588
44617
44703
44709
44800
44816
44831
44880
44889
44902
45001
45094
45102
45226
45233
45235
45246
45278
45285
45355
45459
45483
45503
45522
45557
45587
45635
45747
45784
45809
45829
45909
45989
46009
46046
46144
46160
46161
46163
46226
46242
46243
46305
46310
46358
46361
46375
46458
46483
46489
46496
46505
46609
46673
46693
46697
46697
46698
46808
46934
46943
46954
46973
46985
46998
47055
47098
47286
47432
47458
47469
47485
47634
47749
47776
47776
47801
47817
47867
47959
48014
48028
48068
48085
48087
48096
48176
48224
48246
48269
48289
48359
48375
48424
48471
48490
48496
48523
48591
48637
48852
48894
48955
48971
49082
49161
49199
49213
49295
49295
49354
49499
49525
49539
49582
49642
49669
49672
49688
49749
49846
49899
49930
49938
49952
49990
50049
50056
50071
50097
50268
50320
50343
50368
50379
50482
50627
50627
50629
50665
50738
50817
50957
50970
50974
51014
51079
51186
51198
51408
51503
51517
51637
51646
51672
51681
51779
51797
51804
51823
51829
51871
51928
51940
51978
52024
52048
52097
52106
52206
52217
52234
52306
52386
52413
52516
52519
52547
52560
52625
52634
52711
52735
52739
52768
52836
52840
52860
52923
52971
53040
53100
53334
53414
53422
53427
53438
53467
53527
53598
53694
53784
53786
53809
53852
53859
53860
53940
54079
54095
54196
54199
54215
54268
54275
54290
54312
54402
54446
54467
54521
54804
54825
54865
54916
54987
54992
55023
55048
55093
55107
55133
55145
55258
55300
55318
55406
55406
55575
55651
55683
55733
55756
55848
55950
55970
56032
56073
56238
56257
56519
56705
56729
56730
56871
56916
56933
56994
57034
57080
57181
57206
57247
57283
57303
57392
57415
57425
57485
57558
57636
57638
57657
57686
57807
57816
57817
57846
57925
58045
58117
58168
58169
58213
58277
58303
58342
58439
58447
58464
58481
58598
58618
58699
58712
58748
58891
58939
59008
59011
59030
59102
59198
59231
59294
59353
59422
59425
59507
59553
59674
59679
59721
59784
59801
59838
59839
59872
59894
60014
60024
60046
60183
60412
60436
60465
60480
60718
60807
60864
60908
60910
60946
61055
61150
61184
61222
61227
61411
61437
61482
61521
61561
61598
61648
61654
61686
61696
61818
61917
61932
61960
61965
62021
62092
62161
62204
62385
62395
62397
62399
62462
62515
62616
62728
62831
62834
62911
62951
63017
63025
63034
63044
63051
63059
63079
63087
63108
63120
63282
63297
63317
63330
63504
63540
63540
63586
63592
63764
63843
63851
64008
64017
64076
64097
64186
64188
64252
64292
64358
64369
64432
64788
64861
64901
64943
64984
65105
65123
65306
65337
65349
65351
65393
65558
65626
65637
65658
65782
65841
65902
65929
65949
65950
65972
66031
66125
66129
66143
66258
66279
66295
66427
66434
66472
66487
66492
66501
66643
66687
66754
66803
66815
66896
66982
67018
67098
67108
67154
67156
67209
67237
67304
67744
67765
67792
67922
68084
68139
68150
68169
68205
68230
68282
68413
68500
68505
68540
68558
68619
68637
68642
68690
68693
68719
68733
68764
68765
68767
68777
68833
68834
68896
68917
68993
69005
69019
69165
69189
69364
69394
69479
69515
69591
69599
69629
69646
69664
69749
69772
69824
69893
69969
69976
70005
70026
70047
70144
70292
70306
70312
70388
70435
70465
70469
70693
70768
70857
70959
70965
71089
71129
71131
71132
71316
71402
71558
71694
71695
71728
71730
71818
71826
71848
71915
72022
72075
72095
72096
72120
72138
72260
72268
72332
72397
72411
72446
72488
72508
72571
72599
72609
72635
72706
72742
72790
72800
72860
72889
72897
72977
72994
73090
73101
73186
73308
73310
73326
73509
73598
73656
73718
73805
73916
73950
73982
74063
74087
74149
74395
74414
74449
74656
74729
74803
74850
75093
75095
75251
75525
75540
75568
75679
75696
75793
75794
75872
75964
75972
76032
76093
76141
76319
76466
76547
76686
76689
76749
76765
76788
76828
76873
76875
77022
77143
77182
77202
77219
77244
77341
77593
77799
77821
77882
77958
77987
78068
78106
78132
78176
78178
78207
78215
78217
78235
78281
78356
78395
78397
78420
78522
78527
78698
78720
78728
78737
78749
78752
78762
78798
78909
78921
78953
79081
79097
79111
79167
79195
79309
79309
79336
79368
79374
79393
79587
79590
79610
79757
79819
79889
79970
80002
80080
80103
80128
80136
80215
80217
80320
80325
80381
80382
80433
80505
80533
80545
80656
80662
80710
80745
80748
80851
80918
80927
81028
81065
81161
81163
81270
81309
81322
81346
81370
81485
81498
81600
81670
81672
81693
81817
81833
81836
81865
81941
81966
82097
82099
82119
82130
82175
82179
82250
82289
82295
82311
82312
82314
82331
82360
82418
82438
82452
82503
82523
82523
82577
82602
82728
82844
82909
82927
82928
82932
83031
83102
83106
83118
83159
83162
83175
83236
83253
83288
83341
83386
83447
83541
83544
83736
83737
83743
83812
83893
83908
83950
84166
84194
84318
84334
84340
84404
84542
84674
84865
84879
84900
85065
85171
85186
85208
85210
85224
85253
85260
85308
85393
85475
85476
85653
85667
85670
85691
85713
85737
85777
85887
85891
85953
86080
86120
86141
86308
86352
86354
86397
86415
86423
86676
86759
86940
87052
87206
87231
87332
87345
87402
87426
87498
87513
87554
87557
87613
87620
87625
87732
87819
87980
88057
88080
88146
88200
88239
88278
88465
88541
88558
88599
88621
88715
88742
88747
88799
88807
88876
88886
88912
89183
89199
89275
89355
89405
89471
89504
89525
89567
89664
89696
89722
89756
89870
89889
90145
90184
90275
90297
90303
90479
90516
90518
90571
90658
90705
90796
90800
90822
90910
90933
90958
91008
91027
91034
91041
91042
91076
91184
91225
91253
91265
91279
91361
91428
91462
91464
91526
91602
91607
91628
91661
91671
91766
91852
92001
92115
92132
92205
92312
92352
92362
92450
92515
92645
92703
92779
92880
92895
92959
93082
93097
93217
93386
93414
93489
93490
93592
93686
93704
93812
93888
93894
93949
93987
94075
94151
94262
94337
94385
94517
94556
94627
94736
94831
94837
94929
94946
95047
95068
95155
95209
95260
95294
95317
95336
95464
95530
95559
95627
95653
95716
95717
95770
95773
95827
95828
95936
96011
96189
96235
96235
96293
96295
96308
96375
96515
96517
96518
96525
96581
96801
96854
96921
96931
96968
97089
97146
97236
97396
97408
97453
97560
97595
97693
97770
97812
98039
98091
98297
98329
98338
98349
98375
98380
98545
98880
98970
98970
99008
99051
99065
99119
99138
99145
99149
99285
99433
99501
99550
99591
99736
99828
99902
99954
100023
100107
100109
100236
100280
100424
100521
100535
100573
100809
100883
100933
100972
100996
101037
101072
101151
101190
101195
101286
101307
101357
101393
101417
101556
101566
101632
101632
101732
101733
101837
101843
101898
101899
101926
102013
102039
102047
102063
102073
102085
102106
102125
102130
102153
102215
102220
102338
102469
102536
102587
102605
102719
102838
102897
103088
103181
103263
103288
103307
103502
103699
103725
103736
103758
103770
103796
103811
103816
103941
103944
104038
104059
104065
104136
104232
104348
104390
104424
104503
104518
104553
104773
104823
104851
105004
105125
105130
105245
105268
105337
105530
105603
105855
105964
106182
106243
106286
106301
106311
106331
106455
106566
106572
106592
106657
106696
106815
106881
106988
107031
107032
107135
107209
107220
107289
107348
107436
107438
107448
107513
107571
107576
107643
107674
107754
107806
107913
107960
108046
108069
108144
108192
108228
108320
108362
108499
108507
108507
108508
108511
108531
108545
108651
108680
108777
108858
108973
108976
109019
109027
109050
109113
109164
109242
109265
109281
109302
109495
109584
109641
109656
109673
109721
109740
109745
109780
109824
109870
109881
110185
110191
110202
110315
110430
110577
110624
110842
110864
110868
110882
110974
111053
111058
111106
111334
111399
111409
111427
111449
111469
111493
111612
111628
111683
111793
111793
111795
111840
111898
111917
111934
111964
111980
112023
112200
112223
112237
112245
112249
112301
112337
112585
112704
112793
112818
112991
113162
113190
113207
113283
113325
113512
113516
113612
113654
113981
114008
114077
114080
114121
114169
114191
114262
114291
114516
114568
114632
114657
114675
114681
114681
114714
114715
114899
114901
115067
115101
115174
115195
115251
115639
115880
115966
116006
116116
116176
116195
116232
116290
116378
116469
116492
116514
116608
116657
116811
116842
116870
116907
116950
116956
116966
116980
117013
117188
117226
117293
117309
117323
117362
117376
117402
117438
117448
117510
117511
117512
117566
117567
117621
117642
117669
117699
117710
117827
117854
117857
117862
117915
117999
118136
118137
118305
118338
118375
118414
118495
118582
118677
118740
118837
118885
118961
118992
119023
119045
119047
119065
119207
119223
119227
119275
119289
119523
119566
119618
119690
119761
119848
120033
120064
120140
120147
120211
120280
120304
120391
120429
120537
120569
120579
120618
120704
120742
120797
120810
120824
120829
120954
120977
121008
121043
121048
121070
121108
121143
121306
121316
121412
121423
121449
121454
121461
121549
121583
121677
121692
121710
121715
121751
121890
122107
122115
122175
122207
122227
122259
122389
122637
122648
122680
122686
122705
122754
122811
122923
122930
123011
123011
123024
123077
123203
123222
123296
123481
123482
123492
123494
123591
123644
123662
123766
123830
123905
123964
124087
124222
124312
124371
124485
124906
124912
124965
125122
125291
125302
125318
125335
125376
125453
125460
125704
125725
125926
126390
126437
126443
126545
126567
126591
126672
126725
126920
126946
126983
127001
127136
127193
127366
127464
127466
127494
127499
127566
127636
127642
127652
127779
127952
128029
128120
128126
128132
128147
128516
128520
128636
128643
128831
128850
129024
129190
129254
129478
129503
129531
129555
129693
129712
129829
129853
129881
129918
129957
129971
130064
130148
130229
130272
130305
130347
130453
130533
130535
130591
130617
130662
130723
130753
130859
130865
130866
130944
130949
131004
131017
131097
131104
131139
131220
131293
131317
131596
131601
131612
131725
131833
131873
131917
131924
131984
132026
132054
132062
132110
132197
132454
132487
132514
132566
132627
132712
132931
133099
133181
133290
133330
133364
133390
133469
133531
133549
133671
133900
133925
134012
134035
134126
134148
134169
134233
134244
134287
134288
134367
134398
134417
134434
134454
134459
134590
134661
134856
134898
134989
135226
135243
135267
135477
135484
135559
135818
135869
135873
136025
136092
136102
136184
136375
136410
136660
136717
136799
136828
136837
136853
136890
136903
136989
137003
137033
137271
137283
137382
137391
137507
137807
137847
137994
138037
138186
138326
138457
138560
138566
138570
138609
138612
138669
138892
139018
139018
139058
139178
139286
139327
139467
139496
139596
139643
139687
139723
139726
139767
139919
139962
139994
140032
140036
140062
140100
140129
140134
140348
140474
140511
140776
141014
141096
141256
141341
141427
141437
141665
141922
141945
142080
142200
142276
142305
142334
142411
142415
142430
142441
142511
142531
142619
142816
142952
143181
143183
143260
143480
143534
143534
143643
143808
143840
143843
143879
144408
144425
144439
144600
144660
144671
144952
144984
145004
145083
145096
145155
145210
145239
145480
145518
145549
145733
145771
145903
145949
145978
146074
146077
146102
146187
146198
146249
146498
146532
146554
146568
146603
146658
146722
146767
147020
147031
147260
147283
147354
147951
147984
148092
148144
148298
148348
148478
148592
148605
148610
148809
148833
148990
149115
149654
149707
149709
149799
149888
149943
150044
150301
150399
150418
150440
150684
150704
150777
150901
150908
150971
150983
151041
151072
151105
151113
151199
151230
151263
151360
151366
151374
151450
151462
151471
151537
151542
151556
151677
151692
151713
151795
151806
151918
152199
152236
152613
152701
152826
153308
153446
153650
153658
153754
153897
153912
153988
154116
154129
154157
154202
154203
154277
154350
154405
154435
154481
154569
154747
154769
154772
154839
154908
154940
154954
154955
155407
155517
155526
155577
155628
155769
155922
156016
156097
156098
156134
156191
156320
156364
156402
156406
156452
156570
156872
156966
156971
157094
157139
157182
157190
157190
157203
157232
157342
157444
157522
157817
157844
157927
157985
158054
158058
158143
158237
158330
158610
158779
158819
159033
159379
159459
159476
159484
159656
159766
159926
160082
160140
160163
160334
160345
160403
160412
160551
160565
160608
160630
160708
160881
160967
161015
161178
161285
161377
161472
161541
161575
161612
161668
161676
161707
161708
161845
161854
161896
162002
162079
162101
162103
162347
162418
162515
162577
162579
162706
162786
162866
162879
162951
163015
163226
163248
163261
163403
163624
163631
163825
163867
163971
164042
164044
164063
164096
164194
164194
164296
164314
164417
164425
164434
164490
164582
164623
164660
164716
164783
165154
165211
165311
165500
165620
165629
165711
165747
165760
165773
166031
166120
166462
166502
166528
166559
166673
166886
166948
167288
167613
167656
167736
167816
167858
167922
167937
168237
168370
168521
168950
169129
169188
169283
169330
169638
169707
169707
169864
170023
170214
170228
170234
170300
170401
170417
170417
170524
170541
170652
170683
170829
171100
171116
171164
171274
171280
171340
171776
171790
171805
171945
172179
172200
172262
172321
172364
172364
172513
172580
172582
172615
172680
172698
172760
172896
172935
172987
173005
173070
173102
173298
173372
173487
173573
173725
173728
173994
174000
174007
174009
174200
174255
174434
174750
174766
174776
174810
174816
174995
175232
175305
175647
175658
175670
175713
175724
175767
175784
175808
175943
175944
176148
176184
176493
176587
176614
176626
176711
177003
177169
177266
177267
177340
177469
177564
177678
177693
177745
177818
177839
177977
178061
178330
178466
178589
179000
179221
179547
179574
179580
179625
179689
179913
179929
179970
179988
180086
180534
180576
180680
180716
180838
180865
180874
180880
180991
181130
181132
181217
181277
181550
181563
181589
181640
181760
182034
182217
182539
182558
182683
182747
182762
182764
182850
182961
182976
183146
183247
183486
183564
183578
183587
183705
184109
184626
184724
184761
184776
184934
184944
185014
185477
185547
185547
185549
185569
186151
186844
186888
186957
187507
187632
187695
187721
187782
187807
187914
187962
187972
188094
188127
188436
188608
188668
188700
189123
189240
189374
189436
189515
189592
189694
189802
190058
190169
190267
190332
190477
190499
190546
190608
190692
190704
190752
190968
191082
191287
191419
191560
191613
191681
191720
191751
191877
191961
192180
192224
192379
192536
192623
192667
192747
192860
192962
193071
193377
193494
193742
193934
194200
194209
194248
194606
194707
194802
194806
195158
195234
195337
195430
195496
195629
195942
195955
195960
196005
196162
196286
196437
196598
196627
196739
196774
196846
196853
197309
197388
197423
197445
197478
197525
197544
197558
197569
197585
197779
197855
197879
197939
198165
198231
198235
198443
198492
198493
198740
198816
199035
199639
199804
200044
200050
200298
200551
200608
200955
200973
201034
201040
201071
201089
201208
201285
201646
201667
201669
201670
201735
201749
201907
202015
202537
202783
202873
202926
203348
203688
203760
203765
203815
203823
203975
204028
204421
204432
204564
204593
204654
204820
204896
204915
205165
205185
205240
205290
205432
205440
205470
205588
205670
205698
205800
205948
205997
206045
206095
206109
206189
206252
206356
206413
206490
206627
206720
206749
206969
207057
207141
207195
207208
207300
207426
207529
207710
207860
208062
208420
208705
209416
209462
209519
209934
210108
210232
210241
210253
210294
210336
210720
210779
210969
210975
211079
211167
211252
211555
211606
211638
211801
211815
211914
211947
212094
212187
212191
212292
212626
212785
212839
212982
213276
213320
213421
213467
213486
213588
213658
213747
213857
213899
214123
214156
214671
214691
214864
215049
215130
215149
215160
215232
215254
215428
215448
215616
215633
215788
215833
216084
216294
216311
216510
216616
216796
216844
216858
216948
217334
217515
217536
217700
217705
218317
218491
218712
218784
218905
218950
219403
219516
219771
219817
220378
220402
220403
220588
220604
221295
221414
221547
221855
221967
221976
222048
222360
222378
222499
222642
222767
222883
222898
223187
223561
223638
223798
223844
223909
224308
224345
224477
224482
225130
225236
225372
225666
225923
226113
226977
227229
227284
227286
227331
227337
227353
227640
227674
227679
227769
228279
228283
228356
229016
229031
229095
229274
229477
229546
229572
230023
230128
230211
230899
231087
231165
231582
231647
231810
231876
232125
232341
232627
232676
233220
233363
233556
233579
233787
233873
234023
234055
234404
234497
234666
234743
234949
235042
235208
235301
235381
235446
235528
236249
236415
236595
236641
236740
236823
236957
236972
237214
237691
237713
237829
237909
237915
237938
237987
238004
238203
238481
238613
238845
239457
239590
239592
239606
239893
240031
240067
240137
240204
240234
240319
240351
240506
240542
240673
240740
240792
240876
240969
241503
241626
242050
242505
242804
243052
243068
243074
243243
243488
243509
243923
243975
244119
244147
244257
244370
244474
244812
245160
245284
245302
245460
245646
245732
245753
245941
246254
246740
246808
247019
247158
247163
247427
247507
247545
247609
247955
248003
248024
248286
248356
248372
248600
248950
249077
249153
249595
249702
249897
250002
250085
250245
250263
250318
250747
250918
251046
251105
251115
251576
251684
252021
252262
252441
252766
253373
253755
253768
253817
253826
253896
253961
254052
254065
254140
254211
254243
254393
254508
254576
254709
254944
254953
255129
255466
255834
255959
256209
256400
256710
256800
256994
257008
257030
257380
257414
257708
258014
258095
258190
258724
258864
259197
259379
259560
259839
259924
260290
260356
260405
260778
261051
261133
261216
261244
261302
261344
261590
261705
261711
261798
261827
262250
262493
262993
263856
264078
264114
264128
264581
264708
265672
265687
265913
265966
266279
266352
266743
266937
266970
267424
267452
267868
267907
267946
267996
268430
268909
269101
269353
269381
269450
269784
270501
270774
270821
271186
271902
272532
272535
272660
272734
272859
273152
273283
273670
273820
274827
275182
275219
275472
276071
276242
276734
276841
277606
278241
278669
279446
279667
279824
280169
280365
281031
281184
281405
281626
281717
282362
282448
282693
282825
282933
283026
284089
284169
284392
284750
285298
286120
286822
286986
287471
287703
287706
287802
287878
288031
288035
288267
288348
288547
289625
289848
290064
290069
290217
290697
290737
290746
291046
291873
292050
292171
292540
292563
292709
293075
293299
293313
294103
294129
294578
294867
294914
295438
295545
296346
296395
296466
296498
296760
297428
297508
297824
297837
297860
298101
298359
299284
299345
299575
299691
299736
300038
300743
301239
301347
301868
302340
302620
303132
303258
303531
303553
304158
304559
304644
305195
305670
306111
306347
307057
307254
307358
307361
307972
308001
308205
308623
308697
309810
310328
311570
311840
312320
312356
312667
312674
312715
312844
312918
313253
313383
314105
314125
314190
314258
315047
315083
315111
316084
316848
317646
317696
317932
318111
318476
318478
319225
319738
319835
319954
319985
320708
320809
320879
320947
321281
321464
321994
322190
322230
322948
323161
323551
323596
323653
323765
324240
324336
324384
324955
325137
325146
325552
325722
325795
327110
327188
328321
329642
329794
329800
329938
330359
330433
330992
331239
331405
331883
331913
331936
332055
332513
333160
333166
333708
334702
334736
335363
336476
336519
337376
337485
337599
338030
338719
340015
340949
342881
342960
343358
344330
345762
346088
346431
347875
348311
348774
349124
349146
349875
351079
351243
352227
352450
352470
352547
353287
354180
354819
355214
356024
356234
356609
357383
357905
357964
357982
358185
359713
360127
360543
360734
361089
361113
362441
362694
363914
363965
365385
365666
366668
368453
368873
370137
370732
370973
371053
371165
372664
372930
373539
373900
374503
374598
374698
374988
375511
377713
377864
378376
379275
380262
380564
382614
384182
384990
385068
390633
390807
391492
391895
392359
392375
395397
398600
402558
404272
405094
406381
407873
409618
410402
411995
414717
417007
417131
418703
419967
422525
422550
422592
423493
423957
424340
427061
432883
433235
433699
438535
439098
439937
442087
443499
453618
453967
454095
454234
455806
458916
460817
462738
462752
471031
473966
480458
487257
495526
500104
505971
521046
549909
582002
586787
765461
