0
0
78
186
241
246
309
402
444
497
585
653
659
705
837
861
925
980
1013
1102
1104
1114
1246
1247
1278
1293
1322
1337
1341
1364
1379
1505
1596
1597
1621
1621
1663
1695
1792
1916
1964
1985
1991
2003
2029
2038
2056
2178
2247
2358
2361
2414
2435
2493
2517
2520
2526
2570
2614
2663
2703
2828
2851
2872
2883
2974
3155
3174
3176
3183
3198
3244
3263
3285
3312
3500
3549
3600
3626
3816
3852
3879
4019
4186
4416
4460
4472
4525
4600
4648
4691
4843
4850
4974
5057
5061
5073
5089
5118
5138
5151
5165
5176
5426
5427
5445
5461
5600
5604
5670
5711
5852
5871
5950
5965
5982
5996
6047
6286
6332
6337
6387
6555
6585
6598
6730
6782
6803
6844
6994
7047
7103
7184
7192
7199
7204
7211
7291
7300
7322
7401
7409
7421
7462
7504
7594
7637
7639
7727
7737
7875
7888
7974
7996
8052
8061
8069
8081
8106
8123
8131
8133
8159
8258
8433
8469
8556
8604
8606
8610
8637
8689
8694
8730
8754
8777
8870
8965
9055
9108
9127
9218
9254
9255
9345
9405
9435
9487
9533
9619
9634
9655
9679
9690
9719
9738
9762
9832
9859
9861
9900
9926
10132
10144
10267
10277
10477
10484
10492
10507
10565
10572
10651
10678
10849
10873
10904
10927
10948
11055
11070
11081
11083
11508
11526
11686
11687
11724
11788
11859
11872
11999
12032
12034
12065
12100
12101
12118
12192
12272
12309
12317
12518
12552
12563
12585
12664
12668
12679
12692
12775
12795
12812
12852
12974
12975
12978
13003
13011
13039
13061
13062
13074
13150
13164
13176
13205
13213
13259
13260
13318
13358
13397
13435
13530
13534
13611
13638
13780
13792
13833
13930
13962
13988
14018
14032
14055
14141
14321
14321
14535
14592
14595
14635
14636
14730
14794
14919
14962
14979
15078
15101
15158
15167
15183
15209
15270
15389
15445
15453
15461
15581
15610
15669
15702
15710
15750
15803
15812
15836
15878
15937
15978
15980
15996
16049
16104
16264
16274
16303
16325
16646
16651
16658
16696
16762
16807
16836
16861
16865
16904
16913
16944
16966
17187
17220
17229
17325
17353
17368
17373
17374
17397
17716
17719
17719
17753
17784
17792
17938
17976
18026
18065
18088
18185
18197
18243
18248
18452
18457
18496
18613
18640
18662
18689
18738
18768
18786
18819
18933
19027
19104
19174
19346
19376
19404
19416
19436
19465
19498
19521
19569
19631
19654
19659
19689
19800
19821
19857
19923
19960
20001
20040
20051
20053
20058
20181
20329
20381
20499
20525
20608
20641
20740
20762
20821
20861
20969
20972
21011
21237
21345
21380
21432
21558
21595
21630
21644
21656
21667
21677
21726
21746
21795
21889
21956
22027
22104
22107
22316
22326
22396
22404
22436
22446
22459
22539
22668
22778
22823
22883
22996
23044
23226
23236
23281
23285
23286
23307
23308
23411
23423
23423
23516
23556
23619
23699
23887
23899
24066
24130
24174
24208
24209
24351
24378
24470
24510
24517
24702
24828
24861
24863
24884
24973
25011
25012
25014
25043
25088
25274
25332
25333
25366
25464
25793
25839
25847
25854
25891
25995
26010
26060
26066
26175
26240
26246
26332
26352
26359
26380
26394
26511
26653
26764
26789
26802
26933
26981
26983
26997
27004
27058
27121
27132
27234
27341
27349
27384
27405
27417
27474
27603
27617
27626
27644
27694
27795
27822
27870
27906
27913
27917
28120
28140
28164
28204
28219
28305
28386
28570
28582
28633
28643
28697
28719
28736
28797
28845
28981
29122
29198
29209
29211
29217
29254
29307
29332
29354
29362
29379
29386
29389
29549
29550
29559
29566
29580
29615
29736
29763
29766
29901
29974
30007
30045
30130
30213
30230
30279
30296
30306
30309
30316
30330
30393
30474
30551
30629
30635
30649
30654
30706
30783
30805
30868
30894
30964
30994
31109
31116
31232
31256
31260
31270
31296
31362
31433
31504
31514
31669
31731
31741
31768
31848
31996
32062
32131
32133
32256
32362
32385
32395
32397
32419
32437
32694
32750
32775
32861
32911
32947
32973
33084
33097
33153
33177
33183
33267
33339
33459
33566
33648
33652
33666
33711
33803
33839
33864
33875
34030
34130
34165
34194
34202
34268
34277
34280
34299
34319
34399
34419
34444
34459
34625
34686
34725
34779
34976
34986
34991
35062
35086
35240
35259
35298
35326
35517
35612
35697
35710
35766
35783
35858
35882
35890
36038
36056
36195
36219
36240
36250
36279
36441
36465
36529
36603
36654
36658
36807
36875
36967
37012
37017
37087
37189
37242
37276
37299
37319
37425
37451
37466
37504
37711
37752
37852
37856
37881
37884
37924
37926
38012
38045
38055
38073
38213
38256
38357
38397
38529
38541
38568
38619
38640
38685
38721
38787
38793
38901
38913
38923
38943
38949
39040
39062
39113
39207
39223
39225
39305
39373
39393
39450
39522
39549
39741
39894
39936
39972
39977
39978
40004
40011
40106
40121
40214
40272
40276
40278
40328
40427
40496
40502
40806
40832
40900
40994
41018
41102
41187
41223
41280
41411
41475
41531
41643
41710
41725
41806
41849
41879
41958
41969
42038
42082
42115
42183
42237
42355
42400
42403
42451
42458
42577
42956
43208
43268
43285
43470
43511
43523
43580
43595
43690
43720
43742
43826
43835
44108
44119
44156
44244
44305
44317
44395
44428
44432
44664
44685
44733
44773
44799
44815
44886
45041
45054
45148
45167
45300
45365
45386
45473
45498
45525
45591
45648
45811
45825
45832
45865
45903
46044
46173
46180
46200
46275
46311
46322
46342
46380
46411
46490
46608
47063
47187
47192
47211
47251
47335
47374
47472
47546
47602
47666
47701
47783
47866
47954
48032
48055
48134
48192
48265
48292
48322
48364
48382
48418
48549
48640
48646
48684
48809
48855
48943
48948
48990
49135
49192
49192
49199
49236
49299
49313
49350
49357
49394
49415
49444
49476
49482
49516
49562
49594
49638
49676
49867
49938
49944
50068
50227
50239
50410
50419
50433
50544
50688
50731
50735
50802
50871
50892
50958
50987
51137
51271
51280
51374
51419
51466
51615
51651
51658
51705
51808
51961
52010
52027
52033
52156
52353
52392
52415
52632
52635
52746
52806
52857
52956
53019
53302
53374
53385
53463
53488
53612
53683
53740
53766
53786
53787
53802
53858
53895
53897
53911
53959
53974
53982
53990
54018
54019
54099
54116
54134
54199
54254
54327
54363
54404
54411
54490
54588
54807
54829
54873
54937
55211
55298
55389
55851
55936
55999
56077
56130
56136
56243
56271
56325
56333
56333
56510
56540
56543
56614
56714
56836
56867
56959
57008
57109
57259
57360
57385
57534
57600
57761
57932
57988
57992
58029
58247
58317
58325
58348
58500
58551
58699
58809
58817
59033
59118
59241
59469
59722
59766
60040
60066
60122
60147
60239
60348
60352
60360
60382
60524
60539
60551
60576
60686
60694
60735
60761
60874
61103
61149
61158
61166
61193
61323
61469
61631
61738
61764
61772
61773
61890
62002
62068
62130
62246
62318
62323
62350
62393
62402
62419
62578
62650
62822
62832
62843
62884
62939
62950
63170
63252
63362
63432
63562
63775
63922
64056
64124
64126
64266
64475
64482
64675
64748
64766
64782
64843
64875
64895
64904
64968
65057
65208
65255
65288
65414
65417
65470
65551
65567
65614
65637
65645
65712
65716
65952
66006
66137
66172
66198
66201
66449
66478
66568
66598
66599
66817
66821
67028
67234
67363
67379
67417
67474
67730
67792
67810
67826
67971
68052
68068
68075
68142
68199
68241
68250
68265
68342
68439
68467
68619
68743
68752
68811
68846
68911
68959
69030
69182
69219
69390
69392
69413
69492
69494
69527
69545
69586
69616
69629
69703
69748
69760
69809
69941
70147
70161
70245
70254
70284
70320
70353
70362
70450
70557
70605
70689
70699
70706
70791
70842
70862
70885
70937
71059
71170
71215
71225
71291
71309
71333
71444
71452
71467
71602
71637
71651
71711
71914
71920
71966
71973
72033
72056
72056
72077
72125
72132
72136
72173
72259
72431
72513
72514
72518
72521
72595
72603
72663
72693
72705
72802
72812
72968
72980
73148
73167
73195
73241
73281
73289
73342
73398
73438
73495
73524
73577
73646
73647
73802
73971
74016
74032
74094
74131
74173
74241
74369
74371
74458
74530
74551
74644
74648
74699
74761
74849
74851
74867
74908
74917
74919
74948
74953
75170
75368
75721
75755
75787
75835
75867
75879
75908
75922
75938
76099
76140
76205
76265
76330
76344
76364
76435
76586
76610
76654
76775
76838
76858
76878
76889
76892
76964
77070
77116
77161
77199
77230
77330
77401
77449
77477
77512
77534
77539
77595
77659
77739
77850
77899
77926
77927
77934
77965
77977
78033
78086
78248
78271
78399
78451
78453
78499
78516
78562
78590
78686
78797
78806
78845
79211
79265
79315
79330
79373
79592
79594
79863
79914
79916
79931
80094
80172
80197
80235
80338
80416
80463
80465
80504
80540
80558
80762
80763
80823
80837
80987
81118
81124
81243
81260
81310
81332
81505
81552
81667
81680
81713
81715
81723
81795
81818
81831
81885
82001
82020
82053
82104
82176
82253
82324
82344
82353
82385
82434
82556
82585
82728
82733
82830
82937
82958
82993
83069
83172
83189
83290
83334
83381
83390
83416
83513
83602
83639
83762
83789
83851
83923
84056
84086
84099
84121
84153
84155
84192
84201
84309
84394
84437
84469
84479
84611
84632
84645
84651
84693
84722
84784
84814
84830
85008
85106
85136
85249
85334
85354
85405
85431
85445
85588
85621
85762
85930
86028
86044
86074
86088
86124
86183
86266
86303
86329
86410
86469
86534
86668
86696
86707
86713
86737
86810
86830
86939
87004
87013
87070
87078
87090
87162
87271
87374
87381
87433
87464
87546
87568
87582
87673
87696
87736
87899
87905
87917
87995
87996
88061
88174
88192
88324
88325
88387
88409
88441
88618
88681
88785
88897
88910
88915
88987
89003
89048
89111
89124
89249
89331
89656
89847
89869
89897
90024
90125
90414
90668
90688
90689
90692
90825
90851
90855
90927
90996
91060
91070
91098
91105
91247
91264
91323
91366
91376
91410
91449
91454
91465
91489
91579
91655
91658
91681
91688
91699
91762
91800
91838
91841
91919
91930
91932
92361
92426
92554
92567
92653
92658
92661
92827
92886
92929
92953
93010
93042
93068
93090
93105
93155
93157
93265
93298
93363
93451
93500
93522
93576
93675
93806
93863
93929
93944
93993
94017
94029
94105
94326
94330
94331
94453
94640
94641
94727
94838
94839
94873
95075
95095
95146
95301
95332
95339
95390
95509
95540
95646
95745
95889
95994
96005
96008
96428
96437
96456
96519
96529
96579
96792
96864
96878
96954
97011
97047
97162
97258
97275
97304
97318
97449
97462
97503
97511
97534
97540
97577
97587
97595
97668
97698
97732
97891
97892
97904
97940
97951
97996
98045
98061
98070
98099
98148
98201
98302
98588
98591
98850
99004
99137
99181
99412
99420
99567
99568
99602
99631
99881
100061
100117
100144
100221
100273
100275
100399
100406
100455
100569
100573
100639
100651
100747
100792
100868
100943
101020
101164
101226
101255
101353
101361
101400
101405
101454
101461
101471
101591
101594
101647
101677
101889
101927
102215
102255
102269
102284
102337
102343
102376
102402
102403
102440
102442
102476
102515
102568
102597
102638
102767
102938
103106
103119
103306
103354
103395
103471
103477
103643
103676
103686
103784
103853
104114
104159
104177
104321
104365
104379
104486
104558
104569
104586
104626
104749
104823
104879
104909
105034
105226
105333
105412
105453
105528
105668
105722
105746
105910
105928
105958
106014
106046
106142
106524
106555
106692
106766
106769
106770
106791
106793
106898
106900
106901
106921
106999
107139
107412
107439
107527
107542
108143
108157
108353
108389
108403
108423
108435
108495
108523
108650
108775
108779
108786
108864
108896
109047
109123
109261
109348
109359
109487
109653
109676
109688
109786
109936
109990
110006
110045
110087
110151
110178
110180
110213
110285
110381
110477
110478
110620
110652
110733
110810
110912
110941
110968
110976
111013
111045
111151
111195
111229
111324
111391
111537
111566
111592
111741
111750
111889
112152
112164
112190
112220
112231
112245
112291
112308
112378
112438
112503
112576
112692
112716
112747
112850
112860
112911
112933
112949
112957
112979
113039
113328
113354
113399
113428
113435
113454
113518
113564
113683
113687
113693
113729
113763
113842
113848
113856
113893
113899
113984
113985
114181
114199
114221
114288
114363
114364
114385
114412
114515
114584
114848
114857
114908
115036
115086
115398
115607
115729
115790
115867
115911
115975
116043
116111
116120
116154
116224
116313
116338
116387
116414
116626
116631
116759
116846
116941
116975
117004
117035
117069
117168
117184
117213
117336
117406
117470
117491
117491
117631
117643
117679
117728
117883
117928
118068
118103
118114
118375
118483
118503
118568
118595
118636
118663
118698
118741
118810
118931
118941
119169
119236
119335
119393
119533
119586
119642
119725
119790
119930
120164
120188
120338
120467
120507
120522
120603
120636
120750
120795
120831
120921
120983
121012
121089
121152
121190
121241
121370
121503
121552
121692
121759
121776
121868
121934
122029
122091
122123
122173
122217
122564
122595
122826
122836
122931
122939
122971
123055
123206
123217
123308
123413
123425
123440
123554
123574
123661
123713
123775
123835
123912
123950
124316
124497
124533
124534
124605
124684
124893
125040
125082
125113
125238
125303
125335
125351
125382
125420
125440
125554
125643
125683
125685
125705
125714
125750
125751
125789
126299
126302
126337
126355
126361
126411
126445
126492
126653
126833
126852
126929
126987
126994
127030
127043
127138
127197
127354
127474
127534
127589
127755
127802
127819
127866
128086
128154
128233
128246
128349
128363
128382
128402
128480
128561
128687
128786
128811
128948
129003
129014
129047
129324
129418
129420
129480
129747
129775
129799
129850
129850
129856
130156
130165
130179
130267
130312
130506
130578
130590
130839
130947
131097
131145
131168
131172
131198
131238
131319
131323
131327
131501
131523
131569
131622
131638
131684
131875
131879
131923
132072
132100
132274
132588
132611
132654
132725
132758
132764
132766
132959
133053
133055
133183
133207
133212
133251
133259
133735
133810
133901
134016
134167
134182
134195
134413
134416
134457
134545
134549
134558
134622
134676
134801
134833
134908
134960
135050
135106
135182
135196
135260
135291
135326
135328
135372
135433
135581
135592
135621
135681
135796
135805
135870
135939
135987
136006
136029
136145
136278
136468
136483
136505
136529
136724
136750
136868
136951
136970
137022
137053
137162
137232
137285
137343
137351
137409
137528
137606
137621
137863
137946
137948
138048
138058
138075
138211
138228
138424
138450
138581
138622
138668
138752
138987
139042
139195
139234
139251
139256
139268
139280
139317
139363
139429
139597
139766
139822
139916
139933
139968
139978
140046
140251
140327
140402
140563
140675
140681
140742
140902
140914
141005
141020
141043
141248
141353
141413
141426
141444
141516
141644
141691
141756
141845
141861
141865
141913
141913
142002
142037
142104
142148
142256
142461
142513
142784
142785
142815
143056
143094
143118
143161
143398
143423
143432
143495
143497
143588
143640
143716
143729
143938
143973
144057
144060
144302
144525
144529
144832
144859
144945
144964
144978
145080
145355
145569
145741
146102
146153
146185
146242
146312
146336
146347
146371
146392
146441
146711
146767
146769
146907
146935
146938
146958
147203
147206
147310
147314
147348
147358
147423
147436
147525
147580
147603
147605
147754
147858
147983
148167
148198
148247
148266
148282
148301
148305
148368
148403
148697
148829
148872
148986
149065
149145
149155
149176
149315
149449
149499
149579
149742
149910
149939
149954
150026
150050
150068
150149
150252
150292
150464
150669
150786
150787
151054
151055
151234
151432
151906
151972
152153
152335
152605
152610
152678
152748
152839
152999
153108
153144
153208
153272
153279
153457
153541
153624
153634
153655
153765
153850
153969
154248
154280
154488
154534
154559
154570
154589
154627
154760
154864
155401
155562
155657
155672
156013
156017
156107
156419
156433
156454
156469
156514
156639
156694
156738
156789
156789
156839
157000
157254
157776
158094
158126
158333
158416
158511
158524
158576
158609
158628
158661
158795
158832
158978
158999
159173
159429
159432
159439
159524
159549
159780
159863
159915
159920
160072
160105
160139
160683
160694
160713
160754
160847
161034
161162
161200
161291
161319
161361
161547
161660
161680
161730
161771
161814
161891
161954
161978
162107
162112
162186
162229
162292
162709
162817
162864
162919
162948
162962
163024
163240
163381
163394
163453
163763
163785
163834
164069
164260
164477
164520
164539
164644
164807
164947
165067
165114
165287
165306
165550
165613
165655
165673
165739
165876
165966
165971
165982
166131
166345
166363
166509
166603
166780
166926
167027
167259
167370
167413
167442
167694
167734
167766
167785
167810
167909
167990
168023
168228
168271
168303
168350
168742
168780
168790
168859
168884
168950
169005
169185
169240
169268
169355
169491
169688
169713
169783
169812
169823
170051
170060
170075
170166
170289
170578
170636
170696
170752
170890
170921
170938
171070
171086
171214
171284
171572
171585
171704
171812
171958
172001
172065
172246
172372
172419
172563
172634
172770
172846
172888
172951
173021
173041
173103
173221
173281
173303
173563
173648
173720
173737
173746
173848
173853
173971
173995
174134
174135
174145
174160
174178
174192
174423
174486
174494
174556
174632
174812
174928
174931
175042
175168
175185
175201
175260
175296
175472
175478
175507
175599
175600
175628
175796
176030
176082
176102
176188
176312
176312
176617
176687
176720
176823
176903
176916
176972
177053
177062
177091
177222
177279
177368
177405
177640
177740
177750
177910
177937
178119
178120
178520
178532
178597
178863
178920
178985
179055
179134
179259
179573
179778
179797
180029
180086
180132
180179
180190
180190
180236
180247
180423
180466
180471
180522
180669
180716
180738
180776
180789
180834
181061
181110
181131
181194
181196
181203
181234
181858
181981
182072
182647
182829
183069
183244
183288
183372
183487
183495
183764
183991
184039
184065
184158
184264
184513
184528
184564
184665
184777
184806
184858
185028
185368
185401
185516
185518
186136
186175
186335
186502
186506
186564
186569
187142
187373
187425
187439
187781
187886
187917
188093
188299
188604
188803
188870
188878
189114
189128
189231
189307
189686
189809
189928
190105
190281
190303
190776
190998
191152
191184
191223
191299
191368
191420
191551
191674
191908
192013
192165
192201
192403
192411
192480
192657
192675
192743
193249
193275
193308
193316
193500
193508
193762
193793
193867
194006
194031
194178
194346
194589
194611
194636
194651
194796
194817
194822
194892
195106
195312
195405
195453
195826
195989
196128
196265
196351
196381
196581
196690
196752
196904
196969
197174
197448
197474
197915
197923
197997
198061
198065
198261
198381
198508
198890
198968
199000
199009
199215
199588
199675
199843
199880
200169
200214
200282
200512
200649
200776
200824
200893
200974
201042
201303
201468
201845
202066
202079
202120
202155
202212
202271
202373
202427
202459
202481
202884
203076
203101
203123
203183
203621
203696
203909
203968
204132
204150
204307
204360
204508
204768
204923
204938
205031
205349
205550
205777
205978
206001
206030
206175
206641
206700
206876
207149
207909
208002
208085
208334
208791
208811
209162
209546
209769
209835
209998
210029
210032
210259
210572
210761
211015
212010
212329
212600
212669
212782
212851
212874
212906
213156
213970
213988
214255
214586
214887
215206
215233
215253
215279
215663
215814
215886
215954
216085
216401
216596
216624
216790
216806
217157
217367
217390
217578
217990
218006
218318
218320
218387
218710
218836
218933
219048
219098
219356
219376
219584
219693
219884
220028
220085
220249
220635
220675
220688
220785
221349
221676
222042
222056
222142
222317
222408
222509
222654
222661
222951
223075
223239
223267
223297
223385
223454
223965
224013
224365
224582
225120
225265
225314
225640
225660
225751
226327
226336
226371
226508
226556
226577
226925
226945
226965
226986
227039
227388
227426
227449
227685
227981
228245
228756
229207
229331
229843
230011
230270
230434
230980
231004
231117
231157
231207
231676
232089
232139
232179
232320
232338
232479
232551
232557
232627
232833
232994
233078
233118
233582
233610
233803
233893
234064
234230
234493
235017
235129
235194
235480
235526
235563
235599
235682
236043
236067
236116
237003
237047
237218
237312
237371
237527
237722
237870
238004
238169
238193
238330
238400
238734
239014
239160
239517
239677
239945
239998
240009
240253
240580
240787
240847
240928
241179
241248
241343
241436
241455
241467
241533
241694
241769
241820
241989
242117
242326
242565
243290
243956
243962
244672
244828
244987
245092
245281
245354
245380
245474
245506
245520
245589
245616
245643
245783
245836
246344
246464
246508
246672
246803
246932
247223
247379
247503
247766
247873
248037
248250
249039
249151
249337
249625
249822
249837
249974
250105
250499
250642
250698
251158
251234
251311
251343
251762
251841
251847
251988
252099
252371
252492
252736
252860
252895
252964
253016
253428
253655
253889
254150
254194
254309
254431
254493
254598
255039
255142
255312
255812
256057
256214
256876
257300
257303
257413
257594
257958
258215
258255
258304
258481
258550
259019
259154
259190
259468
260306
260423
260502
260521
260742
260772
260827
260967
261164
261367
261391
261504
261708
261766
261786
262759
262842
263039
263758
263974
263985
264103
264285
264474
264847
265182
265283
265899
265993
266056
266657
266742
267276
267553
267559
267688
267841
267890
268071
268186
268259
268418
268427
269139
269148
269376
269523
269870
269907
270382
270392
271369
271457
271617
272177
272724
272989
273029
273036
273196
273221
273226
274047
276397
276936
277115
277706
277826
277832
278406
278462
278515
279181
280153
280276
280717
281564
281709
282786
283542
283633
283713
284226
284468
284595
285103
285339
286806
286864
287327
287505
287646
287836
287890
288412
288494
289000
289758
290341
290990
290995
291018
292121
292367
293079
293255
293776
294578
295822
296251
296374
296997
297421
297547
298020
298027
298063
298674
298838
298908
299078
299253
299589
299706
299786
300116
300149
301166
301401
301478
301531
302038
302106
302249
302801
302939
302988
303277
303497
303898
304575
305194
305979
306042
306915
307560
307723
307882
307992
308183
308462
308694
309037
309720
309839
310666
310853
311086
311345
312405
312624
313281
313812
313941
314607
314837
315654
315874
316954
317355
317587
318051
318215
318619
319280
319399
319435
319609
319660
320042
320093
320176
320831
321028
321336
321421
322648
323215
323345
323395
323784
325274
326202
326811
327291
328020
328313
328913
329211
329960
329997
330684
331730
332027
332755
332814
332885
333097
333208
333282
334988
334992
336528
336769
337396
337666
338342
338455
338666
338935
339466
340430
342499
342899
343031
343212
343397
344462
345025
345308
345996
347693
347788
349901
350021
350072
350215
350475
350494
350752
350951
351149
351992
352558
353173
353600
354684
354752
355249
356167
357466
358247
358457
358486
358696
358885
358933
360058
361011
361674
363415
364420
365945
366237
367267
367666
368514
368845
369445
369510
372084
374288
374419
377493
378709
379190
380181
382243
383980
384925
385216
387476
388753
389613
390355
394544
394817
395234
395672
396960
400870
401450
405955
407097
407902
408128
410382
413763
414217
414640
414997
416889
416940
422302
422759
426058
426251
426673
430789
434948
437438
438730
441174
442391
448513
450159
453575
453981
454464
461251
462372
468938
469148
469320
469630
473910
473957
477145
477679
480247
481721
488007
492139
492411
496252
497011
501063
507634
515480
515818
517819
530273
532927
541494
541620
542279
544349
547614
548798
553959
563570
590007
604865
621489
661514
689280
808621
