0
0
59
61
68
69
111
218
259
404
494
522
638
653
657
689
801
812
914
926
1032
1044
1056
1092
1114
1152
1255
1258
1265
1280
1297
1311
1413
1416
1481
1489
1526
1537
1603
1710
1721
1830
1949
1959
2018
2049
2064
2075
2092
2093
2123
2141
2142
2155
2189
2196
2289
2350
2372
2425
2433
2563
2590
2592
2610
2634
2681
2688
2723
2777
2795
2820
2820
2834
2853
2862
2911
2929
2967
2975
3099
3136
3165
3231
3231
3274
3301
3324
3339
3403
3407
3413
3448
3450
3525
3578
3611
3629
3647
3653
3666
3671
3737
3765
3778
3867
3956
3990
4001
4062
4093
4154
4212
4259
4298
4321
4402
4480
4484
4594
4611
4631
4653
4716
4805
4814
4823
4999
5040
5094
5121
5181
5236
5237
5275
5342
5342
5360
5479
5486
5509
5519
5583
5609
5767
5784
5810
5824
5832
5930
5973
5979
6028
6066
6097
6123
6165
6206
6236
6303
6326
6380
6399
6434
6605
6681
6704
6708
6729
6754
6819
6842
6890
6930
6960
7023
7045
7050
7066
7120
7162
7211
7291
7352
7358
7427
7531
7536
7588
7594
7612
7690
7715
7737
7754
7812
7826
7851
7858
7882
7899
8070
8113
8163
8225
8254
8271
8279
8279
8297
8312
8333
8340
8357
8360
8377
8406
8498
8551
8566
8600
8609
8610
8655
8676
8689
8797
8805
8821
8825
8830
8838
8885
8896
8929
8970
8978
9009
9012
9085
9115
9202
9324
9363
9395
9400
9480
9571
9575
9673
9713
9719
9734
9791
9993
9995
10021
10024
10113
10193
10223
10229
10344
10391
10457
10463
10497
10509
10518
10634
10704
10720
10721
10805
10807
10934
10965
10967
11021
11143
11267
11284
11297
11309
11350
11400
11469
11544
11706
11711
11717
11724
11724
11772
11803
11844
11858
11879
12002
12064
12191
12263
12337
12370
12373
12412
12430
12467
12489
12493
12538
12540
12592
12618
12645
12692
12720
12777
12894
12929
12955
12980
13017
13082
13168
13174
13198
13243
13269
13273
13494
13497
13523
13559
13597
13626
13635
13649
13670
13683
13686
13891
13931
14003
14055
14227
14260
14336
14409
14468
14480
14481
14525
14547
14548
14659
14819
14909
14935
14962
14986
15052
15132
15154
15195
15210
15240
15246
15376
15394
15403
15548
15792
15889
15912
15958
15988
16093
16215
16238
16375
16397
16497
16597
16614
16634
16797
16810
16843
16860
16882
16925
16926
16976
16982
17011
17069
17231
17260
17288
17394
17541
17635
17658
17852
17929
18067
18080
18118
18166
18232
18294
18341
18355
18374
18440
18455
18515
18531
18553
18567
18587
18590
18595
18616
18638
18669
18691
18770
18850
18855
18887
18911
19049
19166
19217
19239
19240
19274
19396
19502
19547
19547
19547
19558
19594
19687
19722
19748
19764
19779
19844
19924
19941
20001
20038
20171
20210
20277
20287
20305
20354
20374
20375
20381
20536
20550
20572
20616
20645
20681
20735
20774
20783
20794
20798
20798
20823
20868
20907
21092
21113
21238
21289
21320
21357
21360
21403
21480
21480
21655
21720
21764
21771
21820
21828
21838
21840
21909
21936
21951
21996
22033
22040
22117
22134
22198
22350
22352
22389
22392
22451
22458
22472
22481
22537
22585
22615
22648
22673
22681
22695
22727
22732
22772
22823
22838
22863
22886
22925
22968
22976
22984
23061
23113
23129
23209
23300
23321
23328
23384
23429
23431
23453
23491
23493
23592
23605
23720
23737
23749
23797
23804
23814
23814
23816
23821
23889
23911
23930
23951
23953
24044
24055
24069
24076
24190
24272
24308
24366
24368
24369
24407
24503
24531
24635
24642
24673
24679
24687
24711
24729
24735
24801
24810
24824
24846
24928
24931
24936
25009
25028
25063
25067
25219
25226
25324
25350
25351
25383
25385
25392
25405
25452
25503
25582
25668
25677
25884
25898
26041
26093
26164
26226
26258
26262
26325
26371
26379
26451
26460
26501
26503
26527
26586
26595
26595
26625
26700
26752
26806
26817
26875
26909
26951
26977
27012
27041
27051
27081
27101
27103
27126
27236
27242
27267
27279
27379
27449
27532
27554
27642
27683
27713
27921
27978
28118
28151
28176
28222
28227
28291
28296
28321
28444
28470
28640
28657
28684
28685
28775
28872
28924
28968
28992
29083
29149
29163
29168
29185
29208
29212
29265
29293
29301
29384
29413
29439
29485
29489
29582
29661
29679
29722
29786
29813
29823
29833
29845
29933
29957
29995
30026
30036
30065
30122
30150
30170
30177
30185
30189
30213
30235
30255
30273
30277
30283
30355
30378
30507
30574
30581
30608
30609
30614
30743
30771
30836
30918
30948
30958
30959
31011
31047
31069
31080
31107
31138
31177
31251
31263
31282
31334
31347
31349
31404
31405
31414
31571
31636
31639
31708
31743
31785
31819
31828
31893
31967
31969
31996
32118
32169
32208
32221
32234
32237
32256
32259
32392
32428
32433
32482
32488
32501
32579
32604
32681
32682
32787
32949
32958
32987
33008
33083
33176
33179
33186
33189
33229
33245
33247
33262
33452
33464
33488
33548
33567
33701
33726
33744
33763
33799
33804
33902
33918
33959
33992
34008
34102
34119
34235
34284
34292
34341
34343
34355
34364
34387
34605
34611
34647
34725
34791
34791
34813
34848
34862
34864
34950
35032
35046
35078
35135
35230
35249
35353
35459
35481
35507
35511
35589
35646
35673
35761
35780
35797
35806
35821
35864
36015
36030
36077
36084
36119
36133
36140
36222
36296
36341
36368
36370
36374
36443
36477
36518
36675
36704
36753
36765
36809
36877
36888
36981
37009
37044
37076
37154
37198
37208
37213
37247
37310
37338
37400
37453
37519
37564
37585
37743
37757
37791
37830
37882
37909
37966
37972
38120
38148
38210
38211
38277
38324
38341
38426
38435
38518
38553
38564
38618
38674
38675
38700
38748
38818
38832
38866
38866
38875
38943
38943
38970
39030
39077
39081
39132
39140
39168
39168
39183
39230
39242
39439
39441
39494
39733
39752
39866
39926
40016
40070
40089
40129
40147
40330
40471
40551
40582
40593
40687
40704
40737
40810
40844
40874
40976
40994
41219
41274
41304
41326
41371
41420
41554
41643
41645
41648
41724
41773
41939
41954
42154
42219
42244
42266
42269
42303
42343
42388
42419
42446
42466
42479
42484
42538
42543
42577
42626
42627
42650
42654
42690
42691
42729
42734
42762
42764
42986
42988
42997
43164
43238
43262
43322
43377
43387
43404
43418
43428
43437
43481
43487
43493
43524
43572
43587
43655
43746
43750
43755
43760
43803
43850
43893
43917
43953
44028
44069
44073
44111
44153
44195
44310
44348
44413
44431
44534
44550
44565
44694
44699
44726
44726
44826
44835
44862
44882
44890
44890
44914
44917
44950
45018
45019
45030
45038
45039
45065
45128
45130
45137
45160
45200
45219
45241
45292
45310
45335
45347
45394
45439
45440
45463
45530
45544
45611
45633
45641
45645
45646
45651
45659
45691
45757
45826
45844
45872
45883
45889
45900
45905
46022
46114
46159
46163
46167
46252
46415
46445
46460
46558
46565
46620
46671
46688
46753
46822
46931
46997
47017
47043
47062
47070
47161
47235
47280
47328
47347
47351
47380
47537
47606
47689
47788
47833
47837
47978
47996
48027
48065
48150
48182
48251
48304
48318
48335
48355
48403
48425
48432
48445
48447
48550
48581
48620
48662
48718
48721
48741
48907
48908
48915
48915
48925
48964
48975
49025
49064
49119
49127
49137
49150
49199
49257
49258
49315
49321
49337
49352
49355
49363
49500
49574
49689
49697
49712
49789
49834
49977
50092
50116
50182
50185
50189
50235
50280
50319
50519
50549
50623
50623
50664
50686
50727
50823
50852
50883
50923
50944
50993
51016
51089
51138
51150
51189
51282
51292
51331
51376
51446
51500
51563
51615
51619
51672
51804
51831
51852
51868
51870
51909
51912
51930
51932
51935
51946
51977
51978
51992
52053
52069
52081
52138
52157
52194
52204
52215
52249
52328
52435
52439
52482
52596
52702
52757
52758
52824
52838
52862
52880
52898
52973
52989
53015
53051
53053
53078
53155
53175
53207
53277
53304
53310
53369
53413
53433
53466
53529
53543
53574
53588
53663
53691
53717
53719
53779
53885
53949
54051
54131
54138
54285
54391
54393
54398
54420
54453
54457
54541
54543
54567
54576
54634
54678
54736
54781
54804
54911
54964
55002
55116
55123
55179
55206
55234
55424
55450
55509
55533
55543
55649
55707
55805
55992
56034
56072
56102
56330
56364
56375
56490
56496
56571
56615
56719
56733
56734
56752
56790
56847
56870
56872
56901
56964
57025
57061
57090
57099
57116
57134
57140
57146
57155
57167
57183
57294
57330
57342
57385
57398
57407
57424
57434
57446
57447
57495
57499
57547
57788
57873
57980
58027
58028
58035
58061
58101
58117
58131
58141
58156
58160
58281
58294
58429
58435
58480
58497
58515
58552
58609
58872
58877
58931
58970
59010
59045
59062
59274
59310
59469
59528
59535
59542
59564
59594
59696
59749
59771
59776
59851
59869
59874
59968
59995
60011
60016
60041
60112
60132
60136
60214
60255
60261
60317
60400
60413
60481
60502
60525
60554
60604
60625
60702
60878
60884
60936
61033
61088
61108
61205
61216
61240
61329
61340
61444
61514
61518
61579
61748
61751
61762
61792
61835
61843
61892
61916
61922
61927
61989
62016
62022
62033
62037
62085
62089
62208
62254
62321
62427
62478
62500
62502
62538
62563
62584
62606
62657
62669
62836
62892
62908
62953
63025
63096
63323
63326
63350
63361
63400
63500
63541
63692
63727
63731
63798
63803
63816
63834
63836
63862
63945
63977
63989
64072
64111
64153
64161
64278
64285
64317
64320
64338
64369
64409
64410
64459
64509
64723
64815
64820
64908
64920
64924
64953
65071
65298
65333
65367
65378
65416
65419
65439
65459
65494
65525
65583
65649
65786
66116
66154
66188
66191
66290
66355
66416
66417
66508
66526
66554
66609
66734
66739
66876
66899
66913
66951
67004
67080
67083
67118
67217
67219
67258
67283
67309
67316
67385
67412
67476
67510
67515
67532
67538
67552
67618
67723
67741
67921
67989
68044
68050
68092
68185
68187
68270
68286
68389
68401
68428
68443
68539
68577
68604
68875
68886
68952
69007
69007
69060
69122
69206
69301
69338
69395
69481
69535
69630
69660
69670
69754
69757
69841
69876
69948
69950
69957
70037
70044
70113
70119
70271
70378
70389
70424
70472
70491
70525
70535
70535
70556
70631
70658
70678
70730
70750
70792
70801
70869
70928
70940
70976
71012
71099
71179
71233
71256
71264
71288
71302
71336
71340
71357
71387
71540
71613
71657
71659
71695
71726
71816
71888
71988
72098
72108
72193
72341
72359
72431
72505
72525
72538
72778
72786
72915
72917
72919
73061
73142
73154
73189
73212
73232
73236
73244
73283
73299
73310
73331
73353
73634
73703
73802
73859
73892
73932
74172
74177
74182
74257
74379
74519
74539
74603
74629
74974
74981
75164
75168
75195
75248
75338
75364
75376
75521
75681
75704
75714
75759
75786
75787
75798
75920
75936
76001
76040
76218
76235
76320
76339
76341
76384
76497
76503
76579
76642
76715
76720
76780
76795
76823
76885
76925
76944
76946
76948
76971
77005
77105
77162
77341
77417
77518
77604
77608
77610
77655
77676
77729
77732
77777
77851
77853
77867
77998
78002
78116
78173
78234
78264
78303
78336
78345
78499
78516
78625
78649
78662
78773
78822
78947
78966
78968
79166
79193
79361
79371
79450
79530
79544
79586
79676
79680
79787
79812
79852
79873
79879
79952
80158
80222
80241
80366
80441
80486
80522
80524
80539
80545
80609
80645
80673
80697
80698
80706
80707
80749
80776
80836
81066
81074
81101
81127
81137
81155
81155
81161
81231
81262
81401
81402
81468
81476
81526
81549
81583
81692
81861
81891
81956
81957
81958
81978
81979
82041
82269
82270
82315
82370
82394
82460
82535
82541
82594
82594
82595
82636
82655
82744
82790
82824
82892
82915
82935
82958
83013
83068
83093
83119
83215
83259
83272
83364
83518
83524
83606
83651
83652
83669
83727
83759
83765
83771
83797
83825
83896
83971
83990
84020
84047
84067
84074
84109
84114
84142
84154
84165
84182
84200
84376
84408
84456
84509
84513
84548
84611
84611
84730
84769
84801
84877
84921
84944
84974
85013
85033
85053
85128
85258
85293
85315
85341
85363
85402
85654
85657
85787
85811
85965
86098
86146
86260
86343
86438
86452
86510
86537
86545
86555
86639
86708
86709
86793
86796
86802
86858
86889
86898
86939
87010
87162
87202
87216
87222
87227
87255
87286
87468
87471
87474
87505
87586
87730
87783
87900
87933
87933
87975
88008
88070
88087
88103
88126
88174
88204
88210
88218
88239
88260
88290
88322
88399
88416
88466
88531
88538
88565
88614
88618
88676
88683
88729
88760
88896
88911
88919
88946
88965
89060
89108
89134
89141
89225
89255
89259
89329
89416
89430
89444
89450
89469
89485
89519
89537
89558
89572
89627
89709
89718
89726
89775
89808
89862
89916
89947
89959
89960
90096
90139
90158
90171
90256
90283
90346
90424
90503
90516
90524
90544
90567
90582
90628
90633
90676
90703
90733
90927
90957
90965
91021
91035
91035
91040
91047
91091
91095
91145
91190
91446
91461
91541
91639
91652
91692
91830
91866
91872
91955
91965
91994
92083
92096
92181
92227
92326
92337
92468
92481
92511
92519
92586
92640
92731
92736
92775
92811
92900
93019
93035
93050
93104
93161
93186
93307
93317
93334
93445
93611
93655
93719
93742
93794
93809
93838
93870
93874
93890
93923
93965
94039
94154
94163
94196
94208
94220
94233
94237
94346
94402
94414
94421
94430
94479
94528
94533
94535
94751
94844
94856
94916
94941
94943
95063
95075
95125
95155
95247
95269
95320
95332
95339
95404
95500
95520
95559
95570
95643
95834
95881
95971
96078
96246
96355
96386
96434
96435
96512
96524
96579
96661
96669
96820
96877
96896
96899
96917
97013
97088
97153
97167
97197
97231
97250
97299
97392
97436
97534
97648
97664
97766
97774
97866
97875
97885
97891
97899
97912
97985
97992
98000
98004
98027
98082
98176
98185
98229
98274
98368
98373
98459
98651
98663
98810
99063
99070
99129
99243
99248
99329
99379
99388
99526
99611
99621
99626
99629
99750
99801
99874
99889
99940
99982
100002
100003
100035
100145
100160
100211
100326
100391
100430
100631
100668
100684
100704
100713
100728
100749
100837
100891
100924
100982
101006
101066
101141
101141
101141
101173
101189
101262
101348
101386
101453
101486
101534
101585
101746
101790
101828
101853
101967
101987
102046
102091
102185
102207
102287
102429
102660
102847
102852
102882
103022
103102
103133
103140
103272
103367
103392
103453
103490
103781
104001
104013
104034
104146
104192
104296
104297
104399
104408
104448
104459
104593
104607
104696
104711
104877
104928
105046
105083
105150
105155
105173
105206
105209
105324
105454
105489
105564
105626
105644
105656
105664
105696
105702
105765
105811
105870
105876
105941
106007
106061
106120
106146
106242
106397
106441
106587
106632
106651
106654
106659
106677
106726
106795
106880
106893
106911
106944
106947
107090
107094
107138
107139
107190
107209
107292
107357
107373
107407
107423
107533
107639
107677
107745
107764
107913
107932
107937
107969
107998
108000
108131
108178
108240
108512
108532
108579
108596
108623
108686
108694
108702
108792
108850
108911
108989
108995
108996
109040
109199
109236
109238
109272
109291
109300
109336
109355
109400
109421
109466
109550
109624
109628
109671
109722
109810
109971
110014
110072
110109
110266
110490
110493
110496
110514
110580
110675
110718
110835
110871
110918
110994
111046
111127
111166
111171
111174
111282
111330
111362
111388
111505
111587
111596
111703
111730
111791
111827
111828
111863
111941
112011
112021
112220
112329
112349
112424
112434
112472
112523
112604
112604
112670
112671
112804
112855
112972
112998
113065
113113
113268
113352
113409
113412
113418
113495
113635
113670
113703
113704
113738
113874
113881
113922
113923
113955
114011
114056
114065
114108
114136
114143
114248
114260
114267
114275
114476
114496
114579
114587
114691
114711
114712
115114
115181
115201
115409
115420
115433
115440
115461
115526
115625
115638
115674
115704
115795
115891
115992
116043
116337
116347
116376
116423
116756
116840
116889
116904
116905
116920
116972
117011
117035
117062
117079
117099
117105
117180
117193
117216
117255
117262
117272
117385
117438
117441
117585
117624
117647
117663
117678
117756
117776
117809
117856
117889
117926
117936
118008
118054
118113
118243
118254
118288
118435
118523
118611
118619
118696
118750
118757
118836
118941
118944
118974
119044
119057
119108
119139
119234
119295
119348
119438
119556
119662
119690
119910
119937
120005
120055
120118
120172
120237
120243
120455
120464
120493
120529
120542
120579
120610
120738
120751
120789
120852
120885
121019
121028
121039
121143
121167
121195
121196
121279
121378
121407
121475
121669
121707
121938
122002
122149
122173
122221
122250
122357
122431
122578
122626
122760
122900
123015
123028
123079
123146
123240
123372
123391
123508
123518
123607
123670
123674
123675
123722
123723
123727
123743
123771
123813
123862
124034
124105
124105
124117
124142
124265
124273
124282
124291
124332
124345
124375
124385
124408
124418
124519
124534
124638
124709
124773
124795
124810
124838
124853
124878
124965
125078
125092
125233
125267
125338
125364
125421
125610
125645
125716
125729
125774
125878
125909
126002
126088
126090
126105
126106
126315
126339
126371
126519
126618
126620
126858
126915
126999
127037
127065
127073
127245
127352
127605
127633
127701
127704
127741
127792
127827
127881
128182
128248
128415
128459
128589
128627
128636
128666
128702
128796
128883
128923
129186
129204
129383
129437
129455
129541
129751
129803
129896
129985
129987
130070
130082
130088
130089
130102
130148
130296
130306
130358
130408
130458
130483
130546
130620
130716
130724
130857
130890
130951
130996
131126
131143
131198
131480
131628
131730
131743
131765
131782
131842
131847
131897
132056
132273
132404
132419
132469
132521
132523
132532
132576
132622
132723
132770
132787
132806
132840
132841
132856
133035
133113
133118
133145
133324
133446
133509
133541
133551
133640
133700
133745
133751
133831
133981
133981
134002
134041
134137
134184
134239
134405
134431
134573
134771
134963
134967
134981
135019
135088
135179
135252
135298
135307
135360
135401
135548
135749
135765
135767
135821
135828
135890
136007
136032
136133
136136
136156
136187
136253
136403
136412
136429
136434
136689
136701
136772
136784
136789
136862
136942
136952
136989
137091
137103
137131
137142
137165
137336
137352
137387
137432
137665
137842
137902
137952
137983
138117
138142
138218
138253
138379
138478
138512
138555
138787
138824
138906
138970
139008
139050
139082
139096
139183
139184
139188
139194
139219
139262
139332
139389
139457
139553
139576
139589
139610
139679
139716
139751
139751
139842
139898
139930
139935
139954
140048
140120
140192
140328
140359
140495
140545
140562
140663
140698
141111
141266
141324
141332
141378
141512
141658
141682
141877
141929
141941
141997
142004
142176
142208
142221
142265
142419
142493
142522
142571
142631
142682
142695
142745
142883
142932
142939
143170
143265
143318
143392
143594
143636
143651
143713
143786
143904
143944
144019
144060
144083
144119
144163
144232
144245
144342
144421
144434
144497
144552
144575
144580
144717
144815
144840
144860
144871
144935
144990
145002
145032
145088
145283
145323
145325
145669
145691
145713
145760
146007
146017
146190
146285
146443
146754
146762
146773
146800
146994
147079
147083
147084
147294
147347
147399
147496
147571
147683
147775
147788
147897
147922
147990
148053
148070
148120
148123
148140
148349
148356
148360
148449
148465
148771
148825
148970
149102
149133
149166
149295
149392
149444
149456
149495
149738
149805
149908
149920
149927
149945
150019
150067
150077
150090
150110
150133
150172
150212
150288
150318
150362
150378
150433
150439
150459
150471
150524
150589
150656
150663
150717
150741
150811
151169
151243
151263
151495
151532
151545
151587
151637
151638
151737
151743
151764
151779
151810
151898
151999
152009
152079
152125
152260
152266
152272
152371
152435
152452
152521
152622
152684
152763
152788
152924
153082
153102
153139
153147
153160
153266
153476
153529
153572
153579
153592
153685
153687
153729
153841
153841
153885
153887
154048
154072
154104
154158
154323
154429
154441
154442
154449
154492
154508
154719
154756
154767
154789
154948
155007
155024
155206
155218
155446
155506
155599
155648
155682
155913
156020
156033
156134
156290
156430
156467
156623
156742
156811
156812
156849
156851
156880
156906
157007
157022
157048
157075
157204
157261
157292
157316
157324
157387
157438
157465
157476
157532
157539
157551
157588
157713
157770
157819
157839
157991
158025
158073
158440
158515
158640
158688
158697
158829
158884
159218
159289
159468
159566
159628
159663
159814
159995
159998
160032
160073
160093
160118
160119
160162
160236
160362
160543
160578
160777
160794
161100
161107
161149
161167
161176
161199
161373
161386
161442
161447
161517
161521
161617
161630
161644
161680
161829
161831
161891
161988
162033
162086
162090
162285
162675
162697
162838
163032
163109
163142
163202
163218
163251
163288
163434
163523
163542
163664
163839
163971
163975
164089
164106
164188
164406
164457
164458
164601
164652
164851
164906
165008
165063
165087
165154
165230
165353
165493
165523
166129
166174
166242
166403
166477
166705
167012
167061
167187
167691
167728
167733
167763
167819
167989
168399
168463
168600
168699
168728
168752
168775
168835
168966
168970
169026
169108
169120
169163
169308
169339
169369
169482
169521
169744
169875
169882
170058
170146
170414
170444
170653
170903
170972
171024
171061
171136
171366
171411
171432
171465
171534
171596
171604
172026
172051
172062
172095
172123
172124
172145
172162
172254
172344
172438
172462
172558
172696
172766
172812
172816
172843
172844
172856
172933
172946
173001
173110
173248
173275
173321
173336
173537
173605
173684
173766
173798
173898
173990
174045
174143
174244
174414
174457
174463
174487
174502
174583
174628
174664
174754
174802
174803
174942
175431
175997
176273
176492
176528
176534
176548
176630
176727
176932
176970
177090
177107
177112
177188
177241
177250
177309
177325
177408
177464
177567
177869
177936
177968
178188
178368
178437
178726
179016
179104
179148
179317
179322
179403
179498
179522
179692
179896
179987
179997
179998
180017
180103
180447
180479
180521
180554
180565
180627
180645
180690
180706
180769
180770
180867
180983
180995
181075
181166
181256
181288
181301
181344
181420
181475
181694
181696
181734
181771
181866
181934
182127
182138
182174
182323
182364
182878
182888
182947
183094
183157
183192
183231
183231
183236
183406
183490
183647
183665
183678
183684
183717
183829
183851
184160
184168
184219
184298
184565
184602
184640
184968
184982
184986
185179
185233
185310
185487
185487
185660
185788
185828
186054
186060
186185
186343
186351
186406
186459
186555
186630
186707
186750
186773
186842
186941
187124
187173
187197
187221
187409
187410
187605
187615
187619
187622
187724
187727
187814
188020
188479
188538
188626
188640
188648
188747
188807
188859
188929
188939
188956
189021
189085
189128
189158
189161
189217
189228
189301
189412
189646
189656
189664
189759
189933
189964
190017
190046
190097
190115
190196
190245
190688
190877
191034
191294
191394
191758
191939
191983
192025
192079
192229
192349
192426
192592
192651
192716
192765
192784
192870
192872
192945
193137
193137
193380
193389
193551
193575
193643
193756
193802
193826
193916
193939
193945
194037
194527
194663
194759
194910
195063
195135
195584
195642
195723
195807
195936
195958
196095
196280
196301
196478
196833
196838
196905
196941
197033
197164
197215
197221
197254
197462
197833
198069
198089
198151
198311
198331
198444
198467
198523
198571
198735
198752
199224
199246
199495
199569
199732
199845
199917
200037
200108
200109
200114
200281
200692
200801
200898
201254
201260
201283
201363
201430
201629
201669
201682
201696
201752
202002
202057
202067
202443
202468
202506
202618
202650
202884
203048
203066
203317
203352
203493
203522
203526
203754
203767
203815
203839
203857
204059
204072
204206
204213
204300
204474
204506
204544
204636
205075
205098
205197
205311
205655
205847
206203
206221
206235
206497
206664
206752
206869
207113
207128
207373
207421
207455
207547
207671
207707
207792
208124
208125
208199
208262
208267
208613
208671
208779
209189
209253
209330
209390
209474
209736
209782
209799
209804
210136
210149
210190
210285
210324
210329
210351
210400
210793
210795
210883
210939
211108
211159
211180
211279
211280
211419
211918
211932
211959
211996
212007
212069
212131
212144
212199
212260
212291
212565
212596
212705
212776
212818
212847
212858
212859
212955
213156
213159
213403
213432
213438
213469
213691
213865
213954
213993
214000
214154
214444
214455
214485
214721
214846
215120
215192
215193
215230
215235
215261
215475
215552
215725
215951
215977
216268
216324
216451
216515
216534
216727
216786
216941
216975
217038
217092
217428
217548
217599
217610
217790
217876
217893
218146
218748
218775
218854
219202
219206
219355
219445
219511
219641
219995
220253
220600
220818
221044
221187
221289
221321
221621
221765
221897
222222
222326
222368
222420
222435
222817
222863
222991
223122
223237
223332
223341
223401
223466
223750
223764
223850
224027
224162
224288
224348
224362
224536
225216
225366
225504
225724
225865
225895
225915
226279
226425
226492
226507
226788
226833
227156
227162
227228
227234
227269
227285
227285
227297
227323
227344
227366
227409
227530
227559
227647
227702
227733
227743
228008
228606
228661
228705
228741
228792
228900
228914
228928
229368
229553
229693
229693
229965
230179
230193
230488
230812
231132
231309
231715
231803
231910
232332
232482
232647
232814
232984
233346
233553
233748
234003
234109
234149
234204
234209
234256
234628
234669
234703
235306
235336
235562
235619
235653
235778
235892
235912
235914
236016
236045
236145
236450
236689
236949
237026
237118
237249
237477
237674
237985
238358
238741
239009
239112
239363
239366
239426
239447
239515
239656
239908
239933
239997
239998
240090
240110
240441
240501
240548
240550
240602
240677
240704
240721
240907
240960
241064
241106
241177
241210
241711
241739
241740
241768
241826
241928
241937
242004
242098
242195
242237
242238
242243
242256
242280
242357
242454
242701
242738
242798
243057
243387
243481
243481
243668
243833
243935
244186
244217
244219
244356
244620
244623
244851
244906
245091
245255
245305
245436
245786
245838
246415
246435
246613
246787
247217
247473
247567
247591
247772
247777
247816
247953
248541
248596
248687
249013
249059
249210
249259
249289
249330
249676
249776
249877
250083
250214
250327
250478
250609
250794
250803
250840
251024
251077
251708
251786
252114
252152
252286
252288
252579
253241
253444
253587
253848
254230
254748
254994
255626
255835
256021
256233
256274
256287
256365
256409
256699
256906
256917
257013
257272
257293
258106
258267
258398
258490
258523
258564
258777
259050
259125
259436
259594
259639
259802
259882
259913
259968
260049
260277
260300
260376
260867
261169
261176
261180
261372
261395
261474
261521
261653
261665
261817
262204
262307
262498
262743
262926
263026
263086
263460
263491
263506
263918
264070
264163
264262
264335
264800
265159
265375
266288
266980
267008
267032
267074
267110
267238
267548
267917
268829
269283
269475
269502
269748
269772
270335
270354
270441
270442
270763
271044
271397
271486
271927
272169
272232
272237
272262
272331
272347
272512
272886
273097
273158
273204
273303
273714
273853
273889
274004
274244
274498
274919
274960
275022
275361
275427
275840
276250
276456
276464
276603
276697
276923
277632
277712
277901
278383
278552
278832
279121
279458
280079
280222
280244
280631
280852
280868
281290
281551
282072
282198
282487
282625
282946
282983
284326
284572
284683
284934
284968
285175
285221
285236
285832
286202
286505
286896
286928
287152
287634
288597
288796
288874
288902
289055
289583
290754
291273
291792
291898
291916
292128
292252
292308
292619
292814
293248
293379
293675
293695
293715
293846
294418
294679
294796
295038
295196
295326
295507
295522
295862
295991
296424
296514
296889
296970
297276
297684
298122
298135
298730
298822
298847
299044
299257
299475
299837
299882
299937
300183
300192
300439
301730
301801
301808
301867
302068
302884
303066
303220
305598
305664
305947
306287
306359
306441
306851
307649
307752
308332
308538
308663
308805
308892
309518
309553
309823
310749
311565
311814
312228
312819
313026
313856
314078
314284
314533
315130
315410
315467
315580
315659
315718
316027
316675
316689
316697
316781
317111
317405
317708
318015
318521
318603
319329
320220
320282
320942
321136
321210
321375
321502
322244
322565
322636
323790
323947
323991
324011
324064
325121
325464
326448
327055
327709
327954
328189
328723
328785
328840
329193
329656
329827
330115
330134
330516
330527
330773
332094
332257
332518
332656
332783
332983
333016
333066
333468
333748
333983
334018
334340
334539
334820
335245
336675
337080
337851
338428
338600
340408
340893
341282
341788
341988
342025
342176
342384
343634
343914
344087
344456
344598
344744
344855
345435
345696
346452
347719
348151
348453
348580
348994
349613
350200
351274
351465
351495
352112
352201
353358
353490
353699
354415
354520
354926
355233
355292
355771
356197
356365
358743
359025
359331
359740
359970
360019
361231
361272
361678
361959
362302
363462
363808
364410
364803
365438
365670
365804
365915
366542
367581
369540
369555
369602
370373
370730
373740
374328
376986
377204
378432
378605
378606
379165
379490
379807
380598
381558
382270
383608
384752
384798
385425
389365
390771
392524
392879
394161
396812
397415
398493
399065
399309
399771
400063
401569
403852
404408
404444
405302
405960
408221
411489
412663
413245
413747
415385
416888
416978
418185
421802
422596
425355
425626
427198
427272
427405
430281
431196
431989
432983
434390
435071
435331
437015
437892
438901
439358
441237
442054
443334
444731
446044
447667
449687
452656
458263
459162
459944
460452
468495
469840
469955
470752
470808
471589
476416
476946
480296
490124
490601
494764
495244
498116
500957
504703
508264
508791
514735
526466
528243
531177
539481
539708
549102
550466
556179
611076
661623
