0
0
867
1003
1916
2265
2322
2394
3918
4080
4419
4672
5419
6072
6949
8004
8125
9299
9517
11636
11769
13589
14343
15401
15559
15597
16265
17079
19377
19465
21272
21678
21793
22456
22680
22680
22681
23205
23987
24694
24848
25061
25787
26934
28039
29200
29335
29753
30523
30815
33141
34031
38070
38744
38903
40224
40371
42008
42264
42384
43466
44115
44933
45058
46469
47988
48158
48437
49499
50104
50857
51966
52434
52598
53618
54259
54424
54548
54554
55138
59112
59975
61176
62364
62516
62521
63285
66161
67508
68411
68596
70402
70493
72292
72836
73004
73893
74587
75377
75686
75749
75863
77350
77561
77608
77746
78789
78860
80044
80052
83555
83717
85261
86786
87592
87693
88073
88792
89031
91583
91999
92092
92590
93108
96635
96669
97144
99467
100583
100854
101404
102391
103756
104612
104744
105530
105636
106233
106316
108198
110375
111359
113415
114338
114419
114648
116495
119846
119999
120450
127714
128442
128978
129617
129781
130903
131474
132169
133816
136866
137263
139681
140778
140806
142672
144316
145501
145726
149107
151070
151691
151904
152749
153747
154207
156037
159097
161377
161526
165091
165307
168169
168619
169435
176246
177805
181311
183291
187132
187710
188254
188539
188924
191544
193381
194555
198071
198577
200988
202002
203732
204561
204696
205054
206085
208878
209765
210295
211119
212425
215625
215990
217393
219047
220033
222479
222705
223441
225180
228337
228953
230031
234918
236969
237295
238873
247373
250508
256478
257253
266189
271276
276329
281974
285834
291854
297077
301608
333087
335416
350844
389392
412615
420804
439933
461368
471590
