0
0
112
123
161
215
246
253
257
316
471
499
550
620
704
801
825
936
970
1051
1053
1070
1074
1091
1126
1277
1282
1440
1471
1480
1506
1532
1683
1834
1923
2088
2192
2432
2436
2459
2491
2524
2660
2662
2675
2750
2765
2800
2902
2906
2992
3002
3136
3162
3173
3195
3235
3290
3298
3309
3312
3342
3364
3388
3403
3408
3416
3536
3585
3607
3636
3641
3663
3695
3723
3764
3853
3939
3991
4010
4080
4117
4134
4185
4291
4326
4432
4482
4494
4503
4559
4646
4646
4678
4776
4887
4898
5033
5036
5040
5100
5104
5129
5149
5171
5191
5432
5484
5542
5646
5694
5718
5780
5798
5855
5915
5966
5982
6130
6167
6187
6253
6284
6287
6321
6403
6479
6485
6511
6537
6552
6582
6605
6643
6736
6803
6808
6835
6935
6966
6985
7157
7161
7362
7445
7483
7516
7527
7598
7609
7620
7629
7917
7950
8079
8110
8114
8125
8224
8293
8293
8306
8380
8479
8499
8504
8703
8791
8819
8829
8853
8961
8962
9029
9048
9097
9185
9220
9236
9302
9394
9397
9444
9510
9522
9661
9685
9687
9829
9876
9902
9986
10040
10070
10133
10166
10451
10495
10624
10679
10702
10729
10762
10777
10788
10885
10916
11026
11044
11176
11178
11228
11330
11395
11409
11523
11576
11651
11699
11729
11741
11849
11875
11939
12001
12066
12115
12135
12152
12166
12168
12208
12370
12446
12462
12574
12711
12809
12811
12814
12911
12921
12937
13000
13071
13100
13136
13144
13291
13296
13305
13353
13363
13378
13391
13450
13491
13498
13528
13532
13544
13561
13601
13667
13670
13809
13819
13875
13885
13920
13936
13953
14093
14139
14150
14317
14317
14477
14503
14529
14584
14613
14634
14733
14754
14757
14757
14762
14910
14927
14950
15033
15091
15190
15198
15199
15200
15240
15267
15294
15325
15473
15535
15593
15812
15874
15878
15996
16176
16266
16346
16382
16401
16438
16568
16606
16738
16806
16816
16825
17072
17119
17135
17172
17245
17568
17609
17631
17702
17732
17753
17789
17798
17811
17878
17879
17939
17974
18008
18188
18335
18361
18366
18371
18560
18592
18645
18668
18672
18682
18768
18785
18880
18882
18892
18905
18962
19044
19071
19173
19175
19244
19249
19267
19312
19394
19410
19455
19474
19526
19631
19632
19647
19726
19726
19743
19755
19787
19801
20034
20035
20053
20129
20135
20207
20226
20229
20283
20304
20312
20339
20376
20593
20603
20635
20670
20762
20781
20830
20924
20990
21083
21125
21181
21196
21207
21304
21333
21347
21367
21374
21502
21568
21580
21597
21625
21649
21669
21709
21731
21764
21823
21835
21889
21905
21925
22056
22108
22113
22131
22291
22337
22353
22439
22525
22535
22610
22612
22629
22729
22746
22748
22773
22820
22938
22971
23050
23126
23170
23187
23211
23214
23216
23313
23323
23368
23392
23424
23486
23660
23666
23729
23750
23797
23986
24002
24032
24049
24120
24125
24157
24196
24286
24308
24339
24348
24388
24654
24663
24710
24821
24871
24924
25006
25206
25286
25368
25689
25742
25830
25886
26071
26093
26225
26265
26275
26328
26339
26416
26419
26471
26494
26692
26742
26747
27033
27092
27133
27169
27217
27235
27243
27403
27412
27513
27538
27550
27551
27587
27601
27669
27878
28015
28051
28119
28130
28163
28190
28235
28348
28522
28531
28566
28658
28711
28719
28725
28861
28986
29090
29118
29170
29200
29219
29223
29283
29327
29330
29333
29366
29561
29607
29647
29794
29902
29915
29919
29931
30033
30162
30182
30251
30262
30275
30289
30300
30326
30385
30437
30457
30673
30748
30791
30871
30901
30924
30937
31084
31249
31256
31268
31402
31523
31580
31637
31698
31760
31919
31929
31990
31993
32031
32054
32065
32077
32189
32267
32317
32449
32484
32723
32791
32802
32809
32855
32981
33020
33023
33075
33148
33216
33279
33314
33348
33373
33396
33402
33452
33554
33565
33579
33704
33721
33725
33772
33832
33945
33945
34144
34156
34196
34317
34376
34412
34421
34428
34482
34496
34537
34595
34690
34736
34792
34899
34911
34918
34976
35005
35123
35136
35242
35264
35265
35336
35341
35370
35440
35459
35521
35623
35676
35701
35755
35758
35916
36005
36042
36100
36145
36196
36296
36594
36601
36609
36689
36723
36735
36738
36745
36851
36857
36876
36900
36981
37071
37099
37135
37155
37226
37232
37252
37333
37338
37471
37479
37580
37603
37630
37712
37737
37765
37772
37784
37796
37803
37832
37893
37902
37942
37976
38047
38243
38337
38431
38496
38538
38566
38574
38587
38607
38755
38772
38864
39036
39079
39146
39180
39258
39308
39315
39324
39331
39349
39398
39425
39510
39611
39689
39785
39945
39978
40002
40036
40115
40135
40138
40171
40272
40319
40419
40430
40480
40522
40523
40605
40690
40738
40870
40916
40920
40942
40977
41065
41073
41137
41151
41155
41165
41264
41265
41297
41388
41416
41451
41462
41519
41543
41571
41661
41843
41866
42131
42221
42228
42291
42356
42381
42397
42461
42477
42490
42613
42675
42751
42826
42867
42882
42978
43002
43093
43118
43145
43205
43225
43227
43259
43325
43361
43396
43417
43456
43789
43830
43848
43899
43951
43980
43983
43988
43994
44002
44039
44174
44398
44616
44734
44770
44801
45089
45150
45184
45259
45279
45281
45356
45450
45496
45570
45585
45587
45600
45614
45746
45963
45969
46061
46073
46156
46316
46383
46404
46423
46451
46490
46493
46502
46570
46621
46626
46636
46636
46693
46697
46792
46868
47161
47234
47246
47255
47337
47475
47511
47535
47562
47609
47635
47656
47670
47786
47962
48001
48066
48148
48153
48157
48286
48305
48362
48395
48434
48435
48446
48543
48851
48887
49033
49100
49188
49191
49234
49249
49274
49493
49533
49703
49729
49851
49935
49944
50023
50120
50125
50139
50153
50201
50207
50297
50433
50564
50579
50619
50623
50624
50670
50713
50736
50767
50773
50794
50827
50856
50915
51044
51057
51152
51169
51494
51501
51555
51646
51742
51778
51851
51880
51952
52040
52149
52158
52256
52323
52372
52376
52395
52400
52457
52486
52576
52617
52630
52706
52756
52825
52830
52838
52850
52854
52859
52888
52948
52950
53152
53153
53171
53231
53283
53347
53389
53389
53411
53443
53530
53551
53655
53771
53823
53950
53958
54031
54046
54097
54137
54180
54246
54279
54339
54367
54415
54530
54560
54689
54715
54818
54962
54963
54973
54993
55009
55024
55036
55068
55069
55123
55247
55270
55304
55394
55501
55506
55517
55549
55558
55614
55624
55624
55714
55753
55892
55895
55944
56086
56178
56267
56270
56298
56529
56581
56599
56662
56762
56975
56995
56997
57015
57039
57076
57376
57397
57398
57420
57438
57476
57499
57528
57659
57698
57750
57802
57832
57846
57956
57970
57972
58178
58321
58331
58350
58356
58481
58484
58628
58745
58771
58796
58872
59086
59123
59159
59172
59281
59308
59420
59590
59596
59606
59740
59926
59959
60054
60171
60233
60366
60452
60504
60523
60540
60577
60606
60624
60646
60648
60862
60976
61009
61010
61167
61279
61367
61619
61696
61848
61857
61867
61981
62018
62084
62157
62246
62314
62401
62402
62454
62465
62473
62662
62714
62720
62738
62810
62935
62945
62960
63151
63272
63292
63347
63448
63476
63497
63535
63591
63788
63965
64002
64129
64192
64245
64355
64443
64457
64474
64477
64545
64564
64585
64606
64643
64681
64770
64835
64867
64871
64960
64977
65022
65050
65169
65221
65226
65251
65280
65282
65364
65484
65524
65531
65588
65603
65802
65847
65853
65947
65990
66158
66211
66219
66277
66442
66465
66675
66689
66690
66702
66743
66765
66830
66833
66842
66874
67043
67067
67209
67217
67295
67354
67383
67465
67468
67518
67528
67608
67632
67679
67686
67778
68020
68044
68115
68136
68376
68381
68449
68476
68479
68604
68606
68670
68678
68679
68725
68805
68879
68940
69068
69076
69079
69227
69237
69598
69662
69788
69798
69917
70035
70044
70287
70305
70343
70526
70584
70619
70797
70861
70888
70928
70956
70995
71050
71193
71215
71356
71497
71635
71679
71731
71803
71876
71887
71896
72032
72199
72214
72233
72302
72334
72375
72480
72551
72597
72598
72616
72627
72636
72787
72844
72929
73083
73169
73206
73213
73216
73224
73320
73330
73381
73441
73504
73570
73617
73666
73702
73779
73834
73837
73896
73959
74085
74158
74169
74283
74295
74334
74335
74340
74362
74449
74507
74618
74661
74680
74707
74750
74755
74770
74821
74889
74919
74987
75162
75271
75291
75306
75363
75600
75622
75874
75879
75913
75980
76081
76099
76111
76131
76304
76324
76357
76369
76520
76536
76635
76658
76681
76786
76898
76903
76921
77043
77058
77066
77124
77135
77147
77148
77152
77165
77243
77254
77259
77357
77366
77406
77655
77742
77754
77961
77962
78029
78201
78233
78336
78356
78356
78361
78371
78384
78421
78429
78472
78694
78711
78718
78780
78809
78906
79211
79255
79373
79395
79400
79463
79464
79581
79617
79641
79672
79792
79822
79924
80017
80035
80041
80051
80186
80276
80320
80559
80561
80570
80572
80604
80631
80734
80734
80921
81109
81239
81534
81539
81731
81947
82082
82175
82246
82367
82430
82516
82635
82715
82740
82756
82762
83161
83177
83280
83324
83332
83468
83573
83583
83637
83705
83753
83765
83911
83937
84257
84307
84741
84883
84943
84996
85129
85174
85188
85191
85205
85228
85240
85399
85470
85522
85528
85617
85729
85753
85839
86054
86070
86116
86190
86292
86316
86403
86511
86512
86642
86762
86773
86876
86935
86936
86982
87048
87057
87110
87207
87445
87578
87710
87732
87769
87813
87834
87888
87948
87986
88043
88045
88049
88173
88185
88255
88505
88507
88684
88801
88836
88902
88958
88966
89075
89096
89142
89199
89219
89226
89286
89345
89378
89445
89482
89552
89751
89759
89805
89865
90021
90048
90110
90196
90220
90274
90277
90363
90413
90442
90496
90524
90557
90628
90962
91024
91063
91326
91472
91498
91556
91568
91588
91688
91872
91930
92020
92098
92135
92309
92500
92551
92574
92594
92600
92641
92710
92937
93043
93117
93127
93149
93163
93171
93206
93249
93410
93422
93425
93436
93449
93466
93477
93598
93626
93662
93807
93907
93945
93962
93962
93969
94155
94189
94251
94295
94377
94473
94567
94578
94582
94642
94666
94714
94720
94759
94808
94818
94884
94905
94909
94990
95049
95103
95108
95161
95198
95311
95312
95357
95468
95695
95830
96393
96477
96512
96614
96814
96853
96856
96883
96887
96955
96987
97004
97094
97158
97274
97424
97440
97629
97676
97767
97894
97899
98102
98190
98237
98304
98337
98352
98369
98416
98481
98636
98672
98673
98701
98952
99082
99108
99206
99245
99468
99506
99592
99602
99683
99705
99923
100082
100159
100186
100188
100341
100610
100612
100761
100827
100850
100881
100885
100899
101085
101170
101228
101254
101339
101567
101691
101745
101916
101952
102062
102083
102111
102174
102202
102276
102310
102317
102331
102543
102591
102614
102755
102793
102840
102908
102922
103137
103354
103383
103492
103497
103521
103541
103584
103627
103689
103731
103786
103789
103828
104246
104259
104280
104282
104301
104409
104478
104568
104577
104613
104628
104643
104659
104715
104752
104794
104861
104868
104877
104966
105191
105193
105287
105344
105430
105455
105464
105490
105491
105530
105581
105604
105653
105655
105669
105840
105872
105999
106054
106298
106306
106706
106710
106792
106838
106841
106879
107059
107099
107193
107246
107251
107264
107282
107444
107524
107873
107991
108032
108107
108149
108153
108220
108309
108309
108349
108370
108376
108382
108438
108456
108495
108663
108711
108801
108837
108839
108871
108920
108941
109389
109430
109582
109769
109806
109824
109839
109846
109848
109905
109967
110022
110066
110350
110361
110480
110491
110510
110555
110559
110627
110704
110785
110892
110898
110983
111023
111042
111121
111147
111192
111266
111435
111490
111616
111629
111807
111860
111951
111978
112021
112029
112066
112079
112166
112244
112324
112388
112404
112435
112741
112744
112923
113091
113288
113288
113352
113460
113596
113628
113772
113817
113980
113999
114137
114190
114205
114245
114259
114314
114431
114432
114456
114593
114687
114821
114868
114975
115206
115220
115243
115350
115409
115413
115417
115499
115511
115735
115846
116075
116280
116299
116332
116565
116692
116817
116935
116940
116949
117005
117020
117085
117149
117214
117252
117274
117446
117470
117489
117574
117693
117701
117778
117801
117910
118133
118141
118148
118185
118211
118225
118227
118237
118293
118328
118460
118546
118660
119089
119655
119723
119840
119845
119875
119923
120160
120412
120504
120563
120569
120573
120719
120731
120886
120914
121107
121158
121172
121305
121340
121488
121569
121653
121755
121761
121775
121780
121827
121847
121916
121988
122003
122048
122417
122466
122482
122495
122550
122565
122697
122740
122822
122903
122988
123062
123103
123115
123118
123294
123346
123417
123484
123517
123562
123591
123646
123795
123856
123918
124108
124126
124331
124375
124528
124865
124927
125111
125330
125377
125386
125398
125400
125450
125606
126078
126269
126325
126458
126628
126756
126854
127011
127150
127339
127361
127397
127482
127486
127502
127535
127577
127640
127716
127727
127728
127809
127814
127814
128258
128290
128321
128418
128491
128518
128606
128681
128817
128835
128868
128927
128949
128954
129041
129130
129158
129159
129322
129329
129353
129396
129555
129592
129721
129789
129814
129845
130076
130207
130326
130350
130510
130535
130634
130662
130805
130991
131018
131138
131143
131241
131253
131260
131293
131424
131465
131574
131615
131647
131656
131677
131741
132191
132208
132250
132272
132338
132423
132424
132492
132736
132747
132764
132854
132912
132915
132977
133090
133128
133138
133262
133341
133477
133488
133592
133760
133809
133834
134055
134113
134183
134274
134367
134408
134501
134873
134884
135383
135445
135471
135519
135523
135553
135625
135731
135829
135967
135972
136018
136175
136357
136382
136715
136721
136756
136789
136844
136862
136874
137004
137142
137299
137352
137663
137792
137908
137990
138144
138199
138266
138293
138324
138653
138794
138877
138964
139086
139174
139466
139646
139658
139732
139788
139799
139878
139901
140013
140156
140196
140830
140925
140940
140958
141036
141086
141227
141230
141329
141360
141395
141507
141514
141539
141592
141631
141643
141692
141713
141718
141763
141790
142136
142156
142189
142232
142253
142292
142343
142364
142462
142563
142638
142692
142836
142904
143072
143109
143131
143267
143276
143397
143519
143751
143846
143916
144208
144215
144248
144714
145000
145053
145117
145148
145424
145449
145494
145596
145628
146056
146147
146209
146353
146374
146437
147004
147013
147161
147181
147196
147384
147423
147510
147567
147606
147853
147872
147901
147944
147970
148249
148480
148860
148938
149131
149468
149479
149582
149789
150029
150033
150047
150065
150086
150114
150125
150135
150205
150249
150260
150269
150286
150292
150449
150511
150574
150589
150597
150667
150706
150786
150838
150871
150937
151055
151129
151170
151270
151295
151377
151535
151552
151853
152176
152176
152374
152435
152586
152705
152899
153078
153081
153165
153218
153224
153476
153604
153657
153768
153851
153997
154070
154354
154919
155012
155243
155268
155339
155425
155470
155655
155726
155851
155877
155883
155974
156122
156149
156247
156254
156268
156441
156442
156675
156775
156832
156849
156931
156947
156959
157296
157333
157366
157401
157423
157539
157653
157658
157667
157859
157890
157932
157974
157981
158020
158176
158283
158380
158427
158712
158755
158770
159100
159615
159705
159778
159809
159980
160365
160670
160785
160816
160999
161033
161054
161084
161091
161202
161292
161308
161310
161727
161763
161793
161834
161834
161865
161955
161987
162005
162065
162126
162134
162255
162256
162256
162327
162335
162544
162600
162795
162872
163143
163232
163356
163462
163686
164004
164204
164214
164356
164387
164449
164605
164628
164652
164724
164836
164855
164980
165002
165050
165189
165219
165265
165356
165457
165752
165768
165850
165867
165882
166157
166197
166483
166570
166786
166798
167093
167142
167154
167224
167321
167412
167414
167816
167841
167882
167883
168054
168080
168327
168558
168661
168960
168977
169117
169170
169326
169491
169502
169534
169689
169774
169846
169858
169862
170118
170125
170183
170276
170296
170463
170485
170511
170609
170755
170796
170800
170812
170861
170923
170942
170948
170980
171138
171352
171440
171554
171599
171850
171916
172019
172251
172309
172345
172639
172647
172839
173035
173074
173080
173449
173518
173669
173866
173952
173962
174072
174373
174395
174885
174955
175058
175121
175452
175622
176021
176104
176185
176321
176424
176475
176506
176549
176557
176645
176833
176918
176922
176959
177103
177307
177361
177512
178013
178018
178050
178136
178157
178178
178406
178752
179205
179228
179486
179603
179626
179833
179872
179958
179970
180315
180484
180746
180776
180843
180931
180956
181108
181122
181237
181277
181393
181414
181418
181446
181562
181597
182291
182304
182385
182554
182562
182712
182788
182853
182881
183019
183128
183506
183847
183982
184045
184210
184246
184257
184315
184588
184634
184783
184866
184917
184961
185055
185150
185165
185430
185605
185707
185895
185904
186133
186884
186929
186986
187147
187182
187184
187247
187371
187372
187399
187576
187737
187764
187844
188140
188153
188224
188225
188251
188254
188328
188387
188886
189043
189161
189188
189327
189859
189986
190378
190442
190579
190642
190652
190744
190768
190989
191141
191380
191471
191605
191630
191677
191782
191858
191884
191977
192082
192270
192302
192493
192669
192691
192701
192818
192845
193036
193042
193071
193147
193374
193458
193481
193552
193667
193812
194081
194264
194287
194705
195126
195427
195583
195680
195806
196039
196073
196389
196449
196622
196629
196702
196731
196850
196884
196912
196965
197074
197183
197229
197577
197690
197803
197992
198124
198202
198314
198407
198467
198494
198611
198831
198855
199119
199771
199851
200025
200041
200273
200317
200319
200356
200437
200466
200704
200773
200789
200924
201104
201126
201379
201525
201649
201728
201937
202012
202025
202103
202368
202593
202885
202953
202974
203103
203235
203311
203323
203615
203675
203830
204048
204314
204329
204448
204457
204734
204752
204765
205102
205294
205402
205579
205787
205862
206281
206443
206508
206561
206770
206784
206790
206951
207070
207198
207213
207370
207370
207453
207491
208662
208891
209065
209137
209242
209730
210008
210071
210219
210338
210753
210771
211288
211471
211563
211603
211760
211812
212104
212236
212345
212397
212637
212728
212771
212894
212926
212939
213467
213468
213549
213581
213707
213732
213756
213910
213914
213931
213981
214105
214716
214752
214870
215108
215124
215144
215168
215189
215295
215691
215993
216011
216172
216400
216648
216695
216877
216954
217160
217235
217277
217311
217408
217737
217917
218003
218328
218472
218600
218738
218814
218915
218971
218974
219264
219730
219753
220087
220089
220126
220665
220673
220743
220897
220901
220980
221016
221131
221203
221634
222090
222211
222410
222468
222695
223258
223263
223563
223591
223828
223886
224073
224168
224454
224582
224839
224889
225402
225562
225658
225810
225863
226058
226102
226404
226518
226612
226662
226794
226823
226823
226875
226898
227391
227837
228180
228408
228477
228623
228667
229030
229550
229589
229614
229728
230099
230131
230151
230253
230421
230532
230725
230779
230812
230841
231166
231218
231243
231259
231425
231949
232082
232193
232240
232251
232304
232511
232533
232985
233102
233129
233353
233441
233646
233655
233954
234076
234251
234264
234491
235044
235138
235286
235321
235370
235423
235843
235865
236139
236225
236442
236740
236757
237027
237221
237256
237291
237422
237626
237787
237907
237934
238013
238219
238467
238535
238729
239792
239810
240005
240404
240548
240951
241938
242211
242418
243360
243967
244288
244522
244647
244799
244837
245090
245474
246362
246401
246420
246597
246707
246738
246799
246812
246953
246981
247504
247762
247765
247951
248420
248883
248920
249097
249162
249599
249784
249816
249859
249978
250003
250263
250304
250341
250471
250601
250616
251636
251741
252248
252358
252503
252824
252919
253418
253919
254009
254218
254250
254269
254836
254971
255022
255450
256332
256707
256786
257104
257270
257414
257897
259019
259237
259284
259374
259609
259674
259689
260281
260570
260615
260774
261194
261239
261309
261419
261545
261727
261939
262029
262114
262155
262455
262949
262989
263326
263546
263884
264043
264323
264885
264893
264998
265509
265537
265604
265838
266059
266243
267380
267461
267484
267835
267928
268052
268200
268242
268363
269121
269184
269386
269432
270106
270516
270569
271066
271975
272430
272529
272645
272881
272970
273079
273434
273525
273748
273781
273988
273991
274666
275169
275431
275477
276287
276298
276466
276724
276915
276968
277046
277420
277483
277483
277755
277875
278108
278212
278484
279407
279488
279799
279849
280020
280334
280813
281006
281089
281353
282134
283483
283520
283611
283909
284166
284179
284395
285279
285501
286043
286214
286405
286742
286870
287141
287323
287354
287529
287681
289118
289134
289227
289808
289925
290041
290114
290145
290242
290462
290468
291385
292877
292885
293419
293517
293774
294058
294400
294484
294913
295605
295711
295836
296096
296474
296664
296728
298166
298169
299029
299171
299674
300240
300284
301470
302889
303203
303213
303362
303433
303612
304832
305240
305541
305608
305657
305692
306238
307224
307249
307452
307563
308264
308544
309123
309165
309914
310011
310326
310447
310645
310999
311326
311701
312070
312516
313134
313587
313700
313985
315346
316122
316648
316844
317014
317285
317588
318614
318663
319197
319588
319920
320256
320349
320513
320771
321427
321580
321700
321825
322463
323643
324788
324964
325043
325819
326063
326310
327603
328106
328665
328993
329398
330206
330672
331574
332394
332497
333316
333904
334295
334946
335291
336185
336303
336855
337744
339333
339803
340666
341088
341274
341791
342535
343605
343655
343992
345626
346234
346628
347274
347506
348691
349205
350371
352758
352817
355489
356131
357528
359799
360518
360806
360875
361257
361271
362342
364543
365180
365354
365547
365946
366495
366792
368429
370318
371132
371260
371423
374024
374191
375600
375838
376791
377196
377602
378566
378726
378941
380388
381069
381171
382246
382655
382761
383476
383797
384095
384663
385040
385045
385512
385952
386457
386617
387022
390613
390758
391174
392154
394349
394847
395933
397546
397722
398236
398714
398798
399099
399836
401643
403520
405030
409047
409967
410190
410863
411800
411867
411967
412041
413762
416986
418083
418685
422352
422878
423386
423721
424116
424475
424790
428617
431685
434635
438881
441193
448454
449136
450253
450324
450481
450816
452184
452611
453404
454551
454691
455197
463640
465123
467098
467584
470262
472117
472772
474580
477021
478536
479591
479952
493598
493905
494118
497475
499210
501318
505746
507334
510937
521437
526925
530087
540192
542582
544508
547741
554541
580080
591256
621175
