0
0
105
139
198
247
258
306
310
315
334
444
515
597
604
626
661
677
776
780
786
788
820
838
867
902
966
1000
1105
1167
1186
1191
1252
1309
1357
1432
1505
1590
1652
1706
1717
1731
1738
1766
1819
1885
1990
2032
2041
2074
2115
2232
2286
2316
2670
2671
2671
2808
2912
3029
3109
3118
3169
3197
3321
3387
3394
3491
3500
3511
3629
3726
3820
3869
3880
3919
3931
4019
4034
4056
4058
4070
4112
4182
4243
4281
4342
4348
4354
4381
4399
4441
4597
4603
4664
4680
4732
4737
4759
4814
4856
4893
4925
4949
4998
5006
5123
5132
5157
5182
5330
5352
5357
5504
5639
5682
5795
5916
5920
5938
6010
6015
6223
6226
6305
6357
6462
6538
6614
6632
6693
6716
6721
6895
6901
7105
7123
7225
7229
7236
7357
7423
7506
7538
7777
7888
7931
7970
8029
8102
8200
8210
8269
8314
8421
8458
8534
8571
8594
8786
8903
8924
8972
8996
9071
9108
9167
9169
9176
9320
9353
9377
9383
9446
9452
9461
9487
9549
9581
9631
9874
10093
10110
10262
10325
10358
10609
10632
10808
10821
10837
10944
10966
11022
11396
11524
11528
11560
11651
11656
11710
11761
11889
11949
11952
11962
12011
12129
12148
12185
12199
12216
12243
12250
12331
12362
12380
12385
12425
12446
12548
12597
12597
12635
12683
12785
12836
12867
12893
12915
12943
12970
13030
13097
13111
13113
13117
13208
13211
13221
13413
13453
13462
13482
13551
13556
13587
13624
13631
13720
13744
13820
13907
13917
13947
13973
13984
14125
14146
14285
14299
14348
14370
14410
14420
14461
14607
14624
14629
14669
14869
14881
14884
14888
14889
14892
14968
15004
15130
15282
15339
15447
15629
15693
15712
15740
15787
16015
16030
16283
16307
16359
16449
16549
16609
16615
16620
16626
16633
16698
16710
16757
16769
16964
17038
17222
17275
17302
17600
17629
17640
17676
17702
17832
17847
17883
17905
17928
18021
18107
18116
18176
18177
18267
18280
18293
18310
18335
18347
18383
18398
18446
18470
18489
18501
18561
18660
18675
18804
18868
18903
19138
19257
19281
19284
19346
19444
19475
19575
19661
19759
19769
19819
19843
19943
19974
20012
20028
20253
20521
20533
20570
20619
20672
20679
20902
20913
20921
21085
21112
21219
21237
21287
21292
21336
21446
21459
21560
21864
21996
22015
22045
22058
22068
22073
22139
22272
22443
22450
22756
22857
22860
22865
22985
23173
23253
23354
23381
23384
23448
23533
23553
23565
23572
23588
23590
23601
23689
23732
23849
23885
23888
23935
23963
24103
24184
24292
24297
24327
24361
24368
24376
24447
24450
24493
24604
24657
24679
24712
24816
24916
24931
25273
25395
25451
25476
25486
25502
25588
25611
25653
25685
25699
25760
25783
25880
26001
26067
26138
26148
26177
26214
26240
26293
26332
26360
26368
26478
26480
26555
26606
26673
26686
26700
26707
26728
26730
26733
26805
27015
27104
27109
27223
27270
27432
27512
27570
27613
27659
27665
27666
27758
27907
27947
27978
28137
28221
28283
28397
28477
28514
28528
28548
28595
28689
28777
28787
28846
28850
28877
29081
29090
29120
29131
29221
29222
29258
29336
29647
29728
29854
29889
29977
29994
30060
30196
30207
30238
30332
30564
30686
30687
30760
30781
30822
30879
30901
30903
30906
30948
30993
31005
31088
31117
31180
31183
31219
31248
31358
31402
31418
31555
31710
31733
31865
31882
31920
32025
32061
32074
32097
32177
32215
32262
32310
32343
32353
32433
32535
32535
32544
32545
32796
32929
32943
33008
33167
33182
33311
33322
33330
33337
33531
33573
33591
33685
33703
33707
33850
33866
33928
33950
33988
33998
34016
34027
34093
34100
34142
34206
34321
34352
34366
34425
34473
34486
34495
34545
34857
34978
35029
35068
35120
35135
35189
35286
35319
35370
35422
35463
35487
35640
35669
35679
35783
35810
35844
35852
35866
35946
36084
36096
36137
36169
36175
36207
36233
36234
36283
36346
36391
36480
36532
36551
36569
36620
36689
36761
36762
36777
36787
36802
36822
36874
37159
37220
37310
37431
37447
37461
37480
37506
37676
37711
37723
37751
37852
37875
37879
37925
38194
38202
38266
38316
38439
38447
38648
38680
38682
38742
38764
38767
38839
38853
38864
39087
39087
39171
39221
39224
39317
39354
39465
39473
39522
39545
39552
39582
39633
39794
39815
39830
39832
39855
39910
39965
40035
40052
40077
40119
40241
40323
40386
40486
40621
40661
40705
40751
40757
40894
41045
41468
41477
41498
41510
41580
41672
41711
41734
41914
41979
42095
42112
42150
42153
42230
42266
42313
42348
42629
42726
42767
42850
42881
42916
42944
42948
43041
43058
43119
43136
43462
43475
43579
43587
43764
43979
44049
44060
44073
44108
44139
44149
44152
44161
44234
44397
44564
44620
44672
44696
44732
44880
45008
45098
45219
45315
45419
45477
45486
45551
45558
45560
45561
45627
45633
45652
45680
45682
45717
45727
45801
45826
45860
45909
45912
45915
46244
46245
46278
46414
46475
46487
46502
46526
46550
46574
46609
46742
46748
46772
46786
46842
46850
46907
46939
47062
47125
47135
47185
47193
47251
47330
47487
47557
47862
47973
48130
48183
48444
48506
48654
48728
48740
48803
48909
48932
48950
48966
49013
49022
49067
49119
49152
49231
49234
49264
49268
49276
49297
49364
49543
49581
49592
49771
49855
49925
49968
50025
50055
50071
50180
50227
50259
50373
50453
50498
50512
50544
50873
50880
50951
51127
51195
51326
51451
51460
51462
51474
51482
51573
51655
51691
51745
51846
51857
51931
51983
51989
52070
52079
52185
52285
52304
52378
52385
52389
52499
52525
52621
52626
52650
52752
52790
52812
52858
52936
52937
52961
52983
52988
53147
53214
53217
53331
53353
53389
53394
53418
53577
53597
53599
53728
53753
53774
53828
53834
53883
54069
54110
54343
54456
54493
54543
54544
54549
54690
54690
54721
54727
54817
54833
54869
54897
54925
54949
55007
55092
55115
55139
55314
55496
55527
55534
55569
55580
55902
55964
56145
56221
56258
56605
56661
56679
56745
56772
56808
56833
56855
56911
56917
57065
57091
57153
57168
57185
57207
57209
57239
57254
57266
57323
57340
57343
57373
57390
57393
57404
57425
57558
57699
57763
57810
57822
57980
58024
58208
58236
58506
58633
58672
58925
58938
58962
58994
59133
59209
59224
59250
59282
59293
59449
59495
59519
59532
59577
59683
59753
59794
60017
60075
60125
60271
60282
60373
60425
60539
60558
60674
60750
60843
60844
60882
60939
60964
61098
61103
61106
61340
61404
61485
61552
61783
61815
61869
61951
61986
62013
62014
62084
62102
62162
62190
62200
62338
62352
62360
62452
62481
62564
62576
62697
62724
62726
62844
62868
62869
62949
63031
63038
63054
63062
63175
63415
63422
63547
63650
63781
63953
63972
64001
64042
64124
64179
64276
64313
64345
64383
64425
64500
64525
64621
64714
65056
65094
65213
65227
65299
65302
65572
65573
65710
65817
65890
65969
65973
65974
66030
66093
66138
66178
66191
66233
66273
66278
66484
66524
66598
66632
66652
66734
66791
66906
66955
66987
66989
66994
67005
67108
67167
67173
67312
67530
67543
67572
67633
67790
67816
67832
67877
67934
67946
68022
68095
68218
68236
68364
68374
68409
68436
68497
68577
68809
68826
68873
68952
69071
69127
69186
69232
69316
69327
69400
69656
69700
69706
69753
69832
69838
69863
69896
69928
69967
69980
69984
70143
70146
70291
70319
70410
70449
70515
70582
70631
70650
70679
70746
70771
70835
70866
70928
70996
71012
71092
71125
71155
71157
71165
71624
71636
71654
71722
71728
71801
72042
72057
72133
72145
72176
72214
72299
72405
72412
72457
72608
72627
72720
72782
72834
72859
72908
72941
72954
73180
73191
73207
73351
73389
73436
73470
73578
73579
73721
73769
73773
73776
73870
73911
73933
74124
74207
74216
74243
74371
74470
74484
74560
74616
74632
74676
74772
74796
74902
74917
74961
74979
75053
75071
75097
75161
75179
75314
75435
75477
75541
75551
75593
75600
75664
75683
75713
75819
75819
76111
76171
76333
76341
76344
76454
76539
76542
76567
76615
76672
76691
76734
76783
76835
76957
77072
77122
77198
77328
77401
77451
77590
77661
77672
77736
77737
77761
77881
77992
78067
78101
78303
78342
78404
78427
78436
78439
78497
78533
78600
78675
78716
78750
78843
78896
78968
79026
79076
79134
79199
79228
79389
79393
79452
79477
79803
79939
80085
80109
80548
80557
80597
80755
80978
80986
81020
81060
81117
81174
81183
81237
81268
81345
81438
81652
81701
81914
81993
82032
82147
82173
82192
82325
82370
82395
82460
82554
82654
82687
82758
82780
82922
83040
83060
83234
83331
83617
83632
83645
83682
83729
83756
83800
83823
83823
83928
84032
84039
84093
84172
84244
84268
84281
84304
84311
84332
84343
84392
84459
84597
84598
84800
84874
84901
84940
85016
85289
85351
85446
85499
85524
85736
85747
85902
85955
86317
86420
86524
86540
86683
86741
86846
86864
86888
86931
86966
86979
87139
87181
87201
87214
87316
87318
87435
87519
87521
87550
87577
87618
87678
87709
87715
87727
87734
88050
88074
88125
88195
88299
88312
88390
88533
88716
88820
88828
88940
88953
88979
88981
89019
89028
89101
89155
89293
89300
89312
89333
89347
89391
89444
89445
89491
89869
89871
89977
89988
90006
90114
90305
90349
90353
90425
90445
90478
90535
90700
90862
90881
90882
90944
90973
91121
91171
91174
91238
91264
91311
91374
91405
91426
91434
91554
91585
91657
91668
91671
91751
91776
91842
91845
91911
91957
92025
92186
92203
92287
92423
92434
92648
92679
92775
92817
92951
92960
92997
93029
93050
93061
93081
93141
93218
93267
93328
93351
93404
93484
93600
93774
93810
93893
93914
93933
94072
94097
94200
94218
94238
94327
94479
94519
94588
94831
94883
94956
95075
95276
95475
95528
95558
95583
95588
95862
95900
95974
96143
96277
96449
96503
96822
96855
96885
97023
97028
97196
97307
97353
97383
97434
97446
97649
97697
97737
97816
97861
97897
97991
98080
98210
98370
98400
98411
98445
98491
98672
98714
98757
98972
99024
99055
99073
99113
99204
99296
99510
99525
99544
99596
99687
99707
99768
99777
99888
99938
99960
100059
100086
100111
100140
100186
100221
100227
100231
100503
100665
100667
100718
100885
100918
100936
100973
100974
101169
101199
101239
101455
101557
101567
101649
101811
101898
102222
102266
102266
102277
102312
102372
102463
102516
102631
102770
102789
102822
102858
103216
103355
103415
103460
103465
103553
103609
103757
103829
103840
103875
103907
104000
104014
104109
104319
104369
104431
104465
104532
104638
104658
104661
104783
104852
104917
104961
105023
105134
105229
105363
105363
105443
105509
105706
105717
105761
105858
105927
105980
106024
106102
106172
106174
106258
106480
106506
106511
106533
106674
106881
106888
106912
106949
106963
107033
107075
107091
107310
107388
107549
107641
107739
107796
107827
107833
107858
107947
107960
107965
108040
108162
108429
108433
108560
108560
108703
108724
108772
108826
109347
109533
109565
109635
109688
109911
109929
109933
110059
110062
110080
110123
110260
110295
110360
110426
110577
110844
110910
111008
111093
111099
111122
111340
111360
111394
111416
111419
111562
111611
111721
111743
111817
111890
111907
111947
111989
111999
112018
112093
112208
112252
112299
112370
112391
112507
112555
112850
112940
112966
112994
113034
113332
113337
113450
113600
113625
113634
113652
113723
113747
113756
113933
113981
114279
114290
114384
114520
114533
114572
114672
114742
114796
114887
114962
115031
115144
115170
115424
115541
115693
115866
115867
115938
115996
116256
116262
116333
116437
116701
116934
116956
117002
117027
117103
117274
117299
117331
117343
117361
117402
117406
117440
117445
117482
117497
117756
117963
118102
118156
118382
118468
118578
118605
118691
118729
118758
118798
118830
119282
119505
119558
119570
119813
119825
119877
119932
120075
120265
120324
120332
120366
120430
120463
120709
120894
120983
121060
121103
121107
121120
121339
121352
121388
121470
121480
121772
121890
121909
121929
121949
122042
122265
122299
122376
122389
122643
122746
122946
123024
123041
123110
123187
123204
123326
123345
123367
123582
123624
123679
123703
123705
123790
123795
123991
123994
124097
124117
124208
124222
124226
124430
124475
124511
124527
124628
124662
124696
124703
124723
124748
124825
124843
124921
125057
125286
125291
125432
125532
125551
125734
125814
125824
126053
126083
126308
126449
126523
126530
126662
126861
126871
126916
126931
127050
127183
127195
127512
127566
127600
127696
127765
127770
128110
128153
128205
128466
128593
128597
128607
128726
128747
128912
128954
129132
129218
129237
129311
129393
129437
129450
129479
129674
129710
129767
129887
129998
130145
130163
130233
130285
130474
130490
130663
130699
130711
130993
131119
131170
131184
131211
131299
131418
131501
131606
131620
131724
131726
131788
131793
131919
132024
132123
132159
132204
132473
132490
132685
132940
133011
133018
133053
133078
133227
133502
133530
133599
133611
133766
133775
133865
133925
134038
134047
134059
134101
134113
134214
134233
134430
134520
134548
134929
134940
135059
135071
135106
135137
135157
135418
135430
135686
135755
135862
136026
136200
136469
136476
136592
137048
137098
137120
137164
137204
137210
137233
137427
137432
137461
137510
137630
137671
137702
137720
137723
137809
137890
137960
137973
138006
138104
138107
138154
138394
138568
138697
138712
138727
139130
139166
139249
139345
139454
139712
140007
140182
140189
140291
140402
140631
140864
141011
141181
141281
141351
141435
141487
141792
141814
141880
142169
142287
142390
142408
142419
142487
142498
142585
142688
143084
143139
143183
143396
143531
143553
143584
143710
143737
143837
143929
143951
144103
144149
144321
144344
144352
144426
144525
144588
144594
144723
144822
145082
145096
145113
145289
145298
145522
145525
145622
145654
145861
145880
146051
146110
146130
146208
146224
146420
146449
146471
146646
146794
146888
147003
147155
147287
147296
147415
147457
147579
147624
147728
147913
147969
148453
148658
148716
148721
149026
149103
149112
149346
149510
149560
149804
149891
149897
149928
149963
150080
150150
150282
150287
150527
150669
150671
150700
151184
151195
151568
151834
151834
151876
151926
152044
152331
152503
152587
153268
153371
153392
153457
153495
153690
153867
153938
154109
154228
154330
154359
154362
154451
154523
154565
154575
154649
154734
154769
154778
155017
155225
155303
155496
155589
155675
155726
155750
155766
155965
156214
156219
156280
156319
156407
156448
156775
156780
156826
157133
157158
157246
157333
157613
157629
157699
157755
157947
157958
158148
158258
158407
158453
158475
158629
158770
158818
159195
159197
159208
159320
160287
160302
160361
160551
160559
161027
161044
161104
161162
161276
161515
161549
161767
161827
162109
162137
162854
163485
163538
163638
163915
163943
163997
164070
164164
164268
164332
164413
164440
164466
164466
164506
164522
164785
164859
164882
164911
164988
165339
165373
165886
166058
166512
166707
166739
166838
166865
166904
166911
167045
167189
167252
167291
167331
167758
167772
167925
168443
168546
168781
168888
168898
168950
169000
169174
169677
169694
169767
169942
170037
170218
170385
170516
170768
170790
170895
171080
171381
171406
171646
171846
171848
171958
172027
172321
172429
172504
172505
172666
172709
172784
172882
173096
173129
173208
173420
173453
173632
173826
173830
173860
174225
174517
174539
174617
174675
174818
174832
174969
175106
175332
175481
175781
176110
176354
176574
176613
176630
176633
176788
176939
177247
177321
177379
177402
177504
177559
177581
177706
177757
177882
177947
177970
178063
178212
178263
178388
178427
178440
178842
179056
179681
179685
179759
179794
179835
179839
179885
179892
179902
180035
180210
180351
180370
180517
180831
180915
181045
181115
181298
181361
181410
181431
181540
181713
181729
181959
182141
182264
182831
183231
183552
183605
183619
183985
184020
184380
184616
184819
184908
184994
185067
185259
185265
185567
185749
185767
186123
186230
186495
186530
186548
186734
187108
187117
187156
187374
187476
187643
187650
187732
187791
187991
188105
188299
188791
188831
188886
188963
189031
189058
189224
189311
189420
189631
189970
189989
190154
190156
190251
190278
190336
190355
190758
190820
190844
190911
191204
191243
191781
192080
192273
192283
192548
192582
192765
193182
193305
193364
193670
193819
193868
193900
193944
194195
194405
194420
194694
194831
195407
195435
195472
195474
195611
195679
195825
195994
196189
196227
196255
197317
197357
197367
197499
197578
197645
197898
197998
198054
198257
198311
198746
198806
199249
199442
199780
199979
199989
200024
200114
200242
200305
200374
200823
200870
201020
201060
201144
201702
201727
201754
201872
201982
202025
202184
202436
202521
202574
202770
202925
203002
203005
203017
203265
203721
203990
204055
204178
204188
204648
204717
205138
205263
205672
205744
205824
206185
206223
206304
206331
206449
206694
207011
207062
207085
207185
207464
207721
208253
208310
208782
209172
209211
209307
209377
209759
210288
210412
210818
210987
210992
211054
211517
211908
211967
212373
212559
212737
212742
212967
213096
213100
213133
213146
213207
213574
213637
213645
213775
213821
213852
214679
214826
215041
215077
215307
215308
215346
215455
216415
216859
216995
217357
217691
217846
218110
218218
218379
218504
218934
218945
218957
219032
219319
219457
219630
220148
220182
220203
220316
220318
220448
220767
220844
220949
221069
221088
221221
221253
221265
221367
221416
221590
221615
221715
221993
222204
222247
222488
222834
223009
223279
223525
223644
223679
224107
224138
224602
224807
225643
225923
226077
226197
226293
226423
226497
227137
227335
228126
228130
228181
228472
228513
228603
228676
228768
228834
228859
228869
228936
229260
229350
229839
229947
229956
229970
230120
230136
230265
230329
230516
231101
231103
231142
231219
231353
231492
232211
232419
232951
232954
232964
233197
233534
233698
233885
233937
234175
234492
234499
234744
234919
235048
235169
235201
236016
236096
236296
236406
236522
236760
236814
236883
237514
237889
237900
237951
237954
238139
238195
238508
239197
239259
239291
239402
239636
239742
240049
240209
240771
240913
241473
241916
242721
242802
243375
243567
243910
243939
244017
244139
244181
244478
244533
244614
244759
245061
245503
245853
245889
246632
246681
246813
247188
247282
247291
247601
247659
247863
248045
248165
248301
249792
249918
249929
250657
250939
251168
251277
251289
251339
251826
252500
252849
252858
253116
253192
253246
253591
253941
254178
254647
254688
254997
255604
255706
256023
256047
256342
256595
256975
257087
257898
258209
258280
258475
258895
259082
259366
259396
259516
259643
260461
260614
260686
261031
261365
261440
261969
262144
262268
262450
263072
263159
263185
263668
263993
265367
265867
266069
266359
267095
267171
267313
267497
268231
268428
268438
268538
268666
268946
268972
269103
270379
270383
270680
270976
271015
271346
271352
271520
271771
271789
271790
271930
272015
272130
272166
272536
272852
273152
273249
273273
273604
273753
274147
275555
275722
276250
276401
277014
278426
278449
278615
278890
279527
279727
279750
280050
280489
280707
280715
280778
281345
281624
282129
282170
282351
282875
283076
283605
284092
284191
284809
285012
285555
285885
286005
286256
286367
286663
286723
287142
287339
287848
288070
288161
288310
288589
288781
289612
289827
289828
290282
290583
290760
290956
291030
291260
291308
291462
291632
291868
292305
292546
293040
293223
293246
293764
294515
294520
294843
295094
296515
296720
296990
297251
297404
298755
298938
299681
299742
299815
299817
299957
300357
301314
301500
301836
302001
303293
303553
303627
303672
305283
305661
305683
306072
307747
307829
307994
308142
308927
310886
311092
311599
312099
312140
314000
314210
314586
314631
314999
315827
316032
316990
317433
317822
317926
318859
319337
319560
319840
320774
320841
320866
321622
323028
324259
324425
325058
325194
326195
327636
328873
328935
329647
329883
330278
330863
332111
332589
333242
333742
335497
336077
336474
336480
337731
338193
338580
339204
341720
341880
341976
342874
342947
344618
345443
345468
345538
346172
346765
349100
352489
352511
353010
353314
353911
354027
354440
356420
359043
359647
360663
361045
361598
361966
362785
363520
363751
363908
364596
365497
365631
367717
368509
368844
369120
371570
372161
372476
374389
377136
377160
377599
377865
379505
379903
380326
380901
381359
382352
382988
383223
384778
385842
386132
388399
390945
390978
391034
391327
392527
395795
396649
396834
397371
398948
403534
404516
405184
405945
406882
407712
408378
413009
414126
414445
415551
417237
417431
418134
418680
432850
433891
435054
437674
439950
440719
444313
444630
444915
445362
445433
449892
459227
460098
464125
464323
466656
471793
473101
476348
481491
486277
488915
500227
500898
501385
504025
505943
513724
515766
523638
525112
527388
550554
555714
567906
572922
581420
589986
627768
