0
0
24
58
140
158
185
290
363
391
419
458
533
536
909
1097
1196
1205
1285
1501
1532
1538
1540
1596
1735
1764
1789
1877
1897
1929
1982
2068
2169
2172
2266
2308
2337
2355
2360
2434
2512
2530
2629
2770
2860
2868
2896
2904
2937
2991
3067
3085
3134
3191
3361
3492
3649
3649
3667
3748
3797
3817
3850
4082
4139
4199
4335
4494
4534
4582
4765
4792
4958
4996
5041
5070
5207
5251
5396
5427
5509
5672
5700
5773
5807
5904
5978
5988
6177
6206
6213
6402
6423
6574
6608
6646
6772
6820
6866
6882
6897
6949
6996
6999
7181
7247
7383
7413
7425
7470
7474
7670
7767
7785
7850
7913
7952
8059
8094
8139
8192
8199
8212
8340
8343
8481
8506
8506
8592
8689
8731
8771
8824
8935
8981
9053
9151
9222
9334
9386
9388
9514
9543
9552
9602
9656
9736
9821
9887
9995
10095
10305
10546
10581
10599
10610
10707
10733
10801
10981
11001
11088
11125
11153
11282
11329
11341
11387
11409
11516
11532
11579
11839
11855
11855
11936
12181
12203
12323
12431
12528
12608
12620
12674
12741
12764
12788
12950
13007
13052
13387
13703
13761
13788
13794
13843
14062
14072
14117
14201
14223
14333
14411
14447
14463
14521
14599
14715
14772
14881
14985
15015
15021
15066
15208
15289
15300
15317
15344
15349
15422
15594
15603
15655
15825
15855
15924
15936
15969
16026
16082
16263
16627
16722
16739
16781
16819
16980
17004
17034
17065
17066
17227
17388
17614
17650
17870
17902
17957
18043
18107
18155
18236
18298
18375
18398
18517
18816
19029
19055
19080
19087
19099
19220
19402
19484
19562
19717
19732
19776
19911
19951
19965
20070
20094
20098
20171
20228
20260
20283
20469
20477
20513
20531
20543
20550
20577
20582
20771
20903
20903
20987
21005
21128
21357
21402
21477
21553
21588
21645
21657
21728
21729
21769
21795
22164
22184
22443
22473
22480
22560
22580
22587
22609
22617
22725
22746
22777
22806
22827
22938
23034
23266
23267
23334
23386
23497
23709
23821
23851
23876
23979
24040
24050
24069
24124
24136
24182
24197
24291
24435
24475
24499
24532
24610
24637
24659
24740
24793
24810
24941
25049
25115
25126
25132
25176
25567
25569
25573
25919
25934
25994
26209
26301
26316
26365
26412
26448
26662
26723
26789
26977
26993
27004
27058
27154
27415
27520
27560
27565
27605
27759
27763
27775
27912
27914
27938
27976
28030
28195
28223
28378
28416
28480
28537
28544
28581
28807
28829
29087
29170
29383
29388
29620
29629
29650
29662
29885
29945
30148
30269
30320
30333
30340
30382
30426
30635
30668
30712
30720
30826
30920
30969
31048
31054
31298
31451
31614
31734
31901
31920
31994
32006
32094
32168
32207
32215
32339
32427
32601
32682
32757
32899
33024
33027
33079
33098
33110
33321
33471
33480
33685
33706
33712
33724
33781
33793
33812
33831
33970
34074
34166
34223
34269
34345
34491
34663
34681
34849
35075
35123
35144
35184
35267
35275
35312
35449
35452
35726
35780
36002
36041
36136
36226
36236
36339
36358
36376
36412
36453
36667
36913
36929
37031
37177
37296
37334
37452
37462
37477
37484
37501
37533
37620
37652
37741
37868
37935
37983
37984
37999
38000
38049
38298
38331
38533
38544
38864
38881
38911
38967
39106
39138
39155
39185
39214
39312
39380
39413
39523
39552
39807
39941
40190
40203
40219
40317
40426
40444
40672
40690
40828
40877
41093
41211
41337
41612
41614
41685
42088
42097
42298
42405
42532
42675
42766
42823
42964
43083
43083
43088
43183
43204
43358
43580
43653
43679
43723
43857
44050
44160
44289
44305
44347
44393
44485
44560
44612
44661
44662
44687
44777
44803
44818
44898
45076
45185
45294
45348
45388
45574
45589
45636
45709
45771
46037
46041
46179
46230
46569
46573
46738
46804
46837
46843
46872
46910
46928
47006
47053
47150
47172
47180
47246
47292
47361
47442
47612
47622
47672
47683
47690
47841
47855
48067
48080
48109
48337
48361
48380
48425
48459
48506
48553
48932
48944
49017
49036
49143
49157
49177
49204
49345
49480
49640
49780
49954
50184
50218
50275
50381
50503
50504
50530
50690
50746
50863
51097
51207
51308
51401
51464
51565
51573
51719
51766
51841
51928
51933
51952
52013
52087
52089
52217
52398
52406
52427
52431
52455
52487
52894
52912
53096
53120
53167
53414
53428
53481
53524
53547
53630
53796
54006
54136
54290
54311
54361
54434
54597
54803
54880
54972
55022
55066
55154
55182
55439
55666
55731
55759
55761
55848
55856
56078
56357
56446
56642
56858
56952
56978
57032
57170
57176
57236
57246
57280
57326
57349
57361
57509
57523
57537
57576
57756
57875
57903
57923
57998
58290
58355
58416
58567
58735
58744
58930
58978
59008
59028
59029
59074
59080
59188
59234
59363
59677
59706
59746
59797
60084
60157
60244
60536
60641
60717
60743
60812
61021
61112
61131
61213
61338
61350
61367
61409
61489
61522
61563
61577
61676
61682
61714
61746
62029
62150
62206
62217
62240
62251
62278
62328
62330
62355
62398
62432
62455
62489
62621
62707
62754
63084
63129
63276
63322
63341
63360
63440
63490
63562
63704
63742
63768
63775
63851
63903
64079
64172
64198
64204
64382
64414
64511
64529
64569
64580
64723
64763
64894
64946
64964
65005
65064
65068
65089
65195
65204
65206
65330
65562
65600
65767
65775
66221
66285
66286
66439
66514
66593
66767
67020
67138
67317
67319
67345
67396
67459
67487
67501
67757
67769
67821
67860
67887
67909
67975
68102
68181
68264
68325
68373
68408
68575
68578
68646
68667
68815
68898
68944
68986
69085
69137
69210
69395
69585
69665
69880
69920
69930
69960
70110
70215
70413
70756
70805
70824
70833
70910
71048
71224
71419
71473
71481
71522
71803
72111
72171
72211
72215
72233
72250
72357
72384
72438
72602
72711
72890
72914
73133
73176
73252
73430
73441
73633
73635
73643
73679
73941
73982
73990
74074
74090
74185
74231
74292
74378
74470
74712
74851
75264
75335
75371
75460
75473
75498
75499
75505
75515
75561
75656
75781
75877
76219
76294
76438
76540
76664
76753
76831
77020
77087
77117
77255
77302
77391
77513
77976
78050
78070
78244
78499
78684
78775
78792
78894
79182
79362
79412
79461
79700
79705
79815
80073
80266
80283
80405
80550
80648
80675
80722
80831
80843
80884
81044
81073
81196
81210
81638
81656
81699
81770
81900
81979
82030
82071
82072
82153
82225
82343
82474
82564
82566
82636
82749
82769
82772
82825
82874
82893
83070
83133
83310
83344
83389
83673
83690
83914
84103
84149
84151
84319
84619
84627
84843
84886
84922
85039
85200
85234
85399
85590
85767
85824
85836
86010
86036
86047
86053
86064
86265
86338
86455
86610
86618
86856
87116
87163
87473
87564
87666
87744
87767
87772
87777
87906
87994
88184
88403
88417
88424
88494
88581
88664
88731
88942
88942
89110
89172
89179
89227
89246
89362
89381
89396
89553
89638
89680
89853
89862
89909
89911
90148
90237
90800
90844
90922
90993
91035
91135
91148
91195
91304
91404
91497
91867
92032
92045
92229
92237
92241
92560
92754
92771
92870
92920
92930
93208
93288
93304
93424
93459
93472
93592
93744
93879
93921
94337
94491
94571
94579
94669
94669
94676
94709
94730
94818
94868
94928
95150
95171
95258
95388
95449
95568
95939
95939
95974
96156
96314
96391
96706
96922
96925
96945
97375
97613
97633
97696
97710
97748
98026
98167
98180
98206
98293
98332
98368
98447
98566
98731
98808
98922
99218
99224
99240
99300
99689
99748
99918
99958
100012
100351
100491
100504
100508
100586
101014
101223
101450
101455
101557
101630
101762
101843
102036
102062
102243
102470
102518
102688
102692
102712
102749
102933
102979
103071
103134
103191
103390
103412
103436
103522
103547
103572
103666
103672
103824
103901
103933
103992
104173
104278
104320
104346
104499
104612
104625
104727
105017
105029
105262
105459
105465
105497
105511
105524
105642
105679
105746
105808
105828
105902
106178
106237
106294
106314
106329
106346
106378
106662
106676
106684
106923
106951
107056
107111
107200
107344
107380
107588
107712
107835
107848
108000
108133
108205
108209
108243
108368
108510
108559
108618
108859
108986
109086
109216
109239
109364
109500
109893
109966
110020
110081
110209
110333
110570
110633
110827
111003
111097
111118
111391
111516
111733
111773
111812
111884
112356
112422
112622
112647
112698
112802
113368
113536
113566
113960
113979
114110
114138
114393
114427
114490
114652
114663
114702
114784
114948
114987
115207
115262
115331
115857
115958
116054
116135
116239
116417
116448
116454
116536
116634
116723
116831
116877
117100
117202
117340
117404
117475
117490
117496
117584
117819
117869
117971
117983
118168
118174
118186
118414
118437
118494
118635
118639
119017
119223
119224
119270
119296
119362
119388
119542
119616
119754
119780
119815
119882
119895
119951
120200
120204
120329
120349
120573
120615
120732
120758
120918
120998
121298
121847
121848
122333
122389
122420
122528
122720
122729
122768
123240
123293
123310
123371
123375
123627
123628
123732
123813
123820
123841
123898
123965
124010
124023
124282
124397
124514
124601
124903
124909
125089
125128
125130
125225
125228
125668
125684
125696
125709
125794
125795
125999
126018
126398
126463
126510
126619
126649
127093
127155
127315
127500
127649
127666
127670
127749
127783
127879
127894
128012
128095
128190
128511
128562
128586
128647
128790
128976
129008
129119
129404
129452
129618
129663
129788
129837
129854
130219
130494
130546
130753
130821
130880
130958
131026
131225
131292
131564
131611
131756
131770
131794
131978
132113
132502
132548
132856
133043
133050
133132
133215
133258
133278
133306
133506
133535
133693
133765
133827
133831
133852
133963
134042
134071
134265
134390
134687
134790
134838
134923
134976
135022
135078
135228
135276
135301
135596
135857
135914
136020
136156
136278
136456
136486
136673
136691
136917
137038
137120
137244
137419
137448
137527
137728
137828
137916
138002
138020
138237
138654
138906
139584
139721
139824
140009
140101
140193
140373
140465
140515
140741
141264
141543
141657
141669
141750
142024
142250
142462
142739
142998
143042
143199
143247
143476
143507
143523
143909
144184
144336
144344
144379
145001
145128
145283
145365
145370
145443
145576
145635
146006
146530
146715
146807
147153
147325
147382
147466
147635
147906
147933
148218
148221
148373
148408
148426
148682
148723
149066
149126
149170
149175
149318
149571
149623
149643
149795
149829
149873
149873
149886
149894
150158
150263
150298
150547
150582
150593
150599
150603
151095
151141
151352
151441
151481
151751
151769
151968
152292
152498
152529
152620
152997
153298
153346
153403
153550
153580
153684
153693
153768
153808
153826
153980
154019
154210
154251
154586
154814
154961
155210
155406
155407
155442
155826
156023
156105
156297
156345
156419
156470
156547
156813
156873
157017
157092
157234
157634
157637
157701
157722
157910
158193
158415
158479
158687
158932
159109
159304
159527
159751
159753
159853
159957
160142
160257
160336
160341
160369
160519
160558
160632
160752
160848
160883
161044
161169
161506
161643
161839
161924
161935
161937
161940
162286
162344
162422
162432
162804
162943
163047
163191
163251
163423
163556
163601
163866
163886
163915
163938
164031
164202
164303
164465
164816
164886
165080
165185
165202
165212
165290
165463
165519
165556
165609
165991
166132
166234
166365
166981
167389
167565
167586
168054
168190
168400
168458
168557
168716
168864
168988
169517
169761
169828
170089
170163
170242
170374
170540
170623
170726
171000
171302
171412
171425
171750
171910
172213
172396
172652
172672
172773
172924
173525
173526
173529
173555
173871
174018
174081
174118
174258
174394
174659
175291
175327
175378
175456
175919
175939
176088
176137
176246
176263
176645
176977
177149
177220
177289
177375
177458
177653
177741
177885
177986
178083
178412
178482
178808
178835
179050
179576
179612
179730
179732
179896
180017
180107
180272
180552
180581
180635
180916
180953
180994
181253
181641
181677
181828
181840
181884
181934
181954
182439
182718
182791
183292
183344
183452
183487
183642
183822
183995
184111
184152
184169
184189
184495
184614
184809
185049
185583
185715
185918
186206
186518
186725
187102
187261
187376
187467
187467
187495
187681
187853
187971
188040
188276
188953
189104
189513
189704
190270
190431
190506
190932
190958
191260
191275
191781
191870
192680
192741
192842
193129
193242
193318
193351
193597
194429
194933
195477
195547
195568
195936
196226
196614
196644
197274
197281
197726
197906
198548
198644
198683
198697
199046
199504
199552
199593
200372
200494
200560
200846
201134
201162
201370
201516
201662
201850
202395
202643
202716
202823
202993
203223
203359
203588
203628
203661
203887
204105
204541
204710
204898
205406
205526
206056
206322
206411
206474
207266
207295
207516
207617
207812
207949
208226
208596
208629
208709
208747
208960
209024
209028
209119
209263
209854
209902
209932
210743
210780
211352
212170
212215
212420
212660
212922
213377
213973
214160
214169
214175
214363
214493
214713
215117
215367
216068
216713
217306
217590
217656
217845
218536
218554
218620
219255
219328
219385
219764
219786
219996
220363
220483
220563
221019
221048
221088
221119
221739
221744
222361
222465
223033
223092
223153
223183
223559
223666
223679
223682
223816
224335
224741
224859
225460
225482
225636
225674
225745
225779
225982
226310
226356
226692
226799
227190
227267
227279
227749
227966
228115
228827
229057
229590
229832
230063
230336
230444
230495
230841
230876
231235
231969
232140
232162
232321
232366
232679
232696
232766
233168
233352
233529
233577
233648
233664
233914
233942
234251
234549
234797
235219
235243
235461
235833
236021
236350
236475
237028
237560
237923
238257
238422
238665
238830
238843
238908
239050
239142
239184
239529
239580
239765
239844
240199
240210
240301
240638
240856
241174
241244
241456
242182
242223
242521
242595
242852
242940
243696
243956
243962
244002
244065
244263
244288
244300
244342
244778
244817
245541
246114
246388
246592
246637
246759
246925
247521
248160
248169
248314
248451
248553
249061
249137
249507
249858
250844
252243
252941
253214
253344
253937
253955
254205
254363
254434
254513
254640
255420
255756
255762
255831
256045
256911
256986
257371
258435
259021
260042
260159
260790
260945
261688
261805
262103
262497
262666
262921
263049
263483
263525
263531
263884
264168
264336
264368
264683
264762
265004
265170
265224
265733
265738
265953
266186
266420
266943
267093
267479
267794
268486
268516
269065
269108
270066
270140
270467
271284
271537
271643
272102
272220
274251
274296
274657
274906
274950
275361
275576
275657
275721
276049
276055
276345
276424
277234
277317
277761
278942
280427
280474
280551
280897
281079
282964
283378
284177
284413
284558
285087
286164
286631
286654
286657
287158
287337
288135
288531
290173
290504
291094
291762
292884
293485
294433
294846
295366
297196
297508
297695
297986
298108
298137
299375
299493
300072
300368
301418
301767
303321
303538
304226
304376
305219
305510
305988
305998
307369
308793
309198
309296
310637
311742
311957
311981
312428
312818
313189
313228
313252
313271
313304
313419
313731
314545
314753
314902
314981
316288
316633
317279
318318
318577
318670
318688
318728
319876
320034
320379
320952
321227
321310
321339
321400
322271
324193
324278
324804
325255
326648
326754
327092
328389
328708
329746
330238
330573
330767
331637
332008
333045
333254
333306
334246
339339
339743
339987
340077
340397
341504
341606
342355
343039
344382
344773
344944
345210
345294
345942
348039
348209
348401
349222
349248
349962
351968
352920
354111
356891
358510
360265
361079
363255
363914
364615
365276
368674
368903
369936
370332
370453
372744
372808
373629
374737
374777
374881
375483
375708
378951
379983
389328
391140
397580
397988
399053
400661
402761
404037
404072
404560
407380
408301
408575
410505
411597
413661
414217
414677
418429
418504
419700
421276
421607
424370
424795
429362
432866
433230
435054
436802
436826
439133
439439
439624
442061
443480
444941
445610
445989
447378
447629
447804
447912
449056
454975
455360
455404
457766
458722
460966
460993
466977
468030
471085
476744
480945
484271
496100
507924
523865
534580
534694
744707
