0
0
122
133
168
266
273
291
385
400
653
696
706
724
923
962
997
1070
1116
1121
1124
1170
1282
1285
1348
1355
1367
1383
1398
1545
1555
1608
1788
1821
1998
2073
2081
2098
2172
2270
2324
2386
2508
2518
2583
2597
2620
2631
2691
2701
2747
2760
2796
2847
2891
2931
2977
3000
3008
3035
3070
3126
3387
3437
3459
3482
3517
3534
3645
3673
3828
3916
3965
3972
3995
4031
4040
4045
4046
4090
4128
4186
4245
4339
4345
4388
4388
4432
4473
4493
4541
4580
4640
4671
4802
4839
4932
4936
5054
5231
5287
5300
5310
5443
5470
5598
5626
5692
5731
5743
5789
5936
5938
5999
6142
6156
6228
6316
6398
6469
6526
6572
6593
6705
6734
6838
6872
6880
6885
6949
6955
6964
7003
7092
7174
7263
7266
7348
7464
7465
7492
7624
7908
7919
7925
7954
8036
8038
8067
8089
8195
8196
8199
8267
8274
8320
8330
8521
8622
8778
8846
8916
9005
9055
9082
9144
9153
9247
9271
9365
9407
9451
9605
9733
9766
9864
10028
10100
10118
10181
10367
10475
10533
10587
10728
10744
10759
10817
10890
10892
10973
10986
11021
11033
11075
11099
11103
11280
11304
11338
11424
11490
11735
11982
11998
12032
12083
12086
12278
12299
12332
12450
12525
12690
12717
12859
12897
12912
12976
13117
13189
13335
13341
13357
13419
13428
13557
13587
13617
13685
13712
13771
13836
13837
13839
13850
13885
13927
14079
14142
14330
14381
14504
14537
14568
14578
14678
14693
14747
14797
14863
14863
14867
14926
14990
14999
15029
15070
15091
15144
15162
15372
15401
15604
15769
15776
15789
15791
16009
16045
16050
16141
16322
16325
16405
16428
16433
16471
16542
16647
16717
16762
16788
16851
16939
16955
17001
17050
17090
17231
17289
17320
17452
17472
17559
17573
17598
17612
17708
17764
17857
17870
18185
18289
18388
18421
18422
18549
18605
18656
18669
18720
18751
18800
18817
18859
18870
18897
18957
18965
19020
19076
19237
19280
19385
19404
19408
19429
19436
19612
19748
19751
19767
19970
20115
20123
20142
20148
20149
20158
20257
20340
20341
20513
20916
20928
20944
21034
21126
21130
21163
21204
21213
21221
21249
21266
21279
21320
21329
21370
21416
21472
21508
21707
21787
21828
21865
22017
22017
22041
22049
22064
22152
22161
22180
22356
22377
22461
22494
22558
22614
22671
22677
22788
22923
22923
22988
23171
23223
23240
23281
23340
23420
23532
23809
23809
23812
23958
23999
24030
24040
24102
24144
24182
24386
24390
24409
24521
24541
24637
24791
24859
24935
24947
25037
25109
25110
25179
25333
25353
25474
25491
25572
25600
25757
25876
25885
25896
25987
26009
26016
26116
26145
26147
26147
26315
26410
26475
26578
26581
26807
26838
26911
26933
26937
27095
27140
27166
27230
27354
27495
27542
27658
27780
27994
28007
28008
28189
28200
28242
28242
28314
28385
28489
28524
28627
29099
29207
29268
29328
29379
29428
29441
29552
29591
29724
29793
29803
29867
29870
29925
29945
29995
30004
30035
30068
30262
30432
30437
30446
30564
30633
30656
30665
30682
30689
30748
30795
30831
30894
30939
30967
31054
31061
31069
31083
31180
31243
31244
31259
31356
31368
31435
31486
31488
31514
31690
31924
32098
32226
32237
32260
32273
32297
32345
32445
32450
32468
32611
32613
32627
32629
32692
32709
32802
32983
32984
33191
33222
33262
33411
33423
33442
33674
33683
33738
33939
34041
34093
34112
34206
34229
34311
34362
34468
34477
34558
34582
34651
34691
34825
34855
35116
35122
35135
35176
35221
35277
35352
35394
35435
35451
35481
35482
35515
35566
35579
35745
35760
35906
35954
36002
36030
36169
36192
36357
36395
36460
36522
36541
36611
36627
36704
36707
36889
36916
36965
36973
36997
37040
37065
37326
37416
37455
37490
37493
37549
37567
37631
37680
37703
37743
37796
37935
38014
38035
38111
38210
38214
38380
38397
38442
38445
38475
38506
38531
38736
38831
38883
38899
38920
38924
38982
39086
39150
39176
39207
39282
39434
39675
39880
39955
40255
40411
40431
40519
40600
40638
40687
40706
40717
40802
40903
40914
40961
40961
40984
41111
41164
41399
41405
41454
41476
41556
41588
41610
41612
41651
41660
41816
41847
41861
41871
41881
41895
41909
41924
41949
42007
42052
42067
42279
42280
42324
42490
42514
42561
42564
42588
42668
42686
42752
42785
42804
42904
42913
42969
42974
42977
43021
43046
43132
43236
43309
43321
43403
43466
43581
43626
43651
43672
43725
43815
43822
43833
43847
43864
43881
43928
43936
44035
44053
44106
44213
44219
44271
44323
44353
44372
44426
44429
44456
44458
44463
44607
44636
44678
44779
44786
44873
44927
44959
45008
45231
45271
45312
45448
45456
45503
45509
45678
45735
45776
45817
45865
45909
45914
45932
45972
45977
46014
46433
46651
46680
46738
46768
46788
46823
46995
47005
47055
47107
47136
47269
47348
47373
47430
47442
47672
47779
47816
47856
47903
47952
47968
48001
48021
48029
48087
48153
48225
48283
48344
48375
48402
48493
48555
48572
48714
48722
48764
48829
48865
48935
48960
49077
49236
49353
49359
49387
49423
49506
49615
49624
49640
49682
49686
49730
49801
49809
49836
49842
49851
49853
49959
50043
50086
50356
50380
50412
50536
50555
50594
50611
50661
50711
50758
50772
50814
50817
50947
51107
51146
51166
51179
51254
51359
51379
51402
51436
51598
51818
51825
51855
51872
51911
51920
51959
51976
52015
52028
52055
52126
52578
52667
52721
52784
52841
52845
52943
53052
53092
53148
53199
53260
53273
53364
53388
53505
53662
53676
53705
53780
53804
53934
54068
54181
54201
54359
54386
54395
54597
54631
54632
54735
54805
54981
55204
55215
55351
55479
55506
55531
55569
55603
55694
55929
55966
55968
55996
56030
56034
56170
56216
56267
56412
56435
56449
56456
56486
56583
56648
56707
56710
56718
56735
56828
56843
56845
56946
57141
57272
57341
57480
57489
57498
57543
57551
57557
57653
57660
57700
57737
57762
57852
57885
57975
58085
58143
58157
58302
58352
58444
58455
58500
58539
58610
58631
58669
58755
58798
58802
58935
59166
59192
59309
59452
59483
59707
59728
59884
59966
60131
60134
60134
60227
60597
60645
60710
60740
60807
60808
60977
61006
61310
61377
61411
61418
61524
61526
61565
61613
61679
61782
61861
61868
61910
62063
62167
62258
62272
62303
62367
62443
62502
62508
62512
62554
62582
62980
63073
63102
63357
63368
63577
63613
63632
63678
63754
63754
63803
63847
63856
63928
63938
63985
64076
64106
64307
64345
64502
64505
64598
64672
64707
64710
64741
64751
64826
64874
65030
65077
65139
65298
65373
65420
65443
65490
65510
65672
65760
65766
65803
65833
65881
66112
66208
66235
66464
66493
66498
66594
66632
66845
66868
66918
66942
67090
67137
67363
67374
67584
67679
67760
67772
68127
68190
68224
68240
68403
68638
68672
68689
68717
68719
68926
68949
69138
69208
69230
69241
69251
69312
69467
69500
69555
69556
69616
69833
69938
69953
69990
70144
70274
70280
70358
70495
70499
70526
70549
70843
70845
71219
71232
71233
71269
71277
71340
71370
71538
71539
71591
71688
71692
71781
71842
71863
71923
72001
72095
72182
72199
72260
72311
72344
72377
72453
72516
72549
72593
72599
72600
72735
72893
72913
72944
72966
73148
73429
73516
73529
73535
73553
73562
73583
73687
73711
73850
74109
74113
74203
74229
74416
74451
74513
74646
74657
74676
74721
74770
74864
74880
74891
74951
74983
74987
75067
75104
75118
75140
75161
75197
75236
75370
75393
75438
75475
75551
75579
75614
75647
75752
75788
75942
76101
76151
76177
76292
76379
76399
76447
76452
76508
76696
76899
77006
77068
77193
77357
77434
77532
77543
77585
77585
77605
77616
77676
77746
77786
77918
78009
78052
78066
78081
78311
78323
78362
78438
78559
78642
78644
78691
78950
79084
79327
79416
79530
79535
79609
79763
79873
80046
80185
80191
80202
80346
80366
80369
80427
80480
80581
80590
80611
80622
80717
80789
80809
80912
80973
81008
81126
81248
81264
81302
81372
81390
81408
81433
81480
81481
81486
81511
81835
81878
82045
82133
82249
82274
82286
82318
82335
82359
82608
82685
82705
82751
82842
82969
83044
83181
83288
83310
83453
83571
83680
83716
83789
83794
83794
83956
84008
84184
84336
84355
84356
84575
84578
84615
84618
84671
84690
84782
84882
84913
84951
85016
85117
85151
85227
85451
85515
85522
85573
85607
85656
85658
85680
85731
85871
85881
85884
85906
85924
85946
85951
86292
86345
86481
86524
86527
86531
86546
86577
86585
86714
86744
86747
86864
87025
87134
87214
87332
87373
87399
87428
87498
87529
87683
87698
87723
87823
87837
87841
87845
87846
87865
87878
87932
88006
88146
88240
88287
88329
88396
88401
88452
88638
88728
88790
88804
88822
88966
89254
89255
89312
89470
89513
89791
89833
89896
89950
89951
90167
90214
90270
90282
90316
90417
90493
90538
90562
90617
90664
90735
90792
90946
90958
91000
91035
91038
91057
91188
91375
91479
91672
91712
91886
91914
92172
92215
92317
92381
92409
92531
92555
92743
92809
92845
92895
92910
93009
93083
93201
93320
93357
93426
93580
93607
93733
93770
93953
93962
94033
94037
94119
94130
94170
94185
94223
94313
94373
94415
94500
94526
94563
94590
94665
94676
94763
94805
94824
94875
94907
94948
95063
95089
95093
95192
95244
95258
95306
95354
95427
95492
95654
95756
95829
96066
96094
96288
96699
96806
96866
97111
97145
97163
97204
97244
97296
97381
97501
97588
97611
97688
97714
97817
97824
97843
97992
98030
98163
98173
98246
98248
98530
98541
98545
98562
98577
98614
98752
98768
98804
98856
99167
99231
99295
99298
99305
99384
99551
99765
99848
100021
100120
100140
100175
100334
100348
100355
100427
100491
100522
100547
100669
100679
100685
100706
100795
100835
100928
100982
101000
101019
101021
101095
101279
101487
101543
101573
101581
101862
101973
102006
102037
102106
102282
102307
102651
102894
103111
103209
103289
103464
103523
103620
103630
103948
103971
104107
104158
104198
104210
104292
104369
104612
104628
104641
104714
104750
104818
104838
104866
104892
104900
104909
105153
105170
105231
105270
105284
105302
105333
105361
105525
105539
105550
105720
105720
105866
106015
106093
106140
106491
106494
106582
106715
106768
106836
106890
107138
107157
107251
107266
107336
107342
107410
107530
107660
107700
107744
108017
108101
108159
108220
108234
108290
108313
108315
108525
108658
108772
108814
108870
109023
109097
109120
109167
109299
109392
109400
109507
109532
109538
109583
109661
109678
109682
109867
110202
110320
110354
110727
110733
110738
110753
110865
110888
110909
110926
110957
110977
111010
111091
111097
111152
111302
111309
111725
111897
111949
112055
112075
112091
112112
112180
112201
112257
112261
112475
112554
112705
112815
112879
113039
113108
113198
113301
113364
113381
113487
113509
113587
113629
113696
113748
113844
113856
113862
113938
114079
114207
114294
114435
114629
114676
114704
114772
114868
114971
115087
115295
115324
115378
115415
115447
115451
115470
115490
115589
115595
115962
116001
116253
116326
116441
116476
116529
116567
116568
116620
116666
116950
117081
117099
117292
117527
117563
117578
117696
117764
118065
118097
118230
118307
118308
118330
118337
118485
118526
118563
118697
118703
118797
118798
118870
118898
118941
118960
118969
119014
119022
119112
119126
119282
119307
119423
119795
119885
119893
120001
120065
120171
120354
120460
120489
120631
120680
120772
120810
120858
121047
121058
121184
121214
121251
121256
121338
121357
121434
121540
121606
121773
121785
121818
121929
122247
122310
122696
122767
122945
122999
123131
123224
123241
123258
123332
123370
123433
123568
123640
123675
123703
123713
123865
124013
124091
124201
124242
124493
124559
124631
124633
124640
124725
124799
124947
125033
125101
125141
125178
125203
125258
125451
125732
125785
125871
126173
126235
126289
126586
126716
126842
126846
126932
126959
127038
127103
127116
127205
127222
127452
127678
127878
127915
127945
128073
128165
128236
128681
128686
128809
128928
128991
129198
129277
129312
129334
129552
129630
129731
129983
129995
130283
130364
130394
130396
130491
130511
130611
130613
130615
130779
130875
130933
130937
131072
131165
131239
131313
131323
131456
131486
131633
131660
131671
131746
131803
131882
131884
132104
132238
132321
132323
132590
132642
132672
132718
132862
132872
132900
133058
133089
133411
133442
133476
133544
133605
133629
133746
133759
133938
133950
134116
134139
134253
134279
134290
134481
134500
134724
134939
134965
135005
135158
135588
135592
135602
135705
135748
136226
136348
136359
136489
136579
136802
136900
136946
136958
137040
137147
137361
137493
137583
137620
137642
137689
137802
137846
137853
137937
137994
138125
138290
138478
138635
138689
138944
138989
139117
139119
139200
139241
139244
139337
139465
139494
139524
139887
139901
139918
139979
140208
140339
140418
140507
140643
140780
140815
140875
140890
140967
141145
141299
141372
141690
142092
142204
142232
142351
142494
142525
142778
142826
142853
142906
142909
142970
143202
143291
143463
143694
143700
143782
143819
144057
144067
144210
144247
144268
144296
144370
144417
144478
144536
144576
144718
144752
144812
145174
145211
145433
145659
145741
145748
145833
145983
146392
146624
146652
146718
147010
147013
147016
147098
147216
147411
147441
147509
147532
147548
147570
147823
147835
147899
147904
147929
148172
148236
148300
148589
148729
148846
148947
148972
149026
149028
149234
149357
149412
149412
149531
149670
149710
149753
150072
150168
150215
150291
150378
150464
150507
150801
150908
150973
151153
151234
151379
151520
151788
151893
151955
152254
152387
152429
152502
152510
152582
152612
152640
152717
152785
152914
153147
153319
153342
153342
153363
153380
153431
153500
153538
153747
153749
153781
153833
153968
154014
154244
154266
154488
154768
155041
155063
155101
155160
155329
155331
155411
155492
155500
155532
155534
155810
155902
156463
156644
156722
156736
156880
156917
156925
156928
157012
157172
157227
157291
157333
157370
157385
157430
157488
157536
157630
157695
157749
157928
158145
158570
158678
158878
158957
158989
159037
159279
159316
159354
159359
159472
159488
159670
159675
159727
159777
159926
159952
160027
160227
160252
160478
160504
160546
160897
160935
160942
161049
161332
161374
161402
161548
161614
161646
161680
161741
161788
161814
161930
161965
162263
162541
162581
162901
162979
163033
163529
163605
163713
163857
163937
164000
164070
164234
164250
164270
164337
164345
164437
164499
164519
164662
164745
165082
165299
165311
165318
165324
165371
165469
165810
165834
165891
165963
165973
166052
166069
166150
166269
166707
166710
166955
167275
167302
167362
167391
167420
167433
167607
167840
167936
168095
168144
168244
168416
168434
168520
168560
168953
168966
169228
169326
169376
169486
169577
169724
170306
170307
170362
170418
170420
170445
170512
170801
170989
171373
171417
171501
171743
172053
172294
172421
172427
172484
172529
173014
173134
173149
173184
173199
173221
173253
173436
173489
173578
173847
174101
174151
174229
174543
174557
174793
174978
175041
175055
175134
175171
175209
175338
175468
175482
175540
175560
175957
176035
176145
176228
176318
176763
176807
176850
176915
177199
177381
177400
177407
177778
177946
178017
178041
178060
178600
178711
178837
178939
179015
179084
179215
179403
179424
179539
179852
179969
180020
180035
180067
180433
180611
180886
180906
180931
181055
181201
181217
181275
181600
181666
181784
181814
181849
182196
182275
182430
182536
182859
183252
183638
183765
183766
183865
183918
184069
184254
184259
184288
184534
184556
184615
184762
184830
184942
185447
185579
185758
185820
186471
186714
186908
186920
187180
187189
187229
187294
187416
187454
187600
187737
187873
187987
188071
188111
188193
188337
188425
188520
188638
188888
188938
189082
189093
189103
189344
189352
189456
189514
189634
189656
189836
189868
189973
190005
190064
190067
190133
190402
190418
191068
191109
191182
191296
191531
191551
191728
191893
192212
192353
192864
193079
193180
193411
193522
193706
193765
193797
193932
193977
193997
194073
194078
194243
194486
194527
194813
194924
194984
195028
195137
195146
195462
195518
195548
195586
195630
195856
196015
196396
196576
196854
197147
197343
197349
197394
197718
198084
198109
198137
198155
198237
198302
198511
198782
198794
199065
199227
199397
199436
199573
199649
199865
200004
200049
200124
200178
200306
200427
200555
200584
200839
201014
201124
201198
201360
201412
201620
202048
202123
202210
202246
202295
202349
202458
202623
202680
202707
203049
203494
203581
203839
203923
203990
204146
204253
204254
204860
205016
205033
205077
205149
205263
205438
205505
206011
206034
206228
206359
206415
206689
206715
206851
207216
207365
207468
207547
207877
208093
208269
208439
208527
208863
208981
209344
209440
209636
209779
209938
210077
210086
210128
210216
210336
210408
210422
210435
210629
210973
210999
211105
211185
211389
211851
212063
212237
212244
212522
212649
212770
212774
212828
212842
212941
213453
213475
213962
214143
214156
214180
214507
215172
215245
215538
215795
216346
216638
217014
217073
217244
217298
217322
217418
217421
217495
217564
217768
217773
217790
217951
217997
218054
218150
218290
218306
218423
218694
218780
218822
219005
219603
219804
219806
219992
220471
220519
220709
220724
220796
220943
221354
221830
222135
222305
222836
223132
223381
223465
223543
223602
223607
223763
223902
224184
224292
224869
225454
225776
225951
226009
226096
226194
226247
226494
226619
226692
227321
227354
227540
227616
227652
227664
227775
228235
228608
228688
228797
229016
229020
229078
229386
229691
229733
229776
229889
229917
230406
230500
230550
230756
230873
230880
230968
230978
231039
231106
231269
231276
231405
231719
232046
232261
232289
233234
233622
233814
234246
235649
235781
236049
237160
237487
237694
237701
237720
237793
237991
238095
238256
238449
238660
238738
238815
239244
239439
239871
240036
240177
241198
241260
241348
241558
241742
241897
241940
242084
242088
242347
242381
242725
242849
242920
243063
243250
243390
243460
243648
244095
244159
244175
244394
244790
244819
244837
244854
245186
245394
246234
246574
246712
247213
247291
247496
247672
247902
248082
248253
248846
248931
249042
249315
249441
250032
250207
250230
250332
250385
250867
251508
251631
252245
252279
252418
252450
252895
253394
253580
253737
253879
253998
254190
254413
254431
254760
254858
255154
255311
256025
256065
256384
256432
256557
256877
256953
257195
257617
257891
257912
258172
258274
258312
258434
258623
258823
258905
259675
259703
259733
259972
261379
261472
261938
262178
262471
262652
262702
262815
262955
263106
263498
263582
263669
264095
264333
264757
265219
265352
265692
265822
266149
266203
266425
266962
267043
267204
267316
267445
267532
267694
267835
267886
268299
268787
269026
269141
269375
270552
270705
270855
270868
271056
271581
271912
271976
273642
273854
274099
274222
274587
274768
275386
275579
275757
275994
276588
277038
277195
277506
277616
278077
278086
278280
278342
279068
279299
279526
279574
279704
279739
280246
280532
280655
281325
281445
281714
282025
282502
283270
283732
283793
283948
284121
284834
285527
285588
285786
286055
286360
286380
286410
287087
287122
287624
287932
288772
288870
289283
289748
290100
290127
290529
290720
291222
291344
291963
292453
292629
292774
292807
293208
293546
293872
294253
294506
295157
295586
295908
296097
296149
296679
297680
298533
298773
299972
300052
300125
301343
302045
302178
302489
302583
302695
303235
303642
303869
304321
304473
304623
305000
305316
305941
306592
307055
307433
307639
307692
308490
309771
310222
310540
310748
310805
312604
312684
313180
314189
314822
315616
315901
316828
317472
317610
317674
318129
318199
318209
318247
318605
318768
319101
319887
320835
321281
322688
323160
323375
324047
324104
324312
324810
325029
325461
326273
326408
326874
327530
328896
329106
330712
330927
331158
331396
332061
333026
333694
334240
334634
335939
336157
336162
336185
336325
336350
336513
336893
337662
339554
339857
340049
340720
341235
341353
341766
341791
341795
342333
342343
343247
343434
343756
343861
344863
345913
347873
348072
349026
349710
350536
350756
351022
351560
352715
352727
352969
353537
354490
354529
354734
355341
355693
356821
357204
358277
358634
359288
360204
361135
361580
362724
362829
362982
364057
364518
365352
366484
367043
367260
367800
368112
368412
368942
369049
369226
371614
372272
373577
374457
374825
375694
376663
377420
378467
378953
379893
380807
382310
382777
383843
384284
386493
386836
387400
387520
387885
388775
389407
390446
390563
390641
392393
392777
394032
396013
397492
399209
399609
400795
401711
402990
403199
403703
408639
408958
413750
413819
413951
415554
415818
416108
420590
424360
427081
433649
434050
445635
451121
454365
455474
455638
457956
459960
460176
460474
461727
462299
464002
465351
467813
469721
475412
491329
492740
499451
504192
507387
522267
527732
528465
531067
533720
548247
554797
585542
617421
