0
0
52
88
119
207
303
379
456
527
611
713
864
912
977
1025
1051
1066
1085
1182
1234
1359
1418
1475
1567
1570
1605
1612
1692
1704
1732
1757
1779
1843
2003
2038
2212
2214
2255
2355
2408
2631
2857
2950
3089
3097
3234
3257
3324
3360
3362
3470
3504
3527
3544
3784
3804
3824
3836
3901
3966
3993
4008
4020
4048
4110
4114
4190
4231
4455
4469
4521
4588
4620
4641
4776
4784
5044
5068
5074
5143
5184
5265
5351
5363
5433
5494
5524
5649
5664
5793
5854
6008
6011
6046
6108
6121
6149
6152
6198
6232
6289
6311
6343
6345
6422
6452
6482
6533
6626
6664
6807
6843
6863
6891
7136
7159
7256
7364
7380
7407
7475
7551
7578
7682
7774
7790
7834
7883
8014
8042
8179
8253
8261
8276
8351
8557
8564
8572
8582
8803
8843
8857
8910
8952
8960
8981
9014
9015
9061
9177
9253
9399
9417
9460
9483
9540
9559
9569
9643
9668
9717
9787
10148
10231
10278
10420
10454
10500
10582
10709
10755
10878
10996
11132
11325
11449
11580
11613
11614
11678
11701
11737
11766
11835
11838
11876
12001
12025
12073
12172
12258
12295
12426
12476
12477
12498
12501
12553
12572
12589
12640
12734
12861
13165
13202
13256
13325
13366
13442
13498
13639
13728
13772
13802
13893
13930
13953
14007
14057
14083
14153
14232
14232
14353
14427
14446
14592
14632
14728
14786
14805
14868
14959
14962
15021
15051
15101
15114
15198
15458
15465
15730
15739
15844
15877
15945
16076
16081
16117
16145
16260
16264
16313
16371
16421
16523
16548
16621
16716
16738
16745
16789
16858
16910
16969
16997
17001
17170
17181
17209
17254
17391
17399
17402
17477
17597
17631
17737
17774
17843
17961
18094
18158
18174
18259
18301
18318
18329
18373
18477
18489
18596
18623
18631
18662
18929
18958
19061
19364
19460
19483
19503
19581
19789
20104
20140
20188
20209
20429
20603
20626
20698
20719
20722
20896
20908
20923
20948
21175
21236
21237
21261
21372
21374
21678
21685
21702
21726
21970
22001
22002
22129
22410
22521
22564
22685
22687
22692
22902
22969
22988
23020
23052
23054
23214
23364
23557
23618
23625
23630
23658
23768
23928
23970
24104
24178
24331
24448
24455
24459
24637
24691
24698
24792
24852
24953
24975
24984
25026
25051
25065
25076
25104
25137
25268
25277
25396
25463
25690
25691
25712
25734
25753
25779
25912
26051
26184
26215
26224
26260
26313
26364
26389
26465
26511
26517
26541
26550
26644
26650
26669
26763
26909
26954
26964
26982
27014
27042
27089
27195
27289
27419
27546
27561
27642
27678
27686
27726
27751
27879
28103
28118
28125
28202
28416
28505
28622
28906
29043
29056
29063
29083
29187
29220
29220
29248
29441
29453
29484
29515
29564
29579
29719
29732
29784
30134
30168
30213
30218
30273
30306
30361
30416
30443
30462
30509
30559
30565
30596
30598
30661
30840
30866
30993
31086
31092
31150
31217
31222
31255
31450
31503
31588
31697
31760
31777
31848
31886
31892
31940
32012
32070
32109
32196
32339
32397
32411
32467
32484
32516
32523
32538
32540
32569
32615
32666
32717
32745
32748
32777
32789
32827
32830
32863
33033
33055
33086
33276
33288
33313
33324
33328
33512
33637
33646
33713
33742
33826
33866
33873
33977
33994
33995
34051
34219
34307
34343
34406
34413
34434
34447
34456
34460
34502
34781
34792
34852
34856
34879
34932
35042
35178
35245
35295
35302
35335
35353
35454
35536
35548
35693
35696
35818
35833
35876
35901
35923
36058
36110
36211
36337
36363
36405
36517
36590
36591
36673
36682
36737
36802
36818
36853
36865
36937
36990
37098
37117
37128
37155
37204
37218
37364
37506
37560
37686
37698
37722
37739
37855
38093
38208
38337
38391
38466
38470
38529
38565
38726
38740
38777
39014
39290
39312
39371
39488
39566
39752
40044
40181
40205
40287
40334
40349
40351
40375
40399
40585
40640
40645
40655
40666
40838
41093
41108
41119
41230
41417
41572
41578
41614
41622
41800
41880
41997
42000
42017
42068
42133
42134
42241
42300
42311
42324
42430
42437
42568
42588
42593
42659
42700
42753
42753
42797
42829
42895
42910
42949
43012
43160
43288
43319
43373
43541
43633
43650
43674
43734
43783
43960
44035
44098
44159
44342
44390
44413
44473
44600
44662
44821
44929
44939
44963
44993
45153
45165
45257
45260
45273
45296
45413
45537
45558
45570
45575
45646
45671
45729
45883
45885
45891
45917
45946
45982
45997
46140
46217
46235
46244
46271
46303
46533
46842
46850
46860
46974
46992
47076
47210
47226
47345
47354
47458
47488
47519
47636
48073
48220
48248
48424
48435
48453
48581
48588
48651
48779
48854
48897
48937
49084
49138
49203
49389
49574
49662
49847
50134
50154
50253
50280
50484
50492
50786
50840
50971
51002
51115
51403
51434
51457
51466
51520
51533
51540
51623
51663
51712
51718
51723
51812
51825
51849
52156
52278
52381
52933
53023
53074
53100
53270
53294
53471
53729
53767
53803
53817
53990
54029
54104
54264
54310
54341
54379
54402
54457
54467
54480
54673
54680
54777
54811
54864
54942
54973
54992
54994
55121
55146
55162
55169
55266
55329
55359
55364
55421
55436
55466
55489
55602
55628
55685
55812
55850
55922
55945
55972
56031
56039
56223
56386
56545
56758
56772
56888
56941
56947
56959
57063
57147
57231
57267
57279
57284
57297
57350
57378
57401
57549
57682
57702
57755
57758
57786
57924
57967
57992
57993
57995
58039
58053
58273
58284
58299
58325
58397
58422
58484
58688
58765
58801
58807
59037
59251
59568
59679
59762
59892
59957
60012
60116
60207
60212
60392
60495
60560
60740
60758
60804
60835
60898
60943
61147
61237
61238
61384
61391
61442
61501
61585
61594
61623
61657
61671
61725
61759
61915
62032
62046
62116
62313
62426
62639
62672
62682
62789
62811
62876
63132
63286
63347
63401
63424
63468
63477
63480
63490
63505
63579
63615
63624
63773
63871
64003
64036
64146
64162
64244
64433
64462
64515
64682
64710
64963
65132
65142
65194
65220
65257
65315
65319
65381
65541
65590
65636
65697
65839
65855
65857
65864
65960
66012
66016
66031
66075
66112
66151
66379
66525
66584
66660
66661
66686
66781
66865
66881
66908
67025
67109
67223
67350
67403
67443
67448
67572
67659
67663
67710
67734
67774
67957
67990
68088
68299
68373
68446
68467
68490
68577
68698
68761
68806
68913
68973
69004
69054
69151
69199
69234
69295
69345
69416
69429
69581
69742
69763
69764
69922
70256
70270
70282
70514
70567
70576
70595
70804
70928
71148
71195
71307
71329
71338
71346
71347
71428
71429
71630
71641
71763
71942
71994
72020
72063
72115
72148
72175
72213
72263
72403
72426
72428
72535
72572
72619
72636
72643
72679
72700
72893
73002
73031
73037
73137
73199
73457
73634
73812
73828
73870
73903
73908
73976
74091
74124
74172
74328
74356
74378
74382
74385
74387
74438
74448
74536
74769
74776
74827
74887
74948
74962
74973
75203
75274
75321
75341
75520
75570
75653
75737
75783
75800
75812
75939
75962
76336
76343
76356
76390
76459
76688
76729
76771
76926
76988
77050
77257
77285
77296
77311
77420
77572
77675
77686
77725
77802
78053
78078
78284
78297
78372
78412
78474
78494
78514
78553
78655
78847
78901
78909
78950
78983
79031
79193
79434
79668
79714
79752
79849
79946
80158
80178
80237
80284
80337
80371
80404
80507
80511
80535
80732
80738
80745
80958
81005
81063
81064
81209
81223
81302
81311
81313
81405
81409
81445
81518
81714
81899
81942
82095
82391
82432
82435
82494
82731
82744
82794
83058
83184
83230
83334
83528
83590
83673
83743
83788
83803
83825
83933
84060
84104
84104
84254
84373
84390
84526
84542
84599
84890
84935
84947
85155
85170
85321
85371
85473
85574
85664
85916
86097
86141
86198
86249
86265
86342
86374
86574
86614
86628
86630
86719
86819
86967
86999
87079
87126
87143
87157
87282
87333
87342
87369
87388
87408
87487
87663
87671
87675
87714
87761
87908
87989
88120
88152
88248
88249
88255
88476
88497
88540
88808
88808
88826
88932
89001
89002
89021
89047
89109
89188
89188
89192
89335
89437
89456
89458
89475
89475
89478
89586
89610
89754
89804
89883
89897
89915
89960
90006
90054
90081
90169
90236
90313
90353
90437
90550
90583
90616
90686
90859
90920
91073
91102
91226
91388
91652
91669
91806
91869
91919
92038
92083
92129
92167
92207
92380
92490
92498
92579
92676
92714
92761
92953
92955
93081
93129
93177
93214
93299
93311
93624
93771
93969
94063
94139
94437
94584
94671
94676
94902
94922
95003
95004
95081
95120
95232
95347
95443
95608
95654
95673
95693
95866
95895
95987
95999
96111
96207
96209
96221
96397
96416
96467
96755
96764
96939
97031
97082
97094
97097
97129
97290
97407
97426
97493
97557
97625
97674
97821
97854
98043
98054
98167
98197
98199
98221
98275
98349
98358
98416
98429
98431
98474
98556
98566
98634
98826
98857
99010
99011
99166
99289
99425
99522
99645
99803
99946
100065
100211
100230
100341
100452
100471
100582
100600
100939
101002
101126
101288
101353
101437
101711
101872
101909
102043
102046
102201
102226
102369
102388
102567
102602
102702
102852
103000
103300
103447
103455
103480
103493
103581
103598
103720
103785
104142
104218
104315
104383
104570
104770
104782
104799
104834
104839
104875
105018
105024
105055
105254
105404
105575
105586
105657
105693
105758
105862
105891
106012
106323
106484
106520
106660
106792
106932
106968
106970
107031
107067
107084
107207
107216
107468
107555
107649
107703
107828
107831
107842
108059
108073
108096
108121
108392
108433
108639
108659
108712
108824
109003
109038
109109
109111
109173
109208
109222
109263
109280
109318
109527
109862
109873
109935
110172
110601
110626
110664
110681
110701
110863
110868
110972
110999
111002
111398
111515
111597
111602
111790
111869
112026
112027
112135
112182
112202
112256
112319
112458
112677
112962
113027
113210
113388
113620
113707
113739
113864
113904
113908
114236
114475
114493
114677
114677
114745
114845
114855
115047
115130
115136
115318
115699
115915
116148
116179
116233
116313
116519
116697
116725
116944
116960
117113
117146
117213
117349
117359
117376
117810
117915
117925
117998
118042
118077
118160
118208
118293
118394
118438
118651
119109
119134
119292
119375
119603
119794
119825
119843
120053
120058
120111
120168
120215
120324
120347
120443
120455
120460
120488
120500
120715
120952
120955
121035
121329
121573
121605
121614
122051
122121
122260
122393
122474
122767
122789
122794
122799
122833
122903
123049
123361
123521
123685
123697
123749
123834
123995
124066
124263
124507
124512
124570
124655
124857
124974
125103
125224
125468
125504
125639
125875
125889
125971
126288
126373
126422
126546
127138
127238
127577
127645
127687
127704
127807
127836
127905
127976
127988
128177
128261
128348
128594
128862
128931
128943
129082
129674
129724
129726
129792
129968
130173
130192
130285
130316
130504
130587
130742
130752
130845
130850
130933
131035
131112
131120
131212
131214
131233
131242
131387
131478
131547
131885
131910
132026
132048
132156
132366
132368
132657
132697
132725
132739
132812
132845
132882
133160
133221
133244
133269
133287
133354
133405
133438
133480
133553
133638
133641
134045
134084
134313
134314
134467
134589
134708
134785
134873
134880
134957
135286
135564
135919
136077
136088
136245
136253
136333
136703
136886
136940
137120
137167
137223
137242
137355
137383
137668
137772
137841
137870
137984
138003
138042
138342
138548
138603
138718
138772
138777
139106
139157
139192
139243
139455
139836
140005
140327
140420
140601
140766
140786
140843
140870
141044
141128
141199
141414
141443
141747
141777
141842
141921
142094
142372
142538
142732
142755
142776
143132
143156
143382
143383
143494
143558
143600
143614
144109
144176
144290
144356
144409
144414
144496
144610
145046
145184
145259
145261
145468
145507
145631
145672
145758
145867
146164
146252
146359
146388
146433
146519
146604
146817
146957
147024
147170
147289
147316
147411
147454
147542
147546
147587
147647
147761
147776
148048
148192
148224
148285
148339
148442
148454
148475
148599
148605
148827
148870
148876
149154
149293
149501
149907
149972
150200
150440
150616
150781
151041
151105
151189
151278
151323
151386
151442
151548
151641
151745
151841
151843
152042
152078
152085
152369
152423
152708
152836
153155
153289
153534
153630
153918
153957
153976
154089
154157
154203
154327
154392
154421
154434
154531
154559
154595
154635
154754
154911
155011
155078
155088
155092
155243
155331
155424
155664
155774
155923
155953
156123
156213
156987
157172
157175
157204
157231
157285
157350
157431
157593
157722
158004
158106
158132
158272
158310
158444
158583
158679
158950
159345
159919
160225
160286
160437
160642
160704
160815
161140
161195
161241
161252
161490
161494
161742
161748
161755
162045
162117
162263
162282
162414
162606
162852
162870
162886
162904
163191
163424
163503
163579
163703
163717
163720
163848
164276
164447
164662
164782
164827
164930
165002
165107
165328
165332
165440
165552
165601
165697
165806
165819
166055
166447
166498
166506
166666
166816
166926
166934
166953
167691
167816
168393
168395
168416
168546
168775
168838
168916
169108
169460
169496
169503
169608
169681
169783
170029
170075
170260
170429
170440
170611
170668
170678
171072
171162
171175
171294
171486
171546
172166
172235
172479
172558
172854
173003
173046
173277
173367
173375
173473
173609
173923
173994
174040
174071
174356
174382
174637
174858
175219
175220
175304
175565
175582
175652
175746
175812
175952
175958
176009
176064
176080
176141
176178
176336
176372
176520
176596
176774
176806
176837
176880
176931
176983
177007
177203
177398
177510
177530
177595
177622
177694
177878
178045
178307
178388
178462
178638
178650
178952
179204
179345
179364
179446
179732
179919
180064
180065
180101
180163
180189
180196
180495
180538
180814
181026
181060
181117
181254
181693
181729
181840
182075
182603
182854
183087
183529
183622
183720
184022
184029
184095
184119
184190
184222
184384
184434
184688
184690
185733
185735
185876
186253
186362
186730
187011
187211
187237
187306
187353
187502
187906
188008
188026
188354
188504
188618
188794
188841
189667
189791
189865
190233
190356
190416
190545
190638
191368
191381
191852
192527
192731
192772
193273
193329
193346
193392
193602
193880
194283
194521
195154
195419
195655
195687
195701
195734
196097
196302
196337
197002
197089
197235
197287
197518
197542
197641
197798
198085
198143
198622
198869
198896
198960
198970
199167
199238
199366
199412
199462
200035
200183
200254
200464
200492
200572
201310
201323
201350
201459
201627
201688
201895
202228
202369
202575
202739
202833
203015
203241
203621
203673
203681
203869
204288
204438
204596
204815
204952
205172
205214
205273
205474
205646
206000
206166
206264
206466
206473
206510
206958
207011
207266
207360
207809
208022
208449
208625
208815
208845
209069
209228
209598
209649
209733
209758
209804
209890
209897
209991
210264
210534
210564
210747
210784
210802
210870
211019
211091
211243
211769
211919
212073
212853
213933
214301
214398
214422
214457
214625
214677
215352
215366
215496
215696
215831
216019
216431
216814
216958
217077
217087
217206
217339
217479
217756
217879
218049
218457
218647
219301
219798
219932
219994
220277
220344
220427
220485
220707
220782
220805
221131
221283
221689
221924
222011
222199
222230
222756
223036
223114
223309
223349
223366
223779
223824
223987
224048
224062
224127
224705
224745
224765
225451
225845
225940
226254
226942
227051
227145
227266
227294
227342
227781
227804
227867
228519
228790
228859
228929
229495
229667
230328
230354
230567
230652
230669
230713
230792
230900
230971
231031
231071
231266
231478
231623
232284
232877
232955
233624
234684
235063
235297
235589
235591
235795
235827
236021
236094
236315
237005
237130
237475
237635
237979
238082
238112
238143
238242
238352
238416
238515
238527
238621
239527
239825
240006
240086
240133
240364
240474
240568
240696
240910
240948
240966
240975
241694
241955
242437
242451
243269
243442
243706
243797
243841
244010
244028
244357
244446
244740
245337
245339
246119
246259
246302
246580
246630
246857
246991
247304
247320
247473
247647
247759
248120
248547
249119
249818
249990
250165
250699
250887
250918
250984
251193
251210
251837
251907
251912
252093
253181
253801
254185
254514
254625
254663
255276
255389
255811
255934
256297
256311
256604
256910
256916
257156
257187
257829
258547
258592
258711
258781
258843
259068
259437
259694
260598
260818
260892
261005
261065
261244
261403
261497
261795
261955
262092
262880
263328
263526
263617
263903
264422
264631
264904
265131
265462
265760
266129
266391
266593
266794
267182
267242
267257
267471
267752
268012
268155
268223
268536
268695
269682
269726
270347
270442
270725
270884
271007
272105
272764
273101
274710
274716
274974
275140
275375
275663
276015
276179
276589
276997
277000
277412
277525
277859
277931
278062
279119
280602
281850
281962
282273
282431
282551
282814
282849
283314
283481
283922
283995
284033
284706
284721
284922
285365
285369
286254
286266
286659
286718
286818
287029
287205
287226
287441
287447
287554
287929
288629
290349
290623
290694
290859
290873
290946
291135
291748
292933
293293
293566
293832
293839
294884
295155
295674
296447
296865
297675
297889
298016
299123
299617
300107
300868
301955
302289
304260
304595
304717
305053
306000
306499
306544
306892
308295
308666
309088
309471
310441
311018
311854
312303
312991
315575
315695
316715
317508
317746
317842
317936
318305
319884
320063
320778
321640
321987
323144
323839
324831
325880
328569
329584
329719
330378
330425
330796
332559
332731
333064
334120
336187
336940
339321
340368
341507
341965
342372
342418
344701
345042
345926
347357
347379
347494
348821
350943
351355
351453
352474
353700
353998
355569
356336
357234
358777
362102
362444
363523
363527
363685
364315
367202
367425
368569
370689
370755
376849
377322
379916
381776
381948
382338
382446
384687
385541
386513
386514
388774
389792
390131
392197
392458
393783
401790
402322
404909
405146
405447
406086
407344
410775
413381
414121
416170
417264
418115
420380
420689
420773
421587
422027
423559
426938
432035
438597
439035
441607
442581
450484
450816
451389
460360
461850
473302
480836
484265
489879
496570
496884
497774
510584
510652
511666
515114
530094
537898
544859
553488
556063
571001
630923
