0
0
52
144
165
171
186
381
462
471
549
659
661
714
716
774
795
917
921
938
954
1093
1122
1169
1196
1254
1285
1312
1314
1349
1477
1541
1570
1576
1588
1612
1627
1659
1700
1757
1820
1824
1856
1906
1980
1987
2050
2073
2118
2129
2151
2157
2209
2225
2233
2244
2273
2345
2369
2419
2458
2527
2604
2633
2648
2827
2859
2884
2951
3151
3210
3216
3229
3241
3246
3348
3404
3479
3583
3591
3643
3677
3702
3755
3872
3898
3912
3980
4059
4069
4077
4198
4252
4264
4302
4325
4363
4398
4502
4515
4517
4618
4621
4622
4652
4667
4776
4960
4994
5073
5078
5178
5204
5220
5227
5229
5282
5364
5394
5449
5559
5629
5654
5700
5771
5775
5801
6201
6212
6267
6299
6334
6344
6420
6528
6593
6701
6760
6818
6825
6842
6854
6979
7084
7095
7141
7176
7183
7460
7469
7471
7541
7550
7567
7616
7622
7624
7642
7698
7728
7981
7997
8120
8127
8139
8214
8215
8248
8352
8368
8372
8386
8532
8557
8596
8601
8628
8723
8793
8828
8856
8903
8931
8966
9000
9044
9092
9109
9305
9343
9343
9416
9423
9445
9494
9564
9566
9608
9655
9661
9664
9667
9697
9718
9722
9730
9786
9833
9870
9923
9932
10006
10007
10025
10096
10108
10171
10172
10323
10362
10397
10471
10571
10583
10599
10608
10634
10637
10661
10675
10700
10707
10739
10742
10772
10797
10810
10877
10902
10924
11001
11108
11176
11266
11273
11283
11332
11437
11517
11599
11691
11715
11772
11869
11901
11906
11921
11955
11996
11997
12043
12083
12138
12184
12208
12225
12388
12395
12433
12520
12557
12626
12688
12702
12746
12768
12770
12809
12824
12827
12995
13069
13096
13342
13426
13489
13510
13534
13612
13623
13632
13635
13660
13708
13710
13773
13843
13860
13892
13892
13931
13948
13981
14058
14071
14143
14150
14170
14203
14220
14251
14266
14271
14278
14308
14337
14343
14439
14463
14486
14558
14594
14601
14666
14669
14670
14688
14744
14844
14845
14850
14912
14947
14953
15047
15063
15105
15107
15195
15240
15309
15328
15410
15412
15418
15467
15472
15487
15546
15559
15673
15863
15869
15918
15996
16002
16043
16084
16116
16246
16288
16293
16329
16365
16386
16410
16421
16432
16498
16507
16574
16606
16687
16688
16694
16727
16736
16830
16927
16946
17073
17142
17258
17270
17319
17345
17354
17370
17384
17462
17520
17522
17547
17560
17666
17692
17839
18035
18041
18045
18141
18244
18261
18334
18337
18453
18580
18662
18680
18700
18760
18782
18811
18925
18935
18978
19026
19176
19220
19264
19371
19421
19440
19508
19583
19596
19599
19685
19715
19719
19728
19888
19921
19941
19985
20010
20069
20098
20264
20293
20336
20391
20413
20486
20587
20637
20645
20646
20648
20658
20697
20829
20857
20917
21022
21069
21153
21155
21170
21220
21232
21246
21325
21343
21383
21426
21506
21510
21544
21627
21679
21765
21772
21817
21863
22002
22066
22088
22213
22222
22269
22270
22285
22332
22344
22350
22359
22360
22385
22427
22528
22595
22630
22696
22730
22871
22890
22910
23027
23068
23078
23094
23097
23113
23129
23144
23176
23292
23356
23404
23547
23557
23590
23636
23707
23712
23717
23796
23805
23832
23858
23868
23902
23963
23973
23987
24008
24024
24038
24117
24151
24187
24285
24367
24400
24409
24473
24489
24496
24497
24510
24625
24699
24730
24733
24809
24821
24894
24924
24985
24995
25028
25066
25246
25249
25253
25322
25455
25502
25586
25624
25643
25749
25819
25867
25911
25918
25928
26014
26021
26094
26329
26361
26362
26364
26371
26468
26493
26514
26522
26541
26599
26605
26653
26678
26729
26753
26766
26861
26862
26878
26899
26998
27120
27164
27220
27277
27302
27302
27445
27449
27554
27637
27648
27700
27763
27788
27794
27856
27923
27968
27997
28005
28027
28215
28220
28244
28289
28289
28583
28626
28669
28688
28713
28779
28855
28860
28866
28889
28914
28927
28951
28988
29050
29079
29087
29154
29196
29219
29226
29249
29251
29253
29267
29340
29340
29365
29372
29466
29521
29555
29584
29636
29715
29733
29774
29818
29841
30033
30112
30209
30210
30217
30299
30343
30393
30453
30478
30579
30612
30675
30681
30788
30832
30867
31080
31093
31103
31179
31282
31304
31425
31516
31553
31582
31657
31673
31719
31761
31853
31943
31997
32175
32224
32262
32335
32354
32383
32410
32424
32447
32505
32548
32565
32589
32645
32661
32685
32782
32785
32821
32886
32890
32928
32967
33031
33047
33080
33219
33263
33275
33289
33303
33333
33445
33502
33535
33561
33575
33596
33662
33674
33683
33750
33838
33865
33880
33898
33918
33997
34075
34109
34233
34319
34336
34356
34395
34415
34454
34460
34535
34539
34668
34761
34764
34773
34773
34915
34961
35043
35085
35121
35196
35279
35300
35309
35345
35432
35467
35610
35632
35635
35754
35755
35856
35861
35958
36033
36148
36200
36210
36215
36241
36250
36272
36283
36290
36326
36348
36398
36399
36418
36429
36435
36457
36510
36641
36750
36777
36833
36882
37032
37045
37046
37070
37076
37109
37254
37280
37339
37411
37470
37526
37566
37607
37688
37716
37750
37802
37807
37909
37985
38032
38102
38122
38151
38161
38321
38378
38514
38529
38573
38628
38639
38750
38781
38786
38832
38833
38863
38864
38924
39010
39019
39085
39092
39195
39232
39259
39260
39415
39418
39453
39495
39530
39682
39685
39786
39856
39869
40021
40075
40101
40146
40171
40212
40213
40268
40349
40395
40409
40433
40499
40529
40558
40621
40657
40690
40693
40804
40821
40871
40892
40945
40979
41075
41208
41355
41406
41451
41494
41510
41576
41728
41740
41773
41875
41932
41962
41964
41979
42111
42123
42187
42194
42204
42207
42273
42296
42350
42388
42397
42420
42452
42481
42546
42547
42556
42659
42742
42744
42808
42826
42876
42897
42917
43010
43011
43121
43185
43227
43267
43294
43315
43329
43389
43442
43480
43653
43676
43732
43750
43808
43836
43865
43909
43967
43988
44004
44039
44082
44085
44139
44220
44304
44526
44526
44562
44584
44609
44623
44643
44659
44681
44734
44820
44825
44882
44995
45074
45091
45139
45158
45248
45269
45273
45438
45476
45521
45592
45705
45737
45772
45836
45847
45898
45913
45927
45942
45943
46054
46193
46212
46231
46262
46264
46365
46425
46427
46485
46504
46521
46572
46594
46612
46710
46729
46771
46775
46787
46841
46868
46991
47035
47127
47184
47189
47326
47342
47350
47404
47411
47421
47540
47675
47733
47761
47830
47835
47848
47848
47875
47972
48015
48155
48163
48166
48324
48417
48484
48488
48523
48677
48777
48797
48824
48879
48922
48977
48987
48998
49040
49157
49171
49184
49218
49336
49355
49413
49426
49508
49574
49618
49634
49636
49673
49688
49711
49767
49957
49974
50102
50151
50225
50276
50305
50361
50410
50498
50527
50878
50879
50911
50937
50966
51133
51170
51286
51293
51324
51405
51428
51437
51511
51607
51647
51658
51711
51820
51962
51967
52105
52132
52167
52317
52396
52495
52617
52647
52796
52808
52829
52843
52861
52906
53016
53042
53068
53097
53138
53283
53348
53376
53439
53585
53593
53615
53649
53661
53763
53836
53947
54023
54040
54142
54229
54236
54266
54335
54424
54449
54481
54524
54591
54606
54681
54868
54936
54943
54964
55087
55125
55236
55236
55284
55322
55332
55474
55622
55632
55671
55743
55743
55768
55848
55879
55899
56081
56143
56160
56174
56196
56376
56441
56629
56776
56825
57116
57181
57210
57466
57552
57560
57730
57797
57807
57833
57905
57950
58004
58126
58139
58171
58200
58203
58309
58330
58351
58366
58460
58528
58539
58558
58677
58685
58895
58964
58995
59060
59060
59086
59089
59100
59161
59188
59226
59263
59387
59410
59550
59620
59641
59660
59814
59953
60008
60014
60107
60195
60247
60294
60383
60396
60437
60439
60500
60515
60585
60590
60858
60948
60964
60966
61021
61101
61106
61143
61173
61173
61246
61254
61268
61277
61326
61342
61418
61518
61520
61521
61639
61811
61873
61896
61914
61937
61978
61995
62002
62066
62146
62157
62252
62264
62288
62327
62384
62395
62415
62426
62449
62501
62513
62541
62566
62594
62596
62624
62683
63073
63081
63113
63151
63162
63163
63196
63214
63221
63243
63349
63436
63523
63567
63656
63751
63784
63788
63865
63914
63922
63992
64002
64083
64085
64107
64119
64167
64224
64232
64275
64387
64411
64443
64565
64588
64732
64817
64838
65014
65019
65029
65090
65140
65199
65386
65466
65482
65491
65525
65621
65643
65653
65662
65714
65735
65737
65859
66075
66103
66188
66231
66352
66427
66432
66446
66516
66700
66730
66732
66746
66787
66820
66832
66837
66868
66896
66911
66950
66982
67059
67074
67169
67174
67211
67235
67240
67312
67364
67398
67466
67605
67687
67696
67731
67775
67785
67816
67841
67865
67923
68132
68177
68278
68288
68314
68334
68367
68368
68475
68503
68562
68667
68794
68815
68843
68873
68909
68927
68959
68970
68976
68982
69047
69082
69136
69137
69352
69365
69395
69468
69470
69536
69583
69699
69768
69935
70198
70310
70315
70341
70358
70370
70470
70501
70516
70592
70714
70798
70897
70919
71036
71056
71088
71100
71231
71254
71372
71419
71546
71600
71612
71612
71654
71663
71766
71773
71773
71787
71892
71896
71925
71994
72086
72127
72160
72220
72372
72391
72461
72492
72559
72598
72598
72600
72645
72735
72759
72772
72804
72931
73042
73084
73193
73212
73338
73616
73623
73773
73782
73797
73850
73922
73925
73943
73955
74012
74073
74092
74124
74126
74139
74161
74398
74527
74540
74575
74613
74660
74738
74748
74758
74767
74777
74959
75028
75059
75083
75086
75176
75233
75258
75292
75305
75380
75515
75645
75703
75903
75906
75934
75959
75983
76009
76163
76163
76191
76225
76264
76289
76358
76375
76394
76502
76517
76655
76742
76762
76776
76792
76811
76860
77087
77120
77200
77210
77303
77370
77445
77490
77634
77682
77812
77871
77901
77905
77955
78062
78088
78088
78092
78182
78196
78385
78452
78600
78636
78650
78703
78812
78914
78989
78993
79037
79047
79144
79207
79247
79454
79454
79499
79539
79660
79680
79768
79777
79779
80017
80043
80082
80124
80127
80144
80250
80336
80485
80750
80786
80823
80875
80925
80961
80992
81123
81126
81147
81297
81373
81434
81460
81533
81545
81588
81590
81763
81770
81787
82008
82123
82150
82216
82266
82338
82415
82479
82516
82612
82662
82692
82722
82723
82744
82790
82797
82828
82907
82983
83008
83207
83249
83270
83357
83477
83563
83589
83609
83650
83673
83792
83856
83877
83904
83925
83952
84049
84069
84079
84241
84388
84439
84509
84516
84529
84552
84593
84682
84815
84884
84893
84914
85021
85055
85099
85225
85331
85433
85519
85580
85744
85786
85842
85845
85895
85937
86013
86021
86041
86051
86059
86115
86120
86130
86139
86171
86200
86270
86342
86385
86602
86677
86792
86908
86966
87157
87170
87189
87326
87371
87381
87391
87591
87599
87615
87641
87668
87683
87748
87771
87804
87812
87812
87849
87928
87944
87954
88023
88038
88071
88120
88137
88189
88209
88374
88542
88620
88662
88724
88819
88852
88924
88934
89123
89142
89151
89166
89220
89286
89784
89816
89824
90005
90134
90203
90313
90325
90411
90433
90493
90553
90571
90612
90618
90677
90738
90786
90818
90843
90917
90926
90928
91090
91101
91103
91108
91120
91159
91163
91163
91186
91299
91401
91582
91606
91637
91665
91836
91866
91867
91937
91997
92011
92132
92138
92153
92161
92182
92339
92412
92482
92531
92707
92893
92910
92920
92957
92984
93176
93228
93372
93377
93415
93449
93548
93571
93639
93644
93661
93700
93774
93829
93872
93892
93928
93933
93986
94112
94115
94229
94239
94244
94312
94384
94393
94404
94410
94517
94672
94786
95063
95086
95201
95266
95377
95422
95516
95525
95533
95629
95728
95807
95815
95827
95944
95970
96174
96343
96364
96567
96581
96599
96650
96692
96728
96744
96877
96916
96926
96938
97054
97055
97081
97130
97133
97217
97221
97260
97275
97284
97328
97467
97636
97862
97900
97933
98150
98271
98379
98405
98455
98575
98670
98893
98908
98917
98918
98940
98971
98973
99045
99055
99111
99165
99230
99280
99341
99431
99658
99688
99829
99834
99862
99898
99908
100030
100125
100128
100133
100170
100187
100277
100327
100334
100404
100408
100452
100464
100464
100468
100655
100656
100856
100874
100927
100980
101106
101134
101218
101223
101249
101263
101330
101423
101499
101545
101624
101654
101692
101788
101823
101851
101944
102007
102063
102082
102086
102135
102230
102291
102371
102443
102501
102503
102914
103081
103088
103093
103254
103324
103584
103613
103638
103640
103755
103815
103852
103855
103914
103919
104021
104052
104110
104352
104395
104503
104608
104625
104668
104678
104723
104813
104817
104929
104935
104998
105003
105065
105116
105217
105237
105252
105526
105529
105546
105592
105601
105603
105913
106017
106097
106210
106220
106263
106363
106453
106461
106500
106595
106597
106768
106985
106993
107049
107284
107317
107548
107644
107705
107722
107842
107863
107916
107919
107951
107975
108090
108267
108458
108506
108549
108597
108609
108912
108998
109049
109152
109157
109238
109366
109491
109573
109669
109783
109832
109833
109844
109892
109991
110055
110115
110116
110237
110283
110340
110509
110539
110605
110611
110919
110920
110944
111143
111153
111273
111301
111411
111416
111429
111521
111635
111916
111917
111932
111958
112303
112416
112420
112511
112738
112881
112922
112927
112971
113024
113032
113105
113203
113204
113267
113575
113591
113610
113618
113640
113670
113713
113717
113791
113804
113939
113971
114001
114007
114116
114157
114239
114270
114402
114497
114528
114547
114658
114667
114711
114749
114789
114908
114925
114983
115051
115055
115267
115711
115750
115962
116087
116190
116400
116595
116651
116669
116774
116775
116846
116934
116938
117098
117134
117160
117287
117296
117334
117391
117445
117470
117489
117501
117732
117917
117952
118141
118150
118256
118311
118404
118413
118475
118612
118775
118855
118957
118975
119064
119188
119202
119253
119408
119602
119682
119729
119751
119764
119782
119806
120024
120073
120121
120138
120209
120216
120267
120280
120291
120316
120405
120498
120520
120696
120780
120934
121162
121266
121441
121507
121565
121727
121747
121772
121811
121874
121892
121952
121966
122003
122059
122089
122108
122138
122149
122162
122324
122436
122540
122559
122648
122850
123031
123592
123656
123685
123735
123749
123758
123800
123833
124001
124098
124326
124360
124454
124502
124660
124702
124765
124779
124806
124855
124878
124916
124952
124985
125019
125107
125133
125142
125149
125151
125160
125256
125338
125553
125623
125703
125739
125744
125851
125901
126119
126303
126337
126372
126515
126615
126621
126807
126876
126924
127010
127024
127072
127100
127101
127152
127177
127215
127329
127362
127383
127384
127398
127399
127425
127458
127489
127635
127654
127664
127672
127732
127815
127885
127952
127987
128083
128083
128119
128197
128211
128326
128344
128349
128436
128440
128458
128748
128794
128875
129057
129166
129368
129572
129869
130069
130074
130321
130562
130576
130632
130642
130676
130717
130782
130809
130860
131007
131039
131147
131156
131178
131188
131190
131231
131311
131452
131495
131515
131588
131656
131683
131820
131837
131856
131889
131897
131911
131991
132015
132068
132088
132088
132194
132200
132322
132384
132565
132565
132594
132692
132789
132969
132993
133003
133014
133150
133169
133236
133281
133335
133358
133459
133545
133557
133582
133699
133781
134089
134126
134151
134163
134235
134362
134378
134506
134641
134764
134903
134976
135010
135111
135398
135407
135421
135543
135553
135590
135712
135756
135791
135819
135859
135897
135908
136008
136332
136446
136606
136670
136700
136863
136933
136961
137129
137140
137228
137354
137393
137671
137759
137903
137960
137964
138046
138096
138137
138191
138202
138405
138550
138572
138674
139092
139132
139359
139395
139447
139517
139568
139594
139597
139643
139660
139718
140084
140186
140234
140284
140364
140420
140432
140483
140537
140695
140842
140910
141094
141148
141168
141313
141343
141394
141403
141417
141437
141493
141535
141563
141565
141738
141743
141946
141960
142027
142042
142068
142201
142227
142293
142484
142579
142781
143273
143279
143463
143479
143586
143665
143745
143792
143907
143986
144010
144075
144155
144212
144215
144234
144378
144661
144820
144909
144931
145056
145294
145311
145417
145477
145482
145635
145722
145836
146118
146199
146251
146253
146314
146424
146636
146825
146882
146930
147005
147187
147312
147325
147376
147540
147563
147606
147626
147654
147769
147778
147854
147995
148067
148104
148150
148175
148236
148271
148326
148407
148409
148697
148925
148977
149227
149254
149349
149388
149502
149723
149836
149928
149938
149980
149995
150048
150158
150172
150191
150301
150319
150339
150684
150714
150734
150784
150790
150862
150954
151016
151073
151086
151098
151132
151137
151257
151300
151359
151451
151453
151509
151551
151599
151633
151635
151669
151676
151686
151688
152070
152200
152338
152435
152482
152501
152548
152567
152823
152828
152829
152948
152964
153268
153295
153456
153923
153924
153993
154066
154209
154234
154482
154517
154634
154657
154753
154918
155043
155133
155468
155569
155635
155766
155897
155903
155984
156109
156250
156265
156274
156295
156392
156462
156522
156635
156670
156763
156865
156932
157031
157036
157036
157055
157372
157488
157527
157558
157563
157581
157689
157836
157854
158017
158068
158126
158142
158257
158375
158437
158524
158752
158819
159122
159210
159214
159328
159339
159356
159499
159642
159706
159749
160092
160138
160231
160274
160286
160318
160496
160548
160571
160579
160598
160677
160788
160898
160902
161321
161322
161332
161339
161350
161404
161586
161634
161634
161652
161713
161927
161980
162182
162199
162339
162366
162368
162767
162957
163139
163172
163342
163598
163673
163813
163826
164011
164068
164090
164099
164159
164209
164268
164533
164708
164717
165266
165333
165344
165508
165600
165686
165716
165737
165773
165821
165987
166031
166080
166317
166380
166437
166611
166617
166680
166738
166764
166817
167015
167056
167144
167188
167253
167270
167380
167558
167581
167679
168012
168073
168107
168131
168499
168517
168522
168562
168652
168697
168759
168760
168762
168862
169023
169085
169526
169677
169811
169880
170065
170091
170103
170146
170615
170623
170640
170959
170971
170983
171255
171379
171432
171441
171552
171631
171707
171808
172099
172259
172324
172415
172483
172614
173121
173347
173439
173469
173471
173565
173759
173833
173838
173891
173908
173982
173983
174115
174201
174496
174566
174676
174819
175049
175349
175457
175724
176163
176287
176374
176589
176818
176836
176837
176990
177087
177159
177165
177281
177365
177414
177457
177580
177650
177658
177683
177736
177737
177818
178141
178163
178589
178609
178636
178699
178790
178854
179037
179113
179188
179406
179812
179907
180139
180199
180231
180293
180356
180479
180501
180552
180682
180726
180875
181041
181075
181229
181240
181247
181338
181589
181637
181878
181897
181915
181921
182026
182057
182073
182357
182413
182609
182642
182658
182996
183149
183295
183310
183645
183664
183845
183904
183924
183963
184008
184016
184200
184219
184262
184273
184466
184559
184713
185024
185178
185350
185468
185523
185530
185617
185734
185897
186064
186179
186210
186456
186458
186578
186621
186783
186792
187170
187187
187406
187518
187606
187625
187651
187738
187776
187851
188086
188126
188181
188227
188372
188421
188575
189154
189218
189400
189468
189811
189974
190074
190095
190227
190255
190303
190308
190321
190416
190477
190538
190543
190565
190592
190637
190650
190731
190771
191024
191077
191145
191226
191244
191565
191596
191630
191812
192008
192072
192086
192155
192365
192445
192757
192994
193041
193705
193764
193830
194247
194345
194406
194430
194530
194608
194654
194720
194834
194918
194958
195076
195104
195442
195960
196080
196097
196370
196769
196895
197081
197245
197277
197860
197917
197924
198082
198260
198367
198497
198662
198680
198727
198872
199144
199158
199278
199549
199630
199745
199836
200095
200357
200442
200542
200604
200608
200727
201111
201234
201309
201527
201805
201849
201870
201900
202064
202171
202345
202559
202879
203482
203504
203775
203776
203779
204106
204529
204830
204951
204959
205049
205051
205329
205341
205637
205734
205771
206051
206203
206218
206575
206599
206622
206644
206680
206793
206805
206829
206856
206987
207062
207291
207316
207451
207677
207764
208073
208258
208340
208655
208798
209076
209127
209241
209322
210070
210162
210238
210255
210336
210437
210481
210574
210677
210966
211159
211286
211359
211536
211771
211790
212113
212243
212483
212548
213151
213216
213256
213280
213285
213377
213585
213651
213892
214051
214100
214241
214272
214513
214545
214821
215019
215211
215324
215338
215404
215594
215716
215831
215850
215981
215993
216230
216559
216587
216698
216787
216885
216921
216989
217197
217354
218290
218394
218502
218547
218574
218585
218818
218990
219399
219441
219973
220046
220101
220410
220499
220577
220986
221178
221219
221270
221586
221681
221921
222569
222812
222934
223019
223171
223213
223271
223346
223353
223489
223495
223499
223501
223585
223914
224028
224210
224313
225615
225887
225947
225986
226109
226217
226458
226475
226886
226940
227064
227246
227317
227442
227648
227786
227834
228148
228156
228940
229028
229223
229268
229281
229293
229805
230225
230298
230345
230635
230762
231364
231378
231479
231482
231800
232229
232740
232969
233307
233591
233865
233869
233915
233921
234157
234161
234272
234306
234471
234602
234637
234733
235042
235210
235228
235268
235298
235515
235758
236484
236917
236961
237237
237334
237435
237622
237622
237655
237924
238060
238460
238975
238988
239109
239555
239560
239625
239808
239883
239970
240240
240294
240295
240366
240366
240491
240594
240776
240782
241038
241355
242306
242367
242415
242607
242623
242737
242806
243631
243757
243906
243964
244019
244174
244206
244247
244266
244576
244739
245248
245475
245569
245687
245733
245792
246194
246316
246471
246488
246515
246645
247435
247574
247872
248003
248253
248335
248542
248734
248792
249012
249016
249551
249781
250051
250499
250653
250777
250797
250838
250953
251212
251246
251830
252026
252186
252332
252408
252781
252820
253153
253783
253869
254539
254920
254979
255016
255082
255319
255523
255800
255851
256279
256680
256715
258142
258472
258534
258591
258639
258654
258942
259283
259393
259456
259877
260285
260302
260704
261001
261076
261093
261339
261437
261708
261910
262161
262170
262848
263080
263104
264093
264509
264538
264549
264648
264867
265071
265639
265938
266582
266633
266707
266776
266925
267205
267469
267508
267612
267743
267879
268289
268496
268916
268934
269000
269030
269111
269578
269804
269835
269866
269983
270395
270426
270532
271206
271219
271494
272118
272152
272735
273053
273516
273818
273902
274004
274326
274440
274713
274929
275399
275510
275680
275897
276818
277055
277291
277303
277812
278080
278160
278170
278611
278935
279232
279312
279486
279493
279589
279744
280084
280756
280826
281494
282144
282571
283238
283953
284085
284131
284165
284217
284309
284392
284406
284879
285171
285432
285433
285577
285690
285766
286418
286592
286640
286709
287531
289078
289208
289286
289900
290055
290353
290729
290894
291095
291263
291320
291729
292142
292467
292631
292912
293170
293249
293334
293361
293569
294684
295287
295862
296248
296397
296644
296699
296882
297210
297748
298601
298827
298973
299162
300356
300363
300465
300521
300624
300637
300944
301169
301895
302221
302515
302654
302911
303033
303503
303976
304043
304243
304430
304740
304744
305180
305228
305234
305596
305997
306604
306705
306992
307303
307335
307413
308198
308812
309096
309648
310308
311527
312974
313227
314486
314576
315651
315852
316125
316258
316574
317605
317996
318038
318265
320626
321320
321401
321964
323005
324066
324529
325278
325873
325983
326018
326213
326889
327195
327431
328470
328539
328979
329103
329500
329594
329974
330043
330146
330551
330722
330756
331067
331352
331753
331761
331813
331861
332845
332877
333580
334142
334326
334560
334763
334778
336323
336354
336572
336710
338375
338544
338996
339685
339756
339924
340408
341134
341184
341252
341424
341504
342283
343500
343555
345578
345897
346033
346131
346148
346650
346735
347515
347761
347983
348226
348813
350324
350819
351411
352218
352335
353412
354160
355679
355719
356827
357348
358154
359597
360060
360780
360986
361321
361655
362517
364502
365059
368754
369634
370288
371384
372032
372053
372399
372983
373354
374793
374819
375949
377136
378380
381001
382961
383115
383770
384239
385319
386225
386439
386730
387229
387503
389077
389141
389275
390371
390708
390864
391626
392512
392838
393378
393396
394098
394895
397269
398638
398793
398812
398986
401659
402526
402921
403857
404340
404632
405038
405043
409144
412348
412724
415266
416102
416672
417448
417573
417606
417667
418668
418778
418900
419457
420005
422385
423715
424030
425510
427051
428241
430472
430581
431507
432475
433233
434884
436325
437009
439158
442069
442600
443855
444852
445177
448507
448726
452314
452690
461503
462467
463321
470692
473428
473582
477533
491288
493429
493616
497319
504841
506591
511513
512929
513188
528641
540183
562623
572353
587287
