0
0
15
24
41
72
99
150
172
174
313
321
414
437
447
453
469
471
557
582
593
769
829
916
922
1065
1118
1184
1192
1219
1235
1289
1294
1320
1353
1442
1529
1619
1677
1833
1881
1929
1956
2004
2069
2078
2106
2308
2350
2362
2373
2474
2501
2590
2606
2669
2717
2752
2802
2815
2821
2943
3023
3091
3096
3173
3289
3322
3365
3420
3611
3647
3708
3779
3832
3898
3995
4049
4072
4083
4103
4109
4111
4131
4155
4188
4221
4245
4285
4317
4362
4414
4451
4473
4498
4536
4550
4596
4775
4781
4919
4978
5001
5100
5135
5215
5264
5325
5367
5409
5423
5467
5489
5505
5559
5579
5610
5660
5822
5925
5980
5987
6082
6216
6320
6428
6508
6569
6618
6623
6634
6644
6730
6744
6871
6990
6996
7010
7095
7178
7407
7426
7473
7535
7549
7578
7797
7799
8049
8169
8190
8355
8373
8381
8391
8407
8464
8487
8511
8537
8647
8722
8824
8826
8849
8857
8921
8944
8974
8999
9046
9079
9152
9167
9208
9235
9441
9468
9471
9583
9698
9710
9712
9723
9771
9830
9905
9910
9954
10024
10056
10105
10155
10178
10270
10287
10305
10308
10319
10369
10379
10388
10447
10463
10513
10759
10765
10783
10892
10896
10905
10970
10980
11114
11179
11230
11237
11293
11332
11374
11381
11398
11449
11489
11604
11630
11681
11690
11727
11778
11799
11864
11924
11939
12114
12129
12167
12211
12215
12263
12502
12515
12536
12563
12608
12614
12684
12741
12804
12812
12813
12881
12944
12993
13036
13115
13317
13435
13436
13515
13524
13541
13571
13582
13664
13665
13678
13740
13772
13806
13861
13902
14012
14029
14044
14111
14133
14176
14223
14257
14305
14343
14466
14575
14584
14596
14619
14693
14720
14783
14820
14846
14862
14891
14893
14929
14939
14961
14965
14984
15059
15109
15124
15139
15142
15267
15313
15344
15353
15420
15493
15526
15594
15617
15748
15923
15947
15956
15959
15976
15996
16213
16282
16309
16320
16388
16395
16405
16477
16565
16572
16698
16712
16752
16757
16785
16896
16915
17028
17086
17185
17206
17212
17341
17354
17390
17461
17604
17623
17642
17723
17779
17793
17846
17851
17865
17903
17933
17982
17984
18058
18172
18190
18225
18232
18435
18458
18479
18536
18549
18588
18824
18849
18852
19008
19026
19075
19082
19099
19315
19399
19426
19659
19683
19770
19772
19854
19909
19950
19974
20016
20021
20075
20126
20131
20144
20292
20329
20357
20361
20414
20541
20572
20628
20667
20858
20911
21100
21106
21107
21259
21326
21442
21577
21633
21732
21783
21906
21993
21995
22071
22153
22157
22226
22227
22319
22372
22405
22459
22497
22511
22572
22613
22711
22844
22896
22937
22945
22987
23004
23010
23079
23127
23159
23176
23196
23211
23266
23283
23294
23325
23410
23430
23467
23499
23502
23535
23625
23663
23729
23795
23945
24093
24109
24132
24228
24317
24318
24366
24377
24578
24595
24646
24712
24767
24789
24809
24962
24991
24992
25005
25016
25044
25086
25120
25256
25333
25374
25619
25627
25645
25661
25665
25734
25755
25896
25925
26013
26201
26271
26320
26534
26623
26676
26692
26749
26900
27061
27080
27102
27102
27128
27152
27195
27258
27283
27380
27448
27453
27636
27870
27913
28020
28057
28104
28108
28117
28138
28166
28251
28267
28297
28381
28393
28423
28471
28541
28542
28571
28584
28717
28725
28775
28939
28966
29074
29175
29196
29223
29228
29317
29407
29552
29586
29626
29690
29746
29836
29844
29854
29906
29972
30096
30191
30278
30374
30402
30420
30421
30465
30562
30577
30685
30692
30903
30913
30928
30941
30992
31050
31084
31112
31143
31146
31176
31206
31291
31332
31351
31365
31412
31457
31608
31784
31862
31961
31983
32015
32109
32110
32113
32240
32271
32300
32337
32357
32405
32437
32460
32510
32520
32541
32590
32603
32641
32711
32769
32786
33042
33064
33082
33127
33146
33169
33172
33300
33332
33421
33442
33468
33473
33485
33493
33507
33596
33607
33626
33648
33698
33737
33773
33774
33848
33864
33964
33972
33979
34151
34282
34327
34328
34418
34454
34572
34592
34670
34749
34767
34771
34834
34880
34977
34985
35119
35189
35208
35326
35364
35367
35393
35457
35471
35515
35656
35674
35860
35896
36046
36048
36067
36186
36364
36402
36491
36516
36577
36613
36933
36948
37000
37140
37146
37191
37227
37234
37323
37370
37451
37499
37551
37581
37745
37843
37930
37951
37998
38012
38117
38268
38293
38310
38398
38422
38525
38526
38545
38556
38591
38654
38661
38781
38914
38917
38946
39008
39258
39401
39401
39452
39536
39586
39708
39792
39824
39843
39848
40116
40179
40242
40290
40347
40388
40416
40444
40463
40698
40699
40801
40818
40872
41031
41066
41291
41324
41339
41572
41679
41722
41736
41753
41805
41832
41857
41911
41990
41993
42091
42094
42128
42134
42137
42225
42396
42456
42526
42654
42670
42779
42960
43197
43257
43272
43291
43331
43388
43441
43477
43491
43772
43964
44101
44114
44160
44226
44478
44519
44533
44603
44633
44679
44755
44863
44869
44890
44919
44928
45011
45090
45117
45261
45292
45326
45448
45458
45506
45511
45542
45614
45668
45710
45748
46015
46053
46080
46103
46140
46168
46189
46412
46500
46558
46575
46590
46639
46877
46972
47108
47108
47145
47178
47392
47403
47416
47439
47453
47477
47552
47603
47805
47997
48023
48201
48281
48336
48434
48612
48669
48693
48770
48879
49019
49130
49173
49199
49319
49328
49341
49366
49535
49558
49584
49629
49668
49734
49772
49795
49957
50091
50092
50171
50192
50197
50333
50650
50737
50801
50814
50820
50824
50926
51160
51331
51362
51426
51626
51626
51666
51697
51780
51782
51805
51948
51963
52126
52177
52186
52237
52324
52359
52546
52560
52572
52574
52687
52713
52778
52835
52838
52897
52899
52904
52912
52922
52924
52939
53015
53017
53190
53277
53348
53444
53531
53565
53568
53617
53763
53933
54002
54416
54441
54517
54539
54609
54622
54622
54639
54718
54789
54808
54973
55043
55091
55195
55354
55358
55375
55508
55586
55643
55651
55734
55775
55784
55809
55992
56016
56018
56080
56094
56098
56124
56145
56221
56286
56324
56407
56583
56598
56753
56761
56777
56912
56919
57090
57095
57259
57311
57334
57543
57693
57717
57980
57982
58005
58155
58274
58312
58345
58457
58637
58711
58807
58917
58943
58943
58951
59030
59333
59368
59371
59462
59465
59507
59536
59612
59640
59666
59795
59795
59965
59997
60022
60060
60119
60147
60223
60349
60355
60357
60512
60524
60709
60792
60844
60896
61058
61086
61222
61275
61297
61326
61330
61347
61398
61450
61501
61502
61534
61553
61646
61715
61863
61894
61899
61932
62081
62084
62100
62115
62191
62239
62265
62314
62333
62563
62577
62586
62615
62637
62666
63007
63053
63142
63168
63420
63494
63586
63809
63946
63949
63954
63956
64039
64144
64277
64296
64395
64449
64489
64491
64564
64628
64630
64659
64718
64818
64825
64863
64975
65042
65117
65142
65142
65155
65171
65234
65236
65276
65326
65390
65412
65446
65476
65489
65529
65536
65620
65674
65685
65689
65808
65821
65879
65881
66046
66051
66084
66091
66407
66467
66521
66521
66555
66591
66593
66619
66670
66829
66857
66962
67077
67139
67214
67251
67283
67336
67626
67676
67686
67770
67819
68066
68108
68146
68261
68443
68482
68491
68572
68576
68850
68883
68954
68989
68993
69044
69082
69111
69136
69199
69337
69425
69478
69597
69708
69863
69906
70038
70114
70182
70203
70263
70304
70340
70347
70370
70409
70474
70518
70546
70589
70592
70722
70778
70988
71108
71215
71307
71315
71360
71638
71653
71702
71714
71728
71762
71869
71910
71966
72032
72111
72163
72265
72267
72289
72379
72441
72500
72551
72552
72581
72600
72945
72986
73146
73160
73212
73229
73243
73474
73490
73663
73922
74057
74169
74235
74278
74281
74294
74364
74453
74491
74561
74608
74619
74801
74878
74888
75019
75196
75205
75380
75385
75403
75637
75695
75739
75768
75776
75797
76009
76029
76073
76095
76137
76193
76363
76442
76446
76531
76635
76639
76719
76902
76918
76933
76970
76991
77033
77120
77237
77428
77494
77522
77537
77563
77696
77707
77710
77795
78031
78054
78111
78139
78234
78310
78458
78468
78545
78573
78602
78636
78744
78796
78903
79009
79142
79240
79262
79533
79577
79737
79934
79935
79938
80041
80131
80158
80334
80362
80401
80403
80624
80746
80752
80753
80795
80803
80838
80929
81150
81308
81389
81397
81539
81558
81646
81657
81909
82071
82078
82167
82171
82176
82180
82198
82204
82269
82369
82448
82467
82550
82623
82810
82833
82948
82983
83095
83139
83156
83219
83283
83300
83447
83475
83485
83545
83628
83636
83713
83724
83731
83910
83943
83977
83998
84042
84186
84220
84278
84373
84382
84459
84498
84789
84866
85160
85197
85243
85315
85372
85432
85448
85487
85563
85596
85681
85708
85767
85951
86002
86147
86203
86367
86381
86487
86637
86699
86748
86801
86985
87057
87060
87115
87127
87157
87202
87501
87772
87783
87958
88097
88193
88241
88613
88614
88631
88646
88681
88704
88853
88857
88886
88939
88949
89078
89110
89373
89391
89436
89446
89587
89694
89709
89737
89853
89856
89983
90084
90124
90449
90610
90796
90804
90891
90906
91050
91144
91259
91304
91385
91460
91525
91526
91556
91697
91725
91790
91796
91817
91843
91944
91959
92021
92102
92123
92181
92379
92541
92789
92877
93007
93129
93267
93342
93411
93433
93470
93541
93559
93579
93613
93642
93670
93777
93859
93891
93941
93946
93985
94022
94034
94069
94083
94093
94156
94193
94214
94242
94426
94428
94477
94696
94796
94926
94933
94936
94962
95040
95145
95349
95403
95437
95483
95685
95779
95860
95873
95879
96011
96152
96263
96265
96272
96345
96400
96490
96524
96555
96608
96682
96898
96931
96992
97108
97248
97276
97280
97316
97319
97327
97469
97565
97619
97670
97737
97846
97941
98084
98133
98220
98298
98476
98500
98505
98513
98768
98860
98870
98871
99083
99085
99386
99410
99471
99550
99556
99590
99987
100006
100012
100044
100065
100219
100342
100409
100558
100618
100619
100633
100678
100686
100803
100812
100969
101023
101072
101128
101317
101335
101365
101432
101613
101697
101985
102081
102133
102170
102177
102316
102366
102400
102555
102568
102654
102679
102892
102913
103016
103022
103140
103149
103214
103294
103461
103585
103681
103702
103818
103857
103860
103886
103924
104065
104204
104204
104213
104407
104427
104474
104761
104896
104960
105010
105026
105113
105190
105240
105295
105354
105361
105518
105600
105651
105656
105789
105813
105835
105850
105901
105929
106016
106018
106060
106201
106238
106250
106328
106363
106422
106552
106619
106629
106843
107068
107271
107343
107423
107818
107826
107955
107972
108028
108088
108111
108300
108304
108374
108480
108594
108702
108757
108791
108926
108944
109019
109200
109410
109412
109551
109656
109672
109709
109774
109831
109926
109926
109940
109953
110037
110053
110100
110214
110254
110327
110346
110352
110390
110420
110469
110597
110764
110796
110816
110829
110989
111159
111214
111302
111322
111438
111471
111494
111562
111710
111764
111800
111897
111919
111939
112030
112128
112152
112154
112156
112270
112283
112317
112378
112537
112715
112794
112802
112959
113042
113085
113122
113183
113185
113273
113288
113350
113509
113622
113981
114006
114088
114169
114287
114319
114399
114456
114468
114605
114644
114648
114816
114951
114968
115052
115176
115183
115242
115245
115357
115372
115383
115447
115714
115718
115738
115749
115927
116058
116060
116062
116165
116320
116323
116349
116381
116420
116440
116477
116576
116706
116795
116828
116835
116845
116903
116997
117038
117056
117302
117364
117374
117462
117483
117726
117839
117904
118092
118299
118393
118479
118502
118561
118668
118983
119250
119302
119831
119864
119866
120115
120147
120161
120216
120253
120306
120380
120398
120419
120520
120539
120581
120829
120863
120945
120957
120990
121086
121089
121111
121151
121168
121200
121346
121450
121456
121540
121549
121628
121880
121936
121965
122021
122057
122234
122251
122369
122491
122612
122849
122925
123081
123293
123328
123492
123513
123518
123572
123719
123729
123867
123876
123896
123941
124240
124331
124376
124391
124522
124551
124562
124720
125004
125107
125130
125240
125240
125266
125312
125430
125463
125478
125523
125529
125542
125696
125910
125916
125922
125933
125940
126019
126032
126101
126209
126268
126310
126348
126650
126705
126707
126871
126875
127177
127213
127375
127645
127796
127913
127924
128085
128203
128333
128848
129002
129009
129101
129118
129377
129412
129454
129695
129736
130059
130100
130358
130469
130470
130553
130606
130642
130825
130851
131063
131309
131406
131613
131710
131804
131939
131973
132104
132187
132449
132768
132929
133008
133156
133319
133512
133541
133677
133713
133752
133809
133919
133926
133951
134061
134064
134110
134209
134232
134427
134568
134874
134930
134974
135039
135107
135272
135563
135727
135744
135769
135926
136003
136131
136263
136590
137037
137138
137151
137183
137186
137239
137721
137772
137801
137815
137898
137906
137925
138017
138039
138066
138305
138404
138438
138485
138485
138558
138563
138668
138793
139004
139150
139297
139424
139426
139476
139495
139545
139653
139789
139835
139847
139922
140193
140253
140359
140595
140637
140688
140727
140766
140869
140902
140954
141037
141056
141243
141349
141497
141551
141696
141830
141899
142049
142063
142177
142237
142586
142901
142989
143795
143862
143893
143905
143989
144077
144117
144390
144480
144502
144626
144682
144704
144832
144932
144940
145397
145426
145568
145821
145961
146074
146341
146356
146392
146505
146616
146619
146645
146773
146816
146933
147041
147096
147108
147118
147192
147247
147251
147340
147349
147534
147540
147652
147785
147841
147934
148327
148345
148462
148533
148751
149126
149179
149307
149453
149609
149841
149981
150429
150431
150536
150553
150572
150820
150849
151360
151398
151442
151462
151579
151632
151870
152050
152177
152521
152626
152715
152729
152896
153161
153310
153724
153764
153857
153893
154014
154041
154042
154098
154113
154114
154262
154310
154381
154443
154543
154546
154634
154656
154712
154794
154811
154944
154960
155079
155409
155835
155867
155967
156115
156238
156355
156380
156540
156622
156778
156845
156956
156992
157059
157094
157331
157566
157591
157665
157680
158170
158211
158277
158548
158577
158689
158785
158831
158837
158856
158902
158959
158967
158968
159117
159154
159262
159287
159476
159710
160014
160082
160101
160344
160357
160494
160535
160640
160811
161019
161032
161064
161083
161093
161164
161533
161569
161705
161733
161861
161913
161996
162116
162275
162285
162302
162438
162586
162750
163207
163271
163396
163496
163531
163859
163898
163901
163915
163956
163996
164170
164175
164221
164546
164650
165037
165116
165230
165241
165559
165579
165609
165926
165941
166055
166289
166333
166654
166916
166930
167046
167220
167256
167297
168043
168288
168530
169007
169013
169081
169110
169453
169486
169498
169571
169935
170086
170225
170435
170486
170657
170742
170906
171035
171137
171171
171324
171325
171450
171688
171692
171877
171916
172175
172269
172505
172514
172557
172605
172660
172731
172741
172773
172863
172969
172982
173047
173399
173655
173904
173993
174267
174385
174392
174412
174413
174458
174472
174539
174560
174812
174998
175323
175659
175750
175892
175935
176056
176081
176108
176176
176248
176402
176534
176566
176716
177046
177091
177208
177896
177959
178034
178037
178286
178394
178561
178613
178676
178687
178714
178769
178968
179214
179450
179504
179683
179699
179700
179920
179933
180075
180092
180128
180475
180565
181163
181218
181287
181390
181471
181503
181509
181513
181760
181811
182338
182517
182581
182763
183030
183294
183358
183402
183416
183577
183628
183654
183661
183854
183855
184276
184348
184355
184462
184485
184489
184581
184667
184697
184968
185123
185291
185368
185427
185867
186061
186552
186604
186778
187078
187698
187901
187949
188009
188019
188058
188624
188692
188936
189048
189061
189231
189296
189364
189405
189677
189796
190092
190335
190382
190770
190796
190904
191041
191142
191359
191493
191653
191658
191942
192205
192312
192315
193020
193184
193861
193957
193996
194182
194235
194264
194294
194303
194588
194724
194821
194970
195040
195110
195147
195262
195288
195430
195530
195730
195817
195912
195950
196182
196352
196409
196510
196703
196752
196967
196982
197056
197128
197272
197362
197363
197535
197762
197860
197883
198294
198370
198559
198920
198935
199092
199115
199134
199270
199538
200093
200119
200379
200474
200544
200903
201085
201366
201545
201873
202270
202450
202484
203058
203078
203330
203530
203608
203718
203824
203841
203986
204517
204542
204642
204647
204674
204708
204860
205070
205121
205646
205785
205843
206063
206110
206357
206539
206545
206666
206902
207272
207453
207496
207767
207935
207985
207997
208559
208689
208705
208937
208958
209200
209379
209666
209968
210179
210241
210245
210255
210567
210795
210977
211091
211127
211301
211482
211926
212073
212322
212348
212457
212582
212657
212759
212863
212918
213103
213178
213277
213448
213674
213918
213929
213983
214052
214112
214192
214426
214505
214599
214608
214623
214737
214771
214879
214913
215090
215220
215346
215398
215448
215765
215914
215953
216016
216018
216100
216302
216605
216606
216673
216882
216909
216955
216964
217142
217569
217750
217887
218182
218413
218423
218532
218911
219275
219663
219789
219841
220428
220588
221027
221158
221205
221218
221381
221472
221478
221592
221651
221765
221776
221856
221977
222066
222348
222401
222483
222551
222671
222985
223046
223123
223402
223621
223987
224077
224640
224680
224740
224822
225026
225544
225562
225773
225884
226141
226328
226341
226611
226691
227066
227111
227287
227578
227951
228095
229293
230227
230272
230312
230500
230839
231153
231175
231195
231248
231329
231375
231405
231496
231588
231712
231788
231895
232044
232094
232117
232237
232506
232662
232706
232714
232810
232875
232987
233128
233298
233809
233956
233975
234034
234062
234166
235219
235469
235557
235809
235815
235911
236987
237200
237430
237499
237814
238505
238741
238773
239010
239381
240227
240315
240355
240359
241240
241259
241526
241561
241604
241683
241737
241939
242013
242454
242540
243077
243738
243740
243827
243935
244326
244371
244412
244665
244715
244819
244869
245013
245391
245498
245528
245828
246345
246379
246581
246683
246923
247106
247142
247274
247366
247479
247824
247843
247955
248317
248349
248975
249137
249652
249671
250165
250445
250453
250695
250732
250900
250907
251089
251412
251849
252137
252226
252571
252948
252994
253060
253331
253443
253445
253895
254475
254545
254628
255261
255992
256354
256417
256517
256657
256708
257060
257428
257430
257750
257855
257874
258580
258775
259419
259483
259907
260038
260251
260435
260466
260773
260795
260976
261117
261544
261614
261730
263071
263092
263415
263614
264018
264059
264436
264658
266687
266950
267027
267077
267141
267484
267511
267580
267691
268430
268852
268877
269678
270008
270064
270103
270463
270715
270737
270921
270935
270967
271439
271608
271761
272126
272166
272274
272606
273373
273583
273812
274008
274608
274711
274851
274950
275473
275630
275972
276034
276490
276729
276984
277239
277247
277486
277606
277617
277776
277791
278659
278707
279531
279724
280116
280694
281862
281944
282164
282242
282550
282552
282803
282912
283207
283953
284202
284650
284896
284909
284962
285366
285774
286724
286776
288822
289309
289688
289856
290135
290343
290651
291503
291652
292152
292200
292962
293355
293379
294336
295283
295325
295676
295689
296150
296621
296797
296849
297045
298459
299168
299321
299434
299707
299876
299902
300005
300407
300592
300752
300930
301142
302218
304084
305369
305511
306166
306699
306997
307071
307103
307157
307272
307439
308027
309677
310660
310777
312384
313066
313875
314737
315092
315920
316761
316998
317199
317822
318261
318306
318898
318982
319311
320223
321395
321555
322624
323322
323738
323853
324129
324651
325019
325159
325593
325660
327839
329745
330473
330715
332074
332127
332508
332771
332860
332952
334114
335029
335102
335715
336477
337237
338726
339925
339979
341915
342327
342782
344961
345955
348520
349344
349532
350199
350258
351402
351767
352320
353305
353532
353654
353752
354622
356717
357492
358202
358417
361228
361588
361629
362170
362764
362974
363278
363973
364226
365099
366691
367351
367553
367751
367894
368435
368674
369468
369562
370806
371246
372700
372864
372909
373340
373528
373592
373998
375149
376533
376552
377137
377584
379158
379855
380355
380756
380904
381033
381502
382319
384017
385839
388062
388802
389229
390870
392933
395033
395186
399317
399908
400029
400812
402703
404076
404157
413032
417458
418939
420017
420265
421621
424620
427281
427661
429488
430285
432974
433343
434597
435175
437612
437905
446618
448535
448586
451679
453862
458786
460241
460532
461108
461723
461830
462286
467420
468316
469473
474162
480972
481984
482046
498659
500617
502325
503753
511821
524124
527507
542463
583708
625393
