0
0
167
212
216
350
391
642
709
783
825
907
1005
1020
1063
1209
1266
1406
1650
1700
1761
1820
1822
1836
1859
1935
1939
1956
2074
2093
2157
2179
2260
2332
2349
2468
2506
2536
2540
2599
2762
2779
2809
2838
2847
2856
2890
2969
3005
3034
3110
3186
3187
3211
3237
3318
3349
3420
3431
3445
3455
3535
3543
3568
3609
3830
3953
4007
4041
4166
4228
4260
4280
4345
4365
4444
4530
4587
4706
4965
4976
5178
5182
5290
5293
5327
5457
5770
5814
5874
6084
6124
6140
6199
6248
6260
6317
6433
6474
6490
6543
6547
6561
6574
6628
6731
6746
6822
6843
6874
6912
6995
7003
7028
7071
7120
7130
7325
7328
7349
7380
7451
7458
7516
7590
7628
7800
7920
7954
8032
8080
8182
8213
8364
8480
8571
8581
8605
8655
8664
8669
8933
9210
9219
9400
9445
9554
9555
9667
9704
9843
9883
9950
10013
10015
10092
10101
10133
10246
10275
10311
10380
10489
10493
10551
10580
10584
10667
10717
10933
11028
11040
11248
11344
11418
11460
11606
11653
11709
11721
11869
11953
11958
12062
12096
12205
12491
12540
12586
12610
12726
12890
12957
13038
13101
13221
13226
13235
13248
13319
13411
13478
13544
13663
13673
13924
14044
14088
14161
14284
14295
14308
14321
14334
14387
14392
14399
14417
14473
14633
14637
14988
15037
15116
15287
15380
15522
15547
15581
15622
15629
15658
15726
15826
15913
16053
16093
16221
16229
16263
16265
16302
16315
16316
16324
16335
16475
16801
16874
16905
16954
17033
17183
17268
17300
17442
17622
17721
18092
18126
18333
18374
18378
18672
18683
18757
18767
18810
18952
18983
19014
19154
19174
19185
19197
19225
19254
19442
19473
19489
19514
19545
19558
19606
19648
19787
19827
19828
19912
20065
20116
20175
20258
20397
20440
20458
20478
20504
20627
20722
20771
20937
21158
21192
21263
21371
21390
21564
21717
21771
21888
21912
21942
21953
21957
21983
22441
22474
22501
22545
22556
22767
23026
23300
23386
23519
23585
23688
23803
23923
23952
23965
23975
24130
24233
24348
24422
24431
24633
24655
24727
24792
24840
24885
24905
24916
25196
25242
25297
25316
25348
25459
25465
25476
25541
25595
25610
25712
26002
26087
26204
26289
26408
26466
26512
26555
26749
26829
26943
26960
26975
26979
27008
27044
27177
27179
27227
27377
27546
27714
27926
28109
28212
28342
28408
28433
28709
28723
28794
28829
29241
29396
29436
29509
29760
29883
29911
29928
30044
30122
30208
30228
30470
30486
30487
30670
30800
30831
30850
30888
30900
31185
31256
31266
31275
31276
31363
31402
31456
31470
31471
31558
31571
31673
31696
31774
31853
32015
32053
32229
32326
32547
32712
32757
32824
32846
32874
32985
33050
33126
33127
33222
33304
33374
33490
33629
33659
33765
33800
33975
34188
34202
34281
34291
34456
34542
34550
34581
34635
34845
35000
35045
35098
35167
35279
35558
35582
35585
35749
35824
35942
35964
36125
36358
36387
36394
36420
36421
36618
36645
36654
36670
36714
36737
36793
36904
36932
37008
37092
37099
37144
37350
37543
37544
38034
38154
38154
38248
38252
38395
38411
38415
38439
38523
38525
38598
38700
38897
39238
39462
39604
39665
39707
39784
39799
39832
39891
39936
39996
40103
40312
40424
40644
40687
40696
40702
40826
40925
40929
41004
41009
41019
41172
41268
41277
41452
41465
41520
41525
41645
41743
41771
41798
41899
41933
41981
42100
42102
42234
42307
42380
42382
42493
42508
42583
42671
42706
42726
42748
42964
43151
43238
43353
43372
43388
43433
43532
43590
43593
43622
43641
43703
43881
43942
44107
44172
44186
44236
44283
44298
44323
44325
44393
44507
44508
44575
44629
44813
44834
44906
45019
45029
45041
45073
45170
45286
45379
45421
45562
45696
45709
45728
45732
45918
45982
46241
46361
46522
46536
46638
46923
46925
46933
46933
47032
47057
47078
47087
47302
47385
47389
47391
47501
47557
47601
47841
47867
47956
47984
48027
48055
48083
48227
48285
48433
48460
48552
48820
49245
49410
49490
49497
49589
49669
49702
49749
49905
49925
50025
50146
50182
50192
50438
50697
50698
50904
51030
51032
51459
51483
51554
51571
51600
51832
51887
51931
52013
52085
52089
52257
52313
52492
52501
52513
52514
52599
52649
52675
52702
52716
52721
53124
53314
53410
53416
53551
53818
54004
54032
54080
54101
54113
54226
54241
54282
54288
54520
54622
54765
54786
54877
54878
54927
54953
55142
55164
55249
55318
55358
55522
55656
55900
55975
56007
56183
56326
56449
56507
56514
56514
56581
56633
56769
56912
57005
57015
57030
57043
57118
57129
57210
57255
57306
57336
57371
57580
57613
57657
57785
58034
58257
58499
58509
58694
58703
58879
58905
58922
58938
58975
59153
59206
59215
59286
59410
59646
59675
59755
59825
59881
59889
60167
60287
60498
60528
60571
60644
60770
60784
60802
60830
60878
61130
61351
61375
61432
61562
61642
61817
61819
61842
61904
61965
62093
62098
62125
62136
62150
62290
62318
62406
62433
62510
62529
62541
62583
62648
62671
62824
62838
63353
63392
63433
63454
63479
63560
63603
63632
63801
63833
63852
63893
63917
64032
64269
64413
64696
64723
64743
64914
64925
65225
65297
65308
65313
65382
65615
65690
65980
66016
66183
66279
66335
66433
66454
66476
66567
66875
67223
67245
67343
67430
67455
67487
67494
67605
67960
67991
68028
68160
68197
68335
68524
68635
68679
68727
68764
68787
68797
68798
68825
68831
68890
68894
68927
68978
68991
68999
69018
69067
69302
69507
69540
69709
69776
69783
69878
69923
70247
70258
70308
70319
70322
70651
70712
70757
70884
70907
70919
70948
70953
71115
71194
71223
71247
71393
71679
71715
71782
71888
71905
72047
72077
72240
72261
72410
72518
72553
72606
72931
72989
73268
73284
73293
73370
73449
73839
74019
74054
74195
74227
74257
74453
74510
74607
75015
75113
75363
75404
75527
75611
75681
75755
75885
75888
75901
76015
76053
76086
76220
76257
76340
76407
76420
76451
76486
76506
76986
77073
77077
77211
77526
77612
77703
77754
77807
77833
78085
78145
78351
78569
78578
78648
78675
78807
78829
79336
79655
79988
80028
80046
80192
80324
80650
80710
80712
80743
80893
81053
81152
81160
81311
81517
81526
81565
81724
81740
81804
82051
82123
82240
82261
82292
82307
82447
82539
82540
82563
82568
82726
82844
82889
82946
83052
83211
83377
83379
83577
83597
83619
83719
83744
84087
84331
84423
84484
84808
85131
85201
85277
85446
85706
85928
86029
86049
86060
86090
86099
86227
86624
86783
86913
86987
87043
87104
87131
87156
87411
87663
87732
87908
87920
88022
88152
88231
88246
88413
88493
88511
88514
88983
89039
89193
89342
89360
89427
89587
89651
89651
89679
89750
89759
89892
90069
90168
90183
90282
90331
90391
90428
90568
90615
90643
90675
90734
91057
91096
91108
91157
91243
91358
91441
91561
91620
91810
91946
92099
92134
92181
92403
92499
92623
92906
93151
93459
93733
93903
93954
94020
94110
94194
94243
94287
94292
94398
94473
94565
94576
94624
94722
94759
94820
94956
95115
95187
95241
95298
95338
95494
95536
95598
95620
95642
95716
95753
95874
95929
96270
96379
96496
96588
96676
96834
97026
97276
97294
97481
97607
98142
98146
98224
98328
98412
98479
98483
98998
99056
99128
99149
99206
99350
99614
99785
99906
99996
100049
100158
100341
100477
100550
100609
100664
100791
101043
101082
101248
101342
101370
101697
102082
102110
102134
102162
102260
102479
102568
102584
102644
102664
102683
102875
103307
103396
103431
103449
103538
103727
103933
104152
104188
104251
104391
104430
104666
104705
104970
104985
105150
105160
105281
105429
105544
105549
105566
105620
105977
106416
106604
106682
106735
106851
106882
106888
107054
107160
107590
107630
107781
107935
108018
108068
108614
108701
108701
108764
108986
109050
109072
109122
109250
109281
109642
109796
109834
109850
110036
110095
110277
110492
110555
110572
110714
110769
110783
110921
110963
111002
111539
111597
111635
111671
111698
111726
111764
111775
111778
111826
111857
112016
112050
112127
112129
112585
112910
113187
113317
113318
113354
113402
113405
113414
113585
113657
113927
114104
114224
114227
114317
114324
114352
114389
114405
114471
114590
114730
114796
114828
114835
114922
115003
115078
115160
115177
115298
115301
115362
115487
115548
115660
115710
115876
115911
116015
116069
116084
116163
116295
116329
116333
116394
116733
116750
116805
116815
116894
116902
117018
117063
117130
117261
117288
117436
117513
117880
118001
118052
118139
118287
118316
118368
118596
119019
119123
119175
119278
119292
119796
120030
120091
120272
120306
120314
120320
120337
120367
120572
120679
120751
120881
120939
120972
121276
121307
121662
121809
121910
121918
122054
122462
122480
122558
122793
122816
122817
122862
122930
123194
123200
123268
123623
123832
123879
124133
124322
124440
124563
124571
124633
124640
124837
124843
124921
124954
125033
125214
125684
125780
125795
125805
125812
126033
126100
126174
126309
126542
126590
126678
126695
126737
126943
127137
127430
127506
127596
127613
127699
127995
128031
128051
128060
128091
128104
128111
128222
128373
128746
128805
128973
129066
129120
129645
129776
129777
130001
130103
130118
130497
130593
130744
130888
131001
131180
131231
131326
131414
131517
131528
131532
131681
131777
131836
132059
132075
132218
132595
132700
132987
133050
133156
133222
133327
133614
133732
133736
133776
133873
133915
134071
134242
134477
134669
134973
135097
135245
135332
135558
135569
135615
135693
135720
135814
135849
135870
136182
136218
136253
136272
136295
136402
136447
136505
136562
136581
136664
136727
136778
136779
137012
137185
137192
137467
137500
137663
137856
137890
138290
138492
138699
138899
138909
138919
139335
139816
139952
140019
140100
140180
140185
140359
140505
141274
141496
141545
141725
141731
141782
141872
141937
142620
142704
142712
143037
143080
143327
143379
143500
143796
143847
143948
144071
144331
144680
144882
145099
145179
145212
145830
145860
145865
145978
146145
146165
146265
146277
146357
146633
146738
146946
147003
147024
147043
147168
147175
147180
147366
147536
147776
147912
147959
148021
148299
148347
148478
148487
148743
148753
148898
149165
149216
149390
149747
149913
150082
150264
150369
150536
150620
150656
150829
150890
151216
151316
151467
151472
151790
152238
152273
152941
152996
153266
153375
153439
153516
153538
153574
153700
153851
153945
154142
154170
154178
154303
154313
154332
154357
154857
154947
155104
155204
155483
155496
155537
155870
155894
155937
156140
156147
156157
156243
156323
156343
156408
156435
156824
156907
156915
157031
157048
157212
157263
157686
157752
157803
157830
157961
158045
158333
158425
158512
158584
158819
158941
159139
159252
159368
159436
159641
159714
159874
159896
159904
160036
160053
160154
160202
160209
160289
160461
160679
160682
160692
160705
160860
160907
161004
161257
161293
161305
161364
161418
161468
161529
161806
161968
162340
162457
162509
162565
163174
163334
163338
163344
163389
163460
163501
163524
163618
163774
163808
163911
163954
164018
164185
164785
164839
164963
165018
165173
165266
165300
165784
166013
166427
166452
166660
167039
167274
167751
167845
167944
168167
168200
168213
168218
168222
168653
169122
169195
169245
169380
169443
169962
170086
170109
170167
170314
170319
170600
170733
170789
170891
171077
171114
171199
171569
171572
171780
172404
172451
172631
172887
172988
172991
173569
173622
173843
174066
174201
174435
174529
174675
174705
174807
175705
175803
176293
176578
176682
176801
176842
176984
177239
177316
177507
177521
177547
177673
177741
177934
177988
178677
178694
178897
179110
179255
180008
180073
180432
180558
180826
180843
181024
181603
181688
182016
182152
182183
182323
182561
182592
182717
182732
182923
182971
183304
183343
183400
183556
183586
183614
183675
183773
183968
184023
184044
184237
184246
184346
184482
184587
185036
185074
185260
185390
185675
185888
186168
186237
186359
186678
186832
186861
186950
187024
187240
187348
187476
187551
187708
187775
187781
188072
188178
188192
188434
188479
188521
188556
188599
188656
188956
189192
189339
189456
189712
189921
190113
190397
190595
190662
190757
190767
191053
191110
191400
191856
192312
192343
192649
192664
192977
193031
193262
193321
193980
194169
194402
194458
194984
194996
195154
195624
196166
196292
196298
196436
196508
197061
197150
197348
197577
197764
197965
198104
198131
198324
198610
199001
199082
199191
199409
199793
199874
200047
200507
200771
201114
201117
202097
202116
202329
202430
202513
202862
202999
203117
203295
203426
203444
203569
203615
204177
204345
204361
204380
204432
204924
205011
205609
206339
206402
206480
207096
207532
207645
207726
207971
208035
208616
209013
209018
209135
209201
209368
209392
209397
209495
209831
209852
209994
210041
210053
210140
210355
210620
210667
210686
210936
210958
210970
211010
211278
211399
211576
211869
211879
212048
212669
212848
212971
213242
213414
213783
213865
213911
214377
214422
214652
214725
214837
215183
215811
216395
216605
216680
216688
217112
217683
217836
218060
218329
218369
218427
218811
218869
218998
219398
219478
219749
220345
220438
220635
220706
220823
220835
220860
220869
221543
221768
221891
221944
222186
222440
222611
222757
223109
223274
223315
223399
223533
223686
223757
223793
224860
224900
225150
225420
226251
226351
226450
226518
226698
226880
227002
227225
227311
227398
227548
227754
228851
228941
228970
229094
229227
229269
229699
230009
230449
230657
230966
231263
231265
231441
231518
231855
231936
232386
232433
232443
232470
232490
232691
232898
232914
233189
234372
234383
234401
234964
235425
235594
235733
235741
235755
235907
236146
236276
236308
236626
236680
237101
237417
237554
238109
238174
238467
238716
238779
238876
239012
239019
239176
239979
240011
240133
240363
240657
241094
241620
241698
242225
242761
242780
242791
242969
243382
243387
243768
243973
244182
244425
244807
244894
244918
244961
245676
245772
247076
247426
247541
247952
248344
248412
248500
249026
249515
250555
250887
250958
251027
251860
252017
252419
252841
253329
253649
253709
253980
254630
254985
255307
255536
255729
257013
257025
257423
257429
257986
258054
258069
258245
258399
258613
258768
259370
259600
259938
260408
260492
260881
261803
262696
262786
263511
263735
264008
264492
264959
265001
265682
265710
266689
267158
267361
267387
268432
268861
269393
269412
269971
270510
270623
271037
271406
271568
271641
272161
272731
273314
273386
273673
274192
274726
274956
275262
275428
275578
275845
276412
276681
277043
277436
277551
277644
278642
279386
280123
280224
280242
280259
281325
281331
281352
281415
281943
281967
282345
282893
283682
284278
285102
285749
287049
287795
288814
289067
290358
290373
290387
291325
291668
291905
291958
292255
292734
292809
293071
293535
293664
293703
294487
294574
294621
295187
296802
296899
296961
297055
297658
299830
299897
300008
300073
300303
300460
300541
301133
301490
301869
302026
302268
302857
303340
303454
304019
304819
305367
305437
305496
305625
305875
306207
307693
308238
308714
309041
309156
309894
310606
311392
311562
313549
314044
314461
314583
315826
316141
316648
316706
317476
317843
317953
318791
319183
319336
319403
320159
320408
320648
320946
321516
322479
323433
323757
324715
325114
326673
326891
327118
328693
328969
329469
330221
330413
330688
330952
331263
331480
331670
331975
332126
332392
333533
333580
334454
335479
335517
336653
337091
338235
339685
341961
344458
345741
345827
346696
347715
347792
347846
348411
348647
350281
351739
352258
352796
355091
358398
358536
358556
358586
359148
361601
361739
361840
364054
364309
365842
366396
366793
366820
371451
372510
375094
378606
379331
380484
382773
384353
387445
387908
388227
389962
390563
391042
392448
392702
394389
395984
399796
401154
401620
404612
407704
414552
416654
420469
422463
429786
430764
431183
432216
432321
433398
437857
440343
444502
444771
445666
446557
447264
447563
447967
449148
450192
466847
469530
469825
471914
474450
476029
483558
486770
493378
495265
496903
497704
507604
518516
538035
