0
0
0
135
237
331
403
457
507
557
582
659
760
776
882
898
924
948
1026
1048
1096
1130
1155
1224
1235
1237
1565
1584
1662
1700
1737
1815
1839
1935
1940
2047
2066
2170
2235
2378
2403
2449
2457
2511
2537
2544
2698
2707
2748
2882
2913
3046
3180
3230
3257
3398
3466
3502
3526
3574
3590
3607
3665
3681
3769
3822
3842
3856
3892
3978
3991
4022
4072
4122
4134
4145
4208
4336
4365
4394
4629
4659
4659
4750
4813
4815
4878
4880
4963
5026
5124
5128
5508
5583
5717
5717
5855
5865
5897
6263
6326
6347
6370
6402
6462
6506
6509
6754
6887
6952
7013
7023
7068
7214
7228
7238
7378
7384
7394
7706
7759
7769
7800
7885
8114
8154
8274
8276
8292
8315
8322
8434
8463
8607
8680
8691
8757
8942
8969
8982
9072
9191
9250
9269
9298
9352
9399
9464
9514
9596
9633
9641
9647
9739
9815
9841
9853
9855
9978
10045
10079
10108
10130
10344
10368
10423
10438
10469
10605
10610
10825
10829
11019
11020
11417
11510
11594
11681
11889
11933
11950
12044
12169
12175
12201
12215
12250
12267
12293
12303
12352
12419
12480
12658
12733
12750
12902
13069
13113
13150
13206
13295
13310
13319
13397
13454
13472
13522
13528
13545
13573
13614
13694
13770
13834
13864
13932
13942
14027
14070
14155
14200
14270
14331
14394
14416
14464
14548
14565
14635
14676
14764
14943
14946
14952
15050
15105
15155
15156
15159
15245
15378
15580
15677
15694
15755
15784
15857
15886
16009
16071
16174
16297
16369
16418
16471
16564
16675
16682
16730
16865
16916
16979
17023
17121
17138
17165
17168
17465
17612
17622
17646
17763
17774
17774
17807
17871
17883
18004
18067
18076
18111
18237
18242
18247
18370
18400
18490
18650
18726
18758
18794
18804
18822
18931
18942
19011
19106
19134
19135
19226
19257
19283
19322
19414
19419
19448
19471
19643
19666
19732
19773
19927
19950
19984
20025
20087
20095
20130
20214
20320
20372
20459
20510
20587
20782
20937
21109
21145
21148
21603
21741
21936
22081
22157
22346
22359
22471
22501
22517
22535
22662
22668
22683
23027
23050
23099
23120
23210
23302
23401
23426
23482
23492
23494
23566
23611
23622
23664
23665
23737
23834
24141
24154
24209
24244
24279
24463
24506
24524
24542
24580
24585
24621
24644
24685
24691
24696
24764
24796
24872
24899
24953
24993
25034
25069
25174
25267
25298
25315
25372
25590
25657
25665
25745
25816
25861
25886
25893
25901
25927
25946
25946
26014
26132
26144
26160
26169
26497
26527
26563
26704
26932
26951
27106
27171
27286
27299
27378
27400
27445
27446
27450
27551
27630
27685
27812
27948
27963
27990
28034
28076
28143
28174
28306
28308
28312
28315
28364
28455
28490
28541
28588
28653
28735
28958
29031
29088
29092
29187
29275
29304
29325
29483
29670
29842
29965
29985
30080
30185
30228
30280
30327
30487
30528
30557
30641
30676
30680
30690
30699
30823
30925
31052
31062
31133
31153
31220
31256
31332
31580
31758
31764
31802
31822
31994
32059
32135
32180
32191
32205
32302
32316
32332
32359
32387
32394
32395
32466
32523
32736
32866
32873
32915
32999
33014
33145
33189
33366
33425
33669
33703
33717
33803
33806
33863
33996
34023
34052
34106
34136
34295
34308
34343
34461
34584
34614
34625
34736
34809
34964
35161
35219
35241
35377
35426
35426
35657
35748
35751
35757
35891
35944
35960
36011
36032
36254
36283
36286
36340
36635
36906
36953
36961
37002
37175
37457
37602
37641
37692
37766
37805
37865
37935
37976
37989
38131
38155
38165
38252
38264
38316
38327
38339
38360
38364
38634
38787
38899
38927
38981
39133
39228
39555
39608
39610
39676
39743
39788
39790
39797
40021
40174
40216
40264
40307
40636
40668
40739
40831
40885
40943
40980
41014
41018
41055
41077
41217
41224
41312
41418
41421
41432
41472
41541
41542
41564
41582
41739
41759
41952
41961
41979
42015
42155
42270
42335
42440
42504
42546
42567
42643
42772
42868
42869
42920
43045
43094
43141
43387
43396
43511
43602
43700
43721
43726
43731
43787
43817
43830
43862
43902
43914
43957
44042
44107
44435
44450
44459
44542
44820
44839
44959
45062
45288
45306
45545
45558
45598
45803
45852
45906
45945
45952
45969
46136
46192
46245
46303
46341
46484
46544
46687
46695
46706
46706
46904
46906
47075
47113
47257
47498
47518
47941
47955
47962
48413
48442
48448
48529
48639
48657
48756
48798
48824
48997
49062
49072
49208
49296
49368
49409
49433
49491
49494
49512
49718
49814
49867
50051
50191
50192
50210
50303
50361
50429
50519
50531
50559
50656
50824
51153
51254
51262
51414
51486
51492
51496
51754
51906
51937
51983
52021
52027
52103
52110
52311
52338
52385
52634
52685
52752
52814
52876
53024
53075
53131
53160
53252
53333
53491
53566
53609
53675
53801
53834
53926
54031
54089
54181
54252
54333
54398
54428
54540
54605
54786
54818
54947
55038
55243
55291
55335
55344
55411
55573
55685
55737
55818
55883
55914
55931
55963
55975
56002
56054
56120
56204
56221
56256
56376
56478
56481
56482
56544
56643
56862
56929
56974
56982
57002
57002
57158
57216
57238
57299
57377
57443
57448
57463
57525
57565
57610
57634
57706
57755
57788
57879
57930
57958
58042
58082
58130
58136
58286
58344
58382
58457
58479
58482
58487
58509
58576
58622
58672
58707
58797
58954
59051
59137
59143
59445
59483
59573
59599
59624
59694
59714
59760
59810
59870
59959
59970
60061
60161
60327
60373
60402
60496
60755
60941
60964
61006
61033
61042
61273
61292
61306
61514
61576
61781
61877
61916
62092
62102
62178
62264
62289
62403
62420
62532
62652
62831
62834
62837
62886
63104
63231
63330
63344
63357
63432
63474
63481
63504
63532
63581
63613
63742
63773
63822
63921
64225
64276
64326
64337
64343
64374
64418
64495
64536
64585
64590
64600
64812
64859
64992
65100
65341
65499
65558
65573
65683
65804
65848
65893
65952
66096
66397
66457
66705
66950
67059
67127
67299
67327
67408
67499
67525
67543
67580
67587
67795
67797
67818
67867
68050
68068
68082
68094
68166
68259
68272
68577
68667
68694
68786
68948
69042
69042
69052
69213
69221
69223
69260
69302
69540
69589
69620
69743
70003
70086
70090
70281
70430
70434
70629
70632
70684
70701
70732
70909
70911
71001
71059
71089
71096
71100
71152
71363
71499
71521
71524
71710
71830
71899
72015
72029
72077
72166
72362
72376
72440
72521
72583
72692
72762
72878
72904
72918
72978
73243
73388
73389
73426
73474
73556
73584
73659
73724
73848
73942
73944
73961
74026
74031
74253
74336
74344
74463
74479
74494
74496
74510
74665
74682
74746
74916
74931
74935
75002
75087
75171
75290
75369
75509
75547
75590
75611
75651
75683
75702
75764
75768
75784
75905
75933
76059
76133
76148
76148
76172
76181
76241
76342
76391
76421
76478
76480
76512
76520
76640
76671
76686
76714
76759
76820
76889
76998
77056
77073
77101
77165
77372
77645
77726
77742
77782
77844
78126
78248
78558
78604
78621
78741
79335
79458
79630
79659
79841
79873
79880
79954
79991
79992
80102
80189
80586
80621
80628
80631
80649
80675
80694
80842
80998
81078
81092
81136
81258
81267
81600
81639
81665
81670
81746
81874
82045
82047
82228
82264
82488
82570
82651
82691
82721
82995
83006
83180
83236
83419
83438
83554
83679
83861
83996
84140
84193
84473
84479
84482
84674
84689
85050
85064
85080
85088
85118
85145
85183
85203
85288
85299
85315
85354
85405
85407
85479
85490
85514
85543
85645
85824
85916
85958
86010
86181
86248
86268
86284
86317
86371
86380
86449
86488
86507
86732
86865
86893
86939
87007
87098
87133
87169
87205
87334
87346
87411
87420
87578
87581
87740
87840
87881
87978
88041
88076
88157
88158
88268
88278
88417
88471
88621
88700
88704
88786
88868
88884
88953
88970
89329
89335
89641
89705
89716
89876
89945
90297
90457
90605
90753
90937
90969
90974
91303
91307
91327
91399
91437
91498
91547
91698
91911
91911
91937
92026
92058
92074
92151
92153
92170
92218
92308
92539
92600
93044
93052
93055
93144
93231
93347
93615
93666
93829
93967
94031
94032
94111
94128
94175
94277
94289
94401
94609
94662
94766
95072
95284
95295
95415
95463
95774
95786
95804
95815
95919
95943
96180
96315
96443
96464
96475
96689
96711
96858
97067
97079
97097
97169
97372
97402
97413
97484
97510
97519
97526
97726
97728
97764
97773
98208
98471
98490
98725
98752
98781
98843
98965
98973
99169
99230
99451
99557
99575
99612
99872
99988
99993
100002
100231
100332
100366
100452
100576
100619
100620
100651
100762
100804
101025
101136
101205
101526
101550
101628
101702
101751
101791
101796
101860
102091
102346
102383
102429
102529
102823
102929
102955
103077
103121
103263
103566
103576
103642
103687
103745
103751
103778
103973
104013
104041
104102
104115
104248
104283
104442
104880
104896
105010
105069
105122
105531
105600
105654
105725
105762
105827
105898
106012
106084
106166
106295
106386
106489
106784
106857
106913
106953
107171
107371
107392
107525
107658
107762
107795
107805
107951
108031
108045
108054
108101
108371
108518
108753
108930
108947
109087
109115
109241
109317
109354
109526
109593
109601
109672
109797
109954
109968
109989
110028
110319
110581
110629
110708
110796
111083
111101
111304
111435
111468
111481
111489
111505
111533
111543
111597
111632
111655
111772
111800
111826
111955
112061
112137
112174
112346
112459
112477
112485
112549
112771
112774
112791
112812
112940
112990
113131
113281
113425
113540
113659
113668
113844
113904
113975
114002
114097
114109
114295
114556
114567
114740
114763
114770
114818
114877
114920
114921
114923
114990
115026
115153
115258
115455
115528
115569
115605
115734
115807
115872
115884
115907
116036
116094
116230
116231
116263
116319
116434
116624
116742
116750
116938
116987
117140
117244
117265
117304
117361
117379
117406
117526
117567
117832
117875
117915
117984
118041
118265
118396
118421
118465
118523
118893
118937
119208
119252
119261
119313
119474
119536
119609
119819
119909
120114
120125
120126
120190
120219
120403
120605
120830
120940
120972
121051
121206
121219
121349
121375
121490
121490
121493
121546
121856
121868
121906
122016
122038
122040
122379
122562
122759
122928
122953
123075
123119
123129
123210
123227
123227
123249
123386
123399
123538
123689
123762
123813
123832
123851
124060
124446
124703
124729
124754
124848
125036
125048
125113
125422
125620
125696
125810
125921
125967
126187
126229
126330
126402
126590
126603
126620
126725
126898
127035
127249
127260
127354
127673
127757
128113
128205
128263
128324
128421
128424
128492
128595
128631
128938
129207
129219
129235
129417
129591
129719
129892
130017
130161
130180
130188
130425
130509
130529
130633
130754
130890
130902
131182
131195
131222
131378
131413
131421
131615
131833
131833
131895
131917
131975
132026
132126
132247
132281
132599
132620
132763
132822
133085
133824
133882
133922
134385
134421
134507
134587
134932
135001
135067
135087
135176
135290
135489
135640
135724
135739
135843
136078
136100
136808
136821
137029
137041
137185
137374
137737
138059
138067
138068
138079
138136
138175
138199
138475
138608
138616
138681
138765
139342
139720
139724
140001
140064
140129
140172
140311
140405
140407
140467
140481
140532
140546
140631
140780
140823
140831
141084
141337
141375
141426
141515
141753
142003
142184
142360
142388
142519
142729
142960
143188
143231
143355
143488
143660
143681
143760
143795
143802
143845
143853
143862
143910
144098
144137
144170
144406
144432
144814
144837
145528
145595
145790
146305
146696
146775
146819
147021
147234
147355
147398
147482
147489
147540
147637
147848
147931
147937
148108
148142
148184
148210
148505
148563
148614
148862
148976
149184
149379
149553
149698
149757
149883
150094
150095
150118
150202
150447
150767
150840
151013
151119
151289
151334
151345
151350
151403
151437
151616
151650
151963
152031
152085
152090
152254
152438
152490
152537
152566
152769
152770
152772
152996
153163
153369
153496
153500
153580
153879
154392
154448
154538
154616
154947
155015
155106
155136
155137
155161
155464
155644
155755
156039
156244
156403
156855
157806
157874
157959
157976
157991
158141
158397
158650
158699
159015
159327
159497
159502
159540
159561
160028
160176
160220
160355
160373
160496
160561
161012
161047
161125
161144
161389
161410
161421
161622
161909
161974
162100
162161
162215
162415
162432
162438
162591
162824
162865
163285
163339
163582
163597
163689
163778
163802
163832
163860
163894
163933
164376
164482
164629
164721
164742
165108
165156
165574
165629
165656
165815
166121
166184
166306
166428
166621
166625
166648
166722
167150
167321
167463
167487
167693
167972
168233
168582
168717
168777
168976
169062
169363
169494
169658
169665
170120
170123
170253
170478
170522
170585
170656
170671
170788
170797
170869
170875
170941
170955
170992
171022
171042
171119
171140
171317
171324
171473
171592
171685
171763
171903
171950
172018
172069
172118
172141
172318
172338
172413
172468
172852
172868
173278
173394
173644
173857
173863
173874
174063
174108
174455
174595
174849
174898
175027
175800
175823
175996
176030
176075
176497
176687
176826
176974
177078
177365
177611
178082
178229
178348
178537
178574
178737
178981
179162
179361
179372
179379
179389
179667
179768
179894
179931
180014
180147
180175
180337
180392
180395
180494
180569
180650
180735
180886
180945
180988
181162
181177
181234
181503
181599
181682
181820
181863
181961
182101
182121
182226
182318
182350
182400
182646
182799
183243
183520
183652
183849
184211
184587
184694
184731
184745
185063
185353
185539
185844
186033
186448
186548
186559
186677
186958
187026
187142
187227
187267
187462
187468
187539
187919
188034
188043
188078
188229
188235
188421
188507
188687
188915
188920
189050
189279
189471
189528
189793
189803
190643
190732
190839
190956
191086
191169
191206
191386
191435
191547
191596
192691
192841
192905
193176
193250
193587
193689
193768
194036
194126
194337
194655
194933
195078
195094
195774
195777
195791
195907
195990
196448
196626
196716
197013
197219
197381
197714
197879
198272
198809
198902
198994
199220
199689
199727
199772
199777
200385
200392
200638
200710
200876
200903
201012
201180
201320
201400
201698
201863
201971
201974
202023
202089
202132
202191
202237
202451
202634
202767
202825
202830
202889
203178
203195
203219
203403
203442
203560
203581
203634
204264
204268
204395
204698
204795
204856
204897
205018
205695
205809
205855
205976
206022
206148
206153
206182
206553
206885
207070
207526
208577
208678
209212
209313
209525
209722
209737
209752
209764
209980
210136
210558
211051
211072
211273
211402
211483
211496
211624
211769
212327
212560
212697
212714
212852
212997
213035
213226
213665
213855
213894
214062
215369
215464
215513
215585
216262
216332
216371
216394
216401
216447
216586
216587
216695
217112
217138
217441
217524
217979
218089
218111
218242
218398
218464
218599
218815
219073
219087
219203
219334
219448
219830
220010
220100
220226
220497
220668
221071
221580
222130
222253
222297
222336
222732
223362
223395
223395
223646
223792
223817
225018
225084
225155
225246
225418
225424
225474
225489
225589
226049
226710
226809
226834
226923
227118
227275
227977
228008
228050
228076
228295
228609
228963
229384
229416
229645
230174
230279
230285
230561
230661
230721
231274
231667
231973
232163
232958
232984
234038
234354
234652
234807
235101
235273
236126
236749
236816
237211
237694
237742
237790
238303
238983
239245
239339
239811
240015
240117
240142
240527
240605
240765
240848
241161
241741
241743
241841
242011
242335
242404
242528
242819
243223
243421
243800
243826
243866
243952
244475
244544
244932
245004
245115
245440
245835
246009
246230
246240
246395
246420
246482
246901
246932
246939
247293
247496
247813
247815
247901
248479
248649
248942
249328
249643
250098
250201
250287
250950
251191
251725
252255
253279
253582
254568
255390
255745
256073
256287
256344
256594
256811
256849
257632
257683
257788
257943
258132
258451
258479
258519
259036
259093
259416
259574
259628
260398
260445
260451
260669
261496
261523
261906
261967
262187
262189
262938
262998
263032
263504
263946
264143
265088
266289
266981
268466
268812
269296
269597
270128
270415
271240
271995
272276
273115
273214
273596
274067
274297
274715
275151
275293
275566
275719
275936
276053
277070
277878
278017
278574
279123
279952
280238
280801
281249
281377
281378
282100
282994
284763
285389
285613
285703
285767
285888
286416
287160
287360
287448
287525
287590
287665
288150
289742
290240
290514
291197
292479
293498
293608
293806
294470
294681
295082
295094
295481
295526
295642
295763
295989
296050
296347
297297
297756
298092
298104
298166
299344
299466
300700
300747
300977
301336
301503
301531
301542
302374
303616
304133
304323
305039
305293
305756
305832
306670
306716
306786
307041
307528
308047
308278
309678
309864
309885
310940
310984
312026
312040
312109
312496
313451
313503
313691
314747
315627
316620
316893
317393
317406
317806
318862
319330
319790
320641
320747
322794
323436
323549
324561
324949
326399
327362
327814
328063
328226
328533
329451
329595
330867
331978
332374
333135
333166
333535
334077
334185
334301
334331
334946
335739
336926
337781
338834
338889
339436
339818
339955
339991
342715
343264
344958
345895
347066
347295
351787
352257
352910
354239
356712
357061
357687
358113
359102
359776
360109
360482
360519
360982
361512
361539
361696
362087
362359
363952
364460
364915
364993
365641
365918
366663
366864
370664
371459
372543
373945
374764
375511
377499
379049
379847
381151
381714
383757
386891
387258
387317
388423
390540
397979
398929
398944
399012
399054
399305
399567
400338
400847
402199
402613
403773
404772
406867
411146
413225
414057
414178
414716
415253
421240
421309
421919
426646
427216
432083
433595
434063
444393
447615
457468
457784
468085
472568
474401
474666
481032
481104
482349
493564
514987
528937
530593
532117
534369
539476
548922
567464
634587
669794
