0
0
8
187
193
266
282
403
455
618
692
807
1064
1108
1179
1283
1285
1345
1351
1476
1533
1579
1640
1687
1709
1711
2142
2152
2198
2312
2353
2383
2440
2550
2602
2634
2772
3203
3227
3356
3401
3418
3502
3563
3747
3860
3922
4014
4028
4105
4166
4263
4302
4332
4339
4364
4460
4473
4581
4582
4589
4641
4733
4871
4875
4876
4891
4910
4945
4991
5087
5129
5161
5263
5297
5306
5306
5310
5471
5601
5734
5923
5933
5943
6131
6184
6226
6267
6273
6298
6351
6369
6410
6472
6537
6540
6563
6659
6686
6733
6773
6933
7143
7333
7469
7524
7636
7752
7818
7880
8223
8481
8578
8754
8761
8836
9093
9123
9177
9186
9188
9244
9409
9606
9707
9825
9838
9853
10178
10286
10587
10649
10771
10822
10842
10991
11057
11072
11091
11358
11373
11403
11433
11491
11506
11531
11535
11573
11687
11836
11900
11935
11979
12001
12143
12178
12322
12395
12398
12414
12489
12617
12754
12763
13049
13074
13099
13116
13154
13159
13268
13346
13360
13410
13420
13479
13502
13559
13559
13582
13738
13906
13963
14018
14025
14048
14064
14116
14135
14237
14255
14273
14397
14483
14523
14604
14632
14691
14909
15217
15390
15447
15729
15807
15866
15946
15971
16025
16026
16130
16336
16460
16502
16522
16549
16682
16738
16805
16807
16896
16922
17057
17082
17121
17277
17336
17353
17394
17401
17440
17443
17486
17515
17591
17600
17769
17826
17857
17865
17932
18115
18330
18370
18391
18400
18434
18443
18488
18498
18644
18695
18763
18862
18918
19151
19205
19246
19251
19287
19358
19449
19500
19509
19552
19871
19874
20009
20045
20136
20279
20310
20363
20437
20552
20586
20618
20718
20731
20899
20911
21067
21147
21153
21196
21481
21560
21664
21684
21724
21753
22006
22010
22032
22079
22157
22208
22229
22248
22306
22894
22974
23014
23014
23091
23147
23225
23335
23363
23367
23381
23742
23751
23798
23882
23983
24200
24304
24305
24332
24380
24410
24448
24480
24577
24629
24688
24737
24850
24884
25024
25038
25123
25126
25180
25226
25236
25334
25353
25509
25603
25632
25647
25765
25783
25851
25860
25873
25879
25914
25916
25993
25998
26030
26075
26207
26212
26246
26248
26321
26329
26452
26798
27159
27194
27195
27327
27349
27426
27603
27704
27721
27724
27788
27817
27867
27873
27925
27957
27973
28045
28127
28179
28218
28278
28351
28370
28377
28425
28440
28642
28674
28807
28896
29027
29087
29109
29158
29158
29165
29167
29251
29268
29334
29485
29519
29586
29665
29667
29688
29933
29957
29982
30057
30270
30327
30330
30354
30389
30468
30594
30615
30782
30791
30820
30830
30914
30990
31013
31087
31087
31268
31377
31419
31442
31455
31565
31583
31715
31747
31753
31889
31973
31984
32095
32136
32182
32277
32350
32395
32439
32502
32530
32555
32763
32769
32784
32849
32865
32905
32958
32967
33021
33063
33118
33176
33196
33217
33237
33313
33549
33608
33665
34053
34119
34267
34292
34308
34377
34571
34588
34790
34792
35028
35102
35132
35195
35224
35327
35382
35401
35463
35581
35620
35622
35808
35954
35999
36149
36150
36163
36183
36257
36281
36298
36323
36349
36376
36396
36478
36838
37019
37030
37064
37095
37113
37254
37258
37386
37453
37614
37683
37705
37898
37924
37928
37994
38074
38130
38178
38471
38552
38608
38658
38827
38918
38952
39074
39109
39164
39174
39401
39500
39584
39676
39742
39768
39892
39981
39982
40044
40185
40210
40229
40235
40459
40497
40705
40721
40813
40849
40883
41026
41041
41075
41307
41327
41383
41508
41516
41594
41709
41826
41879
41966
41985
42006
42100
42111
42181
42360
42539
42613
42653
42822
42873
42935
43102
43140
43188
43215
43336
43383
43390
43408
43422
43504
43614
43708
43823
43889
43954
44047
44054
44172
44200
44332
44360
44390
44394
44440
44624
44743
44855
45041
45076
45224
45496
45748
45936
46052
46094
46251
46278
46283
46406
46417
46670
46738
46792
46819
46845
46856
47115
47121
47141
47172
47294
47318
47431
47513
47615
47616
47617
47779
47794
47912
47974
48070
48090
48106
48109
48515
48600
48615
48706
48955
48955
49023
49029
49032
49036
49097
49133
49171
49173
49281
49282
49381
49393
49478
49575
49745
49759
49797
49814
49935
50056
50093
50095
50118
50119
50135
50225
50299
50316
50451
50603
50701
50767
50796
50812
50833
50883
50972
50999
51226
51321
51332
51353
51420
51922
52031
52105
52159
52168
52320
52339
52348
52391
52449
52468
52502
52523
52571
52583
52788
52805
52822
52838
52865
52910
52933
52965
53024
53051
53141
53209
53291
53448
53463
53476
53523
53711
53784
53816
53835
53841
54039
54150
54218
54244
54262
54281
54283
54336
54446
54486
54587
54683
54690
54703
54718
54785
55010
55059
55072
55197
55548
55568
55650
55724
55741
55762
55769
55782
56027
56080
56342
56358
56571
56658
56982
57003
57014
57113
57161
57254
57316
57351
57371
57680
57680
57762
57777
57777
57829
57860
57873
57896
58210
58294
58312
58366
58398
58450
58650
58704
58787
59019
59024
59174
59334
59351
59496
59514
59514
59655
59826
60043
60275
60293
60384
60646
60706
60771
60857
61078
61146
61499
61577
61653
61736
61767
61924
61935
62049
62053
62062
62107
62153
62188
62248
62280
62357
62385
62473
62514
62526
62542
62546
62616
62755
62787
62951
62979
63032
63072
63133
63137
63147
63184
63305
63357
63399
63429
63449
63514
63648
63735
63858
63906
63996
63997
64235
64396
64464
64513
64563
64715
64954
64959
65193
65242
65287
65375
65414
65700
65912
65978
66008
66227
66382
66416
66690
67240
67347
67410
67439
67446
67463
67481
67585
67595
67602
67644
67651
67714
67789
68002
68095
68192
68250
68313
68442
68661
68715
68738
68785
68820
68860
69103
69338
69426
69651
69926
70072
70087
70108
70131
70268
70282
70402
70494
70558
70662
70735
70833
70853
70869
71005
71117
71161
71207
71263
71296
71356
71647
71718
71860
72122
72178
72287
72388
72795
72813
72836
72848
73011
73086
73112
73174
73260
73302
73372
73402
73428
73707
73718
73765
73787
73795
73833
74023
74172
74194
74281
74435
74475
74723
74769
74794
74908
75118
75125
75304
75416
75478
75509
75544
75582
75663
75778
75849
76078
76437
76501
76627
76723
76762
76773
76788
76866
76958
76975
77121
77123
77418
77445
77456
77493
77497
77530
77538
77623
77741
77796
77997
78133
78220
78240
78419
78490
78543
78761
78762
78805
79002
79257
79344
79359
79544
79559
79657
79704
79705
79728
79733
80189
80285
80381
80713
80811
80842
80871
81043
81139
81156
81193
81264
81384
81387
81621
81920
81935
81946
82166
82431
82555
82700
82801
82838
82958
82976
83042
83065
83093
83101
83198
83271
83297
83398
83400
83535
83827
84125
84172
84204
84433
84434
84445
84511
84558
84583
84587
84636
84683
84821
84830
84921
84949
85028
85283
85391
85435
85495
85517
85681
85801
85811
85845
85864
85867
85901
86139
86202
86246
86333
86812
86913
86940
87180
87231
87281
87304
87350
87372
87384
87416
87578
87615
87657
87734
87745
87762
87776
87831
87834
87840
87898
88100
88118
88248
88313
88548
88643
88730
88899
88903
88990
89053
89145
89265
89451
89562
89675
89863
89973
90360
90394
90682
90726
90731
90891
90945
91080
91173
91198
91298
91343
91355
91433
91523
91627
91805
91853
91868
92051
92082
92208
92231
92294
92300
92566
92699
92914
93064
93177
93232
93755
93795
93995
94176
94455
94603
94662
94700
94779
94982
95221
95275
95402
95427
95683
95809
95832
95904
96055
96190
96214
96256
96264
96272
96284
96363
96501
96737
96898
96900
96974
97089
97143
97156
97171
97194
97211
97306
97420
97564
97926
97977
98001
98047
98134
98295
98393
98404
98605
98712
98793
98864
98974
99094
99345
99405
99437
99458
99557
99773
99785
99941
100001
100036
100077
100187
100217
100224
100400
100406
100530
100648
100672
100776
100832
100931
100970
100991
101146
101236
101457
101528
101592
101732
101839
101882
101909
102048
102118
102123
102168
102505
102665
102779
102860
103269
103468
103494
103583
103628
103691
103768
103855
104033
104076
104093
104196
104399
104512
104626
104659
104666
104708
104796
105070
105173
105343
105363
105501
105648
105656
105687
105835
105984
106011
106107
106225
106278
106511
106567
106592
106612
106626
106739
106749
107298
107452
107576
107691
107790
107806
108181
108195
108233
108238
108480
108621
108678
108822
108855
109008
109013
109192
109415
109821
109834
109882
109888
110081
110378
110423
110440
110495
110584
110686
110794
110869
111130
111138
111503
111503
111537
111700
111808
111865
112016
112084
112129
112398
112501
112506
112625
112928
113047
113083
113207
113246
113263
113310
113344
113346
113409
113424
113849
113871
113901
113923
114250
114325
114655
114701
114711
114717
114732
114739
114970
114973
115181
115223
115250
115269
115465
115538
115561
115653
115852
115999
116201
116253
116334
116552
116573
116716
116731
116776
116860
116875
116909
116910
116976
116996
117004
117018
117213
117221
117292
117352
117379
117421
117443
117500
117605
117875
118285
118641
118653
118696
118708
118776
118852
118882
118963
119347
119443
119551
119557
119811
119816
119824
120028
120291
120363
121020
121033
121179
121710
121903
122004
122775
122811
122842
123214
123220
123489
123527
123733
123744
123755
123820
124275
124552
124556
124575
124687
124740
124803
124859
125021
125049
125093
125225
125274
125667
125728
126050
126156
126238
126274
126300
126326
126340
126546
126829
126831
126909
126938
127040
127510
127641
127688
127862
128062
128118
128364
128528
128532
128607
128664
128749
129147
129174
129294
129397
129780
129793
129869
130034
130055
130200
130204
130305
130310
130431
130458
130488
130648
130731
130761
130838
131012
131019
131300
131518
131618
131672
131768
131785
131928
131975
132214
132401
132531
132610
132640
132853
133017
133055
133334
133348
133574
133696
133735
133811
133996
134073
134166
134605
134655
134695
134749
134760
134760
134835
135134
135434
135599
135642
135676
135843
135984
135999
136023
136108
136222
136445
136714
136730
136769
136983
137017
137017
137102
137144
137308
137437
137635
137945
138210
138617
138668
139254
139464
139520
139786
139808
139874
139962
139982
140106
140217
140550
140636
140710
140826
140921
140985
140988
141028
141122
141141
141180
141316
141622
141670
141723
141772
141910
142212
142298
142348
142358
142514
142816
142829
142850
142975
143174
143358
143458
143503
143565
143734
143764
143768
143798
143840
143862
143870
143986
144040
144165
144227
144321
144600
144620
144981
144994
145028
145048
145280
145352
145581
145742
145780
145889
146244
146279
146348
146480
146593
146622
146633
146661
146707
146744
146904
146932
147015
147099
147223
147345
147506
147514
147631
147690
147956
148050
148134
148157
148211
148278
148461
148698
148813
148952
149025
149163
149326
149336
149429
149476
149784
150042
150118
150269
150273
150283
150442
150693
150869
151028
151055
151355
151521
151789
151843
151923
152144
152210
152387
152846
153244
153318
153381
153538
153578
153584
153668
153702
154134
154161
154260
154392
154446
154480
154530
154633
154667
154871
155030
155123
155317
155330
155539
155607
155660
155709
155875
155936
156001
156059
156681
156848
156982
156992
156999
157077
157282
157289
157350
157350
157381
157482
157588
157724
157744
158082
158388
158561
158565
158690
158834
158864
159391
159607
159675
159697
159830
159932
159973
160084
160112
160126
160232
160280
160826
160854
160882
161099
161250
161574
161583
161658
161759
161905
161928
161980
162116
162256
162447
162457
162731
162832
162856
162951
163201
163357
163380
163444
164111
164268
164276
164310
164314
164567
164630
164990
165046
165079
165213
165303
165317
165468
165854
165961
166220
166258
166472
166769
166985
167160
167293
167313
167527
167852
167860
168077
168258
168476
168541
169006
169144
169342
169638
169664
169730
169858
169951
170203
170461
170616
170659
170723
171045
171063
171077
171289
171838
171955
172079
172233
172512
172616
172700
172961
173396
173483
173604
173715
173811
173932
174090
174205
174279
174400
174657
174875
175195
175238
175353
175556
175657
175691
175769
175832
176241
176261
176266
176509
176693
176708
176850
176853
176919
177061
177130
177135
177222
177307
177582
177771
177894
178227
178357
178394
178931
179018
179042
179139
179186
179398
179700
179712
179933
180006
180108
180159
180324
180810
180886
181154
181203
181251
181342
181357
181687
181999
182274
182379
182517
182685
182775
183280
183308
183339
183485
183562
183730
183762
184145
184319
184392
184825
184828
185069
185286
185776
185813
186388
186582
186725
186792
186891
186977
186984
187077
187156
187259
187271
187419
187460
187725
187761
188056
188451
188495
188504
188640
188698
188917
188924
188976
189270
189320
189603
189689
189956
189988
190225
190328
190342
190422
190459
191004
191259
191340
191533
191598
191651
191689
191905
192043
192061
192075
192120
192138
192237
192618
192806
192908
192981
193033
193488
193745
193788
193998
194240
194418
194501
194511
194540
194811
194926
195040
195087
195130
195387
195491
195675
195758
196024
196289
196441
196542
196635
196837
196987
197075
197183
197210
197477
197582
197641
197720
197751
198272
198464
198521
198797
199120
199128
199829
200122
200608
200820
200878
200993
201211
201798
201884
201891
202165
202239
202244
202438
203055
203357
203784
203821
203864
203940
203943
204054
204375
204634
204754
205118
205332
205649
205802
206104
206294
206314
206623
206869
206928
207370
207427
207799
207841
207862
207907
208057
208215
208220
208443
208515
209085
209708
209821
210117
210288
210560
210614
210794
211199
211311
211357
211660
212069
212119
212183
212207
212445
212771
212802
213059
213229
213526
213957
214167
214199
214253
214640
214874
215023
215559
215607
215607
216116
216271
216959
217234
217828
217987
218082
218199
218304
218468
218971
219020
219086
219537
219542
219965
220294
220357
220425
220454
220503
220613
221229
221394
221524
221625
221767
222064
222174
222628
222749
222758
223026
223076
223140
223251
223321
223388
223398
223890
223956
224166
224387
224501
225331
225362
225564
225743
226474
226592
226781
226789
226865
226967
227067
227216
227896
228268
228642
228732
228794
229096
229233
229402
229648
229818
229831
230015
230227
230346
230359
230689
230807
231207
231433
231767
231896
232146
232195
232541
232597
232637
232910
233319
233345
233376
233510
234238
234665
234882
235324
235490
235900
235934
235954
235993
236156
236809
236999
237037
237139
237150
237166
237525
238137
238148
238331
238508
238722
238952
239088
239644
239875
239924
240160
240219
240468
240676
240788
240889
241010
241030
241793
241824
242235
242352
242604
242767
243164
243315
243401
243885
244330
244981
245665
245738
246117
246151
247480
247550
247617
247732
247811
247940
248466
248651
248940
248983
250274
250307
250350
251665
251929
252172
252321
252432
252457
252563
252628
252985
253037
253311
253750
253778
253808
253903
253913
254897
255336
255734
256005
256210
256481
256556
256928
257013
257208
257759
257891
258398
258826
258921
258998
259172
259193
259562
259792
259812
260103
260147
260510
260518
260657
261070
261291
261304
261644
261741
262110
262992
263100
263833
264429
264518
264881
265359
265442
265476
266621
267231
267530
267565
267598
267814
269168
270248
270280
270324
270393
271080
271871
272158
272208
272544
272772
272862
272969
272987
274011
274333
274491
274861
275049
275458
275942
275949
277033
278122
278205
278240
278289
279346
279904
282355
283177
283300
283394
283706
284298
284413
284424
284625
284986
285564
286050
286337
286544
286638
286706
288552
288849
289269
289530
289732
289786
289887
289928
290925
291233
291454
292222
292601
293636
294671
295774
296412
296490
296529
297384
297919
298043
298053
298088
298187
298953
299443
299504
300414
301131
301268
301693
301711
302985
303006
304579
304701
305614
307094
307511
309146
309812
309855
309890
310003
310259
310592
312768
312774
312779
314223
314816
315338
315454
315503
315625
316143
316964
317356
318241
319179
320056
321388
321686
322855
323016
323346
327489
327897
329624
330230
330457
330704
330905
332095
333227
333600
333612
333772
334479
334694
334782
335058
336041
336321
337356
337512
338548
338603
339450
340512
342832
343833
344107
345008
345511
345601
345625
346184
346473
347208
347775
347873
349005
349348
349898
349954
350211
350432
350740
351955
352849
353979
354271
354732
354779
356522
357549
358572
359212
360751
360995
361011
361231
361816
362471
363145
363674
363739
364121
364823
367357
368729
370188
370347
370393
371005
371636
371978
374271
377035
379224
379712
379763
380673
380836
381371
381964
382388
384602
391045
395985
397511
397752
399242
399470
399604
400776
400789
403494
403961
406693
407378
408908
409843
410179
410326
410693
410823
411852
413040
415630
419939
427764
430636
433261
433661
434010
435234
435618
438916
438927
443098
444183
444459
447688
448188
449736
452514
457192
460295
460824
461249
466012
471477
475519
478069
482680
484107
484277
490785
491680
499402
510373
511044
533921
535962
537586
551379
568667
576569
584203
591288
643721
647438
668026
691781
