0
0
16
18
106
156
158
239
365
376
412
449
465
484
525
533
538
583
611
667
720
738
771
771
818
837
942
948
957
958
984
994
1008
1013
1056
1088
1121
1135
1161
1166
1180
1182
1186
1212
1300
1321
1356
1406
1445
1515
1745
1807
1840
1842
1871
1978
1994
2030
2089
2228
2329
2417
2437
2450
2458
2467
2483
2511
2515
2534
2680
2751
2766
2798
2831
2865
2913
3010
3214
3215
3260
3355
3433
3536
3754
3801
3820
3846
3899
3998
4070
4126
4141
4174
4241
4318
4390
4455
4480
4496
4548
4625
4822
4876
4916
4920
5037
5102
5150
5178
5225
5323
5346
5355
5373
5550
5579
5696
5709
5811
5819
5847
5930
5964
6069
6117
6130
6141
6386
6478
6507
6517
6579
6634
6677
6913
6919
7260
7316
7339
7366
7507
7550
7591
7627
7633
7968
8005
8065
8095
8328
8352
8367
8443
8618
8760
8813
8816
8995
9000
9071
9076
9263
9328
9363
9419
9487
9516
9541
9741
9790
9908
9922
9931
9934
10041
10146
10304
10305
10395
10451
10483
10596
10599
10738
10741
10787
10817
10939
11010
11052
11135
11229
11401
11425
11442
11477
11510
11527
11535
11538
11574
11583
11634
11868
11916
11946
11946
11987
12047
12140
12154
12173
12305
12309
12365
12373
12474
12514
12549
12622
12683
12743
12796
12864
12880
12906
12960
12987
13013
13013
13037
13057
13064
13197
13203
13213
13230
13333
13385
13514
13527
13541
13626
13664
13680
13711
13714
13879
13911
14028
14246
14266
14407
14432
14474
14480
14563
14564
14565
14603
14633
14691
14735
14871
14920
14935
15114
15169
15235
15236
15240
15295
15314
15320
15338
15445
15469
15480
15497
15522
15534
15573
15644
15874
15900
15927
16161
16172
16187
16196
16233
16333
16367
16405
16460
16470
16498
16535
16619
16626
16631
16723
16830
16838
17024
17265
17291
17292
17435
17442
17480
17503
17507
17510
17512
17543
17543
17641
17649
17814
17927
17955
17997
18032
18104
18105
18251
18281
18281
18312
18349
18383
18404
18497
18512
18627
18642
18669
18742
18940
18953
19064
19139
19160
19196
19341
19388
19409
19491
19500
19540
19563
19573
19627
19694
19702
19755
19777
19851
19851
19876
19885
19900
20127
20371
20384
20431
20456
20532
20571
20595
20733
20741
20763
20790
20895
20902
20912
20949
20983
20993
21017
21021
21033
21035
21047
21059
21138
21289
21297
21304
21440
21470
21667
21700
21708
21742
21767
21788
21811
21860
21939
21983
22044
22077
22107
22218
22325
22382
22383
22422
22435
22514
22673
22677
22731
22939
22960
22988
23004
23097
23161
23167
23176
23314
23321
23550
23564
23664
23676
23682
23726
23751
23752
23814
23837
23877
24000
24035
24070
24264
24281
24312
24407
24438
24456
24537
24621
24627
24862
24886
24925
24931
24964
24995
25008
25018
25090
25222
25279
25287
25313
25333
25409
25413
25432
25458
25476
25561
25596
25654
25674
25698
25712
25728
25767
25774
25963
25975
25994
26042
26072
26159
26208
26261
26399
26428
26672
26728
26793
26801
26807
26894
26949
27004
27025
27029
27065
27077
27148
27161
27185
27271
27325
27334
27366
27385
27411
27461
27493
27509
27511
27563
27610
27692
27792
27794
27885
27924
28042
28124
28131
28133
28146
28203
28219
28219
28227
28242
28277
28305
28420
28438
28638
28668
28688
28704
28708
28760
28780
28826
28916
28937
28972
28998
29095
29269
29346
29434
29534
29653
29702
29883
29905
29976
30194
30239
30314
30331
30408
30420
30434
30437
30531
30604
30614
30627
30669
30767
30802
30828
30948
30967
31012
31028
31069
31107
31252
31282
31372
31426
31480
31489
31522
31589
31654
31659
31683
31691
31824
31833
31924
32011
32036
32055
32082
32090
32133
32153
32208
32219
32248
32292
32336
32371
32443
32455
32477
32544
32622
32639
32686
32776
32777
33038
33039
33114
33164
33216
33322
33330
33423
33436
33484
33485
33512
33617
33637
33686
33723
33770
33799
33809
33834
33852
33870
33890
33922
34005
34124
34127
34131
34227
34243
34251
34316
34344
34370
34430
34515
34585
34597
34612
34752
34878
34891
34896
34913
34916
35055
35161
35161
35319
35333
35388
35414
35434
35497
35500
35561
35602
35705
35767
35838
35863
35873
35897
35937
36067
36122
36200
36262
36326
36335
36353
36379
36390
36519
36566
36574
36582
36595
36603
36636
36692
36716
36730
36820
36886
36950
37065
37123
37126
37131
37149
37310
37466
37512
37536
37688
37690
37693
37706
37772
37829
37949
38003
38046
38306
38354
38357
38358
38403
38427
38486
38514
38524
38570
38809
38857
38867
38918
38966
38991
38996
39009
39072
39078
39106
39118
39135
39145
39190
39286
39289
39292
39335
39336
39394
39461
39462
39531
39560
39586
39663
39714
39748
39777
39802
39808
39857
39863
40105
40152
40185
40274
40346
40370
40382
40470
40477
40547
40612
40637
40670
40672
40715
40729
40841
40859
40890
40931
41036
41064
41082
41113
41157
41188
41217
41396
41403
41589
41673
41675
41784
41939
41964
42121
42165
42182
42198
42269
42294
42354
42355
42391
42446
42499
42549
42611
42616
42618
42687
42794
42882
42965
43021
43089
43164
43220
43243
43254
43305
43356
43376
43408
43417
43578
43793
43862
43940
44019
44121
44151
44177
44246
44253
44256
44273
44416
44535
44547
44550
44635
44644
44668
44709
44735
44747
44787
44794
44812
44858
44890
44911
44986
45102
45126
45131
45198
45210
45304
45329
45390
45431
45431
45480
45511
45616
45814
45842
45855
45870
45879
45885
45957
45975
46076
46080
46099
46126
46144
46151
46151
46207
46254
46316
46383
46410
46437
46453
46462
46622
46744
46857
46880
46963
47091
47117
47139
47213
47416
47448
47734
47806
47849
47881
47928
48067
48079
48230
48273
48399
48408
48425
48445
48462
48546
48677
48698
48736
48817
48873
48889
48908
49055
49065
49214
49321
49344
49359
49496
49571
49801
49841
49921
50010
50037
50123
50204
50254
50264
50281
50344
50364
50391
50409
50598
50634
50846
50856
50938
51019
51064
51076
51270
51285
51298
51406
51415
51506
51517
51529
51588
51714
51825
51846
51855
51955
51991
52105
52176
52288
52354
52401
52504
52513
52593
52659
52708
52732
52820
52871
52992
53020
53065
53067
53073
53087
53119
53145
53354
53382
53448
53461
53488
53658
53660
53669
53673
53687
53688
53731
53749
53835
53974
53996
54012
54063
54136
54196
54212
54217
54221
54222
54289
54372
54399
54579
54679
54711
54810
54878
54895
54921
54933
54936
54947
54956
55116
55141
55164
55191
55207
55260
55306
55316
55410
55433
55603
55628
55628
55648
55724
55763
55794
55806
55827
55895
55940
55946
56201
56290
56316
56325
56335
56402
56417
56428
56443
56524
56568
56601
56619
56697
56697
56698
56821
56954
57047
57086
57167
57255
57390
57432
57491
57496
57518
57548
57567
57595
57683
57709
57721
57819
57859
57921
57937
58020
58102
58174
58176
58296
58336
58341
58474
58600
58612
58670
58734
58742
58759
58776
58847
58893
58955
58957
59087
59094
59143
59255
59342
59461
59484
59568
59645
59666
59685
59689
59731
59762
59782
59887
59898
59983
60013
60033
60087
60131
60135
60144
60185
60267
60275
60529
60566
60616
60675
60766
60846
60889
60893
60907
60924
61076
61161
61249
61252
61286
61287
61373
61438
61451
61473
61479
61552
61554
61569
61592
61645
61656
61663
61691
61734
62009
62088
62093
62216
62323
62439
62453
62478
62697
62781
62804
62804
62974
62994
63067
63519
63537
63622
63839
63868
63879
63929
64036
64064
64130
64143
64301
64380
64613
64721
64773
64909
64911
64913
64950
65168
65185
65232
65242
65243
65451
65595
65601
65624
65657
65704
65714
65842
65925
65948
66015
66145
66167
66196
66231
66396
66489
66507
66587
66674
66681
66890
66918
66941
66976
67144
67149
67216
67270
67359
67372
67382
67420
67555
67684
67710
67720
67813
67815
67905
67932
67952
67974
67975
67985
68025
68045
68046
68082
68101
68125
68314
68360
68400
68513
68550
68631
68696
69106
69106
69137
69195
69233
69404
69406
69432
69451
69455
69482
69591
69642
69678
69708
69922
69922
69968
70017
70210
70287
70376
70540
70681
70986
71011
71031
71138
71141
71148
71230
71238
71322
71604
71656
71680
71747
71768
71820
71904
71968
72046
72053
72091
72098
72158
72258
72268
72275
72295
72306
72346
72392
72444
72603
72617
72731
72761
73064
73073
73081
73140
73224
73236
73298
73375
73387
73531
73534
73537
73538
73558
73614
73656
73717
73937
74005
74148
74154
74286
74361
74366
74419
74468
74563
74566
74662
74727
74790
74932
74973
75001
75010
75015
75028
75104
75108
75131
75226
75228
75379
75456
75531
75604
75664
75811
75942
75986
76008
76020
76077
76106
76134
76204
76303
76314
76361
76363
76406
76430
76531
76579
76758
77018
77221
77285
77298
77307
77331
77441
77480
77513
77636
77638
77700
77792
77807
77808
77818
77826
77837
77860
77882
77921
77945
78032
78158
78160
78172
78327
78331
78350
78373
78395
78518
78563
78610
78621
78656
78662
78731
78765
78778
78788
78823
78829
78850
78908
78910
78943
78952
79025
79091
79112
79146
79160
79258
79319
79343
79541
79603
79625
79658
79666
79699
79702
79743
79743
79752
79758
79791
79936
80013
80021
80125
80191
80212
80353
80421
80468
80549
80624
80666
80688
80783
80811
80831
80888
80935
80957
81222
81245
81339
81355
81402
81435
81480
81497
81542
81573
81602
81725
81928
81943
82034
82069
82217
82349
82356
82453
82471
82503
82505
82506
82573
82607
82633
82642
82645
82688
82696
82718
82762
82841
82944
83211
83268
83342
83344
83500
83510
83780
83785
83788
83788
83804
83819
83821
83944
83979
84073
84138
84202
84269
84509
84624
84718
84721
84750
84863
84898
85037
85091
85377
85412
85418
85424
85546
85572
85770
85845
85883
86024
86030
86063
86359
86421
86618
86751
86783
86787
86879
86884
86925
86956
87031
87063
87210
87262
87306
87396
87511
87568
87630
87693
87833
87885
87896
87944
87956
88051
88078
88097
88243
88252
88447
88549
88732
88737
88779
88838
88868
88932
89238
89310
89374
89400
89424
89442
89442
89447
89538
89630
89742
89764
89798
89825
89866
89883
89884
89906
89939
89942
89971
89975
90175
90210
90211
90390
90409
90485
90500
90551
90617
90663
90691
90788
90812
90887
90953
90954
90988
91129
91143
91153
91192
91285
91287
91298
91317
91446
91451
91455
91472
91476
91489
91523
91538
91662
91685
91831
91852
91855
92068
92092
92273
92288
92384
92396
92522
92583
92642
92704
92705
92874
92977
92982
92982
93169
93322
93334
93399
93468
93507
93582
93717
93736
93770
93920
93939
94108
94149
94258
94283
94424
94484
94593
94619
94623
94711
94752
94777
94796
94808
94903
94941
95048
95107
95108
95123
95139
95165
95227
95269
95356
95380
95474
95619
95625
95636
95689
95690
95707
95813
95998
96110
96171
96313
96369
96397
96424
96495
96527
96610
96753
96780
96804
96833
96898
96905
96975
97022
97035
97037
97053
97066
97077
97091
97100
97127
97201
97312
97330
97422
97510
97591
97602
97658
97707
97762
97768
97771
97812
97827
98092
98146
98187
98190
98230
98297
98504
98565
98579
98685
98733
98768
98827
98897
98906
99173
99343
99587
99603
99636
99683
99940
99983
100003
100011
100093
100109
100136
100161
100192
100285
100345
100411
100429
100580
100586
100727
100745
100835
100842
100896
101059
101071
101087
101091
101109
101168
101291
101297
101301
101521
101530
101565
101581
101667
101700
101956
101969
102006
102245
102257
102280
102351
102359
102373
102687
102770
102783
102814
102888
102889
102891
103059
103122
103205
103269
103297
103498
103519
103545
103586
103589
103746
103754
103886
103953
104014
104019
104021
104056
104105
104160
104164
104218
104475
104486
104591
104635
104688
104702
104750
104789
104843
105001
105005
105133
105325
105341
105363
105382
105469
105562
105605
105779
105836
105881
105963
105981
106060
106100
106159
106266
106269
106403
106418
106519
106608
106767
106812
106913
106943
106961
106972
107082
107140
107185
107230
107231
107358
107362
107478
107513
107676
107826
107913
107922
108175
108275
108351
108384
108389
108407
108426
108486
108496
108530
108633
108648
108682
108778
108783
108843
108860
108876
109021
109150
109158
109287
109516
109677
109812
109866
109915
109930
109965
110069
110126
110127
110257
110355
110362
110401
110527
110560
110600
110674
110746
110828
110864
110867
110932
111114
111160
111195
111388
111418
111463
111497
111551
111560
111580
111692
111698
111742
111839
111991
112639
112675
112703
112845
112890
112904
113012
113160
113168
113195
113215
113506
113555
113853
113875
113886
113912
113959
114092
114151
114506
114541
114561
114574
114661
114872
115005
115320
115438
115608
115709
115751
115866
115954
116038
116258
116340
116365
116387
116390
116478
116520
116548
116573
116629
116638
116685
116770
116801
116836
116988
117102
117171
117194
117279
117319
117333
117374
117385
117399
117465
117485
117499
117556
117563
117576
117602
117666
117686
117694
117698
117786
118048
118055
118099
118178
118305
118323
118366
118428
118475
118481
118577
118629
118748
118776
118812
118844
119142
119387
119585
119657
119688
119786
119793
119883
119973
119981
119990
120208
120269
120349
120367
120445
120671
120801
120813
120931
121077
121110
121275
121294
121369
121453
121550
121818
121824
121846
121860
121873
121885
121902
121922
122022
122048
122069
122118
122127
122281
122488
122644
122658
122675
122707
122757
122820
123011
123061
123127
123146
123203
123362
123382
123523
123539
123731
123821
123848
123944
124088
124105
124152
124253
124410
124487
124535
124660
124686
124812
124822
125080
125153
125220
125298
125365
125412
125450
125550
125755
125824
125943
125981
126074
126137
126142
126144
126374
126379
126513
126615
126630
126689
127075
127082
127107
127190
127238
127261
127317
127416
127474
127479
127847
127904
128057
128063
128105
128150
128184
128537
128667
128943
129170
129261
129382
129637
129663
129710
129738
129787
130080
130102
130156
130182
130367
130395
130410
130465
130640
130720
130763
130979
131016
131041
131106
131174
131221
131335
131491
131715
131731
131816
131855
131972
132097
132102
132289
132383
132432
132491
132492
132701
132906
132916
133137
133302
133372
133465
133647
133649
133658
133859
133869
134060
134094
134172
134224
134342
134632
134635
134707
134768
134785
134843
134893
134909
135250
135351
135380
135441
135594
135867
135868
135929
135966
136005
136178
136737
136820
136854
136855
137197
137253
137521
137637
137930
137973
138121
138144
138150
138156
138353
138528
138706
138725
138804
138864
138971
139006
139036
139048
139386
139490
139519
139630
139753
139801
139831
139975
140051
140144
140166
140213
140256
140261
140515
140519
140633
140686
140719
140739
140836
140859
140965
141004
141020
141066
141240
141294
141430
141489
141613
141616
141697
141801
141871
141910
141973
142053
142114
142337
142574
142662
142765
142950
142968
143215
143384
143442
143552
143598
143751
143767
143902
143919
144001
144274
144403
144447
144449
144571
144620
144643
144655
144733
144745
144796
144819
144849
144858
144953
144963
144978
145074
145078
145322
145352
145383
145560
145734
145885
146247
146368
146438
146563
146723
146917
146934
147055
147073
147105
147209
147295
147515
147725
147749
147808
147850
147930
148088
148209
148251
148329
148352
148399
148465
148593
148630
148937
148938
149118
149136
149158
149170
149174
149263
149312
149417
149556
149725
149761
149794
149796
149825
150128
150208
150226
150237
150433
150450
150496
150526
150672
150737
150822
150912
150918
150936
151018
151019
151032
151108
151160
151162
151301
151370
151391
151568
151589
151725
151971
151987
152148
152432
152541
152754
152954
153136
153153
153298
153660
153738
153924
153950
154110
154323
154369
154443
154459
154478
154581
154804
154880
154927
154975
155273
155279
155417
155756
155788
156447
156613
156723
156737
156871
156934
156957
156960
157042
157308
157363
157786
157788
157843
157874
158039
158300
158365
158492
158575
158637
158719
158722
158846
158952
159035
159048
159102
159141
159373
159440
159618
159650
159766
159865
160119
160300
160304
160327
160330
160360
160384
160417
160423
160512
160674
160679
160697
160743
160749
160894
161222
161287
161618
161644
161855
161972
162113
162280
162285
162423
162616
162753
163026
163097
163274
163331
163335
163389
163403
163486
163535
163616
163631
163692
163714
163952
164074
164100
164156
164458
164520
164566
164588
164623
164716
164728
164735
164871
164884
164956
165137
165334
165502
165540
165818
165940
165988
165989
166020
166157
166208
166265
166304
166485
166495
166535
166815
166912
167051
167122
167126
167481
167577
167585
167903
167915
167993
168127
168333
168445
168454
168625
168707
168979
168996
169098
169111
169114
169185
169329
169382
169394
169668
169841
169908
169932
170032
170101
170183
170275
170296
170326
170533
170772
170819
170987
170994
171090
171102
171185
171215
171263
171286
171315
171319
171404
171718
171766
171778
171829
172144
172219
172226
172399
172421
172545
173293
173331
173458
173711
174016
174032
174167
174307
174323
174453
174557
174667
174800
174803
174943
175036
175144
175527
175613
175714
175889
175928
175950
176236
176280
176457
176460
176524
176926
177123
177233
177240
177255
177394
177414
177517
177536
177688
177693
177915
178182
178414
178473
178546
178632
178682
178686
178763
179220
179391
179445
179746
179754
179801
179877
179893
179906
179952
179972
180170
180319
180382
180736
180813
180833
180846
180956
181123
181174
181227
181366
181537
181714
181914
182078
182342
182404
182625
182651
182656
182854
182887
182923
183214
183225
183273
183468
183500
183614
183749
184120
184157
184261
184403
184633
184737
184743
184824
184832
184920
185109
185402
185730
185889
186316
186411
186412
186905
187141
187167
187340
187434
187519
187631
187659
187662
187690
187714
187866
187908
188086
188154
188196
188277
188427
188460
188485
188515
188552
188722
188964
189010
189133
189315
189361
189457
189756
190026
190098
190621
190631
190657
190734
190873
191106
191120
191142
191174
191198
191435
191454
191554
191708
191775
192178
192567
192847
192948
192949
193024
193076
193451
193680
193702
193761
194033
194130
194136
194283
194329
194521
194526
194561
194751
194776
194938
194942
194957
195050
195073
195246
195300
195337
195559
195811
196001
196052
196183
196198
196354
196405
196833
196992
197065
197150
197183
197348
197364
197395
197459
197547
197732
197828
197848
197861
197990
198213
198441
198786
198793
198897
199032
199099
199181
199268
199420
199592
199853
200112
200588
200783
200817
200929
201004
201647
201650
201796
201900
202096
202109
202387
202917
203048
203150
203180
203229
203293
203343
203575
203635
203636
203694
203700
203788
203936
203971
204177
204242
204276
204667
204832
204836
205177
205361
205501
205697
205785
205979
206194
206308
206761
206851
207125
207133
207134
207181
207665
208094
208243
208331
208451
208642
208679
208992
209295
209324
209411
209642
209771
209872
210165
210241
210635
210884
211056
211439
211454
211466
211515
211625
211653
211760
212031
212383
212541
212844
212965
213121
213142
213232
213550
213551
214183
214267
214445
214466
214545
214681
214735
214770
214838
215027
215071
215073
215124
215239
215701
215943
215976
216116
216297
216304
216365
216911
216965
217238
217244
217362
217425
217463
217511
217945
218125
218459
218594
218657
218778
219007
219031
219044
219357
219451
219564
219669
219737
220027
220264
220639
220756
221052
221271
221509
221841
221861
221978
222036
222190
222224
222498
222615
222898
223085
223120
223187
223753
223994
224159
224454
224730
224789
225000
225070
225291
225458
225476
225633
225964
227058
227193
227252
227456
227551
227745
227970
228065
228204
228233
228579
229170
229179
229224
229334
229344
229409
229432
229439
229758
229820
230042
230735
230887
231127
231357
231732
232070
232177
232181
232205
232223
232343
232348
232757
232771
233155
233329
233528
233564
233780
233831
234039
234196
234223
234259
234993
235016
235046
235279
235282
235300
235447
235455
235609
236022
236510
236648
236678
236718
236813
236903
236920
237137
237168
237810
237912
238097
238831
239052
239550
239845
239856
239943
239963
240192
240265
240390
240489
240814
240843
240948
241043
241226
241328
241385
241414
241667
241706
241873
242091
242187
242294
242450
243259
243467
243526
243539
243565
243680
243757
243864
243928
244047
244292
244326
244584
244613
244797
244911
245088
245226
245245
245345
245398
245412
245452
245720
246093
246170
246281
246369
246482
246541
247780
247811
248203
248316
248382
248421
249135
249145
249298
249427
249679
250287
250363
250534
250570
250587
250671
250782
250803
250907
251166
251256
251601
251740
252027
252036
252156
252203
252224
252244
252266
252429
252588
252687
252886
253361
253505
253667
253669
254019
254042
254219
254766
254787
255284
255956
255983
256223
256327
256445
256783
256798
256932
257666
257754
259394
259400
260094
260130
260389
260420
261241
261247
261970
261980
262510
263645
263845
263927
264530
264909
264928
265141
265191
265555
265662
265904
266013
266201
266456
266662
266742
266819
267933
268256
269458
270097
270417
271416
271490
271985
272058
272210
272804
272884
273545
273591
274245
274721
274830
275234
275356
275402
275665
275812
275857
276012
276390
277309
277783
277889
277996
278178
278969
279964
280031
280799
280837
281224
281266
281339
281564
281601
281603
281732
281874
282086
282204
282302
282616
282721
283039
283140
283292
283568
283699
283748
284254
284282
284490
284826
285130
285344
285861
285917
286494
287192
287375
287806
288279
288354
288685
289266
289478
289646
289659
290084
290272
290322
290340
291235
291308
291838
291912
291955
292027
292293
292316
292504
292681
292876
293370
293813
294184
294667
295552
295839
296204
296893
297420
297709
298067
298283
298780
298978
299113
299254
299259
299368
299758
300513
301144
302184
302421
302856
303259
303458
303848
304157
304562
304575
305582
305871
305972
307382
308452
308468
308472
308641
308920
309229
309971
310206
310282
310308
310792
311355
311567
311901
312077
312162
312163
312163
312398
312848
313036
313536
314402
315103
315213
315852
315915
316012
317477
319051
319886
320040
320624
320654
320665
320798
320840
321444
321678
322470
322473
322491
323224
324062
324640
324729
325057
325645
327084
327206
327277
327651
327658
327668
327796
328229
329349
330199
330999
331032
331200
331214
331215
331793
332622
332780
333131
333140
333581
333803
335135
335225
335287
336696
337592
337978
338274
339661
339964
340277
340829
340980
341859
342409
342704
343276
343632
344911
344987
345147
345898
346525
347004
347266
347553
348030
348166
349710
350113
350284
351355
351773
352041
352320
353267
353652
354059
355137
355647
356851
357166
357650
357891
359774
360374
361075
361460
362862
363562
363828
363888
364309
364930
367234
368902
369276
369556
369931
369940
370174
370720
370994
371450
374902
375561
376368
377488
377848
377997
378556
379412
380721
383112
383587
383694
383932
384997
385930
386944
387939
388412
390491
390755
390879
391007
391488
392942
395298
395651
396384
398423
403456
403527
405988
407339
410318
410486
410641
412625
413496
413854
415878
416403
418222
421940
422739
423857
424011
424650
427028
429509
430637
431101
437667
441412
445623
452018
457510
458655
460002
460210
462766
467146
468893
470268
480600
488034
491179
497895
514821
518605
523038
524326
538937
568143
589291
589402
594092
603736
620683
649485
719899
