0
0
24
53
55
69
130
195
320
338
402
468
489
545
555
564
612
673
807
931
1206
1434
1448
1451
1453
1533
1580
1630
1658
1680
1851
1872
2238
2264
2357
2429
2479
2644
2714
2769
2782
2932
2946
2985
3119
3132
3153
3305
3308
3324
3432
3456
3484
3684
3737
4016
4037
4042
4059
4072
4105
4213
4446
4456
4519
4578
4586
4841
4843
5023
5065
5170
5207
5302
5320
5332
5346
5358
5433
5438
5456
5649
5684
5689
5713
5882
5906
5907
5959
6015
6039
6068
6076
6117
6367
6437
6764
7073
7092
7241
7356
7387
7458
7504
7518
7591
7608
7756
7844
7859
7953
8121
8160
8328
8344
8615
8742
8911
8932
8934
8941
9073
9261
9450
9561
9572
9652
9680
9690
9721
9746
9766
9873
9975
10007
10074
10160
10180
10258
10320
10340
10340
10423
10482
10519
10612
10621
10788
10857
10931
10973
10998
11001
11053
11098
11184
11224
11260
11375
11387
11416
11475
11480
11484
11511
11556
11569
11584
11587
11599
11888
11905
11962
11965
11978
12058
12129
12428
12456
12468
12508
12521
12643
12688
12700
12752
12832
12862
12878
12944
12947
13026
13117
13292
13444
13498
13540
13561
13620
13718
13737
13762
13780
13814
13858
13886
13945
13989
14230
14248
14310
14495
14539
14548
14579
14608
14643
14666
14686
14688
14688
14791
14838
14990
15095
15122
15181
15192
15206
15207
15223
15345
15405
15408
15411
15412
15454
15513
15617
15648
15673
15759
15875
15891
15901
15930
16075
16083
16123
16192
16339
16343
16353
16420
16504
16559
16720
16877
16955
17069
17090
17138
17154
17179
17211
17230
17257
17271
17341
17507
17548
17561
17616
17643
17682
17743
17797
17822
18133
18178
18308
18522
18540
18543
18576
18713
18729
18741
18765
18857
18867
18945
18995
19046
19078
19088
19147
19207
19254
19263
19422
19457
19703
19717
19801
19834
19853
19961
20045
20135
20264
20372
20473
20481
20562
20607
20638
20734
20757
20758
20771
20823
20957
21352
21483
21506
21569
21692
21777
21855
21902
21928
22036
22098
22259
22375
22407
22408
22476
22554
22574
22744
22752
22781
22875
22928
22973
23001
23047
23145
23327
23339
23413
23445
23480
23481
23502
23525
23619
23665
23739
23904
24099
24147
24179
24225
24258
24433
24654
24658
24670
24799
24823
24896
24904
25036
25046
25130
25156
25178
25241
25418
25556
25850
25899
25935
26088
26152
26260
26385
26463
26610
26623
26760
26801
26935
27154
27282
27334
27408
27441
27469
27546
27585
27614
27713
27747
27786
28134
28141
28174
28187
28205
28258
28266
28325
28358
28440
28592
28700
28777
28856
28869
28870
28873
28910
28920
29005
29006
29169
29285
29319
29494
29546
29617
29661
29671
29735
29855
29897
30042
30060
30126
30211
30368
30395
30441
30454
30513
30529
30656
30730
30833
30961
31008
31069
31095
31164
31168
31183
31237
31283
31401
31404
31474
31569
31589
31862
32171
32179
32207
32244
32304
32334
32390
32680
32688
32708
32813
32867
33055
33075
33120
33134
33145
33183
33256
33267
33296
33348
33554
33667
33712
33725
33773
33849
33941
33972
34052
34115
34157
34318
34327
34350
34466
34582
34618
34646
34696
34768
34939
34970
35013
35094
35181
35482
35540
35552
35639
35658
35783
35971
35978
36114
36210
36217
36234
36356
36505
36584
36662
36741
36813
36916
36971
36994
37045
37076
37109
37232
37259
37355
37369
37596
37604
37644
37672
37824
38038
38089
38203
38333
38337
38409
38510
38535
38546
38591
38751
38815
38843
38848
38900
38935
38950
39055
39184
39314
39335
39541
39676
39745
39951
40074
40090
40101
40154
40188
40350
40384
40392
40569
40711
40740
40861
40871
40921
40946
40989
41064
41092
41131
41300
41407
41675
41677
41901
41928
42149
42177
42188
42307
42347
42360
42703
42730
42888
42945
42975
43109
43112
43281
43339
43351
43389
43485
43575
43644
43849
43894
43984
44014
44210
44287
44326
44349
44455
44492
44704
44738
45030
45806
45844
46084
46166
46254
46368
46478
46508
46547
46654
46694
46800
47063
47080
47156
47171
47175
47242
47339
47513
47523
47553
47596
47635
47789
47808
47883
47904
47993
48012
48110
48172
48230
48297
48476
48479
48636
48763
48812
48832
48907
49007
49022
49078
49102
49213
49275
49319
49389
49450
49630
49706
49766
50408
50466
50649
50806
50817
51105
51187
51375
51459
51535
51539
51562
51620
51623
51644
51652
51693
51803
51842
51924
51958
51994
52143
52328
52456
52659
52677
52679
52758
52876
52937
53028
53200
53500
53520
53554
53936
53970
54138
54180
54268
54276
54313
54394
54406
54597
54623
54688
54691
54725
54793
54797
54973
55043
55111
55179
55194
55271
55272
55330
55398
55442
55468
55476
55477
55478
55513
55588
55631
55655
55691
55877
55898
55973
55975
56097
56140
56143
56144
56235
56253
56336
56411
56463
56532
56631
56653
56686
56982
57116
57229
57338
57370
57428
57449
57524
57698
57714
57755
57841
57891
57959
58039
58088
58127
58141
58154
58191
58244
58252
58258
58360
58449
58696
58709
59170
59276
59350
59455
59460
59506
59646
59793
59853
59868
59946
60036
60075
60234
60515
60537
60623
60633
60671
60709
60753
60824
60907
60923
61115
61197
61272
61509
61552
61591
61657
61708
61797
61824
61888
62154
62469
62641
62645
62647
62716
62764
62770
63054
63202
63357
63401
63404
63472
63531
63558
63681
63864
63884
63944
64008
64050
64177
64264
64279
64348
64430
64476
64522
64560
64582
64909
65092
65178
65267
65345
65451
65466
65599
65634
65723
65760
65790
65980
66007
66139
66144
66149
66157
66163
66179
66201
66272
66321
66330
66355
66405
66486
66530
66551
66565
66611
66659
66724
66781
66783
66997
67027
67100
67251
67272
67322
67352
67368
67378
67402
67427
67550
67563
67647
67679
67682
67818
68010
68169
68246
68250
68263
68278
68551
68617
68643
68644
68700
68725
68745
68864
69013
69051
69061
69117
69119
69262
69399
69436
69593
69815
69928
70149
70169
70185
70352
70356
70468
70506
70563
70651
70721
70760
70780
70820
71115
71157
71645
71781
71797
71810
71874
71922
71980
71986
72020
72059
72071
72087
72154
72186
72191
72247
72294
72351
72357
72363
72634
72755
72763
72939
73052
73079
73142
73171
73198
73206
73317
73446
73609
73735
73796
73806
73854
73909
73949
74122
74190
74333
74375
74450
74480
74482
74529
74688
74737
74761
74767
74889
74989
75037
75062
75119
75266
75344
75373
75385
75542
75609
75626
75796
75870
75940
75958
75990
76010
76064
76111
76200
76218
76223
76252
76282
76289
76438
76462
76484
76625
76707
76859
77120
77147
77147
77364
77514
77547
77561
77592
77632
77778
77795
77867
77896
77925
78095
78124
78137
78200
78222
78236
78273
78304
78343
78509
78685
78710
78790
78926
78943
78990
78998
79007
79068
79143
79374
79520
79741
79772
79935
79935
79942
79978
79990
80232
80347
80429
80439
80558
80584
80739
80749
80801
80801
80822
80823
80858
80918
80957
81226
81267
81337
81585
81600
81853
81872
81889
81996
82004
82007
82263
82275
82518
82571
82615
82822
82870
83041
83151
83175
83437
83465
83484
83659
83675
83700
83702
83845
83921
83964
83973
84118
84144
84243
84281
84341
84366
84387
84461
84494
84593
84656
84671
84829
84957
85001
85049
85109
85146
85261
85377
85395
85428
85511
85681
85699
85738
85908
85942
85943
86110
86211
86240
86370
86700
86781
86809
86839
86858
86903
86927
87012
87125
87407
87415
87530
87656
87688
87821
87880
88574
88637
88757
88786
88816
88819
88833
88866
89062
89330
89377
89388
89862
89906
90013
90054
90244
90308
90427
90478
90550
90791
90812
90862
90882
90993
91111
91122
91131
91505
91522
91658
91661
91789
91973
92070
92151
92298
92373
92403
92609
92854
92865
92930
92966
93028
93079
93246
93462
93481
93498
93530
93548
93612
93712
93733
93846
94018
94028
94030
94074
94235
94287
94312
94319
94403
94544
94937
95002
95104
95504
95506
95600
95631
95741
95769
95785
95959
96015
96034
96175
96227
96232
96307
96345
96546
97087
97199
97224
97451
97490
97613
97695
97851
97933
98020
98166
98212
98267
98276
98279
98365
98390
98524
98530
98544
98777
99056
99269
99287
99341
99549
99668
99673
99873
100062
100134
100319
100539
100590
100763
100998
101342
101454
101480
101489
101571
101647
101843
101920
101953
101973
102035
102076
102077
102123
102207
102250
102548
102680
102716
102732
102905
102945
103014
103498
103629
103690
103758
104073
104115
104232
104255
104321
104447
104486
104768
104922
104956
104962
104988
105011
105037
105138
105200
105377
105476
105565
105859
106364
106543
106620
106848
106888
107026
107384
107448
107459
107492
107602
107725
107972
108114
108318
108454
109009
109066
109083
109105
109109
109119
109233
109441
109462
109513
109810
109898
110091
110124
110126
110456
110530
110896
110946
110948
110969
111022
111086
111120
111224
111312
111321
111398
111419
111445
111513
111539
111554
111586
111630
111818
112050
112158
112395
112401
112458
112468
112802
112871
113006
113084
113095
113155
113259
113367
113466
113485
113657
113679
113685
114087
114090
114093
114094
114196
114258
114555
114591
114632
114646
114651
115127
115231
115261
115309
115483
115501
115836
116107
116215
116378
116433
116924
116960
117156
117170
117401
117465
117468
117605
117635
117683
117691
117738
117758
117868
117889
117910
117931
118163
118272
118419
119284
119418
119577
119582
119583
119773
119896
119910
119937
120030
120044
120047
120069
120134
120177
120234
120349
120621
120828
120875
120927
120965
121005
121033
121048
121055
121170
121179
121187
121202
121238
121267
121277
121338
121433
121655
121754
121797
121824
121897
121934
122173
122333
122444
122523
122528
122613
122639
122752
122806
123033
123092
123162
123195
123257
123537
123830
123944
123963
123997
124215
124409
124433
124476
124558
124563
124899
125094
125176
125226
125271
125334
125421
125615
125862
125895
126267
126280
126466
127139
127282
127284
127328
127516
127541
127597
127654
127813
127946
127971
128037
128112
128208
128213
128248
128283
128596
128736
128929
128975
129122
129149
129325
129465
129474
129591
129604
129927
129960
130152
130448
130523
130619
130710
130766
130843
131029
131194
131391
131411
131414
131422
131460
131727
131739
131898
131991
132019
132288
132383
132436
132518
132862
132929
133004
133100
133112
133148
133220
133244
133263
133448
133851
133953
134380
134383
134407
134454
134461
134554
134555
134663
134688
134815
134894
134895
134974
134988
135393
135510
135696
135738
135748
135764
135960
136150
136317
136398
136842
136998
137172
137471
138130
138225
138260
138282
138407
138428
138779
138993
139230
139258
139387
139613
139665
140295
140539
140612
140815
140992
141014
141108
141123
141189
141256
141404
141521
141597
141709
141767
141955
142147
142342
142409
142428
142606
142632
142741
142804
142806
143027
143345
143388
143396
143430
143496
143512
143757
143806
143847
143970
143991
144013
144140
144220
144358
144410
144513
144627
144838
145070
145566
145596
145657
145740
146182
146270
146370
146405
146462
146567
146600
146802
146967
147029
147182
147234
147292
147386
147467
147509
147579
147582
147601
147667
147675
147696
147697
148026
148104
148208
148655
148766
148819
148836
148863
148929
149216
149316
149326
149339
149448
149515
149561
149668
149814
149949
149971
150020
150137
150203
150267
150314
150444
150491
150528
150594
150840
150864
150899
151263
151317
151355
151427
151474
151556
151619
151727
151754
151970
152082
152348
152354
152533
152558
152639
152829
152968
153187
153333
153402
153415
153433
153473
153515
153524
153535
153620
153661
154079
154256
154302
154311
154803
154943
155411
155583
155585
155658
155715
155735
155855
156044
156206
156245
156246
156279
156300
156439
156454
156504
156661
156804
156927
157189
157408
157559
157625
157823
157840
157855
158073
158245
158315
158459
158471
158872
159336
159379
159404
159645
159648
159725
159761
159785
160013
160063
160233
160260
160266
160318
160420
160497
160819
160954
161030
161065
161288
161350
161580
161634
161812
161832
162082
162257
162420
162644
162761
162797
162913
163267
163271
163344
163351
163359
163445
163464
163551
163789
163888
163905
164378
164431
164721
164770
165015
165164
165193
165335
165523
165593
165623
165684
165820
165870
166094
166195
166203
166363
166539
166622
166854
167021
167118
167139
167230
167305
167401
167425
167549
167617
167631
167677
167698
167812
167856
167901
168052
168181
168243
168270
168290
168295
168520
168549
168662
168957
168999
170328
170429
170614
170825
171714
171716
171737
171938
172045
172275
172331
172483
172579
172664
172728
172786
172866
172926
173052
173159
173220
173318
173757
173821
173871
174231
174241
174569
174716
174738
174972
175410
175543
175762
175780
176013
176090
176121
176173
176628
176707
176877
176915
176925
176931
177208
177232
177441
177536
177553
177697
178011
178177
178429
178561
178684
178885
178893
178961
179181
179266
179486
180189
180190
180314
180385
181127
181198
181270
181332
181362
181399
181464
181491
181687
182159
182215
182262
182421
182681
182726
182761
182831
182833
183138
183168
183222
183233
183525
183772
184316
184773
184907
185131
185250
185375
185804
185819
185944
186008
186118
186172
186334
186464
186497
186666
186684
186783
186857
187003
187237
187263
187279
187337
187339
187537
187720
187970
188126
188366
188585
188694
188764
188942
188960
189178
189280
189712
189879
189940
190179
190323
190407
190440
190484
190511
190590
190591
190623
190665
190711
190804
191005
191575
191597
191745
191886
192055
192103
192112
192344
192367
192606
192769
192798
193467
193740
193953
193972
194018
194267
194327
194333
194356
194449
194601
194687
195107
195252
195322
195399
195478
195747
195794
195931
196545
196828
196869
197092
197324
197668
197899
197916
198271
198575
198639
199014
199493
199668
199772
199787
199867
200050
200239
200332
200336
200497
200686
200884
201040
201143
201309
201347
201399
201428
201597
201625
201913
202040
202243
202267
202319
202543
202557
202591
202603
203127
203164
203472
203558
203755
203763
203791
204400
204751
204983
205052
205122
206065
206146
206202
206215
206461
206644
206681
206802
207027
207245
207308
207378
207617
207822
207979
208136
208220
208371
208516
208656
208747
208974
209176
209276
209382
209462
209782
209856
210094
210314
210583
210741
210945
211172
211271
211313
211441
211758
211804
211850
211878
212079
212309
212478
212509
212526
212533
212648
212893
212908
213483
213510
214297
214315
214521
214543
214705
214819
214854
215110
215904
216373
216912
217104
217515
217589
218069
218256
218338
219042
219087
219225
219294
219437
219629
219746
220112
220432
220876
221151
221623
221795
222078
222109
222495
222507
222560
222662
222769
222983
223378
223727
224084
224263
224288
224296
224463
224829
224979
224997
225020
225483
226341
226545
226782
226825
227119
227209
227357
227491
227692
227846
227899
228099
228242
228410
228612
228791
228902
229042
229984
230079
230437
230548
230667
231047
231191
232513
232662
232720
233113
233184
233905
234021
234208
234312
234416
234752
234901
235204
235534
236015
236541
236724
236823
236974
237060
237126
237356
237404
237442
237462
237519
237647
237827
237970
238012
238419
238461
238885
238940
239391
239479
240101
240210
240446
241054
241493
241703
242083
242783
243242
243421
243599
243655
243713
243854
243955
243982
244066
244138
244484
244629
245112
245809
246020
246239
246296
246594
246635
246644
246721
246797
247711
247832
248329
248896
249002
249408
249417
249557
249558
250002
250081
250960
251208
251355
252047
252090
252126
252500
253755
253760
253874
253932
254123
254647
255002
255868
256298
256671
257156
257200
258181
258347
258597
258997
259140
259238
259715
259881
260569
260865
261130
261258
261728
262303
262349
263021
263210
263341
264051
264338
265063
265068
265106
265312
265490
265510
265621
266047
266383
266499
266788
266837
266894
267082
267130
267149
267783
268300
268457
269060
269334
270532
270959
271054
271396
271899
272070
272495
272875
272897
272973
273091
273201
273208
273246
273608
274028
274360
274871
275273
275725
275840
275943
277772
278305
278836
280123
280740
280956
281046
281359
281451
282125
282221
282396
282673
283134
283151
283426
283911
284834
285712
285831
286510
287691
287913
288122
288156
288263
288812
289600
289719
289868
289989
290306
290662
290665
291347
291422
291557
291619
292535
294367
294397
294798
295091
295638
297845
298388
298757
298971
299056
300165
300542
301515
301545
302574
302606
302909
304105
304288
304765
305127
305431
305667
305933
306381
306569
307208
307965
308011
309427
309967
310424
311218
311380
311462
311653
311661
312577
313147
313167
313855
314853
315908
316155
316196
316509
316915
317530
318697
319048
319732
320202
320299
320529
321125
321769
321838
321891
323022
323092
323098
323314
325334
325811
326551
326656
326680
328397
328897
330089
331487
331648
332290
332379
332430
336822
337794
337873
339499
339741
340590
341081
341123
341151
342349
342446
343195
343274
343346
343529
344959
345745
345854
346308
347109
347607
347972
348084
349273
350720
351681
352445
352674
353182
353238
355476
356053
357001
359648
360787
360938
366271
368069
369207
369571
372084
372179
374673
375596
375983
376480
378209
378219
378614
379336
379954
382661
384295
384463
385446
387543
389181
390516
393257
394406
395267
397284
397544
398971
401547
401994
402854
403421
404895
404906
405629
407707
407930
409775
409929
410447
412484
413537
415946
416462
416929
417303
418420
419732
420810
427227
427340
427908
432309
432963
433882
436248
436614
440619
440862
448857
449223
452210
456648
462267
463007
470273
473837
475203
476553
480228
480344
481388
483167
492303
493980
501328
527962
532505
554210
591421
628431
