0
0
32
68
123
136
219
248
293
305
322
334
376
377
396
403
410
420
428
431
470
507
509
591
752
809
811
831
918
1004
1012
1033
1163
1176
1214
1475
1528
1585
1769
1791
1921
1958
2030
2089
2161
2194
2215
2223
2262
2269
2289
2292
2294
2309
2407
2459
2507
2619
2633
2633
2646
2744
2790
2826
2851
2884
3030
3045
3147
3153
3179
3185
3223
3350
3376
3409
3459
3571
3602
3661
3727
3849
3894
3949
3956
3960
4017
4032
4068
4078
4112
4131
4170
4206
4297
4317
4377
4379
4445
4450
4501
4559
4560
4663
4715
4789
4800
4817
4841
4853
4869
5018
5030
5052
5059
5086
5159
5162
5210
5263
5284
5327
5334
5524
5565
5587
5670
5741
5752
5795
5817
5820
5838
5895
5901
5908
5985
6073
6076
6078
6096
6181
6187
6274
6275
6275
6437
6469
6473
6480
6505
6547
6562
6572
6588
6605
6670
6730
6738
6821
6909
6954
6954
6955
7029
7089
7178
7273
7375
7406
7411
7430
7452
7486
7505
7525
7549
7563
7587
7600
7640
7712
7729
7731
7770
7784
7998
8060
8106
8169
8213
8216
8231
8246
8263
8280
8328
8339
8358
8491
8548
8552
8595
8599
8605
8626
8634
8659
8666
8686
8697
8844
8849
8858
8872
9056
9114
9312
9375
9423
9425
9535
9596
9648
9666
9802
9869
9955
9982
10005
10044
10097
10101
10131
10145
10187
10307
10315
10316
10341
10349
10366
10379
10404
10413
10549
10611
10619
10625
10653
10677
10684
10686
10700
10703
10779
10849
10863
10910
10939
11031
11075
11089
11143
11200
11272
11415
11504
11534
11583
11587
11686
11712
11744
11785
11788
11816
11975
11979
11999
12064
12121
12157
12167
12252
12263
12270
12433
12436
12496
12505
12541
12548
12599
12677
12707
12801
12819
12885
12913
12947
12980
12995
12998
13051
13052
13054
13241
13344
13393
13444
13460
13469
13510
13534
13570
13589
13610
13692
13776
13803
13943
13966
14005
14045
14053
14074
14133
14148
14195
14215
14229
14247
14300
14301
14433
14470
14476
14480
14498
14643
14662
14741
14767
14849
14897
14935
14972
15109
15123
15140
15171
15174
15224
15240
15384
15422
15427
15450
15469
15534
15595
15599
15617
15661
15676
15684
15749
15824
15848
15859
15868
15897
15910
15931
15997
16076
16145
16162
16182
16185
16245
16406
16442
16474
16507
16542
16542
16552
16594
16608
16629
16669
16703
16788
16937
16937
17149
17162
17182
17183
17194
17246
17270
17305
17309
17316
17331
17476
17489
17518
17541
17573
17589
17604
17703
17777
17810
17822
17929
17951
18039
18055
18075
18196
18298
18440
18545
18548
18575
18638
18729
18751
18813
18878
18920
18922
18942
18972
18999
19019
19104
19113
19168
19242
19270
19285
19299
19300
19500
19545
19591
19595
19677
19699
19769
19886
19966
20009
20014
20107
20183
20186
20237
20247
20249
20293
20334
20340
20432
20440
20471
20495
20500
20508
20562
20610
20614
20647
20668
20693
20717
20740
20749
20752
20848
20850
20867
20930
20948
21001
21008
21054
21056
21060
21126
21132
21134
21177
21256
21274
21298
21316
21321
21375
21405
21433
21504
21511
21521
21540
21576
21603
21630
21647
21653
21676
21704
21735
21984
22018
22030
22168
22183
22275
22409
22429
22459
22466
22554
22612
22646
22678
22690
22732
22773
22807
22837
22991
23002
23028
23071
23160
23343
23391
23425
23499
23633
23643
23738
23804
23837
23848
23870
23915
23937
23943
23948
24014
24056
24133
24147
24293
24297
24312
24366
24407
24481
24610
24657
24741
24770
24935
25032
25199
25211
25245
25291
25293
25334
25357
25392
25436
25512
25613
25668
25692
25704
25717
25728
25787
25840
25905
25911
25919
25938
26020
26091
26117
26126
26261
26274
26441
26543
26567
26659
26712
26780
26909
26938
26941
26995
27084
27085
27096
27102
27142
27144
27146
27174
27214
27251
27284
27321
27355
27445
27479
27484
27501
27532
27543
27571
27617
27622
27631
27633
27657
27688
27723
27752
27759
27765
27781
27830
27899
27900
27911
27916
27980
27985
27993
28004
28012
28023
28042
28082
28088
28103
28130
28298
28348
28391
28450
28503
28528
28665
28698
28700
28701
28702
28800
28803
28838
28949
28979
29118
29137
29190
29231
29275
29322
29350
29378
29457
29476
29604
29620
29711
29762
29838
29838
29883
29889
29892
29950
29966
30013
30053
30059
30091
30101
30141
30191
30301
30346
30377
30459
30470
30511
30539
30549
30568
30595
30639
30647
30658
30725
30739
30792
30858
30858
30963
30970
30983
31032
31039
31041
31093
31163
31203
31309
31315
31347
31375
31389
31422
31434
31444
31463
31491
31537
31611
31649
31714
31714
31715
31904
31935
32001
32003
32051
32067
32076
32167
32225
32272
32317
32319
32358
32368
32412
32423
32437
32448
32487
32562
32607
32623
32675
32749
32767
32856
32953
32964
32978
33005
33158
33205
33247
33254
33269
33363
33366
33401
33433
33488
33523
33535
33587
33588
33683
33711
33753
33830
34120
34155
34174
34188
34399
34423
34433
34448
34494
34496
34514
34521
34557
34587
34666
34765
34779
34890
34914
34974
35022
35152
35266
35283
35459
35587
35623
35627
35643
35673
35717
35841
35935
36033
36065
36077
36198
36210
36251
36319
36325
36390
36438
36572
36596
36824
36829
36989
36989
36994
36994
37042
37131
37178
37206
37238
37260
37543
37563
37596
37716
37743
37771
37806
37817
37850
37915
37970
37997
38053
38058
38102
38145
38220
38222
38231
38240
38269
38325
38328
38468
38477
38479
38549
38633
38663
38680
38748
38809
38851
38863
38881
38908
38961
39018
39029
39044
39069
39125
39140
39182
39212
39310
39344
39551
39735
39806
39925
39932
40078
40100
40134
40205
40245
40279
40299
40371
40376
40387
40407
40418
40459
40464
40485
40511
40568
40683
40736
40849
40870
40870
41020
41038
41050
41109
41146
41191
41286
41362
41397
41425
41442
41490
41493
41510
41521
41613
41613
41617
41620
41666
41675
41679
41737
41850
41881
41907
41922
41978
42033
42043
42192
42244
42276
42337
42349
42391
42433
42442
42487
42546
42564
42595
42622
42672
42676
42699
42726
42856
42902
42925
42950
43025
43103
43111
43116
43177
43179
43201
43266
43379
43393
43403
43464
43474
43590
43644
43646
43675
43736
43768
43773
43783
43856
43873
43915
43921
44120
44139
44207
44219
44237
44238
44279
44326
44347
44446
44555
44573
44736
44753
44760
44809
44861
44871
44872
44913
44940
45235
45252
45311
45314
45372
45392
45400
45498
45538
45542
45628
45685
45857
45875
45918
45919
45952
45963
45967
45996
46063
46070
46087
46095
46136
46233
46403
46412
46439
46446
46461
46536
46560
46564
46564
46580
46681
46838
46843
46915
46996
47025
47075
47160
47181
47186
47232
47243
47260
47300
47337
47403
47429
47782
47870
47911
47922
47978
47999
48023
48047
48079
48091
48125
48180
48219
48273
48300
48312
48392
48474
48476
48500
48535
48573
48583
48636
48671
48690
48728
48816
48963
49004
49025
49031
49063
49080
49086
49119
49142
49217
49223
49314
49320
49380
49409
49435
49501
49517
49519
49532
49580
49613
49623
49709
49786
49826
49945
49969
49986
50076
50116
50138
50152
50162
50339
50349
50373
50422
50450
50458
50459
50543
50563
50580
50658
50679
50688
50696
50711
50780
50865
50885
50889
50929
50964
50985
50988
51080
51115
51168
51217
51236
51270
51344
51352
51360
51392
51403
51610
51635
51696
51734
51816
51872
51924
51946
52047
52048
52144
52233
52293
52305
52336
52339
52445
52626
52627
52639
52650
52669
52723
52754
52813
52854
52904
52950
52973
53084
53117
53169
53277
53301
53305
53349
53385
53416
53463
53502
53528
53533
53594
53600
53681
53703
53747
53771
53823
53909
53925
53990
54021
54038
54187
54202
54226
54228
54271
54290
54426
54438
54454
54458
54475
54484
54551
54558
54602
54632
54669
54686
54702
54718
54736
54750
54821
54849
54886
54894
54908
54910
54930
54993
54997
55108
55114
55136
55244
55252
55291
55317
55363
55365
55588
55591
55602
55690
55691
55751
55779
55791
55818
55900
55964
56046
56074
56107
56124
56132
56281
56347
56357
56391
56445
56552
56590
56651
56696
56733
56750
56787
56823
56851
56864
57011
57026
57063
57067
57072
57144
57165
57221
57301
57379
57448
57469
57674
57683
57697
57706
57767
57801
57807
57841
58028
58062
58071
58088
58238
58323
58416
58429
58431
58463
58515
58592
58596
58647
58679
58681
58705
58709
58742
58861
58866
58896
58918
58960
59084
59120
59126
59150
59182
59225
59265
59404
59429
59455
59496
59500
59555
59561
59684
59691
59762
59798
59844
59906
59910
59968
59994
59997
60023
60121
60133
60134
60164
60181
60322
60366
60378
60392
60427
60433
60500
60533
60572
60831
60835
60849
60980
61055
61077
61088
61135
61219
61223
61229
61339
61399
61406
61407
61485
61576
61595
61669
61682
61702
61727
61838
61892
61893
62040
62090
62137
62186
62343
62390
62648
62703
62808
62833
62862
62917
63018
63106
63159
63178
63281
63369
63475
63512
63619
63624
63646
63697
63699
63715
63740
63865
63923
63927
63983
64016
64049
64129
64250
64270
64303
64535
64575
64594
64715
64731
64808
64846
64854
64854
64908
64982
64991
65001
65056
65107
65198
65205
65248
65315
65323
65450
65450
65501
65567
65605
65682
65713
65766
65842
65843
65878
66003
66055
66198
66237
66260
66305
66308
66334
66352
66370
66511
66564
66573
66592
66607
66613
66663
66675
66682
66732
66817
66819
66845
66857
67077
67117
67132
67171
67193
67201
67201
67256
67293
67332
67462
67471
67484
67568
67582
67651
67691
67717
67725
67755
67758
67769
67771
67790
67792
67843
67886
67939
67953
68036
68097
68139
68287
68346
68383
68396
68404
68489
68503
68516
68549
68555
68625
68821
68883
68885
68961
68999
69013
69027
69033
69068
69122
69211
69219
69281
69307
69327
69405
69515
69531
69536
69578
69578
69645
69649
69747
69808
69811
69813
69836
69927
69963
70086
70097
70108
70120
70218
70272
70283
70306
70383
70396
70482
70572
70608
70615
70767
70892
70906
70925
70966
71011
71193
71216
71218
71245
71366
71380
71380
71389
71402
71415
71461
71469
71518
71596
71597
71621
71673
71681
71693
71716
71754
71805
72038
72086
72114
72146
72158
72221
72385
72402
72422
72435
72531
72550
72677
72815
73050
73052
73240
73294
73298
73300
73344
73402
73498
73758
73765
73810
73867
73881
73972
74011
74031
74088
74116
74135
74154
74158
74196
74254
74304
74308
74380
74401
74593
74616
74656
74665
74667
74689
74719
74801
74807
74820
74885
74901
74903
75120
75137
75205
75239
75242
75255
75355
75519
75561
75614
75647
75648
75667
75777
75818
75819
75861
75930
75936
76078
76149
76185
76190
76193
76295
76312
76316
76331
76356
76420
76450
76496
76518
76569
76627
76711
76772
76903
76923
76928
76978
77022
77063
77098
77171
77235
77247
77259
77284
77336
77441
77447
77452
77553
77578
77644
77661
77695
77696
77797
77818
77837
77871
77955
77960
78045
78101
78128
78187
78248
78348
78424
78549
78560
78565
78617
78632
78771
78839
78847
78919
78922
78940
78944
79101
79116
79154
79356
79408
79430
79463
79484
79524
79630
79912
79932
79955
79978
80036
80095
80141
80143
80232
80293
80312
80382
80444
80500
80510
80514
80608
80642
80690
80790
80806
80895
81062
81070
81126
81129
81145
81185
81207
81236
81240
81244
81352
81404
81410
81463
81578
81583
81590
81690
81704
81720
81748
81860
81908
81934
81966
81985
82033
82035
82206
82399
82400
82518
82675
82736
82821
82881
82982
82992
82994
83121
83142
83224
83240
83313
83375
83441
83515
83599
83652
83671
83748
83826
83840
83876
83987
84023
84033
84087
84149
84228
84239
84270
84410
84414
84438
84445
84514
84516
84524
84539
84556
84592
84618
84800
84844
84861
84921
84927
84950
84983
85002
85064
85099
85120
85172
85178
85218
85221
85243
85254
85340
85382
85514
85570
85573
85624
85635
85640
85651
85658
85690
85746
85812
85815
85863
85880
85926
85940
86034
86193
86226
86235
86295
86360
86515
86571
86694
86699
86721
86751
86790
86817
86902
86989
86993
87014
87022
87061
87071
87103
87104
87115
87121
87140
87152
87176
87211
87254
87314
87540
87595
87610
87674
87697
87729
87765
87777
88053
88105
88140
88167
88241
88250
88264
88382
88427
88681
88687
88779
88816
88848
88879
88890
88931
88940
89016
89032
89053
89061
89083
89084
89126
89235
89237
89353
89355
89371
89438
89499
89547
89616
89844
89845
89885
89886
89896
89955
90052
90090
90105
90163
90230
90289
90395
90410
90433
90509
90577
90600
90677
90679
90809
90838
90905
90964
91007
91061
91127
91159
91221
91225
91247
91312
91382
91450
91623
91637
91830
91832
91902
91921
91930
91987
91992
91999
92167
92167
92173
92221
92230
92234
92265
92268
92275
92322
92344
92451
92493
92568
92584
92598
92705
92773
92814
92937
92957
92957
93095
93131
93187
93228
93250
93329
93388
93426
93497
93658
93671
93818
93881
93917
93927
93952
94071
94131
94149
94275
94276
94338
94373
94380
94409
94578
94664
94682
94747
94783
94838
94857
94871
94883
94887
94928
94980
95095
95118
95193
95226
95272
95306
95400
95436
95534
95623
95654
95666
95722
95725
95735
95957
95981
96050
96056
96073
96198
96224
96239
96259
96281
96318
96387
96401
96465
96505
96538
96590
96673
96699
96773
96843
97019
97030
97123
97161
97270
97315
97348
97376
97393
97457
97481
97590
97632
97725
97774
97795
97917
97931
98010
98040
98081
98155
98177
98188
98219
98249
98250
98541
98714
98735
98762
98819
98910
98981
98987
99154
99178
99371
99390
99468
99472
99525
99600
99605
99685
99833
99844
99910
100005
100056
100099
100128
100217
100272
100273
100391
100423
100470
100600
100649
100886
100978
101239
101261
101283
101402
101412
101430
101531
101532
101569
101660
101678
101712
101716
101735
101773
101844
101927
101971
102006
102021
102028
102123
102150
102313
102338
102481
102507
102535
102574
102596
102627
102690
102717
102852
102858
102871
102890
102912
103031
103046
103057
103086
103087
103141
103147
103185
103423
103599
103631
103646
103706
103737
103764
103796
103904
103930
103993
104067
104103
104121
104257
104260
104266
104298
104346
104442
104484
104493
104523
104545
104545
104566
104619
104620
104659
104777
104864
104888
104955
104993
105056
105106
105143
105173
105360
105401
105409
105453
105477
105671
105696
105761
105846
106040
106067
106358
106412
106425
106452
106500
106502
106554
106654
106682
106876
106935
106988
107012
107108
107110
107138
107146
107285
107321
107360
107383
107498
107768
107769
107855
107943
107975
108023
108046
108059
108088
108207
108296
108346
108357
108473
108476
108500
108516
108599
108600
108640
108715
108734
108911
108936
108976
109099
109299
109511
109522
109543
109566
109572
109820
109821
109872
109930
110046
110220
110254
110280
110358
110380
110412
110480
110616
110666
110720
110777
110805
110842
110848
110865
110874
110928
110979
111064
111133
111152
111249
111276
111304
111309
111337
111384
111451
111600
111674
111706
111801
111858
111861
111880
111888
111899
111906
111929
112000
112044
112177
112224
112289
112396
112412
112422
112423
112577
112638
112669
112739
112951
113078
113086
113105
113126
113214
113220
113248
113267
113302
113361
113410
113483
113492
113506
113617
113710
113783
113855
113901
113999
114063
114080
114173
114197
114281
114284
114287
114415
114441
114501
114502
114605
114671
114676
114739
114759
114780
114792
114807
114808
114835
114930
114957
115096
115182
115314
115361
115566
115631
115769
115803
115835
115956
116007
116054
116168
116173
116295
116353
116423
116443
116527
116594
116693
116715
116731
116767
116853
116869
116872
116919
117081
117399
117426
117446
117459
117482
117497
117510
117515
117677
117736
117778
117893
117898
117912
117943
117969
118052
118064
118077
118099
118192
118408
118444
118480
118528
118590
118602
118643
118672
118710
118724
118728
118760
118780
118841
119152
119387
119455
119562
119710
119761
119780
119876
119889
119941
119972
119991
120005
120135
120230
120275
120356
120371
120552
120615
120631
120673
120770
120774
120846
120991
121008
121060
121060
121183
121266
121296
121352
121407
121481
121484
121560
121632
121685
121795
121801
121883
122001
122034
122058
122127
122132
122161
122218
122358
122367
122404
122434
122517
122685
122694
122749
122768
122798
122831
123140
123161
123222
123224
123439
123468
123482
123524
123576
123630
123762
123812
124081
124101
124124
124145
124323
124379
124407
124460
124524
124587
124909
124977
125005
125158
125346
125450
125553
125608
125750
125986
126162
126220
126221
126250
126299
126310
126340
126414
126567
126588
126678
126695
126867
126903
127025
127057
127096
127151
127503
127565
127590
127626
127657
127713
127789
128026
128054
128076
128295
128343
128370
128404
128690
128706
128720
128811
128842
128872
128892
128899
129009
129116
129186
129208
129236
129604
129681
129749
129782
129831
129916
130012
130082
130171
130427
130485
130488
130583
130722
130729
130766
130792
130854
130925
130932
131002
131061
131101
131125
131137
131138
131349
131397
131398
131471
131520
131582
131676
131789
131793
131868
131878
132037
132064
132103
132269
132422
132458
132503
132693
132704
132823
132834
132866
132914
133038
133173
133229
133295
133346
133550
133677
133709
133790
133883
133893
134127
134146
134164
134178
134345
134411
134489
134530
134585
134766
134769
134847
134996
134997
135052
135069
135134
135164
135188
135331
135389
135443
135532
135558
135561
136127
136224
136259
136354
136425
136452
136617
136620
136669
136973
137004
137055
137085
137146
137171
137204
137230
137303
137307
137383
137413
137454
137514
137572
137596
137673
137714
137849
137854
137905
137946
137950
137977
138059
138139
138527
138608
138749
138791
138947
139218
139231
139262
139379
139509
139693
139736
139741
139753
140037
140046
140126
140202
140204
140241
140312
140353
140541
140639
140848
140853
140871
140928
140947
141059
141079
141171
141305
141310
141604
141634
141656
141912
142344
142494
142608
142640
142729
142902
142996
143038
143094
143109
143336
143365
143473
143497
143509
143640
143726
143812
143945
143963
144021
144099
144255
144255
144290
144327
144361
144398
144406
144409
144528
144552
144631
144818
144997
145028
145046
145058
145059
145087
145386
145394
145710
145740
145962
146038
146044
146083
146178
146194
146197
146314
146320
146322
146433
146472
146477
146657
146672
146721
146805
146952
147113
147182
147196
147210
147250
147320
147357
147416
147435
147505
147537
147633
147726
147735
147801
147819
147942
147953
148040
148191
148201
148220
148324
148350
148492
148606
148684
148739
148772
148781
148855
148922
148932
148951
148959
149291
149431
149443
149534
149623
149626
149628
149850
149887
150052
150072
150141
150142
150213
150298
150433
150517
150679
150734
150751
150828
150949
151010
151343
151496
151644
151667
151783
151817
151850
152062
152239
152298
152343
152459
152461
152654
152827
152886
152896
152901
152934
152987
153001
153061
153092
153129
153179
153190
153328
153363
153378
153397
153419
153422
153431
153460
153522
153864
153894
153919
153938
153969
153994
154054
154402
154437
154598
154927
154957
155139
155248
155502
155580
155650
155700
155718
155819
155849
156046
156141
156163
156173
156216
156253
156530
156567
156600
156730
156822
156918
156960
156980
157028
157084
157116
157149
157174
157178
157213
157237
157308
157311
157334
157343
157435
157442
157493
157743
157872
157916
157919
157922
158195
158209
158352
158411
158459
158465
158681
158732
158748
158844
158942
158992
159130
159238
159281
159321
159396
159556
159834
159849
159852
159966
160136
160148
160212
160247
160259
160344
160434
160435
160454
160856
160893
160933
160975
161118
161231
161312
161511
161604
161637
161741
161768
161816
161838
161862
162131
162168
162224
162275
162352
162424
162509
162600
162612
162621
162640
162780
162867
163063
163190
163191
163202
163250
163338
163466
163490
163506
163543
163616
163632
163632
163638
163700
163992
164151
164191
164247
164345
164374
164461
164593
164664
164707
164751
164803
164835
164901
165226
165477
165514
165637
165753
165793
165829
165833
165937
166141
166217
166471
166510
166542
166621
166754
166845
167021
167036
167074
167133
167162
167204
167341
167389
167413
167490
167565
167576
167608
167723
167759
167794
167866
167981
168015
168175
168215
168308
168390
168412
168471
168494
168564
168639
168832
168844
168962
168981
169118
169464
169539
169561
169631
169651
169804
169814
169907
170159
170282
170330
170350
170377
170458
170523
170567
170570
170649
170691
170693
170806
170862
170917
171099
171259
171277
171278
171338
171344
171483
171590
171880
171892
171965
172217
172272
172306
172346
172402
172418
172428
172511
172575
172792
172794
172892
172987
173125
173155
173323
173379
173442
173783
174146
174248
174382
174501
174580
174610
174649
174743
174789
175120
175166
175417
175513
175794
175935
175951
175992
176184
176215
176252
176272
176307
176601
176636
176694
176933
176978
177040
177099
177138
177178
177271
177278
177318
177434
177436
177482
177572
177575
177799
177881
177956
177964
177977
178028
178077
178314
178335
178440
178455
178864
178881
179057
179113
179248
179298
179370
179495
179523
179537
179707
179821
179938
180067
180282
180585
180655
180874
181052
181053
181151
181391
181463
181477
181499
181553
181591
181601
181831
181868
182010
182174
182249
182370
182469
182768
182844
182868
182917
182961
182974
182975
183169
183374
183436
183446
183560
183600
183631
183651
183651
183774
184119
184155
184455
184589
184746
184824
184944
185026
185192
185648
185674
185683
185850
185925
186195
186334
186419
186445
186472
186496
186627
186627
186658
186794
186889
187015
187235
187319
187386
187403
187740
187844
188117
188290
188324
188387
188450
188511
188572
188996
189027
189029
189113
189145
189215
189250
189254
189591
189646
189859
189932
190049
190126
190290
190415
190598
190736
190739
190777
190950
191056
191198
191302
191321
191327
191446
191517
191671
191878
191901
191960
191964
192100
192266
192330
192538
192573
192671
192871
192990
193180
193221
193336
193396
193497
193729
193844
193947
193974
194050
194105
194127
194146
194191
194218
194253
194305
194384
194607
194753
194993
195034
195149
195227
195446
195454
195529
195594
195822
195833
195844
195896
196020
196030
196071
196424
196482
196508
196602
196642
196859
196897
197096
197134
197153
197199
197211
197376
197735
197993
198055
198087
198100
198112
198226
198237
198297
198322
198422
198574
198752
198806
198862
199015
199140
199257
199729
199827
199886
200092
200133
200485
200486
200527
200533
200617
200628
200770
200934
201060
201332
201334
201399
201428
201438
201447
201921
201970
202203
202270
202375
202412
202440
202488
202541
202628
202748
202769
202967
202995
203066
203103
203112
203417
203696
203718
203744
203751
203962
204001
204044
204161
204267
204377
204403
204444
204557
204607
204624
204852
204962
204977
205133
205157
205306
205377
205407
205412
205503
205512
205792
205847
205905
205911
206196
206647
206736
206760
206868
206938
206944
206987
207080
207142
207295
207347
207533
207627
207655
207672
207697
207976
208091
208224
208274
208317
208898
209055
209121
209269
209310
209499
209662
210178
210217
210218
210221
210232
210257
210324
210522
210722
210777
210792
210943
210969
211347
211538
211905
212182
212281
212345
212543
212777
213345
213376
213491
213599
213657
213665
213694
213810
213811
214243
214314
214409
214939
215150
215418
215714
215892
215990
215996
216443
216477
216519
216724
216804
216972
217094
217111
217112
217156
217243
217431
218035
218246
218325
218419
218546
218671
219071
219340
219633
219861
220012
220044
220059
220316
220641
220777
220927
221083
221221
221326
221568
221657
221720
221820
221954
222021
223527
223607
223892
223999
224014
224359
224467
224583
224762
224917
224937
224991
225083
225103
225408
225579
225663
225714
225750
225776
226201
226469
226521
226642
226802
226961
227007
227031
227568
228073
228248
228254
228312
228350
228438
228599
228857
228884
228940
229380
229491
229801
229987
230153
230449
230512
230529
230637
230708
230844
231139
231384
231502
231552
231686
231929
232016
232050
232121
232237
232278
232285
232434
232708
233072
233198
233433
233605
234095
235134
235541
235583
235724
236085
236298
236592
236650
236827
237139
237209
237376
237501
237793
237821
237841
238239
238254
238278
238387
238906
239000
239254
239627
239720
239729
239835
239913
240233
240269
240297
240598
240694
240695
240838
241003
241058
241146
241170
241348
241572
242489
242571
242662
242721
242896
243044
243402
243719
244115
244275
244506
244546
244613
244614
244630
244663
244709
245104
245460
245497
245684
245739
245926
246005
246039
246386
246712
247266
247523
247614
247621
247635
247664
247674
247749
248251
248275
248795
249057
249182
249321
249875
250116
250361
250404
250562
250631
250724
250755
250790
251000
251223
251299
251636
251803
251997
252027
252338
252553
252902
252910
252989
253279
253366
253877
253877
254516
254598
254763
254911
254989
254993
255361
255466
255501
255635
255811
255900
255993
256077
256291
256386
256501
256571
257107
257171
257318
257620
257712
257830
258075
258111
258305
258327
258448
259021
259270
259582
259675
259685
259773
259926
260031
260109
260117
260218
260450
260600
260731
260917
260969
261133
261288
261411
261732
261963
261963
262150
262348
262355
263027
263163
263376
263703
264210
264543
264602
264607
264854
264883
265021
265026
265320
265352
265914
266151
266351
266638
266711
266835
267024
267218
267479
268520
268970
269290
269716
269793
269875
270180
270231
270259
270293
271186
271451
271605
271818
272236
272356
272401
272465
272631
273201
273427
273549
273564
273597
273766
274237
274721
274749
274768
275198
275455
276079
276783
276813
277070
277112
277154
277163
277165
277204
277478
277618
277708
277753
278186
278492
278918
279067
280124
280205
280312
280458
280672
280675
280711
281002
281274
281284
281289
281966
281980
282512
282534
282542
282880
283059
283313
283402
283518
283558
284144
284261
284284
284342
284789
285025
285152
285250
285272
285535
286058
286423
286560
287068
287180
287198
287327
287551
287865
288245
288713
288720
288771
288950
289055
289170
289434
289517
289724
289761
289925
289978
290042
290808
290940
290966
291141
291190
291310
291635
291941
292184
292291
292868
293531
293635
293926
295091
295808
296019
296318
296557
296609
296647
296727
296763
296811
297474
297635
297781
298180
298456
299361
299387
300182
300591
301016
301295
301962
301981
302195
302224
302854
303388
303468
303473
303518
303634
303759
303784
304148
304244
304250
305040
305490
305854
306017
306440
306508
306724
307115
307146
307596
308098
308123
308914
309482
309742
309876
310018
310265
310321
310874
311157
311751
311997
312020
313225
313334
313957
314227
314462
314538
314986
315210
315874
316119
316467
317277
318079
318127
319321
319997
320252
320599
320842
320974
321012
321135
321516
321788
321928
322412
322813
322985
324327
324429
324537
325047
325709
325954
326185
326863
327464
327479
328078
328366
330541
330592
330682
330903
332020
332238
333032
333706
334420
334440
335286
335610
335695
335982
336450
337013
337071
337833
338045
338249
338456
338716
339102
339190
339286
339671
340180
341498
341816
341892
343482
343873
344023
344046
344718
344803
344978
345114
345538
346116
346600
346898
347089
347135
347399
347466
347921
348118
348915
349815
350419
350585
350650
350811
351601
352003
352075
352922
352959
353278
354248
355721
357075
358556
358885
359013
359555
359795
360164
360914
361116
361369
361740
362821
363324
363481
363493
363832
363837
363982
364095
365829
366216
367429
367943
368185
368900
370190
370720
370740
371754
373541
374081
374838
374866
377173
377191
377861
377974
378197
379474
379520
379725
380691
381258
381383
382541
384019
387166
387675
389265
390352
391003
392356
393333
393939
394265
395320
395447
395668
396295
396690
397315
397424
398368
401688
401694
402162
402254
403147
403389
403633
403752
404517
406621
407192
407625
413750
415110
419571
420223
420813
421849
424351
427814
429232
430147
430398
432050
436977
439583
439631
441512
441794
444576
444918
447296
448058
450126
450601
451043
454580
456669
458951
460562
460641
460735
461241
463744
468577
468976
474908
476874
478020
478203
479096
479460
479758
485692
494794
496618
505546
507439
509103
510696
512322
523542
550606
567962
649544
