0
0
123
180
201
230
245
512
586
659
744
755
759
856
896
953
972
1055
1130
1303
1426
1457
1559
1619
1760
1800
1839
1884
1949
1960
1999
2003
2078
2124
2179
2186
2190
2298
2436
2490
2649
2681
2706
2727
2890
2919
2923
2928
2949
3018
3077
3099
3132
3235
3432
3450
3708
3762
3863
4075
4179
4235
4251
4290
4396
4421
4432
4690
4767
4770
4865
5035
5268
5424
5435
5684
5852
5922
5956
5964
6008
6048
6065
6137
6159
6199
6199
6429
6430
6453
6475
6518
6761
6821
6944
6964
7240
7266
7337
7401
7433
7434
7712
7719
7833
7875
7902
7937
7946
7961
7973
8013
8097
8114
8122
8139
8215
8279
8372
8455
8541
8614
8635
8798
8900
8976
9082
9138
9331
9600
9622
9637
9648
9658
9666
9681
9685
9792
9934
9979
10056
10123
10156
10159
10351
10392
10448
10538
10581
10581
10661
10695
10777
10935
10989
10998
11119
11126
11171
11411
11414
11457
11493
11536
11536
11556
11604
11612
11790
11824
11889
12058
12062
12154
12203
12208
12249
12426
12432
12460
12525
12537
12562
12580
12806
12869
12899
12952
13049
13259
13265
13302
13327
13620
13728
13743
13748
13760
13840
13961
13961
13961
14066
14096
14181
14195
14200
14264
14270
14413
14517
14534
14599
14602
14617
14665
14701
14724
14742
14763
14782
14843
15005
15077
15160
15165
15189
15289
15319
15421
15493
15505
15534
15660
15662
15703
15761
15793
15819
15824
15878
15892
16170
16238
16269
16282
16359
16385
16390
16406
16411
16428
16737
16756
16848
16941
17042
17109
17114
17180
17348
17365
17538
17571
17628
17970
18005
18036
18077
18283
18375
18396
18480
18481
18533
18540
18625
18829
18890
18898
18914
18960
19021
19175
19196
19252
19294
19367
19376
19502
19653
19690
19782
19868
19942
19967
19981
20128
20175
20247
20294
20431
20594
20609
20680
20719
20739
20767
20786
20888
20891
21066
21434
21470
21597
21622
21701
21704
21711
21751
21787
21802
21871
21889
21909
22130
22188
22355
22446
22510
22770
22776
22825
22872
22899
22937
22997
23009
23152
23205
23245
23493
23696
23895
23996
24186
24277
24315
24364
24377
24445
24496
24505
24559
24631
24645
24678
24785
24842
24866
24974
25033
25103
25218
25294
25386
25505
25574
25703
25721
25807
26101
26274
26281
26282
26335
26372
26377
26402
26415
26444
26452
26480
26574
26585
26842
26875
26937
26960
26965
27005
27006
27029
27031
27110
27219
27224
27290
27386
27420
27435
27478
27484
27513
27590
27608
27698
27739
27820
28002
28477
28523
28586
28587
28685
28699
28774
28996
29081
29145
29353
29402
29413
29612
29627
29674
29784
29809
29880
29882
29892
29961
30025
30057
30105
30123
30173
30304
30305
30325
30418
30437
30454
30492
30585
30651
30669
30705
30710
30761
30891
30916
30933
30955
30998
31059
31096
31206
31210
31245
31291
31342
31344
31405
31495
31536
31585
31602
31738
31772
31830
31833
31834
31902
32020
32048
32053
32061
32137
32144
32306
32393
32498
32513
32647
32647
32697
32720
32843
32882
33007
33049
33207
33257
33363
33381
33455
33458
33490
33505
33631
33724
33940
33974
33993
34068
34244
34565
34640
34653
34716
34870
34889
34946
34981
35216
35225
35229
35257
35300
35308
35541
35546
35639
35778
35802
35842
35849
35855
35862
35933
36054
36091
36146
36163
36238
36400
36439
36517
36894
37031
37031
37155
37162
37215
37242
37244
37270
37285
37380
37404
37575
38043
38136
38207
38290
38331
38793
38835
38900
38954
38984
39169
39174
39366
39396
39447
39598
39693
39725
39913
39923
40171
40184
40227
40259
40471
40478
40597
40659
40723
40726
40726
40819
41015
41039
41048
41061
41126
41261
41332
41356
41372
41528
41638
41712
41757
41805
41813
41817
41855
41878
41951
42032
42096
42243
42292
42348
42390
42449
42511
42648
42710
42764
42930
43248
43445
43553
43607
43611
43633
43645
43696
43739
43753
43823
43958
44005
44059
44247
44269
44315
44318
44366
44371
44476
44505
44507
44539
44625
44773
44778
44829
44861
44871
44889
44892
44923
44972
44978
45055
45108
45130
45301
45334
45343
45614
45717
45750
45832
45947
46121
46132
46246
46260
46324
46382
46441
46513
46668
46888
47074
47099
47244
47358
47378
47422
47602
47680
47698
47699
47886
47904
47910
47946
47948
48013
48034
48172
48231
48305
48310
48324
48343
48454
48624
48663
48671
48730
48798
48843
49066
49088
49178
49192
49351
49407
49415
49425
49561
49855
49879
49967
50004
50005
50061
50077
50098
50175
50371
50418
50452
50465
50504
50538
50836
50901
51058
51067
51088
51159
51171
51376
51396
51522
51533
51601
51638
51801
51821
52258
52373
52383
52403
52464
52728
52791
52829
52884
52910
52914
52932
52977
53152
53260
53519
53559
53617
53908
53939
53943
53979
54002
54151
54195
54363
54391
54472
54550
54552
54602
54760
54771
54831
54840
54886
54920
55130
55465
55489
55503
55615
55782
55800
55891
55944
56097
56196
56355
56621
56656
56682
56698
56705
56898
57042
57053
57072
57167
57168
57241
57397
57529
57581
57606
57761
57791
57837
57867
57955
58068
58094
58152
58225
58288
58357
58358
58366
58368
58404
58442
58446
58455
58510
58514
58524
58556
58574
58604
58628
58667
58877
58926
59053
59067
59098
59109
59151
59216
59332
59474
59481
59499
59529
59558
59574
60140
60213
60236
60258
60306
60412
60412
60431
60494
60539
60541
60644
60665
60680
60804
60881
61015
61082
61088
61110
61230
61407
61430
61435
61473
61487
61574
61575
61620
61620
61741
61926
61944
62015
62015
62046
62088
62186
62198
62228
62385
62450
62547
62649
62740
62811
62841
62857
62885
62957
62958
62999
63188
63242
63287
63435
63438
63596
63679
63778
63780
63886
63902
63907
63939
64012
64035
64082
64167
64202
64256
64320
64390
64401
64416
64567
64602
64637
64638
64639
64672
64723
64767
64800
64815
65081
65123
65181
65300
65356
65372
65397
65433
65465
65475
65547
65563
65589
65605
65606
65671
65838
65854
65939
65971
65978
65995
66022
66049
66062
66338
66349
66388
66455
66752
66909
67066
67428
67451
67744
67844
67967
67971
67991
68092
68257
68258
68320
68338
68394
68394
68491
68501
68641
68680
68706
68736
68811
68826
68861
68954
69048
69206
69243
69300
69439
69514
69559
69617
69643
69653
69680
69700
69710
69774
69804
69831
69943
70143
70152
70161
70293
70359
70384
70388
70444
70622
70632
70718
70748
70777
70973
71061
71178
71351
71412
71486
71611
71633
71635
71668
71700
71718
71885
71908
71918
72003
72056
72064
72077
72095
72370
72493
72505
72683
72815
72976
72991
73035
73130
73133
73180
73224
73301
73327
73395
73574
73583
73663
73710
73799
73859
73939
73995
74014
74054
74159
74162
74189
74195
74296
74315
74473
74512
74543
74561
74624
74725
74738
74938
75049
75116
75170
75246
75346
75424
75534
75596
75598
75623
75805
75834
76049
76332
76442
76553
76656
76664
76699
76702
76819
77128
77422
77544
77599
77631
77635
77679
77719
77844
77886
78074
78079
78127
78609
78714
78771
78916
78984
79289
79336
79351
79376
79567
79696
79765
79811
79896
79978
80020
80021
80139
80241
80459
80594
80650
80734
80805
80929
80940
81022
81045
81091
81263
81364
81484
81488
81492
81659
81679
81793
81931
81959
82122
82311
82352
82366
82403
82440
82635
82756
82819
82882
82915
82923
82976
82981
83001
83180
83238
83423
83455
83707
83756
83779
83828
83891
84095
84117
84235
84297
84300
84398
84440
84458
84732
84749
84783
84836
84910
85003
85058
85198
85203
85217
85335
85411
85415
85440
85510
85775
85904
86104
86316
86373
86425
86475
86487
86511
86641
86910
87018
87039
87077
87108
87241
87255
87258
87291
87341
87503
87512
87521
87786
87798
87808
87926
87970
88206
88261
88332
88656
88826
88855
88896
88994
89006
89091
89159
89164
89879
90017
90129
90219
90317
90574
90702
91148
91211
91229
91288
91296
91300
91321
91383
91490
91739
91869
91870
92133
92619
92623
92675
92693
92758
92905
93032
93038
93100
93343
93363
93368
93415
93422
93502
93603
93728
93764
93822
93895
93981
94017
94063
94084
94192
94469
94549
94702
94729
94755
94770
94956
94981
95303
95395
95488
95495
95732
95744
95747
95771
95783
95937
96081
96196
96272
96291
96321
96359
96477
96544
96658
96660
96667
96831
96869
97002
97266
97280
97665
97691
97721
97873
97913
97981
98107
98113
98158
98159
98256
98273
98376
98487
98499
98559
98604
99046
99062
99110
99208
99230
99448
99591
99614
99726
99841
99879
99973
100000
100198
100207
100262
100267
100290
100315
100425
100447
100467
100479
100508
100562
100578
100688
100897
100946
100964
101039
101106
101198
101238
101388
101421
101449
101456
101546
101635
101719
101822
101896
102053
102064
102385
102398
102403
102513
102767
102833
102906
102906
103014
103074
103533
103543
103601
103623
103653
103664
104199
104212
104218
104218
104229
104283
104361
104365
104403
104546
104561
104714
104804
104955
105056
105069
105230
105231
105287
105353
105449
105460
105497
105570
105694
105912
105975
106196
106356
106454
106466
106604
106697
106771
106886
107037
107039
107194
107273
107512
107603
107640
107675
107736
107760
107768
107780
107827
107969
108180
108231
108286
108430
108491
108566
108708
108791
108874
109030
109061
109106
109291
109404
109466
109521
109572
109608
109625
109671
109752
109792
109923
109986
110135
110136
110319
110368
110402
110498
110505
110520
110592
110635
110820
110844
110864
111226
111369
111463
111464
111500
111653
111698
111781
111888
111923
112035
112053
112063
112065
112097
112215
112444
112499
112546
112765
112793
112834
112857
112897
112949
112972
112986
113103
113238
113379
113479
113655
113690
113859
114004
114031
114139
114154
114378
114379
114556
114565
114581
114590
114596
114641
114716
114718
114968
114984
115065
115300
115390
115473
115570
116192
116325
116343
116506
116694
116712
116725
116732
116812
116883
116964
117199
117233
117461
117507
117532
117535
117652
117673
117894
118131
118234
118299
118354
118572
118614
118730
118870
118982
119253
119307
119308
119340
119463
119741
120040
120119
120287
120494
120499
120698
120733
121066
121165
121168
121257
121500
121549
121574
121755
121779
121784
121872
121985
122003
122012
122243
122758
122800
122969
123086
123103
123194
123550
123620
123694
124039
124169
124171
124221
124223
124226
124237
124287
124293
124494
124544
124759
125055
125165
125208
125296
125313
125382
125458
125661
125684
125870
125915
126144
126198
126354
126425
126701
126719
127070
127089
127201
127358
127469
127671
127696
128011
128038
128048
128248
128475
128628
128638
128725
128748
128866
128876
128908
128957
129012
129041
129282
129432
129460
129475
129577
129969
130264
130300
130429
130496
130900
130949
130965
131141
131218
131263
131503
131518
132059
132101
132133
132210
132271
132347
132571
132582
132853
133155
133340
133455
133587
133870
133920
134481
134609
134660
134690
134832
134873
134975
135516
135663
135685
135820
135911
135976
135999
136042
136148
136324
136550
136805
136812
136865
137121
137123
137161
137198
137242
137283
137352
137527
137543
138264
138290
138294
138311
138358
138462
138508
138534
138587
138849
138870
139042
139187
139233
139514
139530
139888
139972
140263
140301
140317
140362
140439
140780
140840
140868
141134
141161
141166
141182
141276
141540
141608
141775
141798
141942
142277
142348
142518
142660
142748
142825
142836
142864
142914
143003
143011
143070
143759
143946
143971
144022
144058
144077
144215
144258
144576
144616
144811
145611
145691
145762
145943
146054
146175
146197
146428
146441
146461
146616
146800
147332
147456
147470
147557
147731
147811
148237
148859
149332
149423
149660
149891
149960
150127
150184
150357
150471
150521
150536
150620
150849
151028
151096
151136
151220
151340
151442
151458
151565
151735
152199
152222
152314
152371
152396
152472
152541
152576
152699
152982
153456
153509
153606
153659
153692
153727
153867
153902
153980
154117
154316
154392
154429
154438
154882
154995
155159
155217
155229
155412
155464
155580
155601
155703
156037
156230
156241
156250
156443
156472
156537
156739
156878
156914
156995
157367
157424
157497
157529
157546
157701
157743
157755
157799
157823
157885
157935
157953
158078
158177
158208
158323
158342
158384
158631
158696
158814
158841
159142
159151
159242
159268
159734
159800
159830
160108
160175
160242
160389
160424
160453
160524
160612
160793
161019
161060
161517
161608
161610
161629
161631
161748
161990
162046
162080
162598
162899
163059
163197
163207
163334
163618
163775
163786
164078
164206
164310
164443
164464
164655
165364
165471
165618
165674
165723
165949
165995
166141
166220
166435
166681
166714
166836
166863
167196
167239
167367
167588
167687
167701
168033
168213
168352
168635
168728
168805
168850
169219
169229
169536
169870
169873
170188
170324
170409
170520
170522
170644
171000
171180
171410
171769
171871
172091
172128
172233
172969
173352
173417
173697
173718
173757
173874
174126
174362
174664
174698
174794
174957
175422
175618
175970
176942
177500
177600
177642
177792
177862
178103
178275
178384
178393
178519
178712
178852
179148
179163
179171
179412
179508
179638
180025
180306
180508
180902
181076
181290
181406
181580
181738
181944
182231
182387
182710
182794
182924
183047
183096
183368
183438
183814
183869
183902
184142
184258
184400
184408
184498
184706
184743
184947
185110
185355
185384
185488
186048
186058
186296
186301
186317
186353
186438
186533
186920
187042
187185
187202
187218
187445
187493
187585
187619
187636
187728
187997
188157
188520
188532
188618
188908
189125
189335
189361
189396
189525
189671
189743
189748
189888
189944
190026
190038
190344
190364
190502
190689
191456
191512
191704
191740
191793
191929
192062
192247
192307
192524
192612
192624
192716
192908
192956
192993
193159
193268
193375
193492
193512
193723
194163
194240
194320
194443
194728
194953
195006
195771
195922
195968
196006
196087
196181
196293
196408
196645
196829
197121
197352
197376
197456
197548
197590
197673
197905
198043
198063
198176
198247
198265
198370
198480
198620
198861
199205
199317
199808
199939
200164
200176
200405
200464
200466
200528
200684
200964
201077
201296
201506
201897
201985
202020
202114
202545
202790
203067
203535
203675
203721
203750
204389
204589
204632
204665
204988
205098
205111
205116
205334
205696
205975
206560
206775
207011
207665
207718
208103
208149
208632
208681
208833
209136
209177
209502
209536
209744
209801
209830
209885
209931
210166
210407
210514
210518
210807
210986
211399
211503
211585
211715
211729
211882
211930
211982
212066
213274
213305
213372
213647
213700
213954
214073
214137
214365
214375
214416
215127
215223
215262
215414
215672
215754
215793
215890
215918
216344
216488
216800
216906
217044
217090
217367
217379
217397
217416
217568
217760
217788
218033
218402
218961
219085
219184
219269
219397
219408
219574
219595
219779
219876
220338
220442
220462
220767
221107
221526
221792
221928
222051
222368
222487
222762
222790
222978
223147
223328
223353
223581
223687
223948
223954
223997
224359
224710
224982
225081
225350
225496
226467
226569
226936
227141
227529
227797
227810
228117
228164
228375
228450
228922
229137
229317
229418
229483
229629
229817
229928
229973
230056
230197
230289
230516
230804
230926
231021
231318
231787
231963
232043
232082
232143
232287
232480
232634
233041
233101
233366
233471
233545
233556
233577
233713
233996
234052
234310
234498
234970
235234
235344
235502
235686
235730
236262
236381
236546
237032
237160
237232
237407
237607
237911
237947
238030
238072
238137
238212
238229
238294
238321
238710
239239
239306
239398
239974
240637
240648
240666
240783
241475
241532
241863
242119
242305
242539
242824
242959
243949
244111
244117
244251
244318
244381
244551
245005
245353
245932
246029
246393
246430
246727
246900
247024
247043
247124
247170
247475
247544
247879
247993
248198
248229
248557
248786
248892
248945
248978
249166
249966
249975
249982
250083
250317
250622
250636
250933
251097
252433
252944
253104
253123
253156
253174
253346
254002
254544
254633
254843
255655
256517
256714
256824
256974
257275
258633
258810
259218
259401
259948
260013
260123
260428
260455
260569
260642
260734
260913
261242
261468
261552
261763
261814
262048
262330
262736
262981
263144
263162
263209
263276
263445
263771
263993
265044
265116
265126
265795
266315
266609
266803
266934
267050
267177
267474
267562
268414
268988
269149
269677
269771
269805
269886
270061
270517
271489
271575
271683
271731
272170
272254
272371
272463
272534
273522
273733
274158
274545
274945
274960
275595
275777
276011
276176
276328
276541
277069
277518
277934
277946
278041
278692
278974
280210
280360
280898
281238
281248
281503
281666
281860
282424
283636
284218
284220
285322
285466
285839
286028
286877
287288
287494
287877
288228
288453
288771
289113
290126
290175
290459
290547
291023
291556
292086
292212
292426
292791
293114
293407
293776
293843
293937
294233
294482
295178
295404
295690
295828
296442
297083
297158
297277
299590
299965
300407
300806
301039
301140
301444
301613
301700
301868
302746
302926
302934
303406
304467
304962
305784
305913
305927
306017
306645
307198
309756
310251
310325
310547
310679
310888
312513
312845
313016
313282
313327
313643
314185
314294
314520
314840
316160
316241
316264
317958
318261
318277
319436
319939
320225
320256
320643
320713
321233
321863
322144
322592
323366
323372
323489
323677
324265
324374
324914
325947
326379
328767
329188
330092
330396
330556
330641
332258
332833
332981
333697
334099
334459
335691
336251
336326
336946
337349
337391
337736
338258
338382
338573
340484
340696
341314
341862
342457
342861
344286
344356
344900
344930
345360
348080
348658
349006
350226
350387
350460
350474
350784
351046
351802
352073
353326
353582
353633
354279
354638
357164
358054
358416
359248
359487
360317
360789
360855
360900
360992
361532
361865
362589
364459
364709
365677
367727
368404
370912
370989
371982
372053
373506
373781
374305
379187
379212
380205
380546
383110
384634
384716
385160
386133
386842
387298
389883
390563
390883
394612
394965
395420
395549
396227
396528
397910
399997
400273
400278
401876
402248
408992
410064
411532
412350
412834
413086
414297
414568
416845
418711
420479
420832
421282
425914
426530
426759
431295
437397
438781
440212
441777
442705
447944
450934
451893
452990
453120
456146
468022
468598
471353
477456
482674
483032
497420
501746
502708
523846
527496
533359
539897
542566
545812
547964
559292
574996
592752
612202
617594
