0
0
167
238
263
389
420
438
442
447
459
473
475
712
718
746
789
869
879
911
1110
1169
1183
1211
1299
1365
1394
1425
1431
1644
1666
1701
1743
1890
2015
2031
2043
2100
2175
2231
2395
2409
2418
2577
2638
2690
2696
2779
2890
2973
3048
3052
3116
3178
3211
3241
3322
3526
3533
3596
3602
3642
3659
3674
3689
3777
3818
3965
4106
4121
4226
4266
4266
4269
4295
4302
4373
4492
4515
4564
4565
4625
4750
4800
4844
4957
4991
5054
5081
5154
5240
5244
5277
5333
5430
5434
5485
5627
5666
5705
5717
5728
5772
5785
5794
5930
5943
5947
6016
6107
6125
6136
6298
6403
6480
6576
6619
6697
6737
6769
6784
6800
6833
6839
6869
7044
7054
7094
7116
7239
7324
7462
7630
8170
8233
8596
8604
8657
8934
8955
8973
8995
9059
9145
9186
9262
9329
9394
9425
9456
9464
9543
9603
9705
9802
9903
9952
9955
9970
9981
10018
10143
10180
10211
10221
10258
10308
10367
10379
10388
10431
10443
10510
10526
10589
10670
10699
10883
10904
10933
11058
11125
11162
11217
11252
11362
11472
11517
11624
11701
11721
11770
11775
11922
11968
12119
12173
12191
12202
12292
12308
12319
12420
12706
12734
12811
12830
12835
12869
12938
12956
13001
13004
13102
13124
13155
13172
13205
13238
13289
13316
13316
13332
13618
13683
13844
13938
13940
13965
14009
14212
14270
14282
14467
14677
14723
14763
14850
14905
15236
15432
15567
15635
15654
15731
15737
15877
15893
15956
16080
16147
16215
16295
16307
16317
16329
16402
16462
16479
16533
16538
16583
16746
16763
16766
16820
16948
16956
17137
17161
17178
17386
17478
17482
17484
17597
17637
17656
17687
17710
17714
17732
17758
17856
17878
17929
18028
18183
18188
18205
18209
18270
18512
18562
18565
18621
18623
18625
18631
18821
18828
18862
18949
18975
18988
18998
19198
19199
19230
19328
19469
19471
19551
19552
19577
19586
19680
19717
19718
19838
19845
19929
19970
20002
20006
20069
20111
20198
20210
20275
20298
20343
20375
20377
20419
20514
20674
20791
20816
20830
20913
20954
20991
21050
21107
21147
21176
21273
21283
21305
21346
21398
21408
21426
21462
21462
21475
21475
21497
21546
21590
21667
21699
21711
21723
21841
21856
21868
21918
21979
21987
22012
22126
22225
22283
22335
22340
22344
22363
22452
22501
22551
22810
22817
23052
23068
23094
23280
23476
23495
23536
23581
23619
23657
23660
23747
23758
23873
23906
23910
24173
24236
24343
24344
24455
24481
24500
24505
24571
24592
24598
24615
24625
24633
24700
24760
24879
24941
24947
25039
25048
25051
25054
25154
25194
25315
25334
25336
25340
25416
25641
25669
25695
25715
25738
25740
25750
25805
25888
25938
25962
25978
26006
26027
26297
26318
26391
26421
26425
26485
26552
26598
26609
26631
26690
26753
26862
26867
26910
26937
26939
27006
27097
27102
27241
27508
27668
27819
27855
27954
27960
28058
28182
28336
28374
28444
28482
28512
28524
28534
28558
28586
28678
28712
28738
28769
28775
28789
28806
28825
28834
28877
28913
28916
28969
29003
29019
29049
29082
29112
29169
29220
29222
29448
29460
29476
29492
29526
29586
29596
29656
29709
29755
29804
29876
29978
30005
30090
30112
30146
30165
30166
30227
30282
30303
30305
30334
30337
30453
30533
30534
30637
30677
30709
30770
30799
30871
30893
30893
30969
31016
31078
31267
31438
31598
31601
31658
31695
31769
31774
31987
32058
32134
32353
32387
32388
32464
32483
32567
32612
32645
32778
32799
32816
32821
32832
32944
32947
33030
33059
33087
33123
33308
33395
33448
33498
33504
33537
33555
33686
33698
33725
33752
33799
33923
33944
33964
34136
34187
34218
34343
34488
34509
34677
34716
34845
34855
34945
35035
35042
35146
35209
35344
35436
35439
35439
35486
35489
35537
35664
35694
35705
35718
35758
35840
35849
35856
35867
35961
36073
36092
36096
36113
36157
36194
36239
36270
36319
36381
36385
36513
36590
36881
37071
37110
37206
37360
37367
37442
37483
37596
37703
37720
37738
37871
37911
37912
38000
38053
38063
38081
38085
38220
38260
38473
38548
38679
38706
38726
38785
38790
38866
38918
38925
38970
39140
39247
39252
39330
39361
39422
39479
39524
39546
39587
39697
39709
39720
39770
39788
39827
39845
39874
39908
39915
39947
40060
40062
40071
40216
40263
40279
40349
40356
40368
40377
40378
40386
40409
40546
40656
40656
40664
40675
40849
40926
41009
41113
41211
41323
41408
41493
41575
41656
41854
41866
41942
42039
42098
42119
42174
42198
42443
42450
42490
42540
42723
42770
42829
42843
42909
42923
42940
42953
43027
43036
43056
43103
43252
43285
43374
43510
43549
43600
43699
43763
43763
43848
43859
43905
44035
44473
44488
44619
44623
44634
44842
44849
45064
45075
45129
45154
45175
45213
45260
45348
45502
45558
45600
45652
45694
45764
45831
45941
46009
46022
46152
46153
46167
46188
46239
46304
46401
46866
46959
46979
46986
47003
47062
47078
47327
47339
47358
47364
47418
47443
47463
47475
47511
47521
47636
47710
47789
47823
47848
47853
47912
47922
48126
48213
48479
48583
48590
48611
48646
48689
48710
48736
48782
48854
48966
49003
49072
49224
49238
49303
49314
49390
49489
49537
49590
49591
49664
49726
49883
49985
50115
50168
50171
50248
50300
50376
50489
50604
50631
50639
50715
50840
50857
51094
51138
51273
51299
51331
51339
51459
51653
51665
51665
51703
51718
51870
51879
51924
51979
52198
52215
52226
52262
52284
52360
52413
52602
52731
52740
52750
52855
52902
53120
53432
53520
53593
53623
53817
53863
54043
54110
54153
54331
54384
54409
54425
54641
54713
54767
54798
54936
54971
54972
55005
55130
55146
55266
55456
55465
55577
55611
55632
55647
55930
55969
55981
56252
56396
56483
56505
56586
56653
56737
56904
56953
57041
57129
57140
57195
57231
57295
57296
57454
57471
57552
57669
57710
57740
57814
57850
57965
57986
58082
58238
58250
58301
58395
58462
58487
58696
58923
58946
59031
59050
59051
59128
59156
59219
59553
59580
59711
59746
59807
59922
59947
59966
60003
60144
60269
60391
60401
60593
60700
60730
60745
60837
60964
60979
61217
61316
61345
61354
61681
61694
61703
61804
61814
61841
61950
62036
62037
62061
62107
62173
62335
62497
62524
62530
62639
62661
62704
62788
62932
62958
63103
63436
63520
63683
63744
64005
64120
64144
64184
64284
64295
64295
64297
64348
64363
64366
64395
64421
64432
64442
64448
64495
64545
64607
64668
65179
65187
65202
65286
65336
65388
65415
65504
65594
65632
65739
65743
65806
65868
65882
66111
66167
66548
66706
66752
66845
66978
67100
67107
67171
67257
67274
67333
67420
67466
67516
67571
67576
67630
67708
67808
67995
68039
68039
68070
68081
68169
68271
68370
68454
68481
68508
68548
68551
68612
68668
68795
68840
68865
68913
68920
68965
68967
69248
69257
69257
69271
69332
69408
69413
69469
69496
69568
69629
69683
69740
69856
69883
69976
69987
70037
70189
70404
70447
70633
70658
70676
70701
70730
70743
70747
70886
70920
70963
71030
71031
71089
71237
71261
71383
71438
71440
71481
71513
71637
71646
71667
71691
71698
71774
71779
71785
71796
71797
71952
72080
72093
72210
72337
72596
72653
72678
72683
72750
72827
72891
72934
72993
73056
73073
73132
73297
73431
73439
73584
73609
73813
73839
73922
74076
74423
74535
74550
74727
74850
74885
74998
75007
75011
75034
75152
75182
75190
75194
75279
75297
75598
75608
75773
76049
76056
76127
76132
76166
76246
76286
76323
76418
76463
76470
76549
76572
76579
76664
76828
76907
76912
77000
77099
77106
77143
77211
77217
77270
77292
77360
77513
77530
77533
77635
77741
77778
77882
77927
78014
78141
78153
78166
78175
78223
78225
78228
78349
78350
78356
78362
78462
78474
78567
78591
78604
78963
78996
79123
79258
79286
79330
79331
79459
79473
79493
79537
79641
79730
79809
79901
79915
79973
80027
80040
80321
80358
80420
80433
80450
80603
80663
80705
80734
80745
80887
80963
80972
80979
80994
81038
81056
81100
81148
81189
81280
81285
81446
81664
81717
81797
81819
81823
81834
81892
81905
81972
82012
82026
82095
82196
82208
82305
82405
82411
82414
82551
82596
82723
82730
82753
82825
83160
83169
83226
83385
83418
83482
83482
83561
83573
83646
83790
83810
83874
83934
83968
84010
84137
84182
84238
84342
84407
84514
84556
84752
84851
84875
85036
85249
85365
85493
85511
85523
85566
85658
85698
85766
85804
85897
86077
86104
86250
86271
86415
86491
86795
86839
86901
86987
87052
87127
87285
87293
87423
87604
87727
87755
87890
87891
88196
88239
88378
88462
88690
88739
88781
88810
88850
88989
88999
89055
89103
89214
89222
89561
89716
89735
89857
89917
89948
89971
90088
90302
90455
90504
90556
90700
90701
90779
90917
90928
91014
91129
91344
91399
91425
91514
91574
91643
91655
91750
91789
91817
91846
91911
91925
91961
92089
92211
92291
92377
92391
92536
92837
93007
93121
93156
93301
93349
93426
93440
93444
93450
93525
93599
93635
93653
93716
93865
93882
93901
94067
94202
94293
94756
94797
94849
94923
94960
95163
95262
95495
95521
95540
95633
95715
95737
95878
95995
95996
96081
96154
96189
96276
96311
96321
96583
96767
96777
96865
96934
96940
97005
97006
97208
97225
97229
97316
97362
97615
97687
97829
97884
97902
98019
98278
98363
98469
98808
99105
99127
99142
99219
99282
99339
99365
99617
99734
99768
99843
100018
100146
100147
100276
100284
100292
100833
100953
100995
101010
101102
101170
101200
101260
101267
101300
101304
101398
101484
101520
101538
101652
101675
101767
101903
101943
101965
102014
102194
102201
102210
102232
102244
102269
102337
102369
102426
102541
102612
102641
102939
103046
103099
103172
103173
103370
103374
103404
103405
103485
103530
103533
103665
103684
103763
103860
103881
103939
103943
104022
104034
104067
104132
104151
104179
104214
104230
104244
104313
104378
104432
104558
104638
104654
104687
104692
104699
104723
104723
104799
104873
104981
105077
105123
105143
105161
105229
105289
105363
105457
105488
105611
105915
106045
106205
106308
106309
106365
106414
106538
106582
106858
106903
107015
107080
107224
107386
107397
107401
107426
107479
107498
107502
107513
107560
107566
107799
107815
107868
107889
107890
107896
108094
108152
108197
108416
108430
108442
108600
108672
108849
108892
109009
109023
109073
109320
109405
109442
109452
109462
109499
109508
109656
109674
109704
109830
109856
109976
110104
110157
110322
110400
110460
110636
110859
110943
110980
110999
111107
111134
111184
111214
111306
111318
111361
111437
111536
111548
111656
111742
111758
111842
111872
111876
112006
112097
112159
112351
112371
112490
112765
112820
112923
112935
113000
113071
113141
113166
113340
113387
113472
113632
113727
113798
113804
113819
113915
113928
113990
114056
114077
114122
114132
114204
114364
114389
114477
114603
114685
114823
115234
115340
115385
115567
115851
115926
115933
115952
115962
116205
116223
116244
116394
116428
116540
116690
116895
116919
117104
117125
117223
117277
117470
117488
117621
117636
117669
117743
117912
117968
118089
118110
118281
118313
118348
118356
118388
118546
118646
118672
118677
118753
118769
119065
119265
119558
119564
119597
119773
119843
119903
119928
119938
119961
120025
120443
120564
120685
120773
120776
120904
121061
121098
121260
121261
121389
121450
121554
121747
121795
121921
122245
122373
122410
122680
122782
122809
122899
123051
123106
123220
123230
123527
123869
123946
123980
123990
124226
124240
124297
124420
124473
124648
124811
124814
124888
124897
124947
124963
125012
125041
125082
125101
125107
125160
125244
125608
125663
125713
125753
125888
125943
125981
126315
126320
126334
126357
126417
126481
126495
126544
126678
126695
126744
126780
126795
126880
127044
127081
127106
127189
127406
127430
127479
127547
127588
127595
127674
127698
127910
127945
127963
128057
128068
128175
128194
128206
128223
128458
128512
128538
128775
128830
129228
129396
129499
129610
129767
130024
130294
130328
130577
130684
130729
130764
130792
131282
131434
131521
131553
131579
131661
131666
131675
131739
131860
131901
132194
132574
132601
132629
132667
132695
132788
132802
132855
132870
132968
132974
132985
133249
133257
133486
133491
133665
133999
134015
134030
134033
134245
134254
134290
134309
134546
134562
134753
134849
134941
135212
135285
135381
135405
135465
135546
135631
135639
135690
135851
135951
136238
136266
136324
136432
136634
136808
136874
136931
137006
137104
137122
137222
137342
137511
137630
137644
137702
137708
137769
137808
137824
138073
138077
138161
138210
138347
138503
138920
139093
139200
139380
139564
139808
139885
139888
139894
139987
140054
140668
140756
140778
140811
140893
140913
140996
141105
141246
141270
141290
141366
141395
141646
141655
141707
141711
142038
142178
142331
142518
143353
143418
143497
143733
143753
143839
143896
143962
143977
144221
144517
144735
144807
144951
145006
145388
145699
145787
145847
146023
146674
146748
147010
147073
147157
147219
147287
147392
147655
147694
147792
147829
147855
148045
148087
148374
148417
148583
148789
148823
148992
149039
149098
149189
149265
149275
149803
150083
150317
150430
150441
150804
151028
151082
151203
151410
151468
151579
151589
151748
151857
151903
151938
152121
152144
152214
152304
152355
152570
152878
153025
153042
153304
153497
153499
153513
153545
153553
153997
154079
154137
154217
154255
154352
154550
154625
155137
155199
155205
155213
155587
155594
156183
156243
156267
156478
156562
156690
156705
156713
156740
156820
156952
157045
157611
157695
157698
157725
157725
157726
157842
157930
158032
158058
158268
158441
158595
158603
158705
158792
159037
159094
159102
159106
159165
159175
159351
159737
159901
160041
160412
160562
160595
160834
160909
161023
161066
161185
161238
161393
161408
161528
161659
161706
161936
162261
162322
162482
162579
162659
162779
163365
163493
163580
163680
163785
163906
164047
164198
164246
164253
164378
164724
164751
164933
164972
165152
165237
165254
165488
165615
165652
165853
166536
166632
166883
167050
167056
167223
167235
167278
167549
167629
167664
167669
167733
167816
167844
167896
167937
168083
168230
168243
168444
168676
168695
168709
168844
168864
169020
169059
169133
169380
169509
169677
170097
170393
170410
170637
170661
170701
170916
170943
170987
171064
171162
171381
171404
171512
171663
171955
172125
172521
172821
172935
173471
173527
173535
173559
173601
173654
173685
173941
174073
174206
174240
174245
174321
174430
174466
174529
174595
174647
174793
174827
174882
175030
175227
175369
175454
175521
175560
175918
175948
175974
176038
176251
176287
176534
176915
177209
177228
177327
177598
177604
177648
177787
177810
177835
178116
178340
179003
179009
179106
179170
179456
179710
179853
180181
180530
181010
181261
181443
181655
181704
182119
182259
182292
182398
182511
182633
183320
183350
183428
183438
183568
183676
183720
183763
183800
183843
183928
183939
184104
184201
184253
184393
184458
184461
184814
184981
185166
185190
185201
185304
185305
185331
185347
185392
185518
185519
185587
186012
186211
186257
186316
186336
187200
187793
187827
188213
188221
188237
188262
188469
188918
188988
189006
189432
189491
189734
190087
190094
190221
190569
190665
190694
190702
190769
190963
191012
191092
191254
191303
191439
191613
191701
191783
192188
192339
192494
192589
192730
192847
193469
193545
193830
193986
194166
194366
194423
194587
194937
196122
196223
196301
196403
196468
196528
196528
196658
196673
196729
196836
196922
197030
197065
197168
197324
197373
197745
198003
198556
198578
198757
198885
199018
199232
199528
199533
199623
199987
200251
200415
200524
200525
200700
200882
201029
201304
201495
201639
201838
201908
202912
202944
202953
203027
203080
203100
203122
203166
203531
203975
204058
204096
204772
204878
205287
205336
205835
205960
206020
206498
206703
207209
207276
207415
207665
207819
208024
208058
208721
209021
209052
209196
209627
209829
210136
210234
210572
210587
210782
210939
211090
211171
211246
211614
211621
211637
211649
211815
211877
211998
212342
212424
212547
212644
213029
213057
213296
213338
213389
213417
213796
214071
214258
214285
214342
214484
214630
214681
215136
215406
215436
215573
215856
216204
216484
216562
216646
216821
216868
217075
217097
217097
217178
217411
217660
217974
218030
218570
218740
218761
218768
218788
218888
219121
219139
219168
219344
219435
219466
219907
220294
220437
220658
220684
221168
221391
221399
221470
221511
221552
221603
221670
221746
222091
223132
223549
223651
223657
223799
223919
224215
224468
224679
225125
225166
225169
225201
225229
225459
225607
226131
226146
226336
226723
227033
227265
227456
227899
228012
228345
228679
228967
229342
229529
229551
229589
229661
229820
230232
230295
230490
230595
230750
230974
231500
231646
231678
231924
232046
232948
233096
233204
233235
233471
233672
233856
233888
234367
235205
235233
235427
235558
235766
236588
236612
236647
236715
236774
236785
236887
237073
237116
237129
237490
237544
237682
237834
238080
238548
238789
239611
239630
240097
240353
240948
241452
241675
241725
241879
241996
242024
242058
242624
243058
243576
243656
243679
243726
243729
243782
244019
244286
244599
245414
245447
245460
245568
245615
245714
246659
248260
248415
248992
249120
249393
249599
249892
250009
250126
250310
250364
250688
250747
251321
251892
252041
252095
252317
252488
252646
252874
253516
254426
254692
255090
255845
255957
255989
256178
256370
256876
257029
257519
257880
257972
258124
258362
258685
258928
259031
259112
259175
259462
259811
260223
260497
260524
260698
260764
261082
261365
261532
261604
262153
262362
263106
263299
264107
264299
264402
264833
264862
266064
266185
266702
266986
267189
267368
267462
267520
267928
267981
268047
268231
269680
269909
269947
270247
270659
270697
270748
271317
271333
271498
271542
271700
272416
272472
272479
273652
273669
273744
274102
274219
274921
275465
275882
276464
276492
276592
276828
277023
277069
278092
278779
279592
280228
280229
280263
280748
281340
281604
283160
283305
283474
283513
283516
283883
284076
284942
286356
286437
286538
286842
286869
286966
287524
288049
288976
289331
290588
291069
291429
291588
291601
292728
292945
293593
293756
294304
294819
295110
295132
296256
296322
296508
297739
298126
298579
298703
299027
299471
299669
300980
301098
301847
302053
302286
302606
302814
303137
303553
304372
304687
304998
306518
307707
308066
308747
309817
309948
310433
310516
310728
311367
312057
313409
314194
314607
314717
315523
315708
315762
319557
319676
319788
320030
320273
320841
320914
321117
321125
321557
321848
321981
322774
323402
323960
325520
326150
326984
327020
327106
328183
328510
329643
329955
329976
330509
331472
332677
333310
333888
334218
334566
335650
335747
337934
338350
338507
340097
340294
341013
341030
341674
342200
342792
343738
343850
344785
344871
345794
345890
346094
346469
346599
347155
347332
347657
348594
350430
350807
351278
352180
352401
352597
354336
354485
354641
354888
354976
355840
355974
356621
357379
357804
360484
360623
361204
362879
365574
365745
367858
367991
370664
371272
372397
372734
373719
373995
374972
376114
376684
378548
381256
381351
383826
384083
389192
390308
390335
392171
393316
393686
398394
399114
400148
400212
400852
403245
403616
403635
403939
404275
404523
409316
412600
413429
416242
417795
419236
420000
422175
428431
430386
437545
447455
451764
454032
454670
459646
463535
473878
483817
487991
494483
503789
505746
518787
541289
571638
574370
