0
0
64
266
314
339
368
433
465
486
491
495
563
578
594
617
659
806
836
845
875
894
916
1004
1173
1174
1191
1247
1251
1260
1304
1324
1327
1328
1614
1731
1849
1932
1934
2133
2174
2181
2194
2290
2323
2392
2504
2530
2570
2573
2657
2701
2720
2758
2784
2875
2926
3027
3040
3075
3203
3323
3341
3396
3557
3595
3685
3963
3969
3984
4005
4013
4021
4050
4066
4164
4302
4472
4554
4567
4615
4618
4714
4759
4830
4865
4875
4876
4992
5028
5044
5074
5128
5133
5162
5198
5213
5323
5338
5425
5476
5492
5527
5646
5665
5728
5732
5844
6025
6037
6054
6062
6073
6081
6112
6124
6158
6191
6284
6289
6321
6332
6408
6477
6516
6553
6582
6597
6703
6804
6830
6950
6951
6968
7027
7048
7075
7099
7105
7121
7171
7216
7419
7465
7491
7522
7630
7632
7755
7875
7889
7918
7932
7936
8043
8083
8136
8138
8178
8303
8322
8363
8369
8398
8410
8424
8442
8483
8499
8743
8749
8780
8957
9093
9114
9237
9245
9353
9363
9390
9439
9512
9638
9682
9730
9900
9932
9970
9980
10193
10311
10387
10625
10646
10700
10822
10838
10889
10908
10910
10947
10996
11000
11029
11044
11120
11216
11230
11344
11345
11426
11506
11606
11739
11785
11833
11875
12009
12046
12095
12118
12132
12281
12304
12353
12416
12427
12461
12613
12648
12710
12740
12745
12753
12798
12817
12938
12944
12966
13003
13084
13087
13127
13152
13198
13253
13259
13476
13668
13733
13806
13869
13870
13923
14031
14120
14180
14183
14192
14228
14242
14255
14258
14409
14560
14598
14669
14802
14888
14904
15116
15139
15365
15387
15433
15476
15535
15586
15591
15619
15739
15782
15805
15902
15918
16000
16107
16135
16153
16222
16245
16246
16272
16280
16313
16339
16356
16461
16493
16558
16611
16625
16658
16719
16731
16738
16739
16743
16757
16835
16839
16840
16912
16975
17039
17041
17057
17194
17323
17356
17409
17443
17509
17642
17688
17736
17816
18135
18238
18291
18347
18378
18383
18547
18564
18576
18611
18616
18660
18707
18757
18883
18909
18973
19008
19188
19214
19218
19320
19464
19528
19571
19588
19723
19891
19892
19906
19972
19978
20012
20021
20158
20182
20189
20189
20253
20300
20417
20436
20507
20515
20547
20641
20657
20673
20740
20877
20912
20978
21050
21069
21245
21267
21376
21430
21474
21579
21720
21729
21734
21750
21753
22185
22214
22250
22271
22326
22423
22460
22481
22638
22703
22762
22800
22934
23038
23056
23097
23166
23485
23584
23624
23694
23784
23838
23862
23897
24092
24157
24185
24270
24282
24340
24341
24371
24415
24545
24691
24712
24806
24961
25016
25049
25152
25169
25196
25239
25267
25279
25283
25375
25379
25430
25461
25503
25589
25699
25741
25810
25833
25837
25873
25913
26016
26114
26250
26306
26432
26486
26494
26567
26660
26665
26696
26716
26754
26816
26963
27020
27040
27085
27271
27308
27344
27417
27455
27516
27640
27643
27667
27793
27828
27886
27927
27931
28001
28314
28661
28715
28792
28793
28845
29025
29059
29104
29139
29277
29427
29438
29481
29490
29503
29613
29623
29655
29676
29695
29698
29728
29759
29789
29955
29961
30014
30036
30115
30146
30152
30208
30260
30270
30310
30332
30382
30450
30523
30559
30677
30881
30888
30915
30926
31042
31061
31202
31265
31278
31340
31360
31522
31588
31652
31656
31684
31745
31776
31816
31852
31867
31901
32126
32269
32388
32511
32539
32623
32635
32646
32781
32815
33027
33093
33126
33131
33138
33210
33327
33573
33618
33684
33790
34029
34050
34265
34348
34382
34394
34398
34403
34403
34412
34440
34459
34541
34698
34723
34725
34746
34786
34811
34951
35077
35098
35105
35116
35149
35278
35286
35372
35411
35412
35469
35475
35663
35687
35698
35701
35701
35807
35838
35951
35989
36013
36073
36093
36135
36146
36204
36287
36457
36469
36480
36491
36555
36565
36598
36641
36758
36789
36870
36941
36955
37039
37131
37182
37276
37287
37296
37342
37369
37394
37536
37580
37675
37711
37718
37746
37812
37817
37930
37978
37991
38045
38111
38135
38168
38196
38208
38220
38220
38619
38792
38910
38915
39017
39163
39219
39242
39263
39309
39558
39621
39681
39692
39753
39887
39981
40003
40008
40045
40195
40263
40266
40269
40292
40314
40315
40367
40431
40483
40497
40702
40718
40808
40877
40926
41010
41032
41105
41141
41156
41214
41324
41421
41448
41493
41651
41765
41806
41888
42006
42014
42023
42110
42162
42295
42303
42353
42429
42433
42511
42526
42613
42687
42870
42876
42916
43012
43327
43346
43586
43596
43661
43743
43830
43997
44147
44367
44372
44378
44483
44503
44644
44686
44787
44820
44842
44906
45003
45055
45076
45080
45212
45254
45332
45358
45510
45585
45688
45697
45762
45804
45924
46067
46104
46155
46165
46226
46281
46310
46430
46445
46457
46714
46714
46786
46881
46884
46930
47026
47155
47197
47267
47310
47319
47358
47576
47756
47768
47922
47941
47950
47973
48073
48152
48272
48591
48659
48666
48776
48863
48900
48946
49094
49139
49154
49199
49267
49276
49330
49384
49415
49424
49426
49432
49479
49492
49495
49589
49671
49726
49728
49788
49827
49960
50082
50207
50376
50423
50509
50557
50582
50589
50592
50604
50710
50766
50917
50962
51066
51103
51349
51381
51584
51852
51856
51859
51951
51980
52024
52106
52207
52238
52244
52256
52449
52457
52481
52511
52591
52640
52851
52863
52936
53135
53169
53263
53318
53332
53465
53471
53474
53600
53668
53737
53752
53774
53785
53926
53933
53968
53975
54034
54062
54063
54146
54181
54215
54261
54409
54418
54424
54485
54500
54513
54743
54756
54898
54929
55002
55156
55158
55220
55274
55294
55322
55324
55343
55347
55420
55441
55467
55469
55534
55581
55607
55647
55663
55733
55768
55796
55797
55826
55883
55898
55956
56053
56327
56415
56585
56589
56617
56708
57067
57079
57134
57190
57301
57335
57367
57463
57477
57596
57597
57639
57703
57743
57805
57806
57846
57916
58020
58078
58120
58162
58195
58205
58230
58246
58253
58254
58281
58308
58401
58537
58611
58659
58751
58755
58780
58796
58848
58871
58873
58881
58935
59118
59121
59149
59240
59687
59832
59843
59850
59958
59962
60183
60254
60320
60369
60390
60565
60570
60634
60715
60753
60760
60790
60842
60923
61012
61054
61105
61263
61265
61270
61292
61339
61405
61468
61470
61598
61656
61679
61756
61778
61805
61841
61869
62047
62113
62114
62132
62213
62248
62266
62432
62458
62477
62528
62536
62541
62550
62570
62769
62937
63056
63098
63139
63182
63322
63368
63407
63532
63648
63712
63853
64023
64084
64148
64182
64186
64264
64325
64326
64391
64524
64529
64642
64658
64678
64717
64798
64819
64856
64860
64889
64982
65103
65154
65178
65184
65246
65300
65319
65401
65451
65480
65506
65583
65639
65906
66040
66067
66288
66547
66565
66789
67062
67119
67220
67261
67307
67333
67379
67423
67451
67498
67558
67696
67725
67726
67757
67867
68030
68117
68227
68322
68490
68491
68619
68634
68656
68704
68795
68807
68978
69054
69184
69227
69318
69372
69452
69467
69595
69639
69680
69782
69796
69867
69930
69988
70016
70057
70108
70230
70269
70387
70466
70502
70572
70573
70717
70730
70814
70958
71030
71047
71231
71264
71446
71465
71668
71687
71817
71944
72059
72092
72096
72202
72219
72225
72268
72283
72351
72360
72399
72488
72500
72713
72903
72983
73081
73107
73156
73157
73204
73411
73427
73443
73480
73500
73545
73548
73577
73614
73826
73916
73951
74046
74055
74159
74193
74247
74337
74395
74478
74544
74605
74613
74691
74745
74817
74929
74953
75031
75042
75104
75343
75368
75393
75481
75485
75523
75606
75650
75685
75744
75787
75871
75887
75975
76002
76101
76254
76380
76392
76399
76400
76450
76557
76705
76757
76781
76834
76961
76993
77060
77071
77091
77102
77158
77325
77357
77401
77406
77459
77541
77567
77578
77579
77582
77810
77858
77916
78044
78081
78113
78180
78226
78310
78328
78365
78457
78483
78499
78598
78653
78677
78724
78845
78991
79048
79118
79254
79325
79551
79670
79671
79749
79823
79889
80519
80530
80533
80536
80780
80787
80815
80822
81207
81309
81493
81508
81533
81776
81778
81795
81902
81921
82143
82147
82152
82204
82216
82358
82368
82523
82544
82549
82588
82651
82681
82730
82802
82879
83046
83056
83066
83116
83196
83257
83284
83397
83420
83437
83579
83705
84148
84198
84238
84554
84558
84560
84758
84808
84924
84957
84995
85187
85429
85522
85530
85551
85558
85637
85650
85815
85878
85962
86029
86047
86179
86215
86525
86564
86624
86643
86703
86716
86842
86956
87121
87164
87203
87216
87231
87258
87440
87445
87475
87627
87979
88033
88181
88189
88241
88391
88423
88429
88537
88636
88638
88719
89000
89129
89137
89196
89209
89293
89321
89352
89357
89395
89403
89466
89528
89592
89598
89604
89745
89929
89931
89979
90139
90150
90518
90599
90692
90807
90866
91036
91075
91149
91212
91424
91484
91575
91587
91655
91681
91756
91771
91962
92090
92545
92551
92632
92661
92765
92799
93009
93201
93307
93311
93580
93632
93707
93798
93911
94055
94106
94131
94133
94507
94542
94545
94669
94690
94691
94725
94725
94777
94782
94834
94861
94944
94958
95003
95083
95226
95256
95294
95302
95316
95339
95342
95454
95560
95627
95703
95837
95982
96034
96073
96110
96169
96211
96368
96394
96624
96712
96749
96876
96936
97222
97412
97455
97485
97529
97612
97743
97804
97886
97908
97909
97957
97963
98104
98155
98215
98369
98381
98447
98532
98629
98813
98880
98965
98979
98982
98991
99000
99199
99324
99450
99554
99605
99653
99795
99856
100004
100161
100229
100284
100315
100467
100541
100582
100754
100800
100947
100967
100985
101062
101111
101301
101350
101387
101413
101440
101842
101882
101890
101987
102109
102162
102546
102621
102959
103164
103178
103322
103365
103469
103531
103621
103648
103699
103722
103805
103841
103993
104047
104061
104165
104167
104266
104307
104325
104402
104405
104470
104547
104638
104657
104687
104892
104914
104937
105008
105016
105087
105133
105141
105349
105354
105398
105462
105531
105551
105552
105587
105619
105640
105740
105864
105894
105916
105973
106004
106063
106137
106251
106287
106533
106691
106743
106792
106948
107195
107199
107266
107498
107508
107591
107627
107688
107697
107832
107857
107868
107880
107899
107902
108117
108154
108241
108274
108437
108535
108559
108609
108845
108876
108975
109023
109068
109129
109194
109320
109375
109387
109439
109554
109614
109640
109699
109778
109816
109839
109899
109942
110099
110448
110587
110646
110659
110664
110741
110768
110904
110977
110987
111138
111261
111316
111331
111349
111381
111429
111436
111475
111544
111559
111664
111684
111884
111901
111910
112084
112131
112157
112202
112284
112407
112459
112566
112583
112672
112725
112957
113070
113226
113393
113435
113465
113473
113495
113530
113563
113629
113634
113679
113689
113914
113922
114001
114036
114061
114221
114238
114331
114432
114564
114594
114612
114653
114702
114818
114879
114889
114905
115014
115087
115103
115132
115165
115206
115227
115422
115536
115687
115817
115929
116054
116301
116402
116566
116598
116673
116709
116883
116925
116966
116967
117097
117178
117329
117431
117527
117627
117731
117790
117805
117852
117894
118021
118080
118290
118384
118505
118513
118694
118699
118833
118845
118911
119005
119126
119180
119202
119254
119401
119609
119614
119945
120025
120192
120198
120288
120414
120435
120635
120668
120681
120763
120832
120861
120870
120945
120986
121088
121178
121218
121491
121558
121561
121700
121748
121762
121854
121892
121941
122128
122143
122186
122237
122292
122474
122617
122683
122767
122909
122993
123190
123422
123453
123467
123615
123633
123803
123987
124530
124749
124799
125066
125230
125266
125298
125377
125499
125593
125619
125649
125676
125737
125765
125843
125907
126156
126287
126337
126619
126794
126816
126819
127095
127146
127181
127221
127224
127259
127485
127485
127540
127778
127799
127888
128004
128049
128071
128172
128182
128259
128448
128547
128644
128667
128762
128781
128898
128968
129026
129042
129130
129191
129240
129412
129617
129679
129742
129812
129924
130235
130259
130260
130342
130616
130619
130636
130721
130762
130945
131125
131227
131287
131384
131551
131654
131668
131760
131870
132092
132108
132165
132313
132355
132518
132546
132596
132718
132729
132854
132907
132999
133070
133126
133253
133267
133334
133433
133650
133652
133666
133703
133721
133749
133800
134053
134198
134225
134228
134293
134408
134548
134601
134628
134683
134685
134718
134938
134939
134957
135056
135147
135210
135500
135631
135659
135698
135764
135775
135777
136015
136020
136114
136213
136226
136439
136461
136475
136562
136697
136827
136985
137164
137254
137261
137494
137607
138007
138268
138317
138533
138749
138824
139187
139196
139798
139926
139947
139956
140062
140068
140170
140276
140297
140432
140529
141053
141098
141416
141523
141526
141662
141687
141713
141854
142021
142102
142291
142595
142752
142972
143234
143363
143521
143588
143769
143866
143940
144472
144500
144717
144726
144809
144876
144928
145207
145270
145278
145466
145701
146088
146172
146241
146888
146896
147048
147173
147204
147245
147524
147590
147740
147806
147915
148000
148010
148109
148299
148359
148550
148670
148684
148687
148736
148762
149032
149078
149097
149177
149182
149276
149373
149469
149803
149869
149931
150001
150155
150348
150395
150450
150463
150604
150626
150742
150889
150981
151002
151161
151242
151364
151380
151503
151569
151705
152023
152108
152110
152144
152146
152206
152316
152327
152582
152607
152742
152853
153066
153189
153225
153330
153372
153505
153565
153631
153696
153705
153767
153974
154143
154259
154437
154569
154825
154851
155021
155089
155093
155259
155419
155534
155647
155697
156018
156025
156029
156049
156157
156300
156316
156982
157033
157117
157146
157319
157624
157989
158079
158186
158235
158245
158304
158337
158500
158609
158890
159171
159235
159395
159546
159855
160102
160182
160367
160408
160455
160811
160817
161220
161369
161465
161507
161644
161676
161993
162075
162100
162123
162168
162178
162201
162269
162338
162366
162669
162717
162797
162947
162967
163122
163142
163217
163291
163643
164374
164518
164701
164781
164848
164945
165023
165077
165182
165253
165652
165732
165762
166210
166654
166690
166869
166869
167067
167200
167673
167960
167987
168029
168528
168689
168710
168719
168743
168939
168998
169077
169138
169219
169439
169500
169605
169610
169632
169760
169910
170068
170077
170093
170559
170573
170650
170735
170886
171136
171563
171793
171819
171904
172206
172220
172271
172321
172337
172427
172577
172603
173039
173101
173523
173584
173594
173612
173726
173754
173786
173848
173935
174043
174148
174210
174291
174315
174415
174528
174690
174693
174696
174706
174774
174833
174977
175033
175233
175337
175544
175768
175788
175849
175938
175950
176046
176284
176369
176777
176859
176870
176893
177022
177164
177229
177303
177318
177370
177414
177960
178005
178162
178517
178655
178892
178899
179205
179246
179327
179643
179744
179910
180300
180501
180531
180574
180643
180697
181178
181444
181808
181843
182233
182340
182597
182764
182837
182849
183055
183727
183872
184254
184345
184395
184511
184533
184567
184728
184761
184870
185115
185208
185249
185251
185434
185543
185583
185766
186171
186188
186202
186371
186496
186642
186691
186714
186749
187286
187800
187944
188059
188201
188267
188530
188841
189606
189800
189869
189898
190036
190541
190761
191158
191298
191299
191450
191464
191574
191914
191952
192179
192771
193372
193404
193476
193499
193579
193710
194062
194521
194684
194881
194905
194927
195127
195163
195264
195589
195862
196051
196197
196247
196250
196316
196361
196425
196483
196648
196872
197433
197443
197502
197709
197791
197797
197824
197831
198002
198254
198254
198278
198485
198539
198862
198929
199119
199190
199568
199581
199799
199823
200071
200258
200589
201295
201403
201536
201582
201926
202021
202479
202489
202499
203203
203241
203263
203553
203706
203740
203758
203764
203845
204283
205016
205093
205225
205322
205696
205967
206106
206721
206759
206980
207094
207137
207293
207304
207321
207594
207597
207763
208364
208613
208617
208628
208735
209139
210036
210160
210770
210907
210932
211239
211260
211287
211417
211488
211662
211984
212045
212228
212403
212423
212485
212835
212970
213721
214892
214923
215251
215355
215372
215435
215522
215607
215663
215798
215957
216046
216100
216306
216470
216630
216788
217347
217664
217805
217983
218194
218281
218477
218720
219758
220160
220200
220343
220390
220402
220466
220585
220788
221238
221529
221634
221886
222145
222280
222496
222702
222793
222828
223220
223505
223638
223711
223970
224001
224081
224231
224351
224803
225526
225692
225893
225896
226129
226364
226926
226960
226999
227136
227347
227814
227963
228052
228062
228230
228754
229151
229382
229707
229952
230066
230732
230966
231030
231191
231221
231288
231345
232230
232401
232428
232788
233385
233570
234112
234388
234548
234578
234621
234799
235106
235171
235263
235869
236227
236954
236990
237089
237108
237197
237219
237473
237694
237801
237919
237973
238150
238410
238467
238877
239442
240189
240427
240472
241035
241145
241453
241470
241478
241537
241579
241862
243245
243364
243380
243421
243460
243564
243676
243974
243984
244160
244195
245368
245419
245997
246269
246734
247062
247263
247317
247338
247352
247386
247388
247665
248087
248238
248937
249099
249471
249640
249865
250109
250464
250517
251043
252472
253124
253371
253906
255054
255061
255414
255735
255957
256454
256618
256817
256870
257234
257442
257541
257837
257844
258244
258383
258399
258529
258534
259060
259791
260171
260173
260327
260384
260411
260468
260682
260715
261465
261539
262040
262354
262390
262466
262818
262830
263045
263254
263292
263345
263759
264093
264679
264722
264762
264925
264986
265159
265232
265637
266090
266126
266961
266967
267092
267568
267726
268106
268335
268383
268420
268605
268627
268802
269259
269378
269807
270102
270114
270238
270555
270602
270702
270807
270954
270993
271322
272190
272429
272826
273344
273367
273865
274148
274310
274720
275132
275157
275307
275789
276619
276687
276830
277121
277315
277578
277854
277888
278205
279401
279478
279653
279808
280278
280330
282037
282615
282717
283341
283661
283791
283799
283869
284327
284429
284512
284833
286654
287362
289786
289906
290249
290586
290803
291003
292356
292872
293538
293749
293942
294217
295523
295768
295859
296181
297186
297363
297392
297558
297745
297778
298919
298931
299436
299523
299680
299862
300273
300508
300527
300630
300776
301151
301814
302254
302423
302966
303428
303524
303823
304075
304411
304889
305156
305231
305814
306341
306556
307419
307547
308980
309226
309868
310011
310223
310420
310522
310558
310821
311863
311890
311931
312599
313089
313259
313866
314853
315342
315689
315924
316528
316588
318247
318352
319931
320175
320275
320947
321296
322265
322503
323205
323364
323747
325765
327170
327400
327534
327831
328493
328702
329541
330340
331248
331487
331555
331658
331971
332088
332303
333180
333258
333631
334634
335215
336104
336226
337469
337698
338204
338914
339236
339735
339865
339963
340045
340357
340463
340520
343535
343932
345196
346375
346699
348050
348313
352143
352682
353755
354607
354615
356378
359587
359915
359988
359991
361307
361475
363162
363591
364701
365185
366188
366811
368440
368713
368951
371303
371588
372550
372906
374387
374481
374499
376005
378038
378633
378672
379745
380417
381051
382194
383755
383947
388412
390186
390287
392365
392981
393071
393207
393464
393623
393992
394348
395119
395905
399236
399635
400768
402149
402535
403404
403708
403781
404450
405580
410340
411810
415879
417261
422806
424004
424178
425123
431432
431611
433514
439802
440143
441240
441915
443174
446317
447549
448805
449307
450515
454701
455490
458762
460875
461805
462564
463442
463883
464029
464371
467099
467890
468570
469059
473630
473895
480789
482324
483153
483766
489312
491525
493410
500529
513654
520341
573963
577230
583207
645693
