0
0
146
171
245
397
427
492
575
614
639
653
718
719
779
782
816
951
969
1041
1047
1186
1187
1196
1215
1245
1293
1314
1331
1366
1468
1477
1535
1694
1770
1800
2037
2044
2084
2122
2180
2193
2195
2335
2338
2354
2354
2439
2493
2525
2547
2549
2604
2657
2870
2887
2897
2915
2937
2960
3000
3017
3075
3103
3173
3195
3287
3339
3652
3663
3821
3945
3982
4116
4189
4200
4202
4263
4327
4368
4425
4461
4571
4600
4762
4786
5012
5013
5050
5086
5145
5229
5320
5322
5384
5398
5407
5452
5533
5547
5571
5698
5718
5803
5820
5923
5967
6029
6033
6166
6207
6347
6352
6417
6421
6502
6550
6584
6611
6653
6661
6712
6757
6758
6781
6783
6805
6812
6832
6845
6989
7175
7243
7252
7304
7381
7399
7472
7489
7519
7530
7611
7615
7659
7673
7682
7769
7803
7816
7850
7903
7916
8043
8067
8305
8366
8748
8831
8943
9071
9080
9199
9273
9351
9393
9422
9643
9665
9752
9816
9816
9896
9975
10052
10079
10124
10249
10256
10302
10351
10373
10441
10457
10512
10552
10667
10689
10710
10712
10737
10760
10861
11007
11158
11172
11178
11244
11280
11424
11433
11532
11572
11747
11758
11802
11862
12002
12099
12112
12173
12356
12410
12411
12525
12573
12674
12746
12778
12784
12908
12965
13136
13207
13247
13260
13278
13336
13367
13410
13616
13642
13756
13952
13967
14052
14097
14184
14249
14256
14336
14554
14643
14665
14777
14800
14859
15017
15069
15150
15173
15179
15242
15340
15386
15395
15419
15449
15451
15495
15498
15572
15574
15682
15700
15721
15810
15820
15951
16058
16098
16124
16214
16226
16260
16369
16374
16502
16576
16766
16833
16919
17045
17081
17158
17196
17225
17264
17293
17419
17452
17459
17579
17594
17798
18017
18033
18064
18077
18202
18211
18301
18418
18488
18515
18701
18747
18878
18931
19108
19133
19141
19163
19167
19173
19195
19196
19203
19445
19470
19534
19545
19565
19660
19720
19833
19846
19864
19985
20113
20135
20231
20311
20312
20448
20477
20516
20548
20556
20739
20764
20785
20795
20822
20851
20935
21058
21297
21340
21357
21535
21558
21626
21865
21919
21943
22099
22114
22255
22470
22500
22508
22510
22661
22662
22710
22723
22730
22804
22832
22867
22915
22968
22971
23113
23136
23157
23215
23240
23273
23403
23513
23676
23702
23711
23761
23788
23845
23872
23875
23885
23897
24001
24033
24181
24378
24392
24559
24582
24584
24591
24796
24944
24996
24998
25033
25084
25189
25363
25553
25599
25722
25744
25761
25776
25786
25801
25877
25894
25965
26040
26059
26089
26162
26171
26222
26303
26544
26555
26586
26633
26787
26793
26877
26888
26894
26896
27090
27096
27122
27129
27213
27267
27583
27685
27700
27702
27826
27888
27896
27933
28129
28231
28388
28439
28581
28634
28743
28771
28849
28881
28889
29028
29028
29167
29175
29190
29272
29339
29504
29553
29627
29635
29676
30111
30159
30180
30197
30284
30335
30407
30479
30550
30587
30750
30760
30787
30805
30847
30847
30866
30967
31006
31131
31145
31173
31203
31204
31217
31246
31302
31302
31344
31458
31495
31500
31514
31526
31710
31729
31778
31802
31831
31891
32018
32057
32180
32182
32330
32377
32381
32398
32420
32651
32653
32689
32711
32742
32854
32996
33262
33275
33291
33333
33410
33470
33528
33599
33642
33659
33692
33764
33965
34090
34090
34101
34107
34208
34211
34234
34251
34335
34361
34545
34574
34618
34667
34693
34731
34827
34965
34994
35096
35246
35260
35331
35343
35357
35357
35358
35420
35493
35668
35700
35723
35779
35921
35982
36114
36191
36194
36274
36277
36311
36391
36533
36635
36702
36727
36746
36896
36915
37016
37017
37078
37088
37212
37239
37248
37349
37395
37405
37421
37470
37634
37665
37689
37727
37738
37739
37960
37988
38007
38050
38069
38093
38103
38112
38244
38247
38305
38351
38416
38464
38534
38553
38677
38754
38769
38833
38856
39074
39132
39250
39448
39521
39569
39591
39595
39658
39695
39946
40047
40073
40076
40136
40309
40327
40399
40457
40655
40812
40836
40918
40992
41033
41052
41117
41205
41245
41375
41542
41716
41726
41752
41831
41974
42011
42036
42100
42158
42210
42210
42301
42395
42421
42532
42547
42561
42669
42794
42826
42892
42969
43094
43151
43213
43247
43356
43376
43389
43395
43437
43475
43480
43500
43597
43859
43866
43926
44008
44121
44252
44267
44359
44489
44593
44651
44699
44792
44795
44812
44863
44870
44929
44951
45022
45057
45112
45196
45283
45548
45803
45859
45892
45907
45918
46065
46206
46244
46263
46352
46361
46645
46666
46667
46771
46958
47042
47066
47181
47244
47260
47292
47386
47455
47457
47513
47575
47673
47934
47952
48052
48151
48169
48188
48189
48190
48213
48281
48331
48406
48523
48547
48822
48841
48873
48961
49149
49219
49331
49375
49383
49415
49475
49495
49532
49726
49747
49763
49820
49885
49936
49974
50011
50016
50072
50074
50122
50497
50592
50595
50687
50712
50839
50848
50897
50951
51019
51045
51178
51346
51360
51427
51441
51448
51659
51713
51733
51776
51825
52030
52301
52356
52364
52366
52409
52476
52515
52556
52563
52593
52617
52701
52765
52881
52882
53009
53043
53138
53194
53203
53243
53250
53299
53545
53585
53608
53694
53744
53799
53846
53946
54115
54305
54349
54481
54499
54655
54691
54697
54748
54824
54877
54919
55002
55013
55041
55073
55074
55102
55275
55294
55312
55424
55512
55624
55639
55699
55726
55860
55954
56079
56104
56111
56288
56304
56434
56464
56523
56527
56631
56743
56762
56897
56960
57001
57048
57322
57351
57361
57410
57437
57492
57563
57564
57590
57635
57636
57691
57707
57788
57810
57856
57857
57874
57885
57942
57952
57983
58009
58011
58075
58088
58245
58296
58368
58432
58478
58496
58560
58569
58593
58610
58632
58672
58751
58909
59017
59077
59163
59447
59498
59513
59543
59589
59623
59658
59740
59874
59888
60194
60255
60289
60289
60323
60325
60380
60444
60497
60561
60665
60679
60699
60945
60965
61054
61117
61125
61126
61135
61226
61456
61531
61626
61702
61709
61725
61749
61758
61969
61973
61990
62012
62084
62145
62183
62275
62353
62374
62382
62713
62740
62783
62896
62917
62935
62949
62992
62998
63024
63215
63539
63645
63711
63713
63853
63906
64072
64080
64151
64193
64413
64541
64601
64624
64796
64815
64844
64888
64934
65125
65196
65219
65311
65407
65647
65648
65664
65685
65690
65704
65737
65787
65819
65820
65827
65834
65893
65916
65937
65965
66047
66095
66135
66158
66392
66418
66434
66436
66474
66509
66586
66597
66663
66740
66742
66779
66818
67112
67329
67377
67379
67420
67648
67754
67804
67921
67932
67962
68016
68056
68069
68150
68289
68297
68452
68461
68537
68603
68644
68665
68684
68710
68800
68818
68895
68917
69302
69308
69395
69737
69785
69813
69981
70050
70056
70065
70093
70213
70261
70372
70379
70384
70521
70540
70639
70730
70750
70793
70892
70960
70987
71022
71137
71397
71442
71463
71537
71601
71652
71667
71726
71816
71854
71941
72005
72087
72159
72162
72247
72358
72362
72366
72396
72487
72567
72623
72684
72747
72757
72868
73087
73117
73142
73228
73352
73640
73683
73684
73784
73793
73822
73873
73892
73893
74047
74109
74131
74138
74249
74264
74406
74562
74790
74812
75015
75357
75449
75559
75775
75790
75864
75935
76014
76089
76091
76132
76247
76306
76332
76357
76491
76510
76583
76652
76685
76725
76764
76795
76811
76875
76911
77032
77076
77122
77134
77284
77347
77392
77444
77671
77826
77956
77958
77970
77995
78088
78165
78277
78322
78324
78489
78516
78631
78634
78674
78707
78709
78757
78759
78763
78833
78911
79079
79354
79363
79386
79394
79421
79427
79460
79472
79559
79830
79830
79908
79923
80050
80244
80271
80319
80572
80649
80708
80735
80792
80832
80891
80961
80972
81000
81115
81134
81483
81586
81593
81606
81610
81940
81958
81989
82022
82186
82217
82275
82293
82477
82547
82627
82752
82773
82889
83071
83083
83204
83395
83451
83566
83769
83880
83920
83973
83995
84033
84094
84122
84242
84311
84349
84370
84463
84543
84623
84635
84745
84749
84798
85056
85079
85303
85374
85401
85564
85567
85688
85718
85813
85815
85880
85900
85938
85985
85997
86020
86049
86109
86168
86215
86333
86348
86429
86502
86553
86609
86738
86837
86873
86926
87066
87133
87215
87357
87369
87461
87609
87686
87822
87879
87892
87932
87991
88038
88166
88222
88359
88403
88681
88769
88910
88922
88943
89078
89093
89095
89186
89344
89412
89494
89578
89715
89732
89872
89875
89914
90060
90202
90220
90310
90399
90483
90592
90622
90629
90666
90760
90879
90941
90957
91118
91212
91328
91347
91355
91379
91433
91444
91515
91655
91665
91691
91703
91730
91753
91812
91829
91910
92028
92381
92409
92446
92508
92617
92670
92845
92863
92900
93079
93132
93134
93138
93271
93505
93559
93658
93661
93772
93866
94041
94122
94194
94548
94686
94713
94879
94925
94978
95007
95078
95117
95222
95364
95633
96003
96193
96196
96262
96324
96344
96524
96570
96720
96827
96847
96990
97286
97308
97312
97475
97557
97565
97567
97657
97668
97735
97809
97818
98066
98115
98121
98235
98238
98238
98280
98318
98390
98436
98456
98622
98644
98678
98845
98873
98882
98986
99247
99314
99485
99558
99648
99768
99772
99786
100015
100037
100038
100139
100146
100260
100324
100353
100387
100534
100535
100567
100648
100727
100776
100779
100833
100876
100913
101001
101067
101120
101343
101402
101498
101552
101560
101929
101954
101964
101973
102087
102143
102175
102343
102388
102519
102520
102557
102696
102857
102900
103161
103172
103173
103458
103550
103597
103613
103664
103727
103759
103867
103999
104082
104121
104298
104345
104376
104394
104412
104415
104531
104657
104768
104795
105127
105141
105308
105317
105353
105450
105670
105908
106057
106079
106084
106140
106195
106295
106513
106586
106605
106619
106700
106755
106887
106976
107242
107277
107279
107435
107482
107901
107937
108050
108260
108496
108534
108550
108604
108615
108617
108675
108832
109062
109084
109338
109426
109427
109485
109665
109847
109848
110048
110259
110341
110377
110413
110421
110569
110783
110794
110932
111014
111017
111264
111276
111448
111577
111593
111650
111715
111747
111828
111850
111959
112021
112042
112126
112574
112611
112790
112825
112884
112974
113113
113240
113358
113403
113409
113450
113557
113691
113748
113808
114106
114167
114232
114282
114283
114318
114350
114475
114497
114585
114655
114662
114814
114930
115113
115166
115294
115368
115372
115553
115669
115685
115728
115782
115794
115795
116174
116343
116363
116397
116567
116587
116628
116654
116658
116722
116817
116920
116993
117009
117060
117074
117153
117264
117391
117396
117544
117651
117683
117707
117755
117861
117958
118024
118214
118290
118318
118390
118528
118556
118599
118637
118853
118853
118932
118997
119062
119078
119082
119274
119478
119518
119633
119655
119995
120185
120200
120262
120331
120332
120505
120634
120637
120739
120802
120932
121050
121130
121155
121182
121209
121244
121286
121369
121397
121576
121597
121693
121719
122202
122273
122277
122462
122527
122733
122823
122861
123033
123044
123078
123204
123671
123691
123755
123794
123870
123888
124026
124188
124314
124335
124444
124456
124619
124657
124714
124721
124745
124872
125297
125361
125441
125666
125701
125731
125912
126058
126118
126402
126503
126534
126544
126613
126965
127028
127172
127337
127365
127554
127596
127941
128065
128069
128091
128093
128100
128198
128213
128260
128359
128375
128391
128720
128764
128906
128953
128988
129016
129024
129303
129721
129755
129876
129912
129919
129932
129946
130206
130210
130230
130240
130535
130591
130834
130987
131014
131046
131088
131168
131183
131367
131386
131421
131520
131681
131813
131935
132002
132009
132071
132091
132268
132445
132524
132548
132629
132776
132851
132895
133121
133183
133225
133250
133300
133317
133406
133496
133550
133571
133965
134048
134128
134533
134558
134714
134820
134838
135154
135375
135381
135422
135523
135527
135543
135551
135632
135765
135827
135838
135841
136054
136547
136609
136847
136939
136994
137415
137444
137507
137655
137699
137803
138316
138433
138474
138568
138838
138951
139043
139462
139675
139981
140034
140233
140359
140462
140483
140541
140697
140740
140791
140905
140957
140978
141291
141349
141423
141773
141923
141975
142120
142121
142241
142260
142630
142708
142721
142740
142753
142783
142801
142960
143084
143366
143373
143413
143433
143643
143826
143832
143859
143887
144033
144051
144159
144402
144592
144652
144669
144922
145104
145182
145245
145305
145369
145412
145522
145641
145720
145850
145987
146075
146147
146215
146286
146430
146458
146488
146784
147323
147567
148141
148258
148460
148708
148945
148991
148998
149024
149078
149762
149796
149894
149899
149943
149946
149998
150094
150172
150265
150310
150437
150545
150852
151051
151057
151174
151210
151308
151389
151468
151762
152296
152383
152478
152739
152851
152966
153291
153566
153885
153897
154103
154137
154229
154284
154327
154436
154712
154892
154953
154955
154982
155150
155161
155185
155268
155280
155619
155803
155843
156159
156485
156487
156797
157308
157350
157393
157450
157470
157512
157700
157709
158089
158114
158123
158306
158331
158608
158611
158657
158751
158914
159224
159559
159651
159713
159752
159794
160040
160059
160122
160128
160182
160257
160368
160425
160526
160576
160596
160611
160640
160687
160913
161027
161092
161252
161309
161595
161602
161711
161782
161858
162205
162317
162465
162761
162775
163056
163303
163374
163459
163504
163607
163637
163748
163871
164342
164439
164461
164591
164635
164701
164757
164773
164781
164947
164958
165134
165169
165212
165268
165309
165388
165717
165834
165837
166080
166876
166984
167135
167150
167162
167231
167246
167261
167289
167322
167403
167807
167826
168096
168136
168328
168337
168368
168481
168499
168511
168561
168711
168758
168845
169104
169297
169776
169792
170015
170260
170285
170323
170353
170434
170585
170664
170668
170686
170712
170720
170830
170924
170993
171111
171166
171694
171836
171849
171868
171903
171927
172003
172502
172852
172895
173083
173320
173595
173616
173682
173692
173808
173905
174026
174168
174346
174388
174409
174463
174680
174707
174814
175390
175723
175741
175809
175815
175826
175893
175961
176171
176189
176230
176260
176271
176595
176731
176806
177078
177117
177119
177889
178031
178053
178201
178209
178434
178466
178491
178493
178631
178701
178772
178846
178992
179111
179134
179232
179281
179670
179687
179791
179799
180062
180066
180090
180121
180385
180498
180636
180660
180706
181038
181135
181199
181660
181690
181714
181738
182160
182257
182559
182560
182619
182879
182974
183012
183142
183411
183463
183534
183914
184179
184192
184339
184401
184494
184670
184682
184704
184712
184737
184779
185060
185454
185913
185988
186817
186917
187009
187125
187144
187180
187450
187691
187861
188103
188114
188162
188237
188240
188247
188455
188482
188622
188670
188988
189252
189670
189726
189850
190239
190240
190279
190285
190410
190499
191260
191550
191760
192028
192165
192477
192482
192701
192776
193046
193179
193470
193580
193584
193743
194213
194263
194426
195014
195081
195092
196415
196784
196786
196995
197056
197121
197136
197291
197696
197820
198011
198072
198094
198101
198116
198474
198997
199100
199230
199416
199850
199887
199959
200226
200293
200370
200456
200474
200804
200845
200903
201097
201137
201182
201332
201337
201398
201625
201692
202235
202379
202380
202423
202425
203183
203282
203482
203526
203941
203946
203956
204016
204141
204335
204595
204779
204992
205527
205533
205566
205844
205936
206208
206822
206824
206928
206953
206982
207095
207745
207862
208465
208580
208706
209597
209657
209687
209777
210055
210323
210323
210325
210568
210922
210938
210970
211051
211139
211243
211744
211831
212086
212098
212190
213155
213474
213512
213699
213712
213893
214027
214208
214420
214972
215085
215301
215782
215871
216025
216205
216467
216600
216754
216767
217216
217241
217611
218382
218816
219234
219273
219500
219955
220312
220817
220962
221118
221125
221307
221326
221435
221769
222130
222235
222532
222909
223123
223177
223222
223302
223412
223551
223582
223661
223829
223915
223976
224064
224064
224285
224449
224592
224616
225350
225371
225705
225826
225929
225934
225966
226158
226926
227181
227268
227368
227437
227482
227618
227640
227800
228083
228124
228258
228510
228719
228727
228915
229433
229457
229466
229537
229687
229779
229942
230318
230626
230659
231249
231253
231476
231507
232148
232533
233344
233549
233711
233737
233741
233877
234131
234759
234826
234860
235434
235874
235888
236301
236312
236474
236941
237150
237172
237320
237374
237609
237802
238234
238498
238576
239368
239489
239514
239539
240088
240650
240947
241231
241294
241476
241748
241812
241827
241832
241944
242000
242134
242305
242886
243447
243457
243838
243874
244027
244192
244536
244546
245067
245364
245448
245955
245971
245995
246075
246810
246984
247220
247429
247738
247873
248398
248400
249388
249668
249814
250136
250753
250860
250925
251291
251341
251372
251884
251916
251979
252422
252702
252787
252798
252821
253042
253377
253488
253739
253925
253944
254021
254182
254187
254638
255144
255657
256181
256189
256234
256377
256887
257178
257273
257283
257291
257708
258006
258557
259568
259674
259745
260003
260172
260238
260546
260664
260929
260964
261091
261128
261154
261814
262114
262797
263805
263817
263860
264254
264597
265703
265819
266345
266567
267183
267827
268676
268883
269121
269160
269163
269477
269502
269506
269714
269971
269974
270061
270474
270594
270808
271383
271794
272122
272360
272440
272678
272897
273928
274239
274360
274484
274982
275000
275506
275702
277375
278064
278112
279404
279501
279597
279735
280410
280891
281383
281663
281689
282102
283266
283350
286343
286540
287354
287573
288489
289669
290019
290739
291272
291360
291900
292134
292340
292474
293271
293292
293397
294975
295168
295297
296599
297099
297334
297840
298410
299274
299353
299989
300258
300686
301351
301411
301708
301946
301989
302669
303406
303664
303869
304308
304539
304561
305861
306150
306194
307106
307149
307532
307903
308025
308254
310155
311211
311269
311391
311544
313392
313769
315115
315618
316759
317297
317447
318279
319334
319819
320452
321259
321791
322108
323243
323553
324116
324136
324526
324958
324976
324998
326900
327379
327858
328677
329697
330228
330587
331094
331564
332367
332492
332549
332787
332900
333450
333798
333967
334037
335065
335424
335623
335749
335955
337321
337509
337851
338073
338737
339145
340537
341873
342553
342785
343165
343322
344348
345031
345372
345487
346084
347361
348276
349010
350503
351569
351608
351742
351857
353607
353921
354143
354855
355004
355323
355917
356444
356681
357559
358273
359614
360969
361295
361787
363487
364515
364879
365357
365661
366058
366367
366524
367750
369542
371519
371562
371745
371863
375317
377561
379830
380358
381544
381574
381618
381756
383812
386825
388225
388466
389268
389922
392515
393150
393803
394188
395386
396404
397228
397357
400155
400242
402461
402797
403808
405612
412268
412393
414313
418745
419903
420150
421464
424048
429312
432179
446450
454133
454391
457872
459928
472929
474399
474897
491165
493326
500488
501326
505060
510394
511311
536497
537476
554785
591807
629257
