0
0
69
71
166
171
179
319
393
439
457
460
620
629
706
722
906
968
1011
1106
1121
1153
1260
1330
1337
1381
1484
1491
1648
1713
1745
1789
1803
1867
1978
2023
2040
2179
2200
2227
2322
2444
2446
2461
2493
2531
2551
2587
2645
2752
2836
2875
2880
3001
3043
3071
3108
3167
3201
3326
3333
3460
3465
3495
3579
3644
3742
3853
3959
3962
3991
4008
4019
4062
4072
4169
4188
4245
4276
4290
4295
4299
4347
4348
4382
4429
4430
4513
4664
4758
4776
4786
4798
4803
4809
4854
4927
5077
5079
5091
5115
5244
5277
5314
5380
5389
5480
5585
5594
5612
5632
5736
5798
5972
6007
6077
6082
6097
6159
6164
6302
6329
6398
6403
6450
6525
6616
6668
6702
6723
6776
6814
6885
6907
6947
6949
6964
7119
7120
7336
7345
7386
7401
7434
7531
7579
7628
7646
7659
7662
7668
7691
7727
7783
7787
7825
7988
8061
8067
8071
8143
8178
8291
8332
8372
8401
8525
8606
8613
8720
8726
8733
8768
8973
9068
9110
9222
9283
9321
9413
9492
9497
9534
9543
9574
9594
9618
9752
9841
9937
9951
10046
10050
10079
10088
10383
10393
10510
10698
10722
10751
10760
10763
10847
10872
10895
10900
11055
11078
11079
11104
11108
11108
11195
11222
11294
11367
11508
11542
11595
11616
11653
11658
11666
11721
11734
11845
11902
11907
11954
12019
12150
12173
12294
12403
12425
12469
12530
12560
12639
12722
12787
12937
13035
13036
13049
13095
13141
13214
13223
13331
13382
13474
13512
13564
13567
13592
13624
13676
13715
13822
13879
13882
13900
13915
13983
14023
14036
14114
14130
14176
14283
14461
14570
14616
14618
14630
14676
14737
14753
14795
14828
14848
14864
14879
14927
14951
14993
15059
15062
15090
15105
15140
15178
15202
15290
15361
15467
15517
15569
15721
15737
15809
16080
16135
16236
16242
16253
16390
16421
16435
16452
16608
16635
16676
16714
16774
16821
16897
17022
17026
17134
17269
17293
17302
17302
17366
17529
17601
17603
17612
17644
17666
17692
17792
17796
17813
17892
17955
18014
18043
18085
18135
18146
18338
18456
18493
18590
18626
18638
18639
18654
18657
18774
18925
18944
18981
18985
19103
19200
19276
19325
19531
19570
19604
19674
19784
19842
19868
19938
19948
20001
20112
20403
20420
20436
20529
20562
20644
20694
20725
20744
20938
20970
20980
21004
21194
21205
21214
21228
21244
21324
21348
21373
21464
21466
21476
21523
21570
21649
21693
21706
21778
21784
21928
21931
22057
22083
22140
22162
22191
22240
22245
22245
22303
22318
22320
22352
22393
22405
22518
22521
22528
22645
22663
22713
22775
22826
23019
23034
23065
23177
23225
23548
23550
23605
23679
23688
23714
23743
23885
23915
23956
23999
24012
24063
24070
24131
24172
24193
24212
24407
24463
24485
24502
24662
24754
24759
24809
24980
25036
25077
25085
25128
25165
25172
25285
25301
25353
25392
25493
25567
25628
25699
25715
25717
25717
25746
25746
25813
25885
25908
25934
25951
25961
26018
26046
26091
26231
26244
26270
26321
26393
26432
26441
26454
26541
26564
26570
26583
26587
26595
26603
26633
26653
26662
26682
26741
27164
27277
27295
27356
27507
27529
27641
27645
27655
27728
27754
27891
27909
27930
28008
28279
28351
28375
28416
28418
28430
28686
28705
28825
28843
28874
28875
28941
28963
29003
29013
29056
29117
29129
29276
29349
29416
29438
29545
29589
29596
29691
29771
29789
29911
29922
30028
30066
30074
30129
30133
30139
30266
30283
30287
30311
30332
30347
30388
30399
30430
30452
30456
30587
30594
30611
30678
30683
30696
30776
30827
30868
31086
31120
31127
31192
31320
31329
31390
31444
31585
31817
31839
31851
31886
31980
32002
32031
32139
32227
32239
32246
32359
32368
32376
32547
32565
32569
32691
32700
32729
32792
32800
32803
32814
32883
32885
32977
33001
33094
33146
33186
33789
33792
33827
33955
33976
33978
33982
34046
34049
34124
34158
34305
34443
34447
34538
34571
34663
34720
34969
35045
35070
35106
35128
35135
35156
35262
35311
35352
35366
35495
35601
35655
35699
35743
35791
35810
35850
35996
36042
36043
36046
36080
36147
36258
36395
36524
36623
36630
36633
36734
36819
36967
36993
36999
37202
37206
37211
37239
37244
37322
37375
37560
37577
37606
37627
37702
37744
37894
37895
37919
38147
38293
38366
38383
38438
38456
38468
38498
38553
38606
38679
38701
38720
38795
38817
38954
38970
38987
39026
39031
39078
39202
39254
39340
39511
39574
39598
39615
39641
39665
39762
39830
39845
39896
39981
40075
40084
40119
40135
40252
40354
40444
40449
40475
40497
40516
40522
40547
40548
40607
40674
40687
40765
40767
40789
40790
40814
40881
40912
40933
40986
41011
41138
41160
41301
41443
41489
41517
41630
41723
41764
41764
41776
41991
42034
42097
42131
42205
42327
42340
42342
42356
42417
42533
42543
42562
42648
42709
42718
42751
42759
42790
42853
42941
42950
42956
43194
43216
43247
43327
43481
43521
43587
43657
43683
43762
43836
43866
43967
44046
44377
44471
44477
44513
44536
44590
44648
44655
44729
44775
44850
44868
44904
44925
44965
45006
45076
45080
45122
45124
45187
45230
45251
45351
45374
45432
45437
45448
45463
45466
45571
45645
45754
45804
45866
45880
46040
46105
46436
46491
46510
46591
46608
46625
46660
46685
46723
46736
46768
46770
46797
46830
46948
46953
47000
47060
47074
47241
47266
47430
47503
47536
47591
47602
47709
47857
47957
48017
48145
48444
48504
48604
48642
48700
48720
48748
48749
48763
48769
48904
48917
49085
49121
49178
49184
49277
49317
49437
49506
49531
49628
49641
49849
49982
50002
50012
50022
50033
50140
50197
50211
50246
50419
50463
50692
50693
50710
50742
50763
50887
50955
50999
51045
51094
51111
51191
51264
51389
51400
51507
51526
51578
51580
51698
51742
51892
51892
51893
51916
51954
51955
51963
52052
52149
52172
52191
52198
52372
52442
52453
52498
52526
52541
52813
52827
52848
52882
52941
52957
53166
53220
53271
53276
53313
53351
53463
53484
53519
53521
53554
53555
53577
53603
53688
53714
53750
53793
53810
53832
54009
54023
54079
54167
54235
54256
54266
54289
54321
54480
54497
54520
54649
54717
54926
54936
54995
55046
55086
55105
55224
55336
55366
55391
55457
55471
55658
55746
56032
56104
56148
56304
56426
56569
56708
56916
56923
57003
57015
57214
57240
57275
57373
57427
57502
57513
57514
57571
57671
57709
57711
57740
57774
57840
57899
57943
57943
57987
57987
58040
58090
58254
58288
58425
58450
58454
58513
58594
58647
58652
58759
58803
58825
58840
58870
59016
59019
59025
59073
59080
59116
59127
59196
59359
59387
59498
59630
59631
59665
59666
59827
59851
59989
60051
60162
60238
60243
60286
60432
60449
60507
60549
60550
60564
60585
60630
60746
61008
61035
61077
61105
61158
61184
61286
61422
61441
61703
61816
61869
61879
62000
62118
62124
62198
62252
62323
62425
62448
62457
62509
62572
62576
62675
62737
62745
62803
62833
62834
63088
63113
63401
63411
63672
63688
63709
63761
63995
64112
64238
64259
64427
64470
64518
64518
64601
64675
64688
64890
64921
65061
65068
65174
65365
65623
65714
65841
65842
65889
66025
66114
66118
66204
66237
66304
66356
66404
66417
66437
66599
66655
66656
66689
66792
66840
66877
66914
66983
66996
67010
67044
67048
67133
67134
67206
67207
67214
67247
67438
67447
67537
67577
67581
67687
67786
67816
67913
67935
67953
68050
68093
68178
68233
68701
68712
68860
68896
68970
68993
69024
69155
69163
69225
69270
69274
69393
69465
69558
69814
69840
69935
69972
69982
70017
70055
70059
70122
70170
70213
70260
70312
70397
70568
70595
70675
70710
70788
70810
70858
70900
70906
71077
71079
71108
71140
71248
71269
71276
71279
71319
71397
71550
71585
71605
71787
71823
71904
72017
72050
72105
72140
72174
72189
72268
72289
72324
72417
72417
72446
72617
72619
72626
72895
72941
73072
73097
73144
73175
73201
73241
73369
73413
73605
73664
73697
73760
73811
73828
73838
73961
74044
74132
74137
74141
74163
74191
74284
74340
74400
74449
74491
74508
74525
74575
74680
74806
74901
74908
74960
74965
74972
75031
75053
75121
75253
75405
75459
75548
75570
75673
75912
75956
76027
76040
76048
76081
76157
76232
76329
76438
76797
76943
76946
76980
76986
77016
77040
77138
77168
77180
77285
77426
77461
77493
77496
77545
77688
77792
77920
77952
77981
78311
78327
78330
78387
78502
78561
78643
78657
78680
78717
78722
78841
79013
79126
79191
79427
79452
79681
79699
79720
79723
79809
79811
79828
79830
79897
80107
80114
80146
80210
80267
80297
80340
80367
80502
80585
80600
80658
80660
80718
80779
80791
80793
80838
80993
81051
81052
81079
81095
81123
81190
81435
81530
81585
81638
81686
81738
81745
81765
81804
81918
82046
82086
82298
82446
82469
82629
82725
82729
82799
82859
82924
83018
83046
83053
83290
83389
83390
83442
83458
83459
83545
83846
83909
84037
84206
84309
84311
84406
84461
84525
84648
84652
84715
84947
84980
84984
85037
85120
85159
85171
85212
85364
85417
85530
85622
85666
85672
85718
85731
85761
85871
85900
86003
86059
86225
86292
86312
86438
86482
86641
86799
86811
86850
86866
86938
87047
87153
87233
87342
87400
87517
87549
87677
87715
87773
87955
88131
88144
88156
88239
88269
88287
88313
88583
88598
88652
88734
88810
88838
88853
89183
89192
89253
89291
89323
89385
89403
89406
89421
89568
89612
89693
89743
89920
89986
89992
90012
90220
90337
90426
90525
90651
90669
90688
90726
90765
90780
90914
91014
91016
91046
91057
91072
91085
91175
91324
91392
91446
91618
91792
91885
91930
91985
92088
92162
92191
92219
92236
92305
92325
92371
92568
92690
92706
92761
92766
92993
93024
93098
93154
93155
93219
93270
93271
93301
93379
93504
93506
93589
93592
93662
93674
93701
93829
93958
93964
94128
94351
94432
94472
94486
94588
94873
95035
95107
95127
95230
95245
95351
95385
95540
95596
95772
95799
95822
95959
96106
96267
96351
96494
96613
96834
97187
97194
97256
97335
97385
97495
97562
97600
97673
97739
97945
98103
98265
98295
98371
98397
98568
98605
98605
98709
98791
98835
98865
99028
99039
99054
99070
99093
99153
99227
99249
99327
99341
99381
99591
99611
99679
99786
99844
100016
100138
100215
100360
100365
100401
100578
100614
100811
100843
100879
100936
100939
101020
101098
101148
101213
101441
101603
101676
101775
102037
102054
102066
102096
102186
102304
102372
102486
102491
102566
102572
102573
102620
102673
102701
102970
103058
103202
103260
103325
103331
103441
103455
103466
103500
103597
103626
103633
103661
103699
103831
103874
104022
104127
104169
104224
104232
104240
104280
104436
104458
104459
104708
104739
104786
104855
104931
105072
105264
105352
105422
105595
105612
105627
105827
105959
105994
106279
106457
106531
106597
106733
106848
106852
106854
106949
107084
107225
107321
107369
107436
107498
107566
107591
107631
107643
107646
107682
107765
107792
107842
107843
107962
107982
108125
108154
108271
108301
108333
108430
108462
108710
108745
108841
108857
109023
109055
109097
109104
109120
109137
109168
109378
109491
109530
109705
109749
109820
109984
109998
109999
110000
110054
110309
110313
110376
110409
110506
110599
110635
110841
110877
110903
111046
111122
111169
111177
111276
111585
111627
111808
111838
112035
112066
112072
112226
112273
112483
112505
112582
112600
112644
112687
112727
112734
112735
113032
113062
113145
113150
113305
113437
113458
113476
113501
113572
113579
113590
113663
113751
113780
113827
113900
113910
113950
113972
114014
114034
114138
114150
114298
114334
114509
115219
115523
115526
115532
115600
115761
115831
115925
115975
116029
116216
116289
116370
116377
116469
116909
116939
117012
117241
117348
117380
117384
117399
117422
117465
117509
117541
117573
117741
117868
118074
118211
118247
118373
118391
118414
118423
118535
118729
118819
118935
118970
118970
118993
119029
119059
119125
119164
119343
119392
119426
119590
119686
119688
119762
119815
119894
119949
119982
120045
120186
120214
120293
120422
120471
120536
120860
120903
121001
121002
121149
121424
121489
121509
121721
121758
121795
121812
122020
122051
122062
122142
122342
122535
122652
122692
122695
122713
122714
122760
122916
122944
122999
123019
123139
123186
123223
123265
123311
123377
123458
123506
123597
123620
123622
123658
123668
123940
123968
123992
124050
124061
124100
124155
124298
124405
124445
124484
124538
124618
124667
125023
125037
125049
125226
125257
125270
125273
125311
125434
125476
125551
125585
125592
125596
125881
126074
126253
126458
126515
126635
126793
126838
126918
126995
127013
127067
127136
127261
127430
127963
127975
127977
128089
128180
128301
128313
128382
128429
128658
128658
128769
128799
128821
128888
128904
128920
129233
129249
129280
129558
129560
129637
129717
129899
130132
130162
130223
130254
130309
130357
130409
130582
130792
130808
130922
131012
131278
131359
131582
131587
131860
131999
132031
132084
132206
132634
132699
132707
132731
132788
132851
133025
133132
133221
133242
133255
133389
133452
133588
133788
133906
134006
134028
134072
134212
134249
134393
134393
134397
134570
134603
134612
134688
134762
134777
134821
134848
134996
135038
135054
135095
135101
135227
135377
135588
135604
135719
135859
135946
136089
136158
136234
136248
136312
136406
136609
136725
136735
136746
136798
136806
136900
137003
137105
137146
137290
137322
137523
137533
137821
138001
138370
138389
138687
138762
138885
138897
139004
139026
139035
139104
139416
139532
139583
139776
139822
139886
139914
140020
140063
140142
140263
140277
140336
140350
140365
140420
140470
140614
140648
140676
140766
140924
140943
141088
141106
141109
141180
141286
141331
141476
141499
141553
141583
141675
141932
142032
142064
142126
142173
142280
142341
142522
142550
142606
142671
142680
143047
143075
143114
143210
143231
143238
143268
143279
143284
143389
143581
143656
143756
143856
143876
144068
144074
144097
144111
144199
144423
144427
144445
144519
144691
144725
144757
144909
144952
145099
145247
145312
145313
145356
145589
145600
145792
145812
146009
146059
146411
146447
146487
146544
146545
146550
146623
146962
147153
147250
147289
147293
147301
147374
147386
147427
147572
147884
147885
148059
148253
148264
148676
148866
149096
149275
149405
149688
149776
150063
150120
150251
150288
150434
150673
150682
150732
151316
151369
151500
151656
151658
151851
151870
151887
151920
152002
152008
152069
152193
152248
152252
152331
152353
152685
153062
153137
153165
153264
153313
153356
153389
153518
153593
153644
153707
153855
154122
154201
154299
154346
154419
154533
154547
154562
154666
154762
154763
154800
154802
154848
155097
155214
155222
155476
155557
155801
155888
155990
156278
156631
156648
156865
156992
157071
157213
157244
157252
157307
157318
157419
157561
157662
157676
157850
157869
157935
158064
158148
158437
158538
158579
158622
158759
158962
159268
159341
159505
159530
159657
159753
159881
160032
160047
160053
160110
160194
160448
160568
160598
160653
160763
160782
160807
160922
160964
161026
161046
161079
161097
161105
161116
161156
161194
161208
161215
161396
161414
161483
161569
161723
161754
161764
161958
162139
162162
162182
162213
162349
162449
162798
162922
162973
163187
163426
163502
163658
163871
163958
164166
164168
164223
164285
164471
164765
164929
165101
165239
165789
165890
165937
166286
166325
166602
166757
166985
167040
167098
167289
167674
167722
167883
167924
167962
168107
168202
168234
168264
168328
168381
168395
168615
168861
168862
169171
169359
169367
169412
169539
169812
169914
169961
170303
170581
170768
170857
170893
170934
170959
171017
171044
171134
171178
171229
171385
171475
171544
172035
172160
172178
172274
172445
172468
172579
172634
172644
172729
173103
173149
173228
173363
173372
173424
173509
173601
173704
173737
173779
173828
173850
173852
174309
174333
174351
174445
174596
174844
175028
175345
175510
175597
175611
175695
175721
176111
176281
176408
176533
176653
176680
176851
176857
176902
177047
177342
177473
177573
177706
177815
178155
178339
178690
178960
179005
179166
179226
179412
179486
179506
179540
179562
179901
180282
180860
180880
180947
180955
181083
181096
181117
181283
181303
181345
181794
181841
182019
182050
182076
182266
182326
182657
182823
183074
183082
183197
183214
183277
183315
183332
183364
183488
183693
183861
183945
184295
184561
184848
185000
185173
185285
185365
185640
185701
185724
185940
185978
185993
186011
186166
186616
186720
186822
186879
186971
187006
187194
187256
187260
187292
187641
187865
187978
188176
188394
188597
188741
188888
189048
189297
189380
189385
189473
189549
189619
189728
189792
189832
190069
190326
190582
190776
190861
191095
191275
191351
191387
191552
191887
191895
191908
192094
192136
192167
192503
192950
193017
193030
193210
193756
193774
193891
194127
194231
194271
194318
194500
194584
195082
195431
195470
195712
195799
195918
196019
196500
196776
196792
196864
196931
197194
197221
197302
197362
197423
197468
197471
197713
198167
198740
198741
198835
199109
199233
199274
199393
199900
199906
200043
200331
200431
200472
200518
200842
201097
201405
201539
201576
201640
202052
202120
202318
202513
202712
202735
202791
203122
203158
203392
203394
203780
203925
204159
204360
204384
204561
204637
204643
204844
204937
204953
205090
205150
205417
205555
205774
205924
206199
206403
206441
206509
206778
207039
207191
207276
207279
207317
207386
207402
207521
207683
208177
208369
208433
208447
208517
208743
208781
208861
209056
209377
209761
209821
209895
210407
210565
211512
211521
211596
211732
211763
211941
212293
212304
212593
212746
213362
213382
213607
213920
214655
215606
215845
215992
216257
216407
216439
216589
217077
217113
217392
217482
217539
217551
217642
217683
218011
218100
218111
218158
218628
218630
219198
219384
219386
219710
220145
220490
220576
220635
220722
220782
220890
220925
221243
221488
221582
221583
221601
221709
221718
221749
221826
221896
221917
222011
222067
222208
222487
222536
222673
222714
222715
222798
223001
223331
223575
223859
223890
223931
224001
224786
224889
225051
225111
225214
225438
225685
225819
225882
225955
226176
226442
226471
226612
226801
226886
227534
227566
227585
227597
227624
227968
228223
228482
228485
228573
228619
228705
229107
229642
229851
229920
230364
230367
230823
230986
231063
231077
231168
231546
231772
232264
232267
232335
232544
232558
232584
232589
232717
232883
233329
233470
233593
233606
233993
234259
234821
234894
235060
235345
235575
235695
236153
236528
236614
236656
236774
237851
237873
238111
238163
238231
238261
238428
238832
238941
239149
239291
239340
239677
239836
240063
240068
240267
240292
240623
240731
240889
240992
241272
241370
241525
241976
242227
242473
243126
243610
243919
243964
244135
244231
244422
244570
245326
245431
245432
245451
245611
245810
245927
246121
246705
246764
246883
247154
247251
247399
247798
248040
248102
248184
248297
248450
248844
249079
249331
249476
249689
249912
249919
250598
250637
251238
251359
251611
251808
252033
252063
252085
252432
252674
252855
253339
253484
253896
254180
254233
254387
254809
255018
255621
255970
256066
256285
256817
256843
257103
257145
257375
257376
257495
258706
258910
259145
259503
259729
260063
260395
260495
261019
261275
262066
262429
262517
263447
264180
264334
264408
264570
264646
264905
265006
265157
265531
266008
266078
266413
266525
266536
266911
267204
267834
267851
268341
268610
268619
268741
268907
269195
269221
269686
269756
269779
269780
269860
270041
270380
270590
270998
271202
271665
271732
272109
272114
272486
272667
272785
273163
273217
273332
273890
274004
274060
274343
274536
274743
274951
275222
275267
275672
275906
275906
276009
276202
276313
276760
277072
277462
277670
277700
278582
278591
278816
279095
279638
279829
280205
280451
282001
282302
282309
282378
282387
282643
282680
282717
282729
283256
283617
284281
285029
285620
285990
286594
287130
287817
288011
288602
288768
289552
289627
289682
290277
290351
290420
290866
291024
291329
291523
291523
291574
291740
292043
292292
292818
293314
293838
293970
294084
294859
295980
296963
297103
297328
297424
297769
298743
299245
299589
299860
300483
300594
302501
302786
302925
303886
304371
304639
304722
304887
305396
305427
305764
305957
306437
306574
306630
307077
307150
307300
307384
307766
308024
308395
308397
308682
309134
309237
309329
309763
310454
310775
310906
311581
311635
312309
312339
312604
312999
313104
313242
313264
313761
313797
314105
316117
317242
317392
317497
318134
318180
318302
318317
320053
320279
321442
321483
322031
322175
322390
322916
322960
323085
323477
323516
323655
324332
324439
324501
325502
325555
325609
325610
325957
327775
328093
329990
330357
330566
331521
331618
331853
331908
332405
332495
334202
334208
335074
335130
336671
337332
337685
337770
338430
339093
340793
340872
340896
341618
341914
342108
342128
342175
342727
342898
342901
343077
344292
345707
345851
347446
348459
349465
349885
350612
350761
351103
352797
352807
353254
354715
355248
355300
355913
356490
359138
359568
360034
361541
362506
363628
364504
364921
365761
365855
367957
368543
368996
369417
370425
370901
371635
374467
374771
375218
377660
378391
378708
379725
380346
380765
380895
381317
382366
382656
382725
383407
384702
385051
385927
387273
387989
388003
391213
392490
395104
395655
396186
397760
401207
401277
407734
412465
412687
415503
416597
419483
422675
427686
429357
431893
432804
434884
435662
437027
447541
449438
451656
454558
454580
458364
459089
459415
459513
466346
466639
466807
473523
473674
475716
481829
492026
500384
502745
527396
570315
577979
