0
0
2
41
49
86
145
183
196
265
283
375
382
507
571
610
798
810
814
876
1142
1149
1206
1334
1368
1523
1554
1592
1619
1695
1750
1796
1802
1824
1881
1963
2062
2273
2348
2396
2603
2603
2615
2773
2774
2931
2937
2975
3005
3012
3093
3094
3143
3311
3322
3359
3391
3396
3406
3501
3585
3617
3675
3725
3778
3858
3911
3966
3967
3980
4033
4056
4124
4129
4166
4334
4396
4402
4415
4463
4567
4578
4732
4832
5021
5214
5237
5316
5373
5395
5498
5622
5638
5753
5905
6044
6104
6177
6373
6441
6547
6584
6650
6812
6837
6854
6863
6868
7056
7122
7176
7330
7383
7447
7624
7645
7682
7727
7774
7800
7864
7869
7949
8026
8078
8309
8360
8537
8562
8600
8632
8785
9105
9127
9138
9138
9139
9287
9385
9446
9462
9521
9623
9661
9821
9829
9835
9845
9892
9926
10013
10020
10039
10069
10262
10329
10344
10437
10504
10595
10635
10661
10681
10714
10944
11277
11451
11495
11521
11680
11914
11939
12028
12040
12045
12193
12321
12337
12363
12364
12421
12489
12531
12531
12542
12562
12620
12623
12702
12846
12920
12979
13022
13094
13129
13328
13330
13357
13391
13470
13494
13571
13633
13673
13712
13728
13773
13856
13917
13948
13975
14054
14065
14280
14336
14344
14358
14381
14386
14460
14663
14682
14814
14826
14850
14861
15209
15290
15399
15444
15556
15565
15613
15633
15677
15736
15746
15896
15912
15917
15943
15964
15980
16092
16352
16352
16546
16554
16636
16715
16899
16909
16975
17116
17140
17237
17247
17266
17290
17345
17352
17414
17422
17422
17520
17588
17632
17665
17720
17824
17842
17875
17892
17906
17944
17981
18069
18108
18224
18238
18305
18318
18329
18364
18653
18704
18706
18720
18730
18842
18894
19013
19023
19214
19233
19300
19430
19528
19531
19553
19587
19616
19653
19833
19903
19982
20003
20244
20249
20295
20331
20356
20433
20505
20520
20645
20685
20685
20690
20788
20833
20908
20956
21000
21018
21051
21102
21108
21179
21251
21318
21322
21351
21380
21430
21446
21457
21631
21652
21842
21876
22024
22081
22100
22155
22172
22251
22390
22441
22477
22511
22575
22646
22780
22875
22925
22934
22950
22970
22987
23158
23201
23313
23318
23356
23388
23426
23438
23454
23523
23537
23569
23600
23617
23623
23624
23653
23680
23705
23751
23909
23983
24202
24256
24303
24332
24456
24461
24468
24491
24624
24635
24653
24799
25034
25051
25154
25157
25163
25309
25338
25794
25859
26067
26156
26200
26272
26282
26298
26317
26336
26357
26377
26610
26790
26802
26865
26876
27162
27205
27253
27265
27367
27402
27542
27548
27686
27727
27800
27932
28031
28042
28121
28132
28189
28214
28385
28513
28517
28579
28711
28912
28924
29013
29040
29083
29085
29131
29227
29488
29568
29614
29802
29908
30049
30283
30319
30402
30437
30439
30446
30482
30521
30521
30668
30679
30715
30726
30758
30810
30916
31082
31192
31301
31326
31455
31475
31570
31629
31710
31875
31962
32059
32106
32123
32320
32344
32499
32521
32567
32610
32835
32843
33029
33087
33122
33142
33149
33216
33295
33445
33524
33608
33701
33709
33748
33768
33769
33770
33834
33873
33903
33904
34085
34149
34161
34291
34292
34407
34427
34516
34608
34649
34740
34797
34902
34942
35085
35122
35206
35267
35553
35683
35739
35984
36044
36073
36130
36312
36428
36448
36530
36583
36649
36699
36762
36780
36803
36815
36899
36921
36932
36963
37062
37227
37275
37287
37330
37347
37348
37408
37498
37516
37546
37643
37715
37749
38014
38143
38200
38393
38445
38521
38533
38588
38740
39032
39099
39104
39124
39233
39254
39325
39353
39385
39448
39466
39764
39781
39800
39853
39935
40096
40121
40139
40244
40361
40405
40454
40535
40555
40621
40692
40716
40728
40793
40824
41062
41099
41171
41208
41334
41334
41425
41458
41618
41662
41716
41743
41851
41913
41985
41992
41994
42001
42051
42257
42267
42298
42335
42340
42380
42402
42430
42480
42504
42712
42752
42803
42805
42833
42940
42985
43033
43065
43171
43314
43359
43423
43456
43572
43649
43671
43687
43786
43836
43903
43942
43963
44022
44043
44043
44057
44066
44158
44180
44191
44241
44328
44452
44481
44502
44528
44734
44810
44816
44832
44841
44865
44884
44954
45119
45122
45126
45188
45189
45319
45493
45542
45565
45732
45807
45808
45825
45909
45967
46027
46032
46072
46200
46370
46392
46550
46581
46583
46678
46682
46707
46725
46783
46850
46854
46878
46933
47035
47066
47176
47181
47215
47243
47287
47326
47431
47586
47630
47801
47840
48066
48130
48308
48378
48470
48495
48525
48694
48795
48924
48994
49066
49095
49096
49130
49179
49404
49431
49524
49651
49772
49825
49915
49973
50065
50282
50477
50483
50517
50551
50788
50919
50979
51107
51108
51422
51457
51519
51605
51666
51714
51932
51939
51947
51971
52048
52131
52193
52335
52561
52658
52673
52691
52703
52754
52979
53110
53347
53370
53431
53477
53491
53684
53685
53790
53901
54058
54312
54345
54440
54465
54491
54534
54757
54911
55052
55133
55193
55220
55276
55339
55543
55626
55691
55734
55850
55855
55857
55903
55910
55923
56116
56161
56194
56321
56367
56433
56521
56569
56676
56678
56747
56824
56842
56861
56906
56965
57040
57179
57313
57652
57733
57969
58135
58161
58466
58578
58666
58674
58717
58738
58741
58757
58868
58886
59016
59054
59077
59103
59255
59284
59440
59453
59501
59719
59824
59876
59877
59927
59959
59992
60112
60183
60253
60521
60530
60693
60751
60792
60842
60961
60973
61015
61035
61089
61147
61348
61598
61643
61799
61952
62013
62158
62256
62315
62411
62642
62685
62699
62828
62880
62955
63018
63094
63115
63177
63235
63249
63251
63396
63537
63592
63791
64073
64126
64139
64235
64276
64324
64329
64380
64508
64611
64681
64755
64856
64866
64920
65005
65151
65176
65374
65449
65462
65512
65536
65543
65667
65722
65741
65771
65825
65850
65919
66052
66127
66150
66155
66253
66379
66380
66476
66506
66514
66552
66563
66900
67219
67227
67282
67439
67468
67551
67606
67617
67730
67832
67849
67898
68082
68113
68123
68140
68173
68253
68562
68710
68720
68750
68903
69131
69144
69288
69363
69462
69734
69810
69885
69923
70071
70080
70087
70290
70755
70778
70791
70896
71101
71265
71274
71383
71425
71497
71592
71647
71989
72057
72238
72338
72353
72443
72507
72651
72665
72779
72830
72889
72911
72926
72946
72988
73040
73060
73237
73276
73414
73416
73417
73442
73524
73567
73577
73611
73613
73762
73809
73954
74027
74063
74179
74185
74245
74254
74291
74623
74683
74807
74832
74839
74898
74942
74980
75066
75080
75159
75218
75229
75375
75382
75525
75817
75902
75931
75969
76085
76110
76282
76422
76492
76521
76740
76857
76905
77132
77154
77442
77483
77491
77510
77574
77598
77907
77912
78062
78109
78261
78297
78501
78543
78718
78721
78748
78919
79367
79374
79625
79968
80090
80219
80227
80324
80375
80475
80604
80618
80626
80870
81006
81127
81226
81339
81372
81573
81664
81760
81945
81963
82059
82124
82216
82261
82310
82341
82479
82510
82634
82651
82673
82707
82894
83132
83168
83307
83322
83360
83382
83533
83548
83571
83618
83667
83736
83756
83781
83862
84318
84333
84485
84603
84680
84755
84757
84839
85018
85033
85119
85418
85627
85630
85726
85929
86108
86268
86324
86325
86355
86424
86695
86712
86798
86873
86880
86890
86974
87052
87125
87195
87273
87503
87746
87809
87811
87814
87863
87864
87896
87927
87987
88023
88116
88173
88302
88303
88389
88398
88408
88666
88758
88760
88809
88819
88881
88908
89120
89128
89198
89299
89351
89586
89588
89707
89769
89864
89870
89939
90007
90020
90026
90037
90215
90259
90300
90383
90397
90436
90508
90521
90522
90532
90591
90594
90604
90678
90726
90755
90814
90883
90923
90970
90981
91080
91195
91256
91339
91362
91379
91624
91629
91731
91763
91783
91936
92096
92537
92571
92629
92691
92694
92790
92949
92997
93089
93172
93238
93334
93641
93658
93711
93718
93755
93999
94060
94123
94202
94266
94323
94365
94886
94974
94980
95280
95301
95306
95458
95459
95476
95488
95555
95614
95677
95693
95764
95819
95873
95896
95963
96026
96037
96366
96448
96493
96522
96631
96665
96710
96790
96847
96948
97023
97069
97073
97413
97472
97559
97819
97837
97938
97954
98212
98287
98436
98499
98617
98705
98746
98837
98856
99018
99038
99123
99186
99204
99241
99320
99323
99482
99518
99534
99557
99600
99765
99801
99874
99878
99986
99986
100002
100086
100112
100148
100195
100465
100624
100640
100843
100889
100898
100979
101079
101156
101156
101206
101386
101479
101520
101628
101816
101868
102084
102088
102089
102117
102258
102641
102699
102842
102902
102995
103086
103088
103151
103351
103467
103481
103579
103595
103959
104055
104133
104190
104230
104291
104307
104309
104389
104591
104754
104869
105060
105178
105196
105205
105221
105441
105603
105718
105848
105865
105959
105968
106052
106121
106174
106264
106534
106678
106699
106800
106840
106934
106975
107422
107467
107492
107547
107637
107675
107963
108059
108087
108227
108248
108335
108442
108656
108695
108769
108914
108980
109103
109372
109441
109632
109782
109804
110131
110206
110346
110505
110624
110875
110886
111069
111277
111312
111359
111374
111490
111525
111546
111587
111695
111879
112076
112123
112176
112178
112274
112460
112475
112649
112901
112917
112991
112995
113097
113198
113367
113406
113500
113520
113638
113786
114081
114412
114459
114542
114691
114995
115249
115349
115506
115607
115873
115985
116109
116138
116236
116562
116640
116697
116928
116996
117008
117059
117060
117173
117285
117409
117460
117545
117569
117721
117730
117813
117869
117922
117957
117970
118360
118450
118571
118607
118960
119019
119105
119136
119331
119442
119762
119816
119957
120038
120107
120390
120632
120890
121055
121221
121256
121347
121426
121470
121585
121834
122037
122080
122165
122178
122235
122435
122460
122567
122668
122913
122994
123069
123399
123620
123799
123812
123830
123905
123944
124111
124141
124166
124246
124269
124279
124564
124567
124626
124772
124793
124933
125028
125181
125395
125577
125597
125833
125946
125990
126068
126123
126213
126309
126359
126388
126480
126668
126877
127069
127174
127291
127401
127446
127458
127515
127690
127750
127780
127795
127863
127865
127867
128324
128673
128797
128966
129577
129619
129764
129877
130160
130205
130210
130464
130494
130922
130953
130976
130983
131110
131186
131202
131314
131377
131503
131671
131739
131768
131904
131990
132023
132181
132319
132334
132418
132419
132468
132528
132570
132617
132753
132831
132943
132958
133253
133265
133353
133368
133369
133436
133500
133551
133851
133877
134118
134211
134609
134691
134838
135236
135258
135378
135593
135973
136000
136064
136223
136379
136524
136557
136717
136918
136968
137117
137395
137537
137579
137814
137817
138060
138188
138270
138444
138714
138734
139052
139450
139481
139486
139655
139656
139758
139962
139966
140092
140247
140249
140302
140442
140492
140517
140571
140599
140865
140953
140984
141050
141141
141177
141311
141353
141485
141507
141533
141539
141626
141753
141987
142190
142520
142595
142654
142896
143188
143288
143466
143753
143860
143923
144033
144134
144330
144371
144722
144728
144732
144945
144968
144980
145239
145343
145469
146393
146437
146473
146545
146775
146809
147093
147158
147218
147273
147468
147472
147511
147867
148354
148361
148480
148540
148581
148586
148632
148654
148678
148833
149007
149245
149656
149950
150013
150067
150109
150130
150259
150372
150437
150603
150829
151241
151365
151476
151486
151488
151657
151733
151739
151739
151988
152167
152585
153121
153171
153282
153495
153580
153965
154109
154247
154394
154917
155017
155162
155251
155465
155546
155723
156636
156688
156807
156996
157049
157091
157199
157238
157427
157466
157823
158007
158107
158204
158209
158235
158681
158830
158835
158970
159021
159032
159086
159220
159389
159395
159453
159735
159872
160017
160177
160279
160637
160654
160655
160694
160739
160776
160958
160965
161131
161186
161258
161463
161522
161545
161596
161627
161820
161906
161931
161950
162032
162056
162103
162166
162223
162306
162590
163040
163440
163446
163470
163471
163609
163688
163856
163939
164041
164049
164078
164147
164444
164627
164801
164995
165331
165352
165642
165776
165888
165945
166009
166073
166420
166469
166818
167055
167201
167238
167286
167328
167528
167711
167784
167808
167920
167998
168059
168116
168196
168224
168259
168413
168436
168592
168697
168733
168764
168778
168931
169413
169689
169805
169832
169913
170154
170180
170529
170542
170792
170811
170837
171167
171188
171449
171604
171626
171795
171997
172541
172552
172587
172870
173387
173422
173630
173681
173893
174123
174221
174314
174368
174430
174643
174702
174711
175114
175185
175185
175191
175303
175485
175508
175777
175787
175810
175871
175990
176107
176168
176277
176423
176679
177002
177007
177177
177237
177263
177269
177442
177612
177851
177852
178151
178262
178416
178470
178611
178624
179129
179253
179331
179609
179870
180127
180186
180189
180197
180569
181192
181369
181417
181477
181571
181841
182037
182079
182792
182982
183052
183376
183506
183579
183675
183713
184452
184774
184879
184938
185269
185335
185343
185431
185498
185885
185942
185979
186378
186437
186492
186559
186687
186879
187255
187355
187536
187653
187737
187996
188384
188752
188767
188843
188909
189103
189734
189900
189903
190240
190405
190559
190620
190722
190922
191035
191197
191322
191514
191765
191905
191972
192016
192020
192216
192307
192581
192971
193116
193251
193323
193370
193448
193603
193695
194399
194562
194586
194995
195026
195288
195408
195649
195824
196163
196256
197178
197286
197542
198124
198137
198260
198411
198699
198913
198981
199522
199681
199699
199933
200074
200182
200279
200288
200318
200884
200943
201306
201578
201699
201739
201895
202009
202133
202242
202364
202606
202896
203058
203741
203869
203897
203949
204129
204243
204407
204486
205201
205225
205296
205719
206104
206177
206516
206586
206789
207184
207187
207429
207525
207585
207942
207980
208066
208164
208318
208384
208476
208620
209394
209597
210018
210056
210330
210433
210455
210835
211009
211092
211431
211587
211730
211842
211949
212365
212694
212705
213070
213732
213846
213888
214056
214145
214173
214300
215184
215247
215268
215520
215758
216107
216374
217349
217438
217663
217672
217722
217759
217996
218067
218185
218226
218237
218797
219118
219348
219455
219506
219773
220117
220163
220191
220678
221292
221299
221323
221795
221831
222129
222141
222344
222559
222788
222994
223949
224276
224730
225019
225570
225654
225746
225937
226414
226807
226885
227043
227521
227633
227659
227791
227834
227849
227928
227967
228496
228606
228699
229104
229130
229355
229822
229976
229982
230197
230325
230510
230565
231024
231212
231275
231415
231433
231486
231534
232244
232353
232557
232584
232604
233019
233108
233196
233427
233427
234046
234117
234265
235114
235881
236341
236567
236854
237095
237277
237302
237312
237845
237898
237939
238705
238892
239003
239120
239200
239573
240133
240159
240388
240639
241114
241515
241761
242070
242214
242402
242599
242935
243904
244377
244494
244646
244733
244922
245282
245311
245798
245975
246089
246423
247202
247222
247247
247399
247551
247730
247800
248136
248314
248970
249336
249611
249794
249883
249982
250324
250594
250756
251217
251333
251449
252279
252636
252856
253053
253984
253986
254992
255620
255763
255796
255984
256229
256433
256669
256929
257077
257188
257206
257207
257260
257303
257434
257472
257770
257924
258210
258670
258893
259006
259324
259396
259452
259761
260604
260689
260697
260766
261016
261635
261784
262891
263383
263682
264477
264622
265561
265581
266294
266379
266768
266984
267045
267126
267200
267379
267732
267792
268090
268124
269384
269432
269847
269933
270106
270259
271570
271699
271921
271955
272637
273139
273350
273636
273662
274030
274137
274408
274481
275769
276337
276757
276843
276857
276975
277685
277824
278010
278049
278311
278657
279878
281036
281183
281297
281549
281678
281742
281979
282447
282743
283644
283684
283789
284360
284384
284705
285735
285790
286332
286379
286417
286777
286980
287115
288624
290071
290380
290594
291295
291308
291318
291413
292210
292390
292577
292934
293162
293583
293805
294299
294403
294527
294959
295078
295161
296370
296406
296472
296497
298514
298675
299311
300128
301095
301423
302373
302925
303165
304996
305414
305664
305928
306330
307002
307073
307201
307321
307738
308642
308820
309695
310330
310661
311117
311198
311586
312081
313737
314242
314769
314967
315260
315798
315991
316304
316401
316533
316535
316616
318068
318226
318375
318703
318871
319062
319151
319348
319961
320522
320956
321325
323324
323915
323935
325541
326074
326197
328350
328689
329634
330893
331057
331954
332113
332260
333885
334518
335872
335874
336935
337370
337765
337835
340206
340922
342662
343609
343640
343900
344266
345629
347123
347795
349505
349611
351030
351402
351461
352108
352640
352985
353197
353913
354196
354363
354467
354840
355605
355619
356648
358095
358582
358898
360736
360837
361626
362635
363533
363686
365249
367096
368211
369588
370365
371517
374453
375222
375345
377207
377839
378268
379249
379406
383074
383258
384841
385152
386120
387632
388553
389548
390251
390567
391186
391863
394625
395087
395265
400748
401883
402005
407291
409610
416184
417944
419387
419479
419616
423408
425413
428752
430430
432579
438797
440617
440719
447945
449833
452376
461325
463602
467758
471774
473641
478295
482544
491940
493593
494263
504597
525627
536742
570194
