0
0
106
176
182
232
256
299
309
387
429
539
722
791
818
865
902
990
1176
1318
1359
1374
1439
1567
1605
1637
1670
1759
1787
1788
1911
1942
1957
1971
2058
2066
2200
2215
2332
2386
2394
2498
2513
2569
2602
2645
2735
2838
2863
2929
2977
3018
3147
3175
3237
3254
3377
3432
3462
3530
3537
3541
3566
3586
3587
3619
3692
3698
3738
3754
3780
3895
4007
4014
4110
4153
4243
4303
4397
4431
4435
4572
4717
4858
4858
4868
4869
4921
4933
4946
4956
5121
5312
5385
5449
5498
5529
5574
5667
5673
5806
5876
6013
6155
6198
6263
6333
6356
6449
6483
6637
6749
6815
7035
7170
7242
7271
7315
7423
7526
7527
7634
7660
7727
7727
7735
7815
7859
7872
7920
8054
8128
8201
8201
8235
8315
8359
8460
8469
8511
8605
8663
8722
8766
8819
8822
8823
8942
8990
8992
9057
9068
9106
9370
9372
9561
9649
9650
9676
9743
9824
9923
9930
10062
10206
10295
10379
10394
10407
10435
10455
10583
10646
10649
10657
10670
10689
10691
10957
11000
11197
11211
11269
11431
11486
11504
11515
11565
11570
11575
11584
11811
11878
11991
12062
12071
12116
12116
12178
12239
12239
12274
12409
12415
12510
12666
12679
12707
12715
12770
12825
12853
12917
13147
13181
13199
13274
13300
13394
13441
13453
13492
13583
13800
13844
13850
13947
13990
13998
14056
14062
14087
14093
14146
14195
14228
14381
14459
14529
14610
14772
14861
14899
15047
15121
15122
15484
15604
15628
15753
15814
15912
15939
16050
16085
16159
16247
16288
16346
16387
16393
16438
16459
16598
16641
16756
16779
16783
16796
16887
17025
17062
17109
17163
17227
17232
17240
17316
17377
17433
17534
17716
17734
17791
18035
18108
18211
18347
18371
18432
18432
18449
18473
18489
18722
18777
18814
19012
19049
19204
19329
19396
19414
19441
19464
19470
19541
19613
19738
19747
19855
19926
19998
20141
20142
20155
20161
20324
20348
20459
20549
20572
20577
20642
20656
20708
20778
20786
20921
21021
21033
21070
21107
21195
21314
21368
21497
21542
21683
21827
22018
22088
22359
22397
22419
22624
22626
22627
22631
22671
22692
22848
22851
22941
22960
23000
23218
23308
23322
23351
23507
23622
23657
23678
23689
23713
23836
23971
24005
24015
24032
24095
24206
24236
24243
24350
24356
24372
24403
24428
24509
24548
24614
24655
24832
24876
24948
24992
25193
25304
25335
25345
25429
25444
25510
25511
25539
25673
25702
25719
25850
26081
26082
26153
26157
26195
26219
26327
26335
26407
26495
26578
26599
26605
26608
26658
26730
26833
26834
26948
27042
27078
27199
27215
27345
27355
27370
27372
27563
27589
27663
27687
27707
27748
27763
27782
27832
27854
27919
27951
27983
28134
28134
28270
28307
28357
28360
28439
28455
28479
28545
28553
28578
28579
28694
28928
29034
29055
29306
29372
29396
29407
29414
29425
29555
29781
29908
30042
30182
30194
30225
30238
30251
30261
30294
30319
30413
30526
30634
30686
30813
30817
30865
30883
30885
30916
30946
31096
31149
31158
31303
31320
31331
31347
31403
31507
31555
31563
31568
31690
31769
31776
31897
31908
31945
32011
32058
32063
32189
32230
32233
32307
32313
32354
32359
32497
32643
32808
32850
32877
32998
33008
33058
33119
33263
33264
33340
33372
33380
33481
33532
33601
33649
33847
33881
33929
33973
33998
34095
34289
34377
34414
34523
34531
34654
34748
34774
34890
34900
34944
34983
35021
35381
35399
35416
35461
35475
35513
35586
35593
35721
35786
35852
35993
36062
36091
36221
36391
36413
36629
36640
36663
36773
36776
36806
36876
37036
37041
37042
37286
37324
37332
37393
37431
37434
37496
37551
37574
37665
37685
37744
37757
37778
37792
37817
37823
37830
37915
37927
37954
37956
37965
38156
38443
38443
38454
38472
38483
38534
38598
38657
38710
38743
38780
38838
38850
38963
39153
39273
39277
39320
39328
39374
39378
39456
39509
39537
39595
39655
39817
39820
39840
39930
40019
40173
40193
40331
40368
40410
40504
40548
40549
40597
40663
40710
40717
40786
40821
40871
40929
41111
41155
41232
41263
41370
41430
41517
41628
41682
41713
41766
41772
41815
41898
41903
41939
42028
42299
42417
42429
42460
42466
42513
42531
42577
42689
42742
42785
42795
42814
42858
42892
43013
43133
43141
43265
43299
43377
43515
43516
43533
43551
43723
43805
43867
43928
43936
43971
43977
43985
44144
44162
44184
44319
44344
44389
44410
44414
44430
44594
44649
44736
44742
44787
44973
45030
45132
45197
45321
45326
45328
45338
45338
45356
45377
45583
45601
45638
45642
45657
45661
45683
45713
45829
45871
45967
45993
46151
46230
46374
46455
46474
46560
46640
46655
46673
46801
46828
46905
46940
46951
47043
47058
47064
47069
47124
47156
47201
47222
47270
47273
47300
47357
47541
47550
47582
47658
47718
47735
47768
47787
47952
48061
48095
48183
48371
48405
48477
48557
48727
48745
48860
48861
48932
48940
49004
49012
49093
49116
49185
49260
49263
49316
49415
49442
49470
49496
49548
49584
49595
49740
49746
49756
49911
49911
50034
50237
50266
50275
50282
50318
50383
50484
50567
50668
50766
50783
50802
50922
51072
51227
51232
51235
51424
51465
51472
51482
51516
51647
51885
51926
52215
52273
52286
52393
52431
52666
52738
52804
52844
52908
52920
53176
53288
53345
53362
53380
53464
53524
53569
53616
53717
53771
53781
53782
53840
53874
53947
54008
54041
54047
54094
54101
54255
54259
54382
54441
54449
54589
54593
54673
54781
54868
55004
55020
55030
55173
55243
55247
55524
55610
55810
55908
56023
56084
56190
56324
56339
56372
56414
56423
56443
56445
56474
56495
56744
56818
56835
56842
56905
56925
56949
56993
57050
57062
57083
57183
57256
57320
57339
57431
57484
57485
57565
57666
57776
57786
57947
57953
57998
58017
58129
58321
58383
58418
58430
58459
58549
58571
58735
58762
58823
58841
58863
58984
59264
59419
59499
59618
60022
60101
60147
60198
60333
60390
60472
60514
60545
60564
60684
60816
60942
60993
61065
61134
61251
61450
61453
61457
61764
61824
61886
62105
62131
62206
62213
62243
62326
62357
62437
62517
62538
62722
62735
62994
62997
63036
63080
63109
63242
63311
63342
63518
63557
63708
63763
63839
63904
63980
63981
64055
64075
64134
64288
64314
64447
64477
64584
64653
64777
64906
65096
65141
65184
65236
65505
65527
65550
65698
65736
65745
65757
65798
65975
65981
66065
66165
66190
66213
66244
66292
66418
66500
66919
66945
67144
67224
67296
67305
67318
67339
67366
67395
67416
67579
67621
67686
67688
67768
67778
68039
68080
68173
68281
68347
68452
68504
68519
68549
68627
68763
68867
69032
69037
69226
69309
69389
69456
69462
69485
69655
69766
69968
69985
70071
70080
70173
70183
70223
70391
70484
70490
70506
70511
70513
70554
70807
70881
70881
70951
70976
71107
71484
71555
71601
71671
71683
71685
71708
71781
71860
71951
72025
72153
72194
72259
72284
72493
72582
72814
72828
72990
73254
73287
73293
73337
73346
73564
73613
73827
73867
73905
73985
74024
74104
74318
74354
74480
74717
74743
74852
75031
75120
75239
75324
75414
75604
75618
75643
75653
75874
75875
75989
76092
76117
76151
76169
76190
76342
76369
76437
76483
76576
76633
76643
76692
76738
76778
76816
76877
76919
76922
77000
77029
77067
77276
77392
77404
77466
77486
77561
77573
77611
77720
78025
78100
78164
78182
78323
78348
78406
78460
78529
78683
78712
78747
78770
78864
78965
79127
79160
79185
79222
79269
79275
79284
79362
79472
79495
79677
79856
79942
80018
80136
80231
80396
80463
80580
80601
80679
80681
80719
80778
80935
81082
81093
81169
81171
81205
81275
81277
81304
81342
81458
81511
81697
81724
81749
81761
81856
81862
82125
82147
82203
82259
82262
82267
82335
82348
82378
82382
82483
82638
82700
82741
82788
82795
82846
83078
83204
83208
83424
83521
83550
83645
83665
83692
83704
83891
83892
83904
83933
83953
83957
83983
83995
84088
84130
84172
84312
84341
84534
84647
84655
84818
84823
84931
84967
85003
85032
85046
85065
85191
85197
85231
85408
85473
85486
85648
85713
85802
85868
85911
85923
85926
86003
86090
86173
86248
86330
86504
86519
86542
86621
86632
86774
86825
86828
86911
87041
87171
87300
87405
87527
87702
87715
87770
87800
87867
87900
88007
88024
88066
88070
88155
88161
88164
88230
88333
88368
88446
88465
88651
88712
88818
88832
89018
89083
89088
89115
89123
89131
89167
89182
89262
89271
89360
89734
89883
89955
90005
90043
90057
90099
90217
90292
90299
90397
90403
90504
90516
90545
90567
90743
90759
90846
90954
90989
91088
91112
91418
91463
91635
91717
91733
91742
91776
91789
91905
91927
91931
92024
92029
92074
92097
92164
92292
92533
92707
92780
93030
93114
93194
93213
93218
93356
93606
93614
93635
93706
93785
94096
94278
94291
94319
94447
94488
94602
94646
94647
94695
94796
94809
94825
94826
94828
95151
95283
95485
95536
95588
95637
95664
95667
95689
95824
95832
95838
95917
95981
96020
96142
96152
96187
96223
96250
96268
96493
96785
96804
96877
96952
97004
97016
97031
97045
97115
97149
97243
97288
97343
97346
97460
97573
97586
97821
97869
97910
97963
97997
98058
98231
98270
98278
98383
98449
98462
98481
98577
98584
98649
98663
98770
98789
99008
99315
99372
99373
99416
99449
99551
99569
99697
99720
99751
99941
99992
100151
100160
100163
100187
100261
100286
100408
100563
100689
100709
100759
100852
100953
101085
101312
101325
101460
101462
101487
101488
101514
101586
101615
101646
101704
101710
101785
101980
102073
102392
102443
102528
102615
102683
102711
102791
102826
102916
103075
103182
103319
103384
103389
103447
103645
103689
103700
103760
103792
103877
103930
103966
104030
104080
104100
104103
104154
104244
104287
104302
104401
104457
104480
104523
104579
104683
104691
104866
104902
104946
104966
105082
105087
105176
105177
105279
105362
105389
105463
105664
105700
105733
105734
105788
105827
105879
105943
106045
106408
106598
106644
106758
106770
106854
106864
106870
107084
107116
107123
107149
107169
107218
107368
107377
107570
107589
107611
107626
107631
107680
107793
107911
107987
108140
108291
108329
108613
108884
108903
109030
109037
109046
109133
109282
109455
109473
109486
109656
109747
109847
109922
109930
109941
110074
110360
110378
110700
110716
110745
110797
110862
110870
110871
111011
111021
111133
111143
111189
111400
111501
111581
111593
111709
111750
111756
111924
112006
112260
112302
112382
112491
112523
112672
112682
112713
112809
112980
113002
113031
113120
113168
113441
113511
113518
113530
113551
113555
113711
113858
113881
113927
114156
114186
114187
114201
114310
114403
114693
114826
115082
115261
115320
115420
115592
115890
115932
116139
116149
116189
116287
116331
116393
116483
116532
116561
116632
116639
116709
116794
116825
116944
117021
117081
117251
117389
117536
117571
117819
117972
118013
118039
118110
118122
118123
118130
118206
118210
118556
118699
118726
118760
118877
118890
119348
119386
119516
119687
119703
119789
119915
119978
120026
120159
120278
120297
120332
120339
120352
120447
120555
120616
120650
120684
120691
120765
120836
120874
120894
120939
120997
121171
121213
121301
121396
121399
121463
121564
121579
121750
121968
121996
122076
122094
122123
122127
122159
122333
122356
122476
122485
122591
122612
122808
122970
123059
123135
123159
123173
123228
123407
123523
123839
123926
124264
124269
124276
124396
124457
124504
124507
124604
124630
124641
124674
124723
124733
124887
124952
124987
125192
125235
125433
125616
125913
126083
126269
126372
126514
126651
126675
126713
126721
126763
126783
126874
127077
127088
127139
127475
127481
127557
127651
127671
127675
127680
127714
127757
127820
127822
127837
128032
128199
128395
128508
128663
128668
128860
129227
129450
129621
129658
129776
130002
130277
130415
130539
130631
130688
130697
130757
130844
130870
130900
131036
131037
131148
131340
131840
131957
132125
132322
132503
132658
132835
132846
132946
133102
133351
133356
133359
133419
133509
133543
133725
133765
133828
133842
133885
133961
134093
134109
134162
134169
134185
134327
134342
134348
134492
134549
134612
134625
134718
134779
135056
135308
135657
135969
135995
136154
136178
136270
136569
136622
136697
136704
136707
136772
136834
136946
136969
136982
137117
137136
137154
137317
137379
137404
137543
137594
137598
137721
137827
137907
137956
138023
138034
138272
138368
138434
138692
138825
138890
139130
139509
139526
139546
139575
139778
139905
140016
140366
140385
140659
140677
140777
140778
140915
141138
141246
141250
141372
141451
141569
141615
141645
141753
141790
141828
142050
142352
142693
142788
142801
142833
143174
143262
143279
143289
143325
143359
143510
143768
143980
144077
144167
144340
144374
144664
144768
144859
144873
144891
145015
145139
145200
145303
145713
145965
145999
146094
146176
146230
146238
146344
146377
146716
146736
146822
146848
146929
147051
147077
147106
147462
147550
147585
147671
147705
147746
147767
147773
147882
147896
148044
148045
148143
148365
148593
148797
148931
148963
149108
149114
149329
149356
149600
149613
149620
149774
149838
149850
149881
150029
150124
150174
150219
150223
150232
150327
150370
150536
150545
150606
150648
150658
150706
150790
150805
150853
150951
150952
150983
151027
151108
151246
151294
151362
151371
151375
151541
151562
151572
151600
151610
151646
151690
151709
151757
151891
151925
151953
152130
152201
152332
152369
152382
152388
152396
152656
152847
153270
153360
153401
153515
153595
153753
153824
153903
154005
154008
154040
154358
154467
154490
154494
154645
154764
154805
154820
155043
155180
155181
155284
155293
155463
155782
155862
155939
156009
156064
156143
156308
156315
156385
156406
156607
156629
156779
156799
156815
156918
157091
157118
157176
157336
157468
157484
157525
157560
157729
157891
158409
158417
158772
158912
159059
159107
159117
159178
159346
159399
159667
160266
160435
160484
160661
160701
160813
161401
161942
162250
162403
162752
162752
163030
163083
163294
163299
163546
163683
163871
164101
164153
164204
164243
164276
164322
164362
164595
164675
164825
164875
164968
165048
165061
165090
165138
165744
165788
166045
166198
166243
166370
166834
166886
166936
167044
167101
167307
167380
167935
167991
168022
168042
168150
168589
168647
168804
168882
169038
169693
169694
169824
169953
170027
170109
170208
170303
170343
170354
170367
170546
170785
170787
170892
171042
171126
171270
171365
171405
171489
171617
172076
172124
172289
172357
172371
172573
172724
172776
172832
173070
173121
173401
173421
173527
173576
173927
174088
174396
174402
174486
174668
174764
174889
175134
175356
175366
175505
175652
175780
176008
176200
176790
176895
176994
177006
177050
177071
177190
177304
177487
177775
177853
177866
177976
177982
178016
178029
178087
178581
178709
178784
179030
179445
179445
179704
179748
179761
179769
180018
180066
180067
180160
180265
180360
180546
180588
180643
180644
180718
181012
181031
181117
181127
181176
181340
181360
181952
182265
182392
182406
182472
182611
182642
182730
182758
182818
182946
183016
183461
183510
183512
183684
183842
183954
184023
184046
184078
184285
184372
184527
184835
184954
185072
185213
185251
185351
185511
185550
185662
185735
185764
185993
186071
186302
186540
186589
186624
186786
186832
187116
187165
187174
187243
187573
187666
187909
188357
188518
189215
189226
189357
189416
189575
189611
189615
189616
189675
189680
189778
189937
190007
190019
190810
190944
191029
191073
191180
191198
191295
191321
191456
191514
192255
192263
192286
192335
192401
192565
192617
192893
192935
193169
193270
193356
193851
194022
194385
194476
194507
194835
194986
195005
195117
195163
195238
195893
195917
195939
195954
196007
196191
196421
196517
196664
196683
196715
197287
197602
197649
198015
198131
198256
198875
199157
199307
199379
199421
199504
199567
199663
199710
200074
200988
201099
201371
201533
201578
201612
201700
201772
201775
201808
201927
201966
202035
202060
202082
202381
202402
202543
202555
202786
203524
204116
204263
204300
204448
204648
204707
204759
205006
205133
205152
205324
205742
205984
206063
206180
206233
206515
206516
206629
207376
207432
207551
207862
208081
208142
208445
208694
208885
209146
209249
209365
209373
209521
209555
209694
209725
209844
210448
210603
210656
210705
211472
211479
211583
211651
211696
211700
211787
211993
211998
212092
212224
212255
212404
212439
212652
212978
213001
213027
213297
213491
213698
213782
213966
214695
215005
215397
215898
216023
216026
216193
216540
216611
217049
217052
217216
217229
217305
217498
217670
217685
218350
218372
218440
218762
218854
218992
219083
219135
219340
219833
219905
220025
220130
220486
220567
220998
221138
221683
222193
222634
223299
223511
223700
223709
223745
223801
224081
224347
224522
224719
225324
225729
225759
225912
225946
226013
226033
226210
226301
226698
226754
226833
226876
227049
227193
227342
227371
227499
227669
227913
227977
228213
228253
228515
229261
229522
229556
229586
229765
229916
230079
230138
230352
230691
230860
230966
231323
231347
231352
231700
231941
232158
232537
232610
232729
232939
233704
233770
233813
234047
234544
234662
234722
235026
235033
235072
235738
236202
236332
236931
236981
238308
238328
238977
239120
239334
239506
239555
240207
240385
240440
240626
241002
241180
241376
241653
241792
241978
242350
242559
242801
242931
243551
243676
243702
243706
243824
244359
244932
245396
245401
245414
245543
245701
246318
246431
246590
247117
247163
247456
247469
247677
247749
247860
248382
249112
249396
249574
250137
250257
250275
250663
250815
250923
250980
251342
251450
252804
252895
253009
253235
253553
253578
253858
253966
254259
254395
254403
255065
255256
255454
256253
256506
256665
256751
256825
256940
257311
257571
258126
258329
258442
258444
259070
259357
259474
260111
260232
260289
260332
260715
260761
261121
262104
262322
263278
263599
263669
263960
265215
265844
266074
266380
266603
266931
267717
267985
268544
268843
268938
269399
269401
269866
270222
270457
270459
270690
270910
270921
270966
271131
271467
271472
271519
271724
272271
272575
273132
273547
274138
274682
275226
275463
275480
275804
276349
276552
276690
276776
277444
277626
277640
277884
279042
280233
281477
281773
281926
282077
282832
283276
283571
283969
283984
284587
285895
286493
286548
286887
287705
287942
288399
289653
289883
289954
290158
290256
290327
290472
290602
291179
291333
291494
291748
292270
292927
293329
293669
293837
294232
294251
294679
295182
295505
295647
298563
298566
299412
299498
299873
299902
300207
300766
300893
300916
301040
302101
302430
302658
303238
304528
305171
305317
306116
308795
308814
308844
309470
310697
311033
311501
311632
311633
312102
313194
313973
314116
316125
316642
317044
317275
317374
318253
318274
319078
319169
319261
319853
320386
320610
321896
322089
323120
323227
323565
323641
324094
324135
324679
325241
325341
325431
326047
326562
326970
326986
327450
327500
328011
328743
328756
328810
329857
330429
332005
332643
332692
332776
332857
333588
333849
333868
335461
335566
335571
335882
336542
336959
337306
337478
338445
338558
339104
342434
342454
342791
343884
344714
344739
345206
346074
347490
348090
348211
351071
351963
352663
355186
355469
359879
361742
362364
364338
365931
366302
366733
367261
368352
369666
370135
370746
372181
373613
373743
374847
377539
378003
381197
382179
387367
389093
389544
389895
390483
390821
391209
391392
391662
394469
394643
394961
396428
396483
398522
401613
402522
404521
405559
413233
419797
420427
420605
428752
435111
438126
438540
440291
447187
448805
450493
451148
454429
456788
457539
472077
476007
477583
486425
492243
494780
501024
511460
517571
521402
529401
530971
544616
546666
547584
