0
0
10
138
493
626
718
1008
1069
1093
1228
1279
1408
1481
1633
1903
1983
2021
2174
2175
2345
2349
2438
2536
2609
2671
2823
2971
3083
3274
3338
3375
3393
3408
3420
3423
3459
3514
3606
4161
4215
4553
4982
4989
5067
5379
5452
5467
5589
5591
6044
6114
6200
6232
6354
6784
6813
7080
7270
7316
7346
7446
7870
8018
8120
8493
8777
9071
9241
9416
9841
10035
10122
10288
10368
10400
10441
10669
10747
10753
10754
10770
10858
11160
11189
11289
11425
11482
11584
11797
12063
12219
12304
12331
12398
12684
12786
12952
12985
13031
13118
13367
13512
13544
13685
13762
13799
13804
13911
13956
13992
14109
14387
14703
15118
15341
15422
15435
15483
15738
15874
15892
15937
16055
16077
16150
16212
16251
16285
16430
16475
16651
16751
16762
16862
16875
17052
17164
17167
17242
17251
17310
17319
17333
17362
17642
17740
17836
18060
18283
18290
18299
18544
18722
18744
18787
18847
18875
18890
18907
18933
18989
19100
19161
19172
19429
19670
19737
19806
19876
19960
19993
19993
20100
20419
20505
20715
20744
20839
21043
21057
21303
21626
21695
21747
21812
22073
22092
22144
22144
22250
22283
22328
22555
22594
22715
22863
23665
23774
23844
23847
23882
23895
23984
23994
24354
24405
24433
24443
24541
24623
24707
24730
24907
25557
25569
25782
25947
26117
27094
27265
27532
27551
27639
27699
27708
27929
27952
27976
28018
28120
28520
28584
28609
28613
28663
28702
28713
28714
28840
28888
28938
28956
29468
29618
30014
30222
30240
30296
30739
30748
31259
31276
31801
31834
31861
31891
32117
32127
32175
32400
32418
32621
32906
33082
33150
33160
33182
33197
33260
33310
33415
33617
33644
33676
33697
34079
34426
34521
34539
34713
34752
34802
35248
35292
35295
35381
35490
35534
35581
35592
35633
35756
35759
35823
35998
36002
36655
36772
37111
37196
37209
37351
37413
37431
37593
37622
37831
37887
38072
38078
38114
38191
38209
38209
38291
38316
38494
38592
38712
38744
38798
39098
39730
39907
39962
40348
40476
40714
40736
40781
40925
40958
40980
41016
41361
41364
41531
41563
41638
41847
42130
42244
42576
42618
43089
43108
43365
43814
43818
44051
44097
44119
44122
44165
44267
44370
44422
44654
44784
44913
45292
45340
45373
45497
45596
45737
45785
46098
46200
46796
46929
47058
47280
47328
47378
47412
47423
47455
47579
47778
47845
47887
48004
48323
48486
48523
48633
48703
48987
49268
49825
49899
50352
50496
50516
50826
50843
50880
50898
50970
51041
51097
51220
51774
51796
51865
51934
51954
52091
52091
52128
52628
52780
53032
53055
53072
53207
53354
53528
53666
53783
53828
53883
53891
54019
54300
54558
54568
54629
54954
54958
55045
55191
55226
55235
55311
55326
55336
55481
55709
55738
55748
55768
55886
56008
56020
56120
56256
56351
56484
56880
56898
57127
57522
57574
57778
58029
58055
58119
58239
58601
58690
58733
58839
58885
59353
59402
59762
60137
60200
60251
60251
60497
60551
60761
60983
61029
61096
61202
61458
61512
61637
61721
61722
61926
62079
62418
62421
62459
62787
63096
63102
63225
63330
63420
63475
63506
63645
63735
63812
63832
63855
63943
64088
64120
64171
64189
64247
64417
64456
64494
64524
64548
64590
64707
64742
64795
64834
64835
64866
65145
65316
65343
65508
65551
65629
65709
65948
66205
66554
66596
66961
67160
67195
67353
67563
68139
68292
68301
68729
68799
69053
69419
69680
69916
70073
70230
70415
70522
70559
70592
70805
70871
70877
70900
71020
71061
71298
71363
71453
71507
71683
71803
71927
72025
72336
72422
72587
72645
72847
72944
72977
73317
73398
73455
73529
73673
73775
73831
73858
74001
74020
74023
74158
74189
74243
74370
74487
74553
74594
74831
75064
75129
75393
75629
76527
76552
76561
76706
77403
77517
77667
77870
77987
78159
78432
78512
78554
78579
78828
78897
78995
79146
79392
79541
79829
79961
80043
80591
80619
80967
81026
81107
81132
81825
81922
82157
82172
82185
82261
82471
82547
82840
83041
83273
83286
83304
83402
83409
83586
83758
83906
83997
84271
84293
84329
84873
85217
85308
85626
85648
85816
85819
85907
85912
86187
86582
86848
87460
87566
87703
87872
87935
87968
88035
88121
88209
88257
88363
88383
88611
88637
88769
88786
89346
89554
89679
89795
90022
90407
90463
91172
91324
91514
91548
91549
91584
91611
91633
91662
91665
91742
91812
91835
92037
92158
92213
92225
92345
92424
92432
92465
92792
93008
93526
94058
94129
94356
94764
94768
94836
95279
95300
95360
95372
95393
95603
95645
95861
95928
96003
96446
96496
97150
97611
97924
98099
98100
98115
98505
98701
98797
98864
99026
99286
99300
99469
99522
99708
99738
99773
99879
100021
100029
100068
100191
100363
100522
100629
100778
101012
101776
101784
101838
101965
102169
102768
102962
103165
103309
103333
103459
103463
103667
103767
104001
104056
104577
104738
105144
105292
105306
105489
105628
105679
105715
105837
105869
105875
106116
106310
106643
106743
106797
106838
106888
106972
106981
107140
107156
107292
107687
107779
107860
108183
108510
108681
109314
109372
109410
109427
109783
109964
110040
110065
110102
110230
110355
110598
110680
110704
110844
110936
111080
111215
111574
111905
111962
112002
112068
112318
112421
112440
112571
112595
112684
112705
112835
112849
113282
113430
113637
113726
113926
114506
114548
114593
114735
114794
115083
115133
115175
115183
115319
115348
115419
115536
115623
115757
115784
115843
115950
116065
116328
116340
116378
116457
116729
116827
117074
117251
117307
117342
117343
117523
117535
117839
117969
118091
118449
118456
118582
118655
118673
118760
118772
119604
119648
119766
120323
120466
120566
120853
120881
121193
121378
122248
122307
122309
122594
122791
123012
123207
123520
123570
123574
123701
124086
124262
124432
124591
124621
125121
125463
125614
125665
125876
126033
126172
126462
126712
127038
127063
127361
127522
127603
127620
127648
127759
127922
128212
128460
128574
128594
128875
128917
128957
129108
129204
129427
129528
129820
129846
130062
130102
130352
130373
130394
130737
130941
131032
131079
131171
131395
131416
131427
131536
131550
131655
131955
132021
132120
132236
132503
132578
132649
132965
133377
133500
134067
134263
134598
134813
135279
135683
135739
135901
136478
136761
136893
137220
137241
137260
137500
137696
137708
138303
138319
138379
138584
139064
139111
139241
139263
139335
139633
139729
139798
139993
140053
140106
140479
140613
140867
140947
140993
141200
141266
141525
141746
142509
143011
143097
143313
143458
143774
143781
143898
144774
145035
145154
145251
145581
145693
145837
145843
145887
145920
145971
146049
146215
146503
146600
146629
146720
147159
147324
147613
147872
148504
148948
148952
149013
149620
149874
149993
150302
150396
150946
150949
151353
151766
152048
152111
152619
153332
153412
153842
153974
154648
154726
154902
155000
155053
155606
155761
156081
156574
156632
156785
156830
157393
157426
157455
157461
157689
158147
158266
158737
158984
159092
159181
159561
159950
160164
160273
160338
160442
160881
160990
161006
161462
161827
162046
162190
162772
162826
163202
163284
163440
163657
163714
163799
163836
164111
164285
164396
165033
165517
165729
166415
167283
167684
167745
167761
167825
168005
168099
168157
168250
168781
169043
169097
169459
169569
170139
170173
170557
170739
171152
171184
171437
171590
171747
172035
172202
172396
172822
173079
173957
173958
174036
174204
174226
174430
174437
174560
174656
174698
175180
175212
175976
176126
177043
177076
177094
177232
177252
177317
177936
178335
178577
178582
178879
179162
179353
179827
180216
181344
181703
181818
182993
183141
183410
184489
184873
185038
185483
185524
185581
185623
185684
187506
187791
187795
188031
188128
188752
189170
189828
190723
191118
191278
191331
191419
191453
191465
191682
191980
192229
192460
192479
192913
192924
193217
193601
193764
193900
194349
194469
194559
194849
196149
196211
196286
196368
196571
196752
196868
197605
198882
199264
199360
200162
200773
200901
201130
201134
201334
201826
201917
203064
203311
203559
203893
204045
204533
204673
204717
205607
205660
205666
205824
206050
206728
206879
207414
207527
207730
207884
208182
208416
209304
209972
210724
211037
211135
211501
211597
211801
211886
213082
213461
213668
213705
214016
214043
214070
214559
214718
214921
215146
216179
216217
216359
216738
216902
216951
217077
217677
218176
218196
219422
219534
219915
220117
220200
220641
221256
221325
221453
221621
222219
222479
222641
222934
223318
223509
223971
224021
224092
224281
224594
224887
224933
225525
225550
225801
226931
226968
228784
229091
229940
230232
231418
232392
232885
232942
233067
234023
234296
234994
235535
235694
236025
236165
236233
236284
236375
236387
237779
237989
238137
238332
239433
239962
240151
240607
240684
242304
242629
243354
243527
243994
244679
244795
245409
245660
246415
246576
246632
247715
248940
249678
250143
250394
251596
251709
251981
252049
252621
254072
256322
257021
258215
260049
260196
260535
262834
263835
263918
264078
265156
266060
267505
268237
268393
268682
269016
269540
269628
270177
270936
271761
271935
272396
272556
272842
272861
273731
273803
274368
274479
275803
276178
278884
279443
279749
281665
281715
282402
283140
283396
283468
284723
285060
285095
285275
285580
289145
289681
289826
289952
289973
290070
290077
290398
290554
291047
294485
297128
297826
298008
298446
298944
298953
300478
301973
304163
304571
306815
306869
307585
307817
308983
310968
311575
311949
312159
312604
313356
313556
313799
314045
315021
315131
315533
315964
316655
318559
319042
321853
321913
322731
324821
325255
325538
325643
326456
327593
327711
329009
329704
329767
330560
331035
331379
331474
331809
334663
334867
335124
335917
339400
339554
344042
345988
346576
347538
348053
348555
349335
350644
351079
352692
355775
355854
357463
359447
359640
360042
361656
361842
362341
363703
367424
372975
375479
375780
378530
380245
383796
383943
385180
390606
390853
394308
397983
402667
407965
408249
408301
420374
423190
424124
424838
428813
438132
442887
452854
452981
455335
456017
459335
460500
470502
472097
482549
482558
488747
500858
515570
522437
544140
560805
566265
632626
650218
