0
0
65
104
157
231
315
317
450
513
599
638
697
712
718
759
778
781
791
811
851
922
923
938
951
1229
1278
1301
1319
1327
1350
1443
1455
1466
1487
1542
1672
1734
1782
1813
1855
1868
1991
2081
2096
2111
2248
2319
2323
2376
2383
2386
2478
2504
2666
2667
2715
2738
2802
2822
2855
2885
2983
3016
3017
3026
3098
3101
3150
3157
3212
3368
3377
3390
3394
3451
3486
3504
3526
3593
3602
3671
3680
3727
3793
3864
3866
3916
3940
3961
4012
4153
4184
4232
4242
4289
4320
4329
4403
4460
4521
4554
4599
4616
4640
4710
4717
4741
4819
4855
4899
4974
5046
5065
5095
5197
5282
5286
5403
5418
5425
5484
5501
5517
5544
5625
5655
5742
5752
5755
5757
5766
5910
5914
5961
5985
6107
6182
6193
6236
6252
6406
6459
6513
6516
6548
6560
6569
6582
6625
6634
6717
6972
6982
7149
7188
7244
7336
7362
7404
7408
7427
7578
7589
7637
7907
7984
8025
8031
8081
8101
8104
8170
8189
8342
8348
8351
8424
8442
8514
8515
8535
8677
8766
8815
9044
9057
9164
9263
9264
9369
9374
9420
9483
9582
9582
9626
9630
9675
9955
9960
10009
10011
10013
10061
10073
10183
10210
10291
10373
10387
10388
10407
10408
10502
10559
10644
10657
10729
10747
10753
10757
10803
10923
10925
10946
10950
10950
10957
11038
11208
11292
11305
11332
11409
11451
11481
11523
11591
11646
11683
11747
11982
12077
12114
12128
12140
12194
12369
12371
12372
12394
12429
12451
12458
12464
12473
12519
12601
12610
12636
12693
12817
12848
12851
12909
12949
13144
13194
13235
13278
13319
13346
13457
13525
13611
13620
13718
13837
13850
13867
13941
13954
13978
14076
14169
14237
14293
14328
14338
14355
14377
14480
14524
14604
14605
14625
14653
14860
14877
15008
15199
15289
15403
15405
15495
15585
15664
15743
15762
15814
15848
15905
15949
15955
16225
16259
16276
16376
16398
16445
16527
16540
16661
16672
16686
16689
16698
16730
16827
16858
16882
16914
16922
16940
16986
17114
17134
17271
17293
17355
17469
17490
17553
17572
17604
17639
17726
17775
17805
17809
17887
17915
17942
17952
17952
18127
18246
18282
18538
18667
18735
18826
18828
18834
18938
18966
18968
19048
19144
19171
19193
19198
19230
19238
19242
19329
19352
19397
19405
19442
19469
19495
19573
19582
19612
19687
19709
19718
19774
19843
19851
19872
19934
19953
19961
20044
20089
20094
20148
20254
20407
20457
20526
20544
20564
20730
20806
20902
20930
20971
21014
21025
21149
21175
21205
21211
21219
21304
21333
21383
21395
21443
21473
21483
21784
21784
21818
21840
21902
22100
22132
22146
22161
22303
22418
22474
22502
22565
22618
22638
22647
22796
22823
22935
22954
23011
23050
23065
23069
23077
23162
23286
23367
23461
23513
23584
23639
23689
23782
23789
23802
23811
23848
23896
23921
23981
23985
24071
24087
24168
24237
24266
24286
24338
24371
24372
24392
24591
24597
24626
24778
24845
24860
24862
24888
24955
25064
25145
25162
25184
25275
25283
25285
25295
25365
25521
25535
25538
25632
25639
25699
25763
25871
25912
25947
26022
26086
26201
26275
26307
26323
26372
26490
26519
26536
26577
26585
26623
26742
26750
26764
26790
26844
26914
26918
27102
27106
27120
27199
27270
27449
27569
27673
27752
27785
27863
28011
28104
28179
28236
28359
28434
28497
28531
28548
28559
28563
28577
28642
28653
28659
28684
28744
28769
28774
28775
28797
28833
28938
29017
29035
29047
29117
29142
29256
29260
29369
29376
29430
29481
29508
29542
29567
29622
29685
29704
29745
29824
29859
29860
29929
29942
30105
30157
30169
30198
30225
30262
30344
30468
30509
30520
30607
30641
30642
30650
30666
30698
30758
30805
30853
30859
30989
31050
31066
31100
31306
31325
31325
31336
31374
31427
31542
31549
31634
31648
31649
31679
31787
31788
31806
31903
31965
32006
32017
32020
32070
32191
32240
32272
32282
32293
32310
32322
32342
32372
32605
32614
32630
32673
32708
32710
32809
32809
32868
32872
32967
33064
33094
33249
33300
33337
33352
33407
33476
33584
33625
33640
33686
33725
33802
33810
33889
34049
34058
34120
34165
34225
34248
34273
34324
34363
34375
34389
34427
34431
34439
34455
34462
34470
34609
34664
34876
34921
34981
35036
35090
35162
35207
35263
35302
35312
35384
35529
35618
35694
35717
35746
35846
35897
36000
36014
36035
36106
36163
36285
36292
36334
36417
36516
36647
36676
36766
36848
36890
36911
36933
36939
37044
37067
37198
37204
37386
37424
37495
37501
37541
37562
37572
37809
37819
37857
37890
37923
38250
38607
38813
38864
39016
39029
39051
39135
39149
39205
39281
39346
39353
39362
39367
39394
39410
39637
39736
39760
39981
40012
40192
40329
40368
40388
40409
40422
40486
40487
40494
40579
40585
40605
40677
40687
40736
40798
40831
40850
40951
40979
41035
41067
41091
41117
41186
41216
41301
41309
41326
41479
41492
41500
41528
41670
41673
41735
41816
42007
42018
42050
42132
42219
42230
42244
42252
42335
42367
42435
42539
42631
42654
42655
42673
42738
42810
42875
42939
42988
43078
43115
43154
43159
43204
43317
43317
43384
43384
43412
43445
43500
43540
43591
43837
43870
43878
43897
43931
44126
44251
44279
44292
44358
44407
44464
44579
44593
44633
44640
44655
44701
44737
44771
44794
44844
44847
44848
44867
44936
45133
45136
45160
45195
45341
45395
45482
45533
45644
45741
45873
45960
46044
46057
46059
46062
46075
46133
46150
46187
46241
46350
46365
46471
46530
46625
46680
46718
46736
46804
46817
46819
46988
47001
47172
47376
47439
47439
47505
47516
47563
47603
47713
47727
47775
47865
47918
47919
48256
48302
48450
48472
48522
48550
48569
48596
48616
48742
48768
48864
48877
48935
48950
49015
49031
49049
49121
49133
49180
49222
49283
49336
49401
49424
49581
49593
49665
49703
49718
49755
49794
49796
49935
49974
49984
50177
50184
50233
50262
50347
50372
50495
50550
50669
50835
50894
51002
51064
51090
51221
51318
51321
51371
51412
51421
51445
51456
51465
51519
51524
51585
51638
51825
51852
51955
51973
52062
52064
52066
52161
52211
52214
52229
52321
52376
52381
52534
52586
52678
52694
52729
52792
52805
52823
52858
53131
53149
53278
53302
53382
53425
53453
53514
53542
53619
53780
53852
53858
54016
54035
54070
54098
54157
54205
54231
54270
54393
54479
54516
54529
54617
54827
54845
54858
54883
54884
54968
54988
54993
55075
55098
55170
55174
55350
55363
55387
55409
55769
55790
55881
55896
55943
55948
56048
56126
56187
56192
56310
56317
56344
56422
56459
56623
56657
56694
56910
57091
57146
57171
57272
57313
57603
57675
57683
57684
57725
57751
57784
57793
57862
57874
57903
58034
58052
58053
58117
58121
58151
58188
58239
58256
58274
58352
58463
58463
58491
58602
58629
58648
58875
58973
58984
59079
59135
59156
59167
59225
59234
59306
59462
59623
59699
59720
59727
59746
59812
59828
59886
60066
60275
60298
60339
60348
60395
60400
60402
60462
60494
60541
60581
60696
60712
60743
60761
60791
60863
61005
61014
61094
61101
61132
61298
61306
61355
61463
61475
61484
61679
61757
61792
61837
61857
61871
61905
61924
61960
62112
62231
62741
62787
62828
62885
63111
63149
63164
63178
63231
63322
63354
63376
63486
63489
63542
63579
63799
63833
63857
63919
64032
64084
64089
64110
64120
64157
64175
64185
64199
64215
64287
64415
64512
64581
64658
65049
65064
65080
65136
65274
65278
65282
65285
65415
65557
65684
65723
65800
65806
65821
65923
66074
66080
66204
66320
66349
66428
66578
66595
66708
66837
66910
66920
66964
67101
67114
67165
67489
67527
67536
67553
67618
67620
67695
67728
67835
67894
68072
68109
68125
68254
68309
68342
68414
68514
68549
68589
68720
68728
68747
68779
68791
68814
68845
68848
68942
68968
69100
69136
69139
69145
69233
69297
69330
69396
69611
69808
69837
69859
69887
69951
70076
70112
70166
70422
70435
70462
70473
70501
70630
70709
70872
70894
70946
70949
70968
70970
70978
71114
71142
71284
71351
71375
71375
71450
71452
71511
71520
71536
71578
71641
71652
71685
71749
71935
71984
72068
72214
72247
72309
72453
72558
72601
72629
72669
72891
72952
72998
73039
73054
73184
73261
73351
73468
73497
73512
73550
73571
73572
73622
73636
73712
73760
73808
73811
73890
73903
74033
74137
74153
74180
74216
74254
74278
74303
74380
74416
74451
74479
74625
74630
74675
74690
74692
74911
75002
75072
75073
75086
75133
75163
75227
75275
75369
75398
75402
75403
75501
75634
75649
75663
75760
75823
75883
75884
75913
75958
75971
76054
76094
76127
76183
76327
76342
76406
76447
76515
76642
76669
77317
77354
77355
77400
77506
77659
77807
77840
77945
77994
78253
78284
78310
78373
78508
78580
78609
78624
78687
78728
78752
78792
79276
79357
79396
79463
79635
79842
79914
79959
80003
80071
80085
80126
80161
80300
80330
80406
80490
80495
80505
80551
80567
80643
80644
80705
80840
80923
81019
81075
81130
81159
81174
81197
81204
81241
81265
81314
81333
81346
81482
81483
81577
81671
81738
81744
81791
81805
82036
82221
82300
82302
82446
82463
82595
82850
82982
83137
83146
83147
83153
83283
83324
83476
83525
83643
83826
83877
83957
83983
84019
84023
84026
84107
84113
84186
84194
84267
84297
84379
84432
84479
84485
84500
84647
84691
84729
84769
84791
84862
84885
84938
84944
84976
85032
85091
85106
85121
85159
85213
85226
85321
85477
85488
85524
85575
85591
85597
85615
85618
85620
85672
85697
85728
85841
85936
85941
86046
86072
86119
86202
86236
86316
86494
86495
86593
86595
86622
86756
86795
86830
86832
86942
87136
87273
87599
88015
88086
88159
88232
88276
88504
88781
88938
88993
89329
89524
89534
89556
89595
89717
89728
89850
89919
90139
90278
90318
90402
90412
90726
90860
90903
90939
90962
91008
91105
91267
91375
91386
91447
91845
91886
91917
91923
91937
92125
92183
92197
92216
92233
92250
92324
92509
92516
92600
92605
92608
92628
92700
92806
92961
92999
93149
93254
93311
93322
93422
93508
93614
93688
93693
93712
93714
93784
93814
93994
94136
94160
94169
94184
94187
94205
94230
94259
94276
94277
94279
94300
94301
94332
94347
94419
94652
94670
94790
94940
95019
95023
95096
95173
95227
95256
95286
95397
95421
95635
95667
95720
95875
95991
96054
96138
96240
96246
96258
96332
96354
96520
96526
96574
96622
96626
96696
96729
96784
96833
96901
96985
97062
97086
97109
97126
97202
97316
97319
97410
97412
97419
97468
97484
97486
97487
97636
97666
97677
97716
97740
97791
97841
97873
97883
98071
98188
98226
98260
98408
98427
98587
98668
98860
98864
98867
98898
98936
98939
99015
99105
99126
99139
99178
99240
99375
99553
99693
99707
99759
99828
99904
99913
100016
100045
100146
100153
100174
100371
100438
100641
100712
100734
100823
100858
100888
100892
101004
101051
101060
101164
101215
101216
101262
101318
101422
101430
101550
101606
101637
101737
101768
101785
101811
101895
101923
101988
101995
102170
102216
102349
102440
102494
102517
102543
102569
102704
102705
102800
102835
102863
103032
103235
103238
103252
103422
103454
103462
103820
103857
103877
104083
104186
104197
104250
104267
104317
104404
104599
104632
104680
104702
104793
104807
104955
105139
105185
105188
105238
105269
105285
105290
105467
105569
105606
105664
105703
105727
105833
105995
106001
106025
106117
106154
106164
106251
106293
106444
106452
106585
106765
107057
107069
107115
107283
107373
107388
107451
107613
107672
107713
107752
107816
107880
107911
107914
107985
108069
108085
108152
108293
108294
108549
108555
108688
108726
108807
108811
108839
108920
108963
109235
109542
109597
109650
109727
109828
109941
109950
110023
110035
110083
110115
110241
110244
110245
110256
110402
110527
110565
110797
110834
110942
111124
111269
111282
111358
111412
111434
111457
111645
111647
111657
111678
111721
111726
111766
112215
112384
112384
112615
112710
112717
112719
112728
112746
112778
112831
112878
112960
113053
113088
113098
113245
113266
113384
113432
113464
113467
113483
113577
113659
113747
113764
113780
113802
113855
114139
114269
114312
114348
114376
114444
114561
114610
114737
114755
114899
114957
115082
115179
115214
115339
115401
115480
115513
115514
115541
115562
115596
115643
115651
115665
115669
115781
115800
115839
116017
116157
116382
116486
116599
116646
116793
116838
117269
117367
117447
117466
117706
117783
117888
117934
118031
118076
118097
118286
118317
118336
118409
118480
118535
118543
118576
118649
118801
118842
118954
119053
119191
119197
119404
119409
119634
119674
119682
119687
119704
119806
119811
119935
119991
119991
120000
120015
120057
120196
120515
120525
120609
120624
120639
120700
120756
120853
120891
121259
121261
121264
121343
121345
121428
121449
121510
121518
121540
121610
121616
121886
122088
122145
122212
122224
122335
122430
122570
122646
122655
122699
122816
122984
123065
123103
123108
123155
123160
123268
123450
123458
123535
123629
123682
123686
123759
123772
123882
124032
124049
124064
124128
124140
124178
124207
124287
124483
124536
124558
124770
124799
125042
125124
125168
125169
125189
125234
125302
125418
125468
125476
125681
125711
125888
125945
126075
126169
126222
126477
126494
126719
126785
126895
126899
126914
126949
127175
127233
127281
127315
127339
127570
127604
127724
127819
127886
127903
127939
127940
128021
128067
128117
128139
128242
128573
128656
128802
128816
128964
129102
129518
129618
129755
129775
129990
130164
130215
130223
130263
130276
130383
130384
130400
130482
130579
130656
130785
130914
131038
131077
131240
131274
131296
131357
131397
131454
131523
131527
131569
131599
131982
132048
132126
132177
132205
132209
132276
132278
132475
132515
132518
132685
132690
132769
132793
133176
133200
133317
133475
133569
133613
133644
133772
133776
133780
133793
133821
133917
133946
133972
134097
134097
134107
134132
134184
134257
134547
134750
135075
135097
135364
135472
135532
135547
135563
135564
135780
135881
135888
135919
136105
136371
136423
136566
136659
136904
136916
136944
136958
136975
136988
137092
137299
137311
137339
137344
137345
137423
137473
137528
137574
137578
137586
137693
137795
138089
138114
138207
138364
138457
138683
138922
138943
139048
139175
139367
139467
139558
139664
140010
140225
140229
140400
140441
140505
140537
140675
140725
140826
140834
140858
140915
140927
141125
141440
141441
141635
141649
141873
141953
142026
142077
142328
142350
142371
142437
142441
142589
142608
142762
142806
142850
143008
143075
143154
143190
143204
143365
143401
143611
143695
143711
143735
143769
143825
143933
144032
144140
144155
144211
144439
144442
144532
144583
144608
144681
144683
144752
144820
144891
144899
144978
145101
145367
145860
146044
146227
146382
146409
146503
146769
146827
146854
146883
147081
147371
147685
147721
147828
147954
148027
148124
148200
148270
148299
148359
148445
148458
148567
148796
149145
149311
149563
149585
149617
149630
149833
150090
150329
150349
150354
150496
150588
150635
150720
150778
150802
150898
150946
150961
150991
151317
151363
151382
151562
151784
151947
152024
152026
152081
152083
152105
152135
152513
152541
152576
152639
152675
152703
152732
152742
152850
152869
152991
153027
153052
153080
153091
153422
153485
153511
153638
153958
154007
154207
154317
154342
154358
154546
154589
154650
154667
154718
154794
154797
154950
154952
155169
155191
155230
155350
155380
155551
155661
155727
155947
156019
156021
156223
156403
156436
156445
156494
156505
156533
156607
156714
156811
156869
156971
156979
157000
157329
157373
157695
157810
157881
158099
158139
158250
158348
158379
158704
158738
158748
159083
159490
159542
159717
160167
160178
160191
160534
160547
160906
161199
161355
161424
161588
161596
161884
161914
161944
162055
162074
162093
162158
162272
162549
162606
162692
162756
162874
162927
162976
162984
163078
163112
163121
163178
163612
163745
163899
163949
163949
164023
164049
164076
164204
164223
164606
164650
164653
164825
164836
164842
164842
165064
165106
165233
165546
165577
165578
165721
165855
165868
166054
166419
166479
166504
166523
166525
166592
166671
166736
166758
166789
166837
166848
167028
167095
167340
167352
167440
167558
167577
167642
167647
167770
167848
167891
167974
168022
168168
168248
168293
168333
168467
168558
168619
168931
169232
169275
169486
169625
169668
169830
169895
169914
169928
170139
170204
170253
170307
170434
170438
170571
170577
170641
170803
170890
170946
171074
171199
171260
171275
171291
171306
171436
171898
172053
172276
172388
172500
172613
172696
173045
173134
173332
173385
173488
173497
173520
173563
173588
173677
173738
173766
174169
174440
174517
174623
174631
174700
174712
175162
175371
175595
175675
175741
175751
175877
176142
176233
176353
176374
176515
176559
176690
176695
176719
176766
176838
176840
176867
176932
176973
177229
177333
177527
177541
177599
177832
178106
178110
178203
178402
178412
178964
179193
179340
179353
179373
179439
179585
180122
180174
180415
180574
180730
180844
180922
181161
181229
181247
181251
181563
181575
181746
181781
181812
181899
181942
182019
182153
182178
182383
182413
182596
182672
182760
182830
182841
182907
183063
183082
183122
183192
183302
183496
183627
183777
183821
183878
184058
184064
184107
184237
184330
184614
184621
184629
184809
184814
185102
185239
185258
185542
185583
186060
186204
186292
186609
186671
187103
187108
187185
187363
187629
188112
188347
188568
188678
188760
188910
188939
189199
189268
189304
189586
189595
189852
189874
189934
189954
189981
190212
190392
190430
190470
190705
190756
191062
191100
191142
191221
191347
191395
191401
191460
191509
191549
191577
191686
191734
191913
191973
192111
192143
192188
192548
192569
192701
192757
192763
192909
193055
193149
193262
193401
193519
193613
193647
193707
193774
194048
194125
194469
194548
194622
194660
194873
194877
194905
195300
195500
195936
196132
196174
196432
196463
196771
196977
197066
197083
197157
197328
197532
197561
197580
197771
197992
198070
198108
198273
198629
198724
198764
198791
198912
198944
199168
199416
199631
199646
199911
200006
200444
200686
200983
200989
201078
201084
201101
201282
201393
201507
201516
201639
201737
201743
202067
202075
202166
202244
202421
202436
202473
202576
202619
202891
202900
202989
203005
203285
203297
203353
204015
204018
204227
204327
204434
204462
204685
204783
204827
204984
205137
205483
205508
205823
205867
205932
206024
206101
206340
206399
206610
206737
206833
206894
207032
207225
207459
207470
207516
207520
207608
207637
207863
208083
208096
208119
208281
208481
209069
209102
209603
209643
209790
210358
210471
210629
210717
211054
211081
211266
211267
211427
211475
211567
211751
211827
211883
211892
212035
212307
212506
212851
212922
212932
213134
213452
213854
213879
214172
215087
215114
215155
215500
215531
215573
215771
216307
216662
216701
216747
216810
216816
217090
217124
217386
217907
217954
217990
218003
218446
218707
218920
219101
219291
219405
219411
219478
219516
219757
219904
220019
220092
220095
220106
220208
220240
220277
220421
220445
220598
220601
220663
220676
220908
220981
221118
221260
221482
221739
221779
221893
222112
222290
223217
223316
223458
223524
223621
223646
223681
223886
223950
224291
224298
224378
224382
224494
224595
225466
225507
225604
226009
226685
226702
226907
226994
226998
227076
227260
227417
227780
227915
228079
228368
228546
228598
228758
229118
229154
229274
229644
229691
230153
230673
230720
230929
230965
231301
231495
231627
231887
231965
232018
232067
232163
232199
232225
232587
232676
232743
232886
232985
233142
233206
233311
233803
233920
233995
234075
234120
234132
234160
234178
234347
234457
234797
234936
235098
235139
235152
235220
235437
236194
236356
236386
236497
236534
236925
238072
238172
238353
238471
238640
238664
238815
238880
239040
239142
239163
239715
239959
240066
240239
240883
240990
241030
241752
241766
242077
242081
242138
242300
242306
242370
242731
243010
243076
243265
243316
243465
243615
243671
243730
243807
243910
244066
244931
244970
245056
245189
245273
245417
245470
245779
245968
246153
246850
247726
247893
247959
248043
249138
249169
249230
249248
249292
249434
249648
249894
250135
250145
250779
250994
251271
251293
251442
251881
252011
252168
252528
252535
252768
252856
252918
253504
253727
254260
254528
254562
254864
255441
255522
255704
256114
256412
256510
256551
256579
256650
256943
256989
257198
257443
257534
257560
258279
258382
258411
258697
258814
259062
259357
259899
260031
260161
260737
261094
261479
261796
262244
262496
262678
262804
263540
263764
263866
264157
264158
264291
264360
264363
264384
264400
264471
264535
264898
264985
265259
265534
265862
266086
266267
266737
266809
266821
266922
267134
267600
267957
268241
268373
270024
271866
271959
272565
272584
272634
272702
272881
272912
273335
273354
274071
274283
274847
274930
275493
275564
275637
275645
276151
276259
276541
276551
276734
276918
276979
277331
277652
278034
278305
278976
279104
279200
279267
279591
279887
280022
280271
280758
280977
281760
281989
282087
282934
283344
283462
283624
284373
284415
285088
285257
285735
286884
286948
286976
287279
287284
287484
288078
288256
288497
288548
288832
289577
289864
289925
290198
291125
291334
291341
291402
291606
291705
292128
292143
292420
292682
293400
293503
293959
294609
294675
294851
294927
295223
295434
295506
295729
296033
296577
297030
297035
297223
297664
298913
298965
299309
299460
299652
301247
302137
302190
302387
302731
303781
303817
304619
305048
305119
305673
305767
306452
306840
307807
307809
308017
308375
308416
308672
308743
309420
309781
309786
310122
310223
310779
311472
311932
311996
313615
314047
314127
314153
314452
314967
315449
315641
315792
315879
317488
318186
318318
318324
319142
319604
320081
320212
320320
320721
320922
321159
321611
322051
322057
323327
323428
323771
325018
325259
325471
325589
326356
326445
327323
327328
327560
327690
328720
329111
329148
330853
331343
331770
332562
332934
332955
333457
333912
333913
334606
336128
337761
337782
337829
337904
342466
344061
344224
344448
345444
346253
347305
348655
348918
349819
349829
351579
352633
352955
353762
354742
355063
355074
355351
355527
355549
355733
356046
356847
356916
358287
358384
359196
361106
362184
362683
364760
365037
366390
366699
368554
368822
369035
369278
369983
370129
370457
370918
371201
371208
371591
371965
372562
374393
374991
376541
379053
379832
380357
381472
383981
384230
384491
384782
386318
386681
387384
388071
388657
388918
390176
391164
391185
391277
392172
394228
398740
398844
399736
400137
400692
402011
404245
408421
409356
409412
409809
410102
410446
410576
410827
410857
411522
413050
418478
419426
419880
421090
425614
426436
429631
432692
433867
434940
435353
435832
436123
436550
437263
437734
438691
440814
441740
442768
449499
451109
451596
452435
452922
455993
460943
462726
464221
477036
484966
490294
492004
497893
500974
522899
530456
530672
585958
633241
