0
0
23
142
227
350
457
609
724
970
992
1059
1134
1239
1446
1449
1468
1661
1698
1855
2234
2336
2423
2498
2614
2742
2832
2930
3049
3065
3425
3535
3640
3779
3985
4197
4214
4234
4247
4288
4395
4403
4546
4650
4735
4845
4907
5056
5449
5552
5847
5922
5970
5985
6255
6410
6730
6763
6779
6825
6883
6894
7039
7142
7160
7289
7547
7589
7743
7756
7792
8029
8132
8135
8671
8727
8842
9079
9104
9328
9384
9424
9426
9448
9647
9687
9735
9815
9972
9999
10116
10188
10343
10363
10410
10559
10738
10864
11278
11359
11508
11532
11592
11722
11849
11929
11992
12084
12120
12289
12374
12391
12513
12613
12674
12715
12726
12728
12773
12810
12855
12981
12990
13029
13376
13467
13475
13501
13831
13879
13945
13968
13987
14072
14369
14762
15223
15295
15325
15362
15402
15669
15690
15707
15755
15781
15818
15839
15979
16272
16284
16337
16458
16472
16515
16797
16830
16995
17038
17093
17190
17199
17230
17493
17500
17831
18055
18247
18676
18846
18888
19113
19200
19529
19771
19939
20146
20249
20274
20652
20658
20886
21033
21177
21492
21672
21943
21967
22234
22244
22351
22429
22431
22539
22563
22577
22715
22776
22778
22782
22922
22970
22993
23002
23085
23095
23231
23254
23406
23494
23514
23565
23634
23795
24077
24117
24148
24495
24586
24755
25050
25172
25797
25860
25944
26040
26237
26269
26368
26375
26413
26520
26573
26604
26607
26656
26683
26763
26763
26798
26865
26966
27040
27059
27230
27295
27328
27434
27489
27964
27999
28085
28188
29001
29003
29011
29204
29267
29310
29400
29432
29483
29589
29628
29776
29925
30016
30112
30208
30216
30312
30319
30645
30718
30892
30975
31036
31044
31192
31238
31426
31442
31581
31831
31896
32007
32095
32112
32161
32469
32619
32718
32739
33329
33367
33395
33508
33541
33559
33614
33783
34042
34177
34250
34287
34364
34379
34448
34562
34947
35024
35268
35338
35545
35724
35836
35861
35916
36097
36192
36397
36498
36594
36597
36709
36720
37046
37183
37431
37600
37606
37608
37704
37716
37750
37872
38180
38194
38212
38281
38459
38490
38593
38858
38948
39014
39044
39211
39581
39792
39796
40271
40367
40407
40745
40881
40907
40990
41072
41213
41665
41665
41673
41698
41772
41838
41872
41950
42021
42097
42172
42562
42912
43040
43404
43479
43599
43695
43706
43769
43787
43810
43971
43984
44069
44233
44530
44652
44906
44909
44939
44953
44962
44979
45031
45061
45071
45421
45500
45507
45643
45718
45787
46390
46664
46788
47100
47112
47525
47626
47656
47674
47843
47916
47942
47978
48022
48109
48252
48279
48312
48374
48389
48460
48649
48715
48865
48914
49092
49390
49446
49784
49785
49934
49969
49980
50027
50094
50115
50507
50595
50719
50779
50904
51018
51241
51458
51515
51535
51562
51586
51713
51798
51917
51973
52131
52179
52199
52480
52527
52577
52649
52657
52807
52832
53020
53221
53244
53277
53345
53367
53671
53979
54107
54402
54555
54618
54758
54781
54856
55825
56018
56236
56274
56395
56438
56485
56518
56561
56646
56720
56791
56931
57081
57108
57237
57271
57293
57321
57361
57393
57432
57471
57625
57685
57833
58079
58662
58743
58747
59014
59042
59289
59299
59390
59483
59801
60403
60740
60776
60799
60825
61166
61218
61538
61576
61612
61661
61734
61907
62042
62168
62193
62380
62608
62617
62658
62882
63030
63060
63431
63622
63884
63989
64039
64260
64356
64372
64378
64435
64637
64743
64879
65347
65350
65395
65396
65548
65549
65720
65723
65995
66224
66582
66694
66934
66991
67084
67199
67210
67356
67413
67540
67648
67649
67754
67821
67845
67944
68070
68125
68815
69176
69261
69283
69382
69524
69609
69623
69662
69722
70012
70110
70192
70196
70426
70535
70559
70606
70710
70715
70757
71282
71443
71562
71955
72261
72438
72781
73468
73474
73481
73561
73588
73648
73729
73793
73893
73970
73972
73993
74029
74060
74200
74545
74993
74994
75140
75146
75348
75376
75444
75526
75644
75681
75711
75716
75839
75886
76237
76429
76734
76971
76987
77271
77370
77442
77461
77565
77605
77798
77804
77827
77881
77918
78048
78101
78255
78302
78343
78362
78370
78406
78644
78727
78733
78787
78813
79041
79141
79406
79419
79587
79627
79684
79710
79918
79990
80232
80263
80378
80485
80487
81017
81216
81923
81940
82013
82074
82271
82322
82384
82490
82497
82548
82801
82831
82862
83049
83056
83135
83376
83730
83837
83938
84273
84327
84373
84528
84708
84858
84874
85381
85390
85489
85734
85766
85988
86066
86110
86224
86371
86685
86902
87113
87123
87227
87353
87376
87474
87480
87782
87794
87811
87988
88134
88219
88346
88351
88522
88680
88825
89254
89399
89645
89700
89879
90334
90929
91158
91246
91378
91476
92035
92279
92505
92727
92769
92885
93067
93073
93162
93190
93236
93348
93708
93984
93996
94159
94265
94449
94478
94614
94840
95043
95052
95085
95165
95391
95414
95484
96150
96506
96510
96535
96826
97255
97272
98077
98170
98658
98869
98932
99030
99062
99160
99202
99203
99247
99675
99960
100021
100193
100196
100262
100334
100906
101071
101131
101136
101380
101478
101548
101595
101712
101888
101948
102219
102778
102956
102967
103081
103097
103239
103509
103760
104064
104233
104474
104639
104944
105190
105379
105534
105573
105713
106037
106095
106309
106506
107147
107359
107438
107490
107519
107691
107714
107737
108053
108182
108251
108323
108333
108342
108603
108604
108822
108894
108995
109059
109215
109257
109491
109567
109662
109946
110144
110354
110571
110858
110954
110956
111079
111130
111868
112459
112537
112541
112554
112942
113270
113409
113992
114027
114123
114137
114193
114280
114320
114403
114433
114789
115095
115209
115369
115569
116088
116228
116292
116742
116780
117316
117413
117432
117683
117832
117851
117870
118071
118120
118259
118260
118326
118400
118420
118495
118544
118724
118941
119051
119163
119452
119631
119781
120311
120485
120528
120920
120968
121000
121064
121215
121221
121335
121929
122307
122404
123012
123075
124153
124174
124200
124405
124805
125227
125237
125303
125303
125355
125710
126073
126111
126196
126249
126302
127126
127198
127233
127435
127598
127602
127630
127896
128141
129168
129462
129607
129663
129806
129892
129993
130513
130526
130613
130962
131238
131555
131703
131871
132064
132076
132389
132670
132789
132799
133055
133135
133291
133304
133495
133542
134026
134038
134059
134224
134389
134408
134582
134596
134798
134955
135252
135288
135526
135598
136047
136074
136225
136397
136477
136910
137069
137088
137149
137493
137571
137681
137879
138019
138110
138683
138883
138930
139252
139541
139901
140131
140241
140256
140275
140425
140709
140925
141072
141097
141105
141463
141623
141801
142173
142231
142383
143237
143375
143543
143762
143865
143982
144380
144586
144760
144803
145089
145092
145539
146127
146918
146997
147088
147198
147310
147705
147812
148067
148073
148191
148476
148643
148693
149094
149615
150065
150589
150617
150792
151119
151122
151784
151949
152299
152483
152630
152764
152788
152863
152981
153266
153832
154018
154330
154657
154666
154832
155143
155179
155855
156292
156739
157000
157086
157373
157384
157569
157593
157799
158227
158245
158419
158563
158734
159154
159440
159873
160045
160539
160582
160585
161039
161049
161323
161349
161463
161485
161714
162453
162818
163048
163463
163499
163611
163686
163780
164094
164304
164361
164407
164510
164713
164838
165264
165471
165509
165521
165922
166154
166361
166425
166802
167236
167607
167990
168063
168378
168656
168851
169087
169336
169346
169836
169848
169953
170125
170246
170484
170719
170726
170960
171191
171238
171542
172154
172316
172595
172922
173007
173038
173427
173833
173986
174317
174583
174895
175146
175653
175702
176372
176510
176651
177336
177538
178186
178208
179266
179348
179707
180402
180596
180754
181141
181895
182049
182070
182325
182502
182941
183163
183546
183638
183764
183782
184046
184283
184440
184474
185429
185723
186005
186656
187321
187456
187467
187674
188074
188157
188217
189262
189393
189428
190100
190143
190328
190509
190683
191101
191415
191578
191889
191900
192166
192660
192716
193138
193501
193557
194155
194306
194508
195082
195280
195363
195432
195808
196384
196567
196934
197554
197590
197770
197789
198308
198495
198938
199472
199583
200080
200325
200946
201604
202856
202969
203281
203351
203606
203750
204922
205223
205503
206231
206448
206566
206614
206657
208713
209646
209871
209986
210530
210668
211641
211904
211933
212658
213117
213459
213869
214259
214523
215054
215403
216071
217481
218355
219108
219204
219777
219847
220491
220666
221808
221911
222073
223958
224256
224263
224448
224677
225114
225398
225555
225799
225916
226109
226128
226683
226800
227629
227839
229146
229414
230213
230228
230927
231357
231412
231575
231732
232253
232511
233290
233395
233812
233818
234415
234416
234845
235145
235145
236483
236581
236944
237199
237791
238107
238705
239647
239807
239838
239903
240036
240310
241878
242673
243250
243303
243419
243426
243673
243913
243982
244203
244734
245096
245102
245590
245894
245927
246762
247055
247186
247291
247417
247438
247645
247808
249271
249591
249776
249853
249925
250110
250825
251259
251452
251529
251988
252710
253053
253203
254347
254952
255303
255705
255805
256394
256593
257233
257820
257998
258288
258792
258965
259051
259271
260174
260547
260829
260853
261467
262717
263308
265065
265907
266278
266613
267133
267360
268898
269196
269199
270068
270389
270864
271514
272314
272767
272770
273310
273541
273940
273960
274568
274871
275149
276656
277050
277105
277466
277470
278289
278352
278834
279472
280047
280120
280394
280781
280891
281018
281891
281966
283540
283824
284556
284894
285376
285632
285830
286814
286839
286849
287395
287622
287809
291225
291574
291595
291767
292013
292239
292400
296264
296687
299173
299276
299714
300443
300813
300872
301136
302341
302396
303499
303886
303956
304226
307814
308445
308997
309637
310104
310225
310488
311608
312237
312394
313406
313528
313676
314358
315723
317628
318783
319113
319486
320220
320717
320909
321307
322110
322710
322988
323037
323464
323936
332559
334494
335683
337218
337573
338328
338568
339854
340695
341229
342123
343456
347364
349288
350213
351969
356894
356976
358439
358819
359056
362175
362271
362777
366965
367472
367696
368174
368181
369163
369567
371578
375119
377270
379811
384958
387772
389579
398651
401779
407196
414676
417424
418235
419223
419824
419899
424985
435168
440037
446978
448517
452019
454741
456196
474148
497863
500225
511453
524049
527487
535213
547515
586964
590869
