0
0
72
97
178
187
212
258
262
412
611
664
676
739
801
819
1002
1020
1031
1123
1199
1229
1248
1274
1369
1379
1466
1498
1558
1871
2412
2443
2516
2552
2593
2600
2601
2821
2840
2885
2984
3037
3177
3210
3361
3414
3502
3590
3697
3789
3806
3903
4039
4188
4280
4319
4489
4622
4640
4875
4913
4922
4934
4991
5085
5179
5313
5316
5363
5366
5426
5612
5685
5839
5859
5871
5885
5933
5974
6154
6161
6173
6215
6292
6409
6562
6577
6615
6652
6778
6821
6919
6990
7083
7217
7386
7529
7550
8030
8070
8087
8128
8128
8304
8503
8515
8520
8558
8797
8894
8973
9116
9223
9278
9384
9599
9606
9633
9740
9888
10002
10173
10174
10259
10320
10330
10360
10452
10800
11009
11091
11114
11151
11161
11326
11330
11416
11513
11553
11569
11575
11881
11910
11999
12043
12045
12058
12149
12237
12247
12258
12292
12446
12556
12589
12838
12886
12963
12991
13244
13245
13272
13347
13476
13516
13525
13784
13896
13913
13922
13946
14053
14214
14279
14326
14362
14483
14574
14607
14621
14655
14668
14711
14730
14869
15025
15131
15173
15225
15358
15427
15481
15562
15587
15591
15661
15698
15715
15767
15869
16076
16142
16205
16296
16372
16389
16523
16728
16761
16804
16844
16856
16914
17112
17131
17236
17249
17295
17326
17353
17374
17418
17421
17615
17735
17749
18047
18048
18077
18150
18208
18339
18372
18490
18625
18639
18734
18781
18784
18800
18920
19060
19062
19077
19134
19148
19248
19316
19391
19753
19831
19877
19982
19985
20249
20397
20436
20473
20484
20703
20719
20787
20830
20870
20905
20943
21137
21268
21283
21367
21591
21652
21802
21855
22098
22329
22421
22462
22474
22531
22793
22799
22806
22977
23267
23305
23453
23513
23634
23745
23900
23934
23972
23974
24047
24069
24096
24101
24102
24350
24383
24421
24425
24450
24464
24567
24606
24655
24777
24782
25105
25127
25153
25206
25429
25430
25633
25717
25788
25953
26098
26136
26139
26163
26264
26354
26356
26379
26462
26520
26745
26769
26782
26818
26936
26999
27044
27259
27328
27343
27411
27455
27540
27660
27689
27741
27769
27834
27917
27919
28129
28234
28272
28297
28343
28360
28405
28410
28438
28470
28475
28598
28676
28726
28815
28943
29053
29226
29357
29373
29375
29396
29434
29830
29935
30023
30238
30332
30428
30494
30678
30766
30838
30880
30924
30927
30954
31167
31174
31176
31352
31384
31832
31883
31998
32048
32070
32169
32198
32296
32316
32335
32348
32361
32452
32545
32600
32830
32994
33016
33017
33045
33136
33336
33445
33528
33676
33717
33728
33877
34149
34199
34301
34442
34510
34546
34555
34561
34586
34662
34738
34791
35050
35227
35326
35485
35567
35663
35750
35768
35855
35932
36036
36044
36095
36103
36121
36334
36397
36419
36430
36493
36616
36668
36755
36805
36816
36941
37088
37175
37186
37416
37460
37491
37530
37782
37824
38211
38577
38597
38707
38881
38960
38964
39019
39124
39263
39421
39446
39513
39577
39599
39602
39749
40022
40051
40062
40065
40107
40187
40365
40421
40442
40455
40783
40796
40821
40853
40862
41015
41077
41298
41473
41571
41597
41615
41674
42202
42222
42224
42230
42543
42579
42582
42597
42711
42817
42865
42924
42924
42928
43020
43056
43080
43404
43461
43502
43574
43615
43629
43849
43939
44047
44072
44163
44186
44193
44703
44812
44825
44974
45041
45133
45216
45257
45363
45397
45415
45466
45468
45511
45518
45551
45606
45833
45962
46097
46181
46205
46281
46303
46324
46387
46438
46473
46530
46735
46782
46863
46876
46880
46975
46985
46987
47044
47083
47089
47098
47127
47193
47352
47429
47483
47693
47735
47920
47925
47928
47963
47974
47997
48064
48087
48088
48137
48197
48199
48207
48326
48385
48447
48478
48511
48541
48624
48627
48746
48927
49016
49132
49141
49177
49192
49202
49300
49457
49522
49554
49555
49565
49718
49873
49930
49969
49975
49991
50017
50038
50254
50317
50327
50422
50484
50701
50739
50955
51116
51127
51192
51196
51206
51229
51368
51628
51686
51744
51798
51828
51839
51852
51856
51887
51936
51952
52189
52221
52440
52447
52532
52689
52896
53409
53441
53666
53807
53924
53941
54039
54043
54105
54189
54253
54265
54301
54417
54611
54652
54946
55019
55029
55091
55107
55135
55227
55248
55296
55424
55529
55559
55653
55672
55674
55721
55937
55977
56063
56087
56148
56172
56268
56375
56583
56617
56732
56753
56798
56813
56836
56843
56898
56944
57007
57175
57319
57453
57584
57614
57780
57791
57948
57961
58082
58126
58157
58253
58329
58347
58373
58522
58643
58813
58833
58906
58934
58970
59031
59049
59094
59097
59337
59390
59450
59559
59739
59754
59772
59818
59822
59938
60189
60525
60579
60599
60810
60816
60916
60980
61152
61267
61432
61514
61624
61640
61679
61822
61841
62061
62081
62098
62162
62200
62380
62481
62488
62541
62638
62665
62676
63068
63086
63108
63108
63115
63325
63338
63388
63391
63411
63523
63567
63597
63665
63671
64542
64598
64618
64718
64946
65076
65085
65135
65135
65204
65259
65336
65442
65512
65559
65758
66029
66037
66172
66187
66439
66506
66653
66964
66990
66991
67007
67248
67328
67358
67672
67691
67753
67796
67834
67888
67991
68122
68181
68343
68356
68367
68396
68516
68683
68999
69037
69216
69250
69346
69512
69534
69577
69664
70187
70202
70212
70270
70283
70566
70646
70661
70951
71015
71265
71462
71499
71544
71657
71724
72108
72271
72416
72533
72540
72687
72882
72883
73026
73187
73187
73194
73584
73634
73680
73688
74158
74164
74343
74506
74582
74588
74678
74859
74878
75078
75079
75199
75348
75368
75377
75419
75520
75726
75752
75774
75808
75830
75970
76015
76158
76404
76729
76753
76858
76890
76905
76990
77070
77322
77385
77690
77878
78215
78226
78240
78295
78367
78539
78816
78992
79069
79095
79170
79199
79617
79683
79780
79952
80119
80401
80447
80560
80564
80609
80624
80657
80702
80743
80985
81061
81079
81461
81721
81989
82125
82306
82309
82352
82438
82511
82518
82673
82716
82733
82885
82999
83019
83149
83267
83312
83438
83474
83570
83644
83644
83648
83688
83689
83698
83724
83786
84131
84247
84338
84341
84344
84382
84551
84592
84611
84776
84874
84947
85165
85200
85316
85434
85564
85634
85712
85785
85904
86061
86113
86253
86420
86698
87168
87222
87229
87253
87341
87481
87491
87505
87666
87736
87828
87946
88133
88167
88255
88290
88649
88757
88785
88826
88852
88898
89165
89167
89226
89695
89721
89871
90030
90031
90035
90242
90309
90520
90642
90665
90717
90946
91034
91109
91195
91234
91247
91297
91695
91778
92182
92430
92451
92463
92498
92645
92684
92742
92749
92824
92829
92864
92967
93185
93216
93456
93456
93479
93494
93720
93757
94048
94053
94179
94321
94558
94654
94804
94850
94850
94982
95104
95323
95344
95404
95442
95477
95603
95665
95725
95789
95805
95836
95867
96011
96077
96351
96398
96453
96533
96591
96634
96639
96755
96838
96994
97072
97193
97202
97278
97322
97323
97459
97559
97743
97856
97891
97909
98059
98242
98247
98476
98532
98790
98949
98962
99058
99091
99093
99268
99446
99544
99583
99596
99650
99653
99821
99889
100223
100309
100368
100370
100413
100515
100527
100549
100558
100638
100641
100744
100884
100889
100938
101098
101241
101346
101436
101661
101857
101918
101949
102017
102153
102287
102401
102481
102518
102580
102618
102694
102715
102868
102961
102983
103068
103092
103120
103368
103434
103619
103826
103921
104135
104249
104295
104631
104664
104665
104677
104909
104961
105000
105128
105241
105242
105269
105404
105438
105483
105657
105681
105934
105943
106044
106168
106264
106266
106450
106460
106813
106991
107029
107069
107070
107118
107122
107240
107248
107287
107297
107723
107780
108371
108381
108679
108740
108863
108906
108949
108991
109108
109159
109185
109448
109633
109646
109664
109707
109840
109909
109946
110328
110338
110389
110510
110529
110737
110812
111025
111195
111196
111232
111332
111348
111393
111446
111581
111747
112069
112085
112131
112223
112590
112719
112884
112922
113055
113117
113235
113311
113371
113408
113420
113535
113626
114013
114031
114054
114082
114144
114248
114271
114481
114508
114534
114536
114537
114574
114626
114670
114716
114735
114762
114836
114911
114994
115153
115307
115509
115624
116310
116343
116412
116581
116595
116641
116650
116847
116867
117044
117048
117109
117112
117303
117353
117427
117836
117884
117928
118445
118468
118488
118523
118933
119145
119358
119597
119620
119662
119692
119992
120194
120212
120361
120375
120377
120387
120543
120956
121046
121247
121405
121405
121453
121458
121458
121694
121915
122059
122092
122101
122152
122154
122162
122221
122636
122670
122990
123398
123826
124036
124060
124213
124228
124309
124377
124471
124620
124726
124739
124866
124888
124950
124958
125073
125090
125131
125165
125177
125429
125602
125716
125802
125807
125811
125845
125870
125876
125978
126161
126384
126638
126653
126768
126880
126956
126974
127012
127020
127307
127658
127763
127769
127952
128388
128473
128540
128580
128959
129008
129038
129652
129693
130305
130393
130467
130667
130683
130683
130822
131079
131263
131278
131856
131875
131979
132095
132771
132776
133289
133564
133586
133590
133650
133788
134092
134134
134204
134284
134315
134575
134589
135087
135147
135484
135833
135906
136355
136556
136565
136687
136691
136775
136822
137084
137088
137296
137301
137428
137639
137640
137750
137814
137866
137868
137973
138012
138529
138691
139118
139257
139306
139323
139330
139421
139469
139688
139731
139829
139840
140053
140173
140572
140672
140748
140945
140958
140970
140989
141163
141206
141319
141322
141373
142123
142280
142515
142715
142725
142960
143135
143210
143229
143351
143429
143440
143627
143708
143876
143993
144031
144068
144094
144355
144842
144867
144988
145001
145202
145409
145455
145552
145664
145856
145954
146101
146273
146331
146502
146791
147008
147082
147374
147423
147654
147760
147781
147810
147905
147947
147971
148148
148195
148199
148627
148840
148985
149177
149279
149359
149578
149699
150004
150274
150364
150922
150968
151016
151154
151163
151213
151340
151489
151634
151739
151751
151934
152249
152393
152537
152602
152928
153010
153040
153195
153324
153563
153881
153939
153959
154377
154468
154598
154857
154901
154990
155061
155256
155542
155772
156327
156346
156349
156434
156785
156912
157056
157167
157183
157186
157216
157247
157686
158165
158445
158559
158601
158730
158802
159003
159032
159303
159703
159746
160176
160301
160315
160535
160707
160708
160748
160828
160898
161077
161183
161338
161431
161437
161464
161520
161533
161649
162067
162083
162233
162448
162643
162647
162655
162920
162950
163122
163583
163689
163692
163878
164619
164711
164763
165119
165126
165767
166315
166527
166595
166614
166946
167078
167445
167513
168284
168382
168481
168515
169008
169312
169486
169542
169759
169868
169979
170147
170542
170576
170726
170777
171002
171029
171136
171188
171317
171429
171460
171586
172611
172666
172686
172971
172983
173108
173262
173409
173452
173463
173526
173649
173846
174076
174272
174374
174425
175443
175507
175584
175718
176798
176911
176985
176988
177145
177252
177333
177359
177674
177925
178136
178403
178443
178567
178654
179190
179204
179207
179545
179994
180212
180228
180275
180317
180386
180507
181120
181857
181973
182116
182154
182308
182309
182333
182349
182534
182571
182754
182808
183038
183051
183104
183181
183754
183763
183961
183972
184004
184033
184034
184112
184245
184466
184497
184661
184736
184824
184872
185037
185108
185443
185608
185638
185710
186101
186432
186609
186955
187017
187115
187409
187939
188365
188524
188892
188906
188915
188952
189024
189381
190024
190177
190248
190566
190604
190618
190708
190871
190932
191362
191675
191701
191914
191915
192019
192024
192274
192789
193491
193535
193599
193752
193805
194539
194590
195289
195697
195960
196001
196108
196544
196706
196786
196882
196896
196900
197013
197062
197083
197410
197524
198162
198326
198766
199073
199238
199260
199290
199411
199975
199976
200013
200275
200331
200490
200494
200518
200827
200849
201089
201254
201354
201706
201772
201812
201973
202370
202596
202600
203277
203606
203631
203959
204411
204426
204669
204924
205441
206077
206150
206519
206572
206946
207461
207595
207618
207984
208447
208565
208676
209468
209834
210266
210804
210896
210921
210929
210955
211858
211930
212053
212467
212512
213350
213443
213549
213550
213656
213807
213870
213965
214035
214052
214188
214777
214885
215157
215232
215238
215365
216137
216443
216689
216966
217003
217275
217362
217395
217516
217651
217769
218121
218145
218230
218422
218529
218872
218891
219250
219415
219668
219767
220064
220227
220684
221173
221324
222071
222360
222374
222485
222526
222997
223475
223616
223682
223818
224105
224163
224165
224939
225191
225385
225571
226222
226450
226578
226752
226842
227152
227268
227287
228028
228667
228953
229476
229870
230088
230198
230212
230255
230712
230715
230822
231107
231401
231799
231847
232035
232758
232820
233126
233291
233396
233405
233467
233912
234382
234389
234628
234646
234841
234887
235835
235947
236051
236300
237042
237194
237286
238106
238812
238897
238997
239089
239492
239780
239861
240148
240332
241179
242064
242581
242665
243318
243363
243609
243674
244034
244202
244356
244448
244981
245145
245609
246029
246109
246403
246650
246937
247299
247523
248622
248858
248903
249237
249655
249726
249808
249925
250210
250231
250234
250316
250649
250783
250790
251189
251202
251346
251371
251568
252462
252612
252919
253259
253461
253812
255247
256460
256783
257214
257305
257562
257822
258125
258266
258844
259092
259212
259526
259707
259955
260359
260747
260762
261052
261221
261327
261837
262034
262388
262505
262833
263227
263747
264204
265226
266384
266998
267076
267122
268330
268380
268681
269176
269382
269955
270284
270644
270793
270813
272093
272178
272220
272583
273262
273263
273397
273554
274218
275090
275259
275439
275744
276724
277762
278596
278640
278860
279768
280077
280102
280211
280413
280674
280911
281027
281485
281836
282662
282988
284362
286040
286813
286921
287371
287605
288599
289406
289509
289753
289817
290663
291016
291511
291934
292496
292602
292968
293402
293607
294204
294934
295023
295640
296486
297696
297715
297878
297887
298051
298213
298319
298917
299301
299945
300010
300101
300897
301558
301588
303093
304839
305261
305724
305925
306087
307331
307927
309211
309643
310246
310437
310568
311104
311253
311374
311408
313949
314033
315265
315723
316271
316299
316400
316490
316620
317233
317720
319096
319803
319934
319990
320098
321377
321391
323536
323789
324648
324785
324837
325182
326393
327073
327615
328799
329942
330020
330254
330370
331278
331915
331959
333468
333921
335096
336320
339224
340408
340613
341074
341564
344029
344051
344452
344787
344937
345943
346515
346799
347194
348773
349451
352742
353624
353774
353793
354469
355693
356846
357635
358150
359402
362137
362670
363347
364381
365777
365949
367058
367225
369331
369909
371537
371702
371838
373676
375617
376475
377034
377921
378102
378648
378697
381584
381594
383244
383621
383857
385953
386930
387266
387438
390816
391218
391440
394185
394892
395136
395157
395430
395991
396106
400658
403224
406020
417793
419287
419977
422373
423110
423212
434768
438582
440088
440482
441295
443504
448413
448554
451677
454634
457918
461056
461088
471383
479183
482658
487075
487372
488242
497036
498198
498679
498906
500971
511461
514798
518218
546534
553994
554589
