0
0
74
296
309
353
377
391
439
623
669
776
778
881
897
921
987
1060
1209
1219
1277
1395
1396
1494
1548
1676
1756
1833
1967
2190
2198
2248
2308
2409
2439
2687
2751
2832
2900
2911
2935
2942
3049
3051
3104
3113
3150
3246
3250
3307
3326
3344
3546
3581
3812
3845
3992
4106
4189
4200
4218
4246
4401
4427
4527
4594
4642
4674
4712
4768
4795
4801
4853
4886
4923
5167
5181
5216
5315
5462
5490
5557
5893
5974
6056
6104
6150
6222
6291
6316
6332
6347
6352
6413
6499
6532
6683
6725
6784
6807
6809
7058
7152
7247
7322
7325
7479
7501
7513
7579
7602
7703
7769
7875
7916
8098
8129
8142
8151
8165
8217
8315
8357
8427
8490
8576
8707
8822
8984
9082
9101
9145
9166
9244
9301
9382
9631
9653
9701
9723
9824
9985
9989
10132
10155
10188
10218
10372
10384
10420
10490
10506
10514
10787
10835
10856
10909
10999
11007
11024
11088
11112
11174
11343
11424
11428
11445
11497
11513
11514
11558
11578
11614
11658
11755
11903
11913
11922
11975
12174
12204
12342
12347
12665
12681
12748
12787
12813
12861
12889
12957
13118
13143
13279
13361
13404
13549
13555
13564
13671
13697
13707
13790
13799
13887
13943
14041
14202
14425
14479
14544
14570
14572
14681
14710
14722
15051
15203
15349
15432
15486
15500
15728
15812
15818
15973
16131
16189
16211
16223
16431
16481
16573
16585
16607
16672
16788
16840
16930
16966
17040
17042
17061
17126
17191
17324
17514
17554
17629
17730
17757
17775
17900
17934
17934
17979
18067
18165
18171
18393
18462
18900
18910
18955
18962
19201
19259
19277
19291
19296
19375
19440
19595
19798
19961
19981
20016
20045
20157
20235
20308
20451
20485
20496
20621
20764
20902
21129
21233
21257
21281
21304
21410
21550
21568
21574
21698
21776
21817
21835
21861
21863
21878
21946
21977
22038
22181
22191
22227
22307
22341
22362
22482
22652
22672
22788
22814
22980
23016
23508
23554
23582
23689
23761
23828
23859
23864
24135
24193
24233
24315
24430
24527
24530
24601
24624
24723
24948
25236
25254
25331
25358
25670
25733
25757
25898
25928
26067
26093
26112
26171
26220
26271
26301
26374
26474
26625
26714
26806
26941
26942
26990
27037
27113
27164
27192
27259
27270
27581
27658
27911
27948
28073
28096
28107
28170
28345
28539
28600
28711
28974
29108
29338
29344
29471
29553
29584
29630
29638
29664
29741
29913
30038
30073
30074
30138
30145
30256
30321
30425
30540
30780
30846
30935
31008
31165
31262
31297
31405
31493
31618
31696
31727
31828
31830
32040
32125
32170
32192
32204
32238
32245
32277
32367
32428
32454
32486
32965
33053
33067
33140
33141
33148
33231
33397
33443
33569
33630
33647
33652
33929
34104
34195
34204
34305
34318
34364
34507
34578
34611
34890
34904
34906
35044
35103
35122
35134
35164
35298
35494
35671
35699
35907
35930
36022
36088
36132
36309
36389
36446
36467
36469
36534
36604
36885
36890
37050
37164
37204
37300
37302
37326
37338
37416
37450
37528
37540
37548
37555
37582
37606
37647
37670
37719
37898
37935
38048
38099
38229
38318
38322
38399
38574
38579
38649
38701
38739
38755
38813
38944
39090
39156
39182
39257
39324
39436
39460
39530
39546
39617
39792
39812
39885
40052
40142
40145
40270
40404
40437
40525
40619
40758
40796
40819
40997
41110
41204
41225
41435
41705
41879
41987
41994
42115
42175
42234
42363
42408
42420
42442
42516
42567
42632
42676
42749
42844
42902
43069
43154
43164
43430
43522
43650
43684
43868
43915
43938
44184
44569
45051
45185
45214
45225
45230
45267
45323
45512
45633
45697
45778
45878
45954
46265
46284
46451
46486
46558
46670
46681
46734
46766
46771
46852
47103
47139
47146
47152
47173
47276
47303
47348
47360
47382
47532
47624
47625
47679
47809
47841
47907
47932
47962
48125
48189
48437
48524
48672
48762
48805
48824
49020
49201
49279
49363
49441
49581
49687
49751
49808
49859
49912
50070
50132
50195
50212
50296
50319
50327
50520
50541
50578
50653
50758
50778
50808
50826
50901
51001
51127
51153
51215
51400
51400
51460
51519
51520
51556
51622
51672
51712
51786
51805
52041
52226
52373
52451
52556
52570
52663
52686
52722
52834
52868
52869
52910
52997
53175
53314
53553
53623
53638
53670
53689
53689
53999
54213
54231
54248
54275
54351
54379
54525
54538
54585
54610
54693
54721
55019
55079
55212
55255
55319
55320
55334
55368
55690
55699
55752
55797
55941
55985
56051
56176
56388
56395
56456
56470
56561
56635
56664
56734
56736
56760
56790
56845
56936
57013
57165
57303
57314
57364
57669
57693
57724
57742
57826
57881
57901
57918
57924
57932
58251
58336
58589
58648
58819
58881
58969
58973
59038
59057
59106
59148
59164
59292
59330
59416
59664
59759
59885
59885
59943
59954
60090
60223
60449
60671
60820
60995
61137
61162
61312
61325
61329
61339
61448
61524
61651
61827
61850
61861
61862
61888
62028
62074
62218
62383
62595
62599
62618
62618
62642
62710
62753
62841
62922
62963
63040
63062
63072
63154
63382
63619
63640
63714
63784
63794
63893
64002
64068
64078
64174
64327
64502
64507
64639
64731
64824
64827
64889
64956
65421
65466
65497
65570
65686
65941
66274
66332
66380
66560
66586
66840
66877
66968
67205
67436
67890
67903
67967
68038
68191
68209
68215
68283
68285
68344
68571
68639
68844
68850
68921
69003
69073
69214
69398
69611
69631
69890
69937
70150
70235
70368
70435
70459
70473
70487
70494
70632
70671
70766
70844
70950
71131
71244
71510
71521
71750
71925
71948
72074
72092
72092
72150
72162
72221
72235
72407
72461
72485
72531
72746
72856
72895
72914
72966
73015
73082
73416
73535
73541
73765
73822
73900
73914
74049
74170
74196
74207
74483
74487
74583
74655
74801
74821
74930
74998
75177
75258
75270
75270
75401
75545
75546
75733
76037
76167
76189
76282
76365
76447
76477
76598
76763
76807
76923
76931
77105
77162
77295
77578
77673
77731
77780
77798
77839
77925
77927
78024
78075
78209
78237
78420
78427
78549
78597
78637
78807
78807
78867
78882
78908
78931
78973
79009
79250
79521
79771
79928
79933
79983
79983
79991
80134
80148
80240
80279
80322
80435
80440
80608
80735
80737
80808
80969
80995
81022
81034
81081
81164
81188
81244
81296
81350
81363
81417
81649
81659
81824
81841
81848
81882
82210
82253
82288
82298
82390
82415
82423
82429
82431
82601
82630
82906
82915
83130
83255
83306
83423
83470
83966
84151
84158
84276
84332
84532
84625
84655
84770
84811
84862
85119
85123
85187
85351
85362
85471
85655
85656
85760
85814
85892
85917
85919
85984
85998
86132
86140
86233
86403
86488
86504
86524
86548
86561
86661
86680
86741
86883
86889
86917
87014
87085
87089
87095
87206
87294
87323
87445
87743
87790
87848
88069
88098
88165
88192
88223
88242
88796
88819
88850
88870
88916
89034
89146
89394
89652
89680
89692
90001
90033
90329
90425
90616
90675
90759
90780
90781
90817
90915
90941
90981
91040
91169
91495
91521
91541
91736
91801
91849
91889
91912
91931
92031
92074
92076
92179
92230
92568
92583
92605
92769
92851
92952
93000
93072
93075
93118
93195
93213
93282
93560
93847
93916
93957
94045
94116
94373
94408
94444
94494
94511
94513
94550
94647
94841
94855
94860
95158
95256
95308
95554
95695
95715
95807
95919
95947
95972
95988
96078
96089
96189
96471
96572
96636
96762
97022
97264
97277
97308
97401
97454
97463
97468
97596
97647
97648
97765
97769
97959
97960
97972
98134
98141
98144
98277
98286
98393
98424
98662
98673
98963
99080
99245
99298
99360
99375
99382
99607
99618
99630
99652
99682
99741
99758
99989
100049
100154
100173
100279
100473
100523
100643
100654
100690
100778
100848
100873
100896
100948
101053
101107
101160
101261
101397
101449
101462
101516
101542
102054
102121
102153
102205
102427
102582
102682
102755
102803
102879
103186
103498
103499
103753
103781
103943
104000
104186
104284
104309
104771
104790
104923
104959
104963
104969
105042
105156
105303
105305
105448
105489
105500
105535
105740
105772
105787
105869
106068
106099
106267
106310
106528
106530
106534
106540
106687
106698
106896
106928
106990
106997
107055
107431
107502
107580
107660
107663
107922
108086
108314
108363
108408
108427
108658
108922
108983
109055
109178
109463
109755
109787
109790
109941
109942
109982
110008
110191
110433
110498
110682
110695
110697
110919
111141
111258
111279
111507
111760
111974
112030
112394
112532
112701
112800
112907
113056
113075
113094
113125
113497
113644
113711
113778
113784
113837
113863
113885
113904
114271
114634
114739
115068
115356
115485
115499
115537
115638
116001
116134
116268
116329
116329
116339
116611
116629
116631
116732
116834
116840
116882
116929
116953
116956
116968
117099
117164
117365
117372
117396
117521
117596
117612
117927
118141
118204
118243
118384
118673
118883
118943
119003
119159
119194
119444
119837
120015
120193
120269
120308
120339
120427
120688
120927
121003
121030
121080
121336
121409
121507
121582
121619
121792
121889
121946
122000
122054
122233
122362
122461
122821
122950
123083
123235
123310
123391
123644
123716
123777
123882
124046
124066
124149
124149
124161
124185
124247
124528
124597
124670
124744
124794
125041
125113
125294
125538
125651
125783
125849
125876
125909
126450
126572
126596
127272
127331
127368
127375
127574
127578
127640
127711
127714
128080
128197
128341
128423
128487
128516
128674
128877
129093
129439
129540
129963
130022
130055
130194
130497
130507
130529
130685
130752
130794
130807
130818
130925
131034
131130
131878
131879
131956
132016
132162
132368
132391
132986
133082
133214
133243
133250
133376
133575
133615
133751
133910
134069
134286
134653
134654
134822
134898
134937
135163
135586
135613
135664
135803
135841
136133
136259
136408
136459
136472
136573
136574
136654
136705
136709
136736
136881
137174
137191
137421
137456
137635
137680
137932
137950
138000
138123
138203
138362
138433
138502
138546
138794
138933
138975
138977
139173
139230
139347
139469
140051
140065
140100
140135
140214
140296
140334
140572
141302
141377
141484
141627
141783
141852
141855
141857
141878
141887
142018
142228
142229
142326
142509
142840
142955
143162
143445
143459
143595
143764
143795
143824
144069
144084
144092
144272
144341
144503
144598
144630
144691
145008
145138
145217
145712
145751
145814
145908
146523
146821
147202
147204
147314
147315
147399
147425
147436
147450
147537
147891
148017
148080
148130
148340
148357
148372
148513
148542
148714
149008
149823
149834
150204
150267
150489
150665
150815
150840
151044
151126
151156
151228
151371
151388
151450
152099
152161
152348
152374
152379
152495
152599
152656
152748
152901
153195
153233
153275
153346
153500
153514
153563
154000
154335
154374
154386
154455
154457
154555
154574
154715
154745
154782
154796
154918
155008
155081
155206
155291
155400
155430
155438
155601
155671
155689
155715
155757
156056
156153
156433
156474
156548
156680
156711
156810
157002
157023
157262
157479
157592
157893
158443
158582
158913
159764
159797
159884
159959
160153
160200
160270
160524
160647
160696
160810
161009
161075
161136
161203
161705
161730
161964
162007
162050
162373
162576
162834
163251
163316
163370
163417
163466
163598
163621
163753
163756
163808
163995
164015
164218
164249
164507
165038
165461
165485
165502
165863
166083
166494
166724
166840
167098
167437
167471
167626
167627
167678
167791
167911
168198
168624
168727
168762
168798
168896
169352
169390
169749
169786
169856
170068
170075
170162
170164
170433
171062
171098
171142
171150
171626
171629
171838
172142
172426
172543
172753
172864
172918
172925
172959
173212
173280
173469
173734
173785
173850
173868
174036
174102
174345
174361
174392
174527
174557
174571
174724
174725
174835
174860
175764
175767
176115
176266
176415
176717
176748
176791
176801
176851
177046
177219
177298
177376
177565
177593
177672
177715
177872
177894
177899
178006
178121
178523
178699
178716
178907
179495
179569
179698
179792
179918
179999
180030
180054
180389
180522
180667
180808
180815
180969
181263
181379
181414
181449
182267
182548
182601
182632
182797
182817
182820
182983
183054
183249
183342
183420
183801
184530
184817
184883
185036
185085
185557
185726
185756
185769
185956
186166
186399
186522
186528
187335
187353
187710
187784
188102
188275
188313
188370
188451
188687
188880
189311
189594
189798
190150
190165
190232
190405
190485
190518
190564
190599
190881
191124
191143
191784
191796
192237
192549
193509
193562
193714
193744
193794
193973
194207
194249
194465
194754
195039
195281
195314
195480
195507
195569
195693
196034
196057
196195
196306
196553
196601
196902
196998
197098
197317
197325
197477
198031
198300
198309
199221
199431
199871
200356
200765
201057
201154
201330
201699
201908
202075
202110
202184
202423
202557
202596
202778
203108
203233
203657
204272
204714
204854
205088
205118
205153
205184
205655
205680
206577
207276
207505
207620
207659
207662
207755
207800
207841
207858
207957
208032
208313
209050
209204
209329
209513
209523
209728
209966
210037
210116
210230
210540
210579
210591
210608
210745
211489
211622
212255
212464
212653
212728
212824
213268
213278
213388
213618
213797
214197
214311
214630
214776
215245
215333
215490
215755
215822
215948
216411
216465
216734
216852
217071
217439
218017
218091
218267
218451
219037
219159
219957
220049
220138
220279
220392
220660
220857
220957
221592
221983
222128
222219
222282
223507
223643
223706
223754
224694
225114
225387
225432
225601
225825
226455
226784
227103
227122
227362
227561
227590
227683
228287
228366
228423
229488
230183
230322
230541
230612
230644
230706
230732
231190
231394
231898
232072
232252
232586
233078
233318
233424
233694
233820
233837
233861
233999
234233
234801
234933
234967
235408
235464
236073
236987
236995
237066
238204
238382
238554
238671
240190
240372
240717
240836
242207
242274
242290
242538
243277
243388
243803
244056
244867
245141
245530
245746
246667
246892
247054
247648
247747
249120
249259
249273
249951
249975
250173
250365
250610
250677
250846
251429
251611
251641
252648
253030
253118
253133
253954
254081
254429
254596
255078
255654
256490
256861
256944
257477
257614
257923
258995
259369
259560
260014
260071
260224
261715
261884
262122
262130
262509
263385
263705
263743
263809
263883
264671
265049
265211
265259
265431
265451
266770
267039
267705
268136
268235
268747
269362
269788
270501
270737
270926
271331
272122
273237
274600
274745
274951
275457
275510
275751
275829
276116
276181
276190
276572
276817
277723
277883
277897
278569
278802
278926
279763
279899
279934
280044
280602
280758
281021
281552
281794
281930
282141
282239
282854
283775
283803
284042
284879
285253
285300
285653
285729
286097
286639
287083
287248
288656
289439
289852
289978
290836
290906
291201
291518
292312
292476
293183
294010
294974
295446
295522
295664
297547
297731
297732
298230
298352
299002
299468
300135
300631
300940
301596
302592
302754
303525
303830
303997
305351
307028
307443
307736
307886
309104
309931
310120
310256
310696
311364
311493
311906
312357
313542
314986
315107
315456
315898
316082
316151
316683
316808
317109
317374
317411
318291
320135
320293
320916
322661
323142
323398
324021
324727
325328
326486
326719
326880
327208
327271
328421
329148
329725
330545
331016
331050
331208
332241
333367
334186
335631
338448
338896
339364
341144
342407
342941
343323
343898
344158
345151
348100
348311
351887
352540
353842
353980
354642
357125
357953
359310
359602
359792
359927
360401
360507
361602
362901
363023
363899
365366
366500
369107
369587
369748
371935
372918
374298
374978
375111
380321
382263
383323
383642
383796
384751
385511
386346
387440
387955
388381
390199
391578
392273
397370
397968
400510
402280
406511
409361
410836
411917
412545
413576
413591
420405
421543
421846
424520
433367
434618
435815
436338
436807
436886
440618
444285
450230
451131
451542
452300
454614
459936
462846
466274
471086
472383
475590
481347
486361
487216
494569
495267
502286
502819
552703
