0
0
13
23
32
39
116
138
156
242
346
441
462
503
563
565
569
625
701
703
793
936
943
992
1033
1185
1195
1265
1293
1298
1308
1551
1557
1589
1648
1648
1692
1702
1708
1754
1760
1820
1975
1983
2106
2164
2207
2246
2399
2413
2480
2512
2539
2626
2676
2818
2849
2961
3022
3041
3054
3069
3077
3158
3208
3317
3341
3349
3400
3521
3540
3574
3596
3675
3741
3767
3828
3881
3957
3962
3976
4002
4110
4118
4133
4200
4410
4432
4437
4470
4513
4525
4589
4591
4832
4850
4859
4944
5001
5425
5463
5480
5530
5548
5575
5644
5704
5762
5770
5821
5938
5952
6009
6039
6053
6174
6223
6254
6322
6511
6554
6592
6818
6837
6880
6911
6920
6924
6987
7030
7178
7206
7247
7248
7301
7413
7422
7430
7459
7570
7800
7869
7885
7895
7942
7951
8153
8167
8198
8204
8242
8330
8400
8404
8426
8430
8443
8503
8510
8518
8532
8710
8720
8754
9083
9241
9274
9280
9412
9466
9521
9619
9630
9666
9676
9802
9824
9867
9922
9954
10000
10082
10147
10202
10356
10605
10707
10779
10793
10849
10947
10954
11096
11148
11222
11250
11266
11359
11520
11532
11637
11696
11745
11759
11800
11904
11922
11966
12023
12066
12123
12266
12428
12457
12504
12520
12601
12681
12728
12742
12744
12746
12823
12826
12840
12843
12867
12893
12913
13007
13071
13085
13162
13165
13215
13216
13216
13268
13412
13507
13580
13638
13775
13785
13845
13963
14009
14013
14114
14182
14221
14249
14252
14271
14340
14380
14555
14560
14903
14964
14993
15080
15091
15206
15275
15344
15466
15602
15605
15742
15743
15750
15780
15897
15909
15975
15991
16025
16059
16067
16198
16249
16292
16312
16452
16551
16606
16614
16667
16677
16798
16847
16853
16909
16922
17105
17200
17306
17426
17434
17450
17476
17487
17527
17545
17606
17632
17645
17874
17922
17943
18048
18064
18134
18135
18318
18386
18525
18630
18726
18775
18933
18955
18959
19005
19007
19009
19142
19213
19321
19421
19451
19464
19504
19512
19575
19648
19649
19715
19747
19789
19795
19846
19848
19849
19936
19962
19983
19991
20088
20220
20231
20321
20522
20540
20599
20636
20704
20836
20859
20868
20872
20920
20944
21038
21042
21067
21090
21189
21228
21228
21391
21448
21516
21524
21550
21604
21911
21961
21980
22096
22170
22176
22181
22226
22246
22247
22248
22307
22361
22378
22390
22392
22488
22535
22582
22591
22622
22636
22715
22754
22814
22862
22892
22926
22966
23052
23115
23143
23163
23280
23380
23460
23688
23691
23703
23765
23850
23911
23918
24030
24062
24136
24228
24247
24324
24338
24354
24489
24515
24589
24631
24717
24830
25038
25263
25313
25532
25614
25766
25809
25859
25872
25977
25983
26091
26254
26354
26383
26449
26609
26615
26634
26636
26663
26736
26747
26762
26773
26778
27035
27068
27083
27099
27229
27299
27327
27365
27396
27410
27719
27799
27905
27932
28006
28085
28116
28123
28258
28361
28376
28406
28465
28487
28508
28695
28734
28791
28968
29018
29024
29097
29394
29462
29574
29673
29845
29878
29961
29984
30005
30176
30209
30226
30253
30289
30364
30392
30401
30427
30582
30763
30764
31027
31064
31267
31268
31278
31324
31389
31528
31584
31637
31733
31851
31952
31952
32159
32263
32290
32324
32381
32393
32401
32428
32501
32623
32627
32639
32716
32807
32848
33031
33151
33257
33448
33572
33670
33770
33771
33795
33847
33956
34060
34136
34280
34298
34345
34448
34486
34574
34785
34797
34861
34871
34954
35049
35267
35294
35480
35562
35608
35609
35667
35725
35787
35832
35930
35963
35970
36327
36338
36362
36457
36518
36528
36564
36600
36625
36649
36690
36808
36891
36897
37030
37066
37232
37278
37286
37707
37765
37883
37934
37969
38053
38112
38118
38212
38224
38236
38284
38313
38325
38394
38398
38484
38488
38490
38548
38607
38637
38644
38745
38800
38860
38860
38879
38942
38948
39028
39029
39106
39132
39185
39281
39323
39372
39441
39445
39496
39648
39707
39733
39782
39876
39897
39946
39963
39983
39987
40015
40189
40334
40340
40485
40531
40757
40834
40922
40930
40985
41008
41101
41127
41153
41195
41274
41375
41420
41435
41473
41485
41514
41522
41616
41841
41855
41878
41917
42023
42041
42187
42227
42281
42292
42324
42407
42412
42496
42516
42619
42769
42811
42855
42933
43053
43111
43170
43234
43289
43340
43451
43538
43600
43619
43638
43708
43738
43779
43920
44000
44038
44074
44088
44181
44412
44464
44482
44527
44681
44738
44760
44778
44844
44849
44878
44883
44937
45001
45076
45090
45153
45175
45215
45221
45254
45255
45256
45313
45325
45329
45351
45377
45422
45497
45689
45704
45904
45941
46190
46260
46502
46636
46662
46933
47019
47047
47070
47081
47112
47172
47387
47579
47659
47684
47722
47736
47765
47773
47781
47806
47909
47918
47932
47954
48011
48074
48126
48185
48477
48495
48506
48558
48563
48590
48634
48653
48720
48740
48830
48850
48954
49071
49212
49254
49305
49330
49358
49379
49435
49483
49499
49595
49615
49705
49712
49870
49889
49940
50180
50540
50641
50665
50774
50776
50784
50841
50884
50964
51157
51166
51180
51239
51291
51297
51320
51352
51403
51481
51580
51591
51601
51604
51630
51674
51754
51783
51872
51899
51939
51970
52133
52187
52310
52343
52394
52477
52557
52564
52584
52701
52706
52728
52815
52839
52866
52892
52939
53028
53067
53080
53154
53155
53211
53278
53304
53325
53369
53598
53630
53657
53688
53742
53803
53845
53877
53992
53992
54136
54168
54261
54313
54370
54449
54528
54532
54594
54678
54709
54801
54960
55034
55069
55078
55135
55193
55198
55231
55287
55365
55379
55434
55441
55451
55720
55767
55774
55841
55841
55968
55988
56040
56141
56154
56204
56242
56343
56485
56507
56811
56827
56921
56928
57012
57158
57160
57197
57201
57211
57254
57300
57326
57434
57463
57536
57620
57628
57809
57884
58052
58089
58116
58210
58222
58350
58366
58405
58428
58430
58496
58497
58577
58577
58727
58734
58768
58771
58778
58826
59067
59204
59306
59396
59401
59402
59424
59432
59505
59520
59639
59651
59722
59738
59827
59961
59984
60379
60390
60413
60701
60867
61027
61072
61134
61153
61160
61173
61264
61354
61410
61552
61572
61649
61693
61870
61882
61920
61976
62346
62351
62432
62447
62556
62584
62586
62647
62660
62694
62742
62744
62903
62975
63039
63062
63064
63086
63095
63102
63177
63259
63295
63311
63404
63466
63512
63527
63619
63713
63874
63941
64159
64172
64196
64317
64400
64410
64491
64520
64520
64530
64571
64604
64627
64712
64726
64751
64772
64859
64980
65095
65122
65137
65329
65374
65391
65678
65752
65754
65785
65826
66070
66160
66213
66251
66254
66321
66467
66751
66773
66793
66805
66813
66946
67104
67141
67354
67448
67526
67556
67718
67743
67756
67769
67781
67801
67879
67889
67909
67934
68101
68236
68276
68287
68339
68431
68495
68806
68882
68935
68982
68988
69020
69130
69229
69397
69455
69460
69664
69731
69917
69987
70193
70347
70351
70365
70429
70443
70444
70616
70678
70696
70712
70833
70853
70913
70953
71068
71071
71256
71327
71366
71459
71466
71475
71554
71586
71600
71659
71664
71672
71739
72014
72030
72055
72124
72126
72416
72552
72610
72630
72705
72826
72999
73020
73021
73075
73117
73499
73616
73656
73707
73867
73997
74046
74072
74077
74124
74150
74245
74296
74357
74467
74495
74505
74571
74599
74685
74707
74884
74909
74933
74948
74978
75063
75080
75140
75192
75237
75247
75299
75383
75429
75430
75603
75707
75725
75871
75921
76000
76050
76248
76307
76380
76427
76464
76547
76740
76757
76791
76797
76798
76821
76825
76930
76949
76972
76978
77024
77062
77086
77243
77316
77330
77410
77481
77659
77727
77794
77816
77854
78275
78304
78306
78342
78519
78563
78888
78994
78997
79095
79293
79332
79346
79371
79715
79801
79948
80027
80036
80068
80346
80528
80556
80597
80707
80731
80780
80902
80919
81120
81161
81254
81329
81367
81413
81474
81615
81664
81809
81868
81881
81957
82080
82082
82478
82700
82876
82987
83167
83324
83376
83396
83449
83541
83578
83873
83945
83952
83964
83998
84000
84039
84146
84220
84224
84326
84333
84339
84457
84494
84536
84689
84697
84728
84739
84926
84953
85118
85148
85159
85170
85180
85198
85300
85390
85428
85447
85538
85560
85571
85635
85659
85732
85735
85738
85758
85800
85838
85858
85864
85924
85969
85982
86146
86269
86325
86399
86515
86584
86612
86721
86739
86815
86915
87031
87137
87206
87207
87248
87255
87310
87322
87406
87457
87547
87548
87550
87560
87654
87687
87739
87818
87831
87985
88162
88183
88299
88342
88465
88575
88599
88753
88773
89050
89054
89081
89143
89277
89358
89415
89517
89559
89652
89686
89691
90100
90171
90236
90355
90377
90412
90437
90889
90896
90907
91129
91161
91427
91497
91497
91556
91664
91723
91746
91806
91815
92040
92106
92192
92269
92275
92353
92361
92494
92532
92575
92605
92665
92728
93211
93228
93267
93321
93333
93344
93377
93460
93675
93715
93988
94187
94215
94235
94440
94729
94746
94769
94789
94854
94936
94998
95167
95168
95199
95364
95372
95479
95560
95598
95626
95627
95644
95649
95722
95767
95936
96356
96467
96580
96614
96650
96818
96879
96903
97004
97033
97518
97588
97595
97596
97690
97857
97865
97957
98055
98331
98461
98472
98513
98985
99045
99097
99209
99273
99327
99379
99467
99502
99543
99575
99705
99806
99832
99982
100079
100152
100223
100234
100322
100328
100627
100646
100693
100736
100846
100878
100891
100904
100995
100998
101018
101215
101347
101507
101517
101533
101736
101847
102015
102115
102201
102332
102369
102443
102465
102466
102676
102754
102785
102829
102951
102993
103008
103044
103166
103182
103258
103302
103335
103384
103421
103568
103739
103845
103953
104085
104152
104217
104340
104401
104535
104614
104681
104701
104715
104822
104832
105160
105208
105316
105331
105350
105454
105505
105509
105517
105519
105551
105582
105669
105813
105917
105996
106025
106049
106267
106276
106310
106388
106526
106628
106661
106800
106836
106905
106986
107031
107055
107090
107144
107149
107173
107344
107391
107468
107551
107626
107630
107648
107714
107740
107778
107835
107900
107998
108026
108036
108043
108123
108136
108190
108197
108210
108326
108484
108672
108778
108804
108810
109015
109048
109105
109114
109120
109379
109398
109517
110002
110007
110029
110058
110252
110286
110357
110382
110388
110483
110551
110827
111075
111147
111282
111322
111376
111516
111528
111645
111774
111821
111962
112065
112106
112148
112161
112198
112235
112301
112577
112718
112839
112902
113030
113172
113260
113437
113661
113921
113922
114289
114318
114343
114355
114371
114442
114529
114615
114631
114752
114795
114804
114840
115106
115204
115244
115456
115535
115600
115675
115677
115690
115706
115992
116019
116127
116248
116271
116313
116398
116464
116512
116561
116962
117186
117313
117331
117354
117417
117471
117515
117577
117592
117709
117749
117757
117764
117797
117824
117963
117985
117994
117995
118033
118081
118085
118179
118508
118510
118618
118902
119112
119228
119242
119559
119608
119734
119744
119901
119912
119913
119991
119997
120083
120105
120109
120305
120420
120487
120546
120603
120668
120695
120737
120784
120859
121162
121207
121325
121361
121373
121402
121447
121469
121510
121546
121626
121803
121985
122270
122366
122444
122472
122501
122647
122736
122807
122827
123321
123487
123488
123700
123757
123759
123781
123809
123852
124161
124359
124398
124445
124693
124782
124825
125165
125179
125388
125473
125554
125560
125592
125609
125795
125817
126069
126104
126172
126255
126328
126549
126568
126735
126935
126938
126943
126974
127007
127086
127110
127433
127642
127657
128094
128174
128287
128433
128517
128558
128612
128742
129123
129230
129290
129376
129506
129700
129777
129784
129843
130066
130115
130117
130195
130257
130268
130319
130345
130409
130537
130580
131037
131090
131153
131166
131180
131208
131646
131664
131862
131882
131888
131982
132072
132211
132229
132276
132277
132332
132462
132500
132549
132586
132737
132951
133106
133281
133292
133546
133571
133586
133592
133606
133635
133702
133972
134035
134199
134259
134296
134394
134505
134712
135026
135098
135174
135181
135228
135278
135350
135406
135511
135685
135694
135755
135774
135795
135834
136005
136134
136145
136193
136229
136273
136498
136599
136631
136637
136863
136913
136957
137040
137048
137124
137153
137197
137301
137377
137541
137844
137893
137954
138367
138623
138647
139011
139030
139099
139171
139228
139589
139590
139601
139770
139794
139808
139846
140026
140221
140236
140247
140448
140468
140529
140563
140782
140828
141297
141313
141522
141627
142060
142253
142411
142461
142799
142813
142917
142988
143017
143099
143337
143367
143388
143600
143691
143742
143817
143872
143896
143994
144155
144215
144303
144434
144499
144521
144567
144614
144705
144763
144855
145253
145271
145369
145419
145533
145589
145787
146026
146077
146138
146170
146451
146459
146484
146739
146811
146907
146907
146942
146984
147040
147141
147215
147312
147400
147464
147676
148063
148281
148753
148811
148937
148973
149032
149214
149731
149878
150050
150099
150215
150260
150327
150408
150528
150818
150888
151035
151116
151205
151211
151234
151272
151295
151384
151445
151551
151729
151868
151968
152175
152457
152551
152599
152629
152639
152854
152913
153104
153276
153360
153471
153631
153633
153677
153699
153738
153744
153848
153866
153873
153932
154076
154167
154281
154434
154850
154872
155005
155240
155328
155369
155467
155672
155749
156005
156077
156117
156286
156363
156453
156591
156732
157206
157289
157301
157318
157412
157593
157740
157783
157865
158017
158242
158339
158643
158744
158839
159022
159034
159115
159116
159156
159168
159175
159337
159416
159489
159731
159962
160140
160216
160346
160386
160410
160460
160504
160599
160600
160617
160751
160969
161085
161125
161181
161211
161232
161254
161290
161317
161429
161460
161718
161741
161775
162035
162213
162261
162346
162581
162585
162766
163396
163399
163411
163451
163630
163652
163919
164013
164058
164063
164076
164277
164651
164683
164753
164793
165001
165099
165323
165554
165769
165819
165827
165849
165850
166056
166118
166174
166179
166206
166262
166271
166362
166730
166807
166991
167060
167076
167374
167405
167683
167808
167851
168120
168281
168311
168389
168776
169059
169149
169339
169469
169771
169848
169921
169943
169974
170016
170045
170082
170141
170288
170391
170438
170697
171016
171203
171292
171345
171355
171589
171608
172039
172076
172188
172209
172214
172427
172924
172956
173164
173265
173423
173483
173750
173936
173942
173990
174006
174029
174054
174056
174168
174201
174240
174494
174741
174816
174992
175011
175029
175210
175224
175241
175369
175471
175539
175697
175768
175942
176157
176177
176653
176752
176890
177093
177110
177168
177432
177436
177459
177475
177717
177847
177932
177973
178377
178732
178940
179356
179372
179590
179848
180243
180258
180286
180290
180360
180387
180419
180597
180965
180991
181123
181168
181621
181791
181801
181869
181985
182039
182233
182583
183572
183587
183748
183770
183853
183932
183940
183977
184132
184768
185072
185090
185300
185311
185830
185837
186045
186519
186529
186558
186692
186894
187053
187102
187171
187178
187204
187342
187369
187467
187502
187636
187935
188001
188010
188599
188631
188758
188938
189061
189090
189222
189286
189420
189615
189870
190098
190269
190410
190535
190611
190720
190887
191121
191147
191247
191285
191289
191393
191512
191578
191725
191730
191841
192010
192064
192211
192385
192672
192856
193054
193172
193197
193280
193474
193525
194116
194120
194271
194350
194372
194375
194577
194724
194773
194839
195031
195243
196166
196620
196857
197069
197213
197372
197585
197625
197682
198071
198083
198320
198447
198461
198711
198810
199245
199462
199567
199695
200233
200341
200388
200427
200548
200708
200719
201007
201115
201176
201879
201951
202268
202268
202948
203150
203381
203511
203641
203771
203815
203937
204167
204264
204561
204637
204663
204678
204734
204771
205022
205089
205527
205611
205783
205892
206521
206532
206592
206737
206845
206911
207096
207129
207224
207229
207302
207453
207534
207564
208024
208042
209496
209898
209978
210149
210371
210414
211001
211018
211066
211113
211354
211464
211540
211731
212717
212861
213059
213111
213399
213427
213699
213754
214255
214302
214322
214532
214631
214689
214751
214864
215217
215594
215770
216129
216316
216668
216833
217112
217471
217531
217613
217621
217895
217953
218099
218535
218681
218993
219044
219095
219612
219655
220289
220751
220806
221128
221395
221564
221713
222160
222624
222660
222683
223050
223465
223717
223725
223772
223924
224049
224402
224761
225234
226078
226164
226285
226415
226754
226855
226920
226981
227162
227252
227341
227422
227460
227654
227840
228080
228093
228104
228153
228211
228396
228510
228753
228827
229090
229768
229942
230218
230294
230314
230362
230425
230447
230580
230621
230847
231458
231510
231667
231965
232180
232216
232780
233047
233092
233265
233279
233313
233450
233464
233555
233838
234381
235057
235374
235498
235813
236018
236137
236298
236595
237068
237112
237349
237433
237670
237796
237927
238143
238176
238275
238444
238625
238663
239224
239399
239477
239658
240541
240731
240732
240963
240979
241097
241164
241280
241401
241697
242238
242493
242512
242786
243481
243743
243796
243914
243970
244252
244605
246060
246193
246269
247371
247393
247536
247630
247797
247885
247893
248100
248186
248665
249070
249164
249702
250149
250157
250364
250548
250630
250659
251062
251285
251496
251859
251872
252082
252327
253306
253384
253774
253989
254850
254907
254990
255609
257411
257476
257774
258200
258316
258398
258662
258865
259095
259548
259939
260017
260128
260223
260505
261009
262152
262543
262869
263090
263587
263632
264298
264731
264944
265686
266796
266911
267000
267193
267440
267986
268022
268155
268243
268461
268769
269033
269233
269352
269733
269919
270311
270624
270641
271021
271728
272207
272213
272775
272892
273400
274210
274428
275080
275087
275179
275240
275364
275749
275919
276231
276497
276775
277071
277355
277965
279051
279804
279870
279975
280214
281108
281443
281648
281712
281998
282741
283403
283734
284753
285198
285358
286695
287054
287565
287952
288324
288851
288986
289592
289819
290232
290398
290998
291065
291280
291896
291933
293316
293539
293748
294897
295914
296290
297765
298399
299331
299424
299935
300283
300599
300688
301002
301049
301887
302976
303984
304921
305065
305801
306907
307008
307382
307716
310066
310572
311347
311446
312434
312442
312988
313665
314574
315460
315643
316199
317114
317924
318099
318737
318816
319518
320373
320623
320899
321019
321114
321585
322079
322301
323055
323403
323428
324182
324325
324519
325074
325708
326387
326425
326499
327751
327926
328368
329334
330132
330200
331966
334199
335565
336008
336176
336281
336947
337699
337960
338408
338523
338652
341529
341864
342099
342418
342604
343460
343585
344496
345471
345596
345744
346074
347251
347372
347744
348311
348847
348862
348909
350211
350400
351678
352607
352946
353324
353540
353617
355065
356748
357971
358577
358832
359525
360690
363146
363195
363407
363653
365989
366408
368172
369215
371485
373676
375404
375442
375744
376746
377685
380658
380969
382490
383688
385162
385844
388774
390235
390873
394880
395601
395903
397757
398413
398962
401443
401827
402115
402655
403712
403791
404177
407006
407918
407993
408784
411263
411407
413192
414574
417369
428664
429689
431366
431559
437888
440604
449924
451528
453961
454919
455328
455716
464453
470848
473390
474867
476299
476649
480197
481051
489867
492049
494960
497303
500943
512314
517394
518253
520643
524869
529499
540620
542346
578576
583218
622425
