0
0
23
37
54
93
112
125
145
184
203
224
307
324
328
371
385
397
434
460
468
490
505
519
524
551
573
577
600
660
714
723
727
771
773
795
805
812
836
881
897
923
928
952
974
976
1020
1074
1116
1156
1204
1210
1222
1245
1289
1292
1360
1374
1375
1379
1391
1413
1436
1481
1511
1528
1573
1593
1599
1623
1675
1680
1699
1713
1747
1754
1754
1756
1757
1760
1761
1761
1772
1785
1793
1813
1835
1837
1848
1853
1881
1889
1954
1992
1995
2013
2027
2061
2118
2159
2189
2191
2196
2198
2201
2203
2231
2245
2288
2298
2321
2332
2340
2350
2382
2382
2389
2422
2423
2445
2458
2546
2584
2584
2590
2636
2653
2670
2676
2676
2678
2728
2797
2861
2875
2883
2914
3040
3046
3052
3065
3071
3079
3093
3102
3109
3149
3262
3270
3308
3328
3331
3372
3399
3403
3416
3454
3460
3487
3498
3539
3543
3581
3593
3597
3602
3635
3640
3682
3694
3704
3717
3732
3751
3769
3863
3872
3877
3969
4021
4046
4138
4140
4151
4171
4183
4188
4258
4271
4315
4443
4446
4460
4498
4503
4529
4548
4551
4590
4624
4648
4651
4686
4707
4721
4739
4753
4808
4822
4839
4869
4901
4975
4979
4995
5017
5018
5054
5062
5079
5085
5088
5121
5137
5140
5147
5148
5150
5211
5261
5261
5268
5317
5320
5323
5346
5359
5440
5459
5468
5478
5501
5547
5559
5570
5620
5643
5655
5656
5676
5677
5679
5687
5735
5765
5808
5814
5816
5831
5843
5847
5856
5868
5896
5906
5953
5972
6004
6014
6022
6048
6057
6080
6084
6097
6110
6114
6120
6157
6159
6159
6161
6168
6214
6225
6226
6236
6239
6255
6278
6309
6309
6327
6331
6371
6416
6444
6451
6455
6482
6558
6559
6584
6621
6643
6688
6703
6788
6799
6823
6836
6893
6918
6924
6945
6951
6952
6993
7005
7022
7028
7103
7111
7133
7146
7156
7158
7190
7284
7312
7315
7411
7482
7510
7517
7528
7556
7590
7654
7672
7708
7708
7762
7776
7817
7852
7908
7915
7927
7935
7941
7974
8064
8072
8098
8098
8107
8130
8181
8191
8199
8208
8241
8287
8334
8346
8366
8404
8422
8446
8483
8509
8573
8611
8649
8692
8720
8731
8732
8754
8805
8821
8828
8845
8846
8894
8935
8949
9017
9068
9139
9149
9151
9159
9187
9228
9239
9387
9460
9489
9493
9514
9541
9548
9557
9630
9677
9693
9698
9707
9708
9748
9825
9838
9866
9893
9898
9978
9980
9990
9993
10016
10017
10078
10085
10086
10116
10135
10140
10193
10196
10215
10257
10264
10269
10291
10293
10299
10313
10336
10367
10368
10379
10393
10394
10403
10460
10465
10513
10604
10698
10737
10795
10806
10807
10849
10927
10934
10953
10963
10985
11020
11029
11033
11069
11084
11122
11195
11214
11216
11263
11286
11287
11287
11303
11318
11379
11404
11412
11442
11478
11583
11635
11652
11660
11669
11696
11789
11829
11903
11925
11937
11996
12003
12024
12060
12071
12098
12100
12139
12144
12205
12207
12247
12292
12316
12320
12320
12322
12422
12438
12455
12457
12467
12491
12514
12518
12529
12626
12669
12699
12918
12938
12942
12949
12960
12970
12989
12999
13043
13055
13121
13213
13275
13287
13343
13375
13407
13418
13477
13490
13500
13515
13538
13538
13548
13594
13612
13618
13628
13630
13635
13642
13649
13691
13697
13736
13794
13827
13887
13901
13916
13938
13956
13956
13970
14000
14005
14018
14055
14076
14094
14139
14197
14309
14309
14316
14414
14433
14444
14459
14491
14529
14571
14576
14599
14619
14624
14635
14659
14668
14680
14705
14766
14833
14854
14890
14903
14967
14986
14990
15001
15015
15058
15150
15163
15202
15215
15253
15361
15410
15413
15444
15474
15474
15486
15531
15533
15549
15551
15563
15571
15578
15621
15627
15673
15708
15713
15734
15739
15751
15758
15767
15800
15892
15909
16034
16073
16085
16122
16125
16129
16129
16134
16159
16175
16203
16206
16230
16288
16313
16323
16352
16397
16426
16546
16555
16563
16574
16639
16677
16702
16706
16719
16751
16758
16761
16792
16819
16826
16931
16938
16939
16945
17009
17016
17051
17092
17115
17116
17127
17130
17142
17143
17151
17178
17233
17241
17244
17258
17306
17324
17343
17386
17406
17506
17516
17521
17547
17561
17562
17622
17638
17654
17717
17793
17815
17847
17869
17884
17899
17910
17927
17975
18046
18057
18087
18105
18108
18204
18248
18251
18262
18282
18314
18319
18322
18326
18381
18400
18421
18423
18424
18424
18425
18462
18476
18480
18498
18502
18526
18564
18598
18603
18608
18612
18613
18673
18688
18777
18779
18785
18796
18816
18824
18852
18865
18880
18929
18967
18977
19026
19066
19066
19073
19133
19170
19181
19203
19221
19222
19226
19228
19244
19304
19311
19320
19340
19366
19369
19377
19379
19406
19410
19417
19422
19440
19442
19453
19461
19469
19477
19489
19536
19549
19601
19624
19678
19719
19764
19861
19865
19870
19885
19937
19968
19975
20040
20045
20101
20145
20165
20187
20210
20242
20251
20267
20281
20289
20294
20295
20296
20298
20304
20332
20335
20342
20348
20402
20420
20456
20504
20509
20526
20537
20551
20578
20582
20609
20615
20615
20644
20659
20663
20705
20715
20758
20761
20764
20770
20808
20883
20894
20908
20941
20962
20996
21029
21075
21085
21120
21125
21138
21139
21158
21160
21200
21202
21215
21240
21253
21255
21316
21407
21447
21452
21452
21488
21550
21563
21604
21617
21637
21639
21677
21729
21746
21767
21777
21807
21848
21860
21866
21882
21889
21890
21935
21945
21967
21970
21976
22045
22052
22065
22095
22110
22125
22215
22217
22219
22314
22371
22387
22397
22404
22405
22422
22440
22447
22559
22566
22659
22663
22678
22684
22686
22695
22713
22727
22748
22775
22821
22885
22898
22965
22969
22982
22994
23040
23057
23104
23116
23119
23179
23186
23248
23251
23264
23309
23322
23358
23390
23443
23470
23496
23537
23548
23555
23570
23604
23624
23741
23784
23807
23838
23884
23894
23963
24033
24046
24052
24099
24144
24184
24279
24281
24284
24298
24304
24322
24338
24347
24437
24482
24501
24625
24675
24740
24811
24817
24852
24852
24873
24923
24942
25033
25095
25184
25196
25211
25228
25239
25260
25292
25296
25297
25312
25316
25344
25350
25353
25356
25426
25430
25475
25477
25486
25508
25527
25562
25582
25587
25613
25638
25664
25681
25695
25697
25700
25700
25712
25749
25807
25835
25837
25858
25902
25917
25927
26000
26021
26025
26036
26058
26075
26097
26116
26121
26134
26190
26192
26258
26266
26291
26336
26371
26374
26425
26439
26440
26449
26488
26525
26534
26537
26653
26687
26735
26736
26827
26895
26916
26937
26960
26964
27008
27012
27029
27030
27037
27076
27139
27154
27165
27177
27223
27241
27260
27297
27310
27320
27337
27357
27384
27386
27437
27465
27472
27480
27564
27569
27577
27582
27651
27656
27666
27682
27694
27694
27806
27881
27905
27910
27929
27966
27967
27994
28023
28027
28052
28077
28083
28106
28134
28162
28187
28194
28219
28241
28278
28284
28360
28400
28438
28460
28482
28483
28491
28506
28507
28513
28518
28527
28577
28606
28617
28665
28669
28675
28677
28707
28709
28728
28730
28736
28742
28756
28757
28760
28836
28849
28901
28901
28908
28940
29008
29155
29155
29155
29164
29173
29224
29235
29289
29292
29311
29322
29331
29357
29391
29396
29407
29411
29428
29460
29462
29483
29518
29594
29611
29621
29668
29678
29682
29725
29736
29763
29773
29886
29893
29926
29961
29973
29980
29987
30035
30076
30078
30082
30103
30131
30136
30218
30222
30247
30274
30327
30349
30351
30380
30415
30445
30553
30563
30574
30616
30619
30636
30660
30672
30717
30749
30790
30835
30860
30865
30866
30935
30956
30991
30994
30997
30999
31002
31021
31045
31045
31054
31091
31094
31117
31139
31186
31251
31259
31280
31285
31360
31363
31368
31374
31391
31497
31499
31536
31579
31614
31647
31674
31676
31695
31709
31730
31778
31779
31791
31813
31823
31889
31942
32027
32042
32055
32132
32237
32295
32295
32339
32346
32385
32421
32431
32501
32534
32616
32636
32644
32668
32683
32694
32737
32763
32812
32828
32832
32846
32860
32898
32950
32975
32985
33002
33002
33070
33091
33174
33174
33227
33232
33235
33257
33285
33298
33308
33309
33317
33385
33411
33412
33480
33533
33560
33727
33731
33769
33818
33828
33899
33911
33923
33967
34010
34026
34033
34034
34040
34060
34086
34132
34142
34194
34195
34200
34211
34212
34213
34257
34262
34296
34317
34363
34382
34389
34416
34445
34489
34495
34536
34599
34611
34652
34701
34713
34713
34746
34770
34795
34799
34897
34927
34938
34984
35005
35018
35058
35064
35098
35136
35139
35154
35184
35191
35220
35261
35270
35299
35346
35365
35376
35384
35465
35485
35500
35509
35515
35589
35596
35599
35625
35661
35680
35684
35689
35700
35733
35759
35821
35841
35877
35886
35914
35947
35953
35972
36009
36012
36151
36229
36231
36241
36285
36367
36404
36415
36446
36499
36504
36531
36558
36581
36590
36634
36670
36731
36737
36753
36763
36924
36944
36979
37026
37032
37052
37055
37056
37058
37075
37084
37116
37134
37151
37180
37189
37216
37221
37225
37238
37240
37274
37296
37309
37315
37352
37356
37389
37397
37420
37459
37464
37515
37535
37554
37556
37561
37583
37583
37591
37605
37677
37702
37714
37720
37722
37729
37770
37842
37844
37895
37906
37908
37921
37924
37930
38012
38020
38024
38030
38040
38090
38112
38130
38143
38162
38175
38182
38300
38310
38352
38384
38384
38390
38410
38418
38428
38456
38511
38515
38530
38532
38562
38590
38675
38676
38678
38683
38779
38783
38791
38792
38800
38852
38868
38902
38948
38953
39116
39116
39133
39141
39194
39200
39202
39209
39309
39319
39394
39402
39471
39482
39487
39531
39538
39555
39567
39575
39590
39595
39606
39612
39649
39666
39688
39708
39726
39745
39752
39846
39854
39889
39911
39948
39971
39979
39991
39992
40049
40086
40118
40121
40151
40152
40220
40256
40264
40278
40281
40301
40312
40357
40360
40378
40394
40411
40435
40465
40493
40518
40520
40533
40567
40580
40627
40651
40676
40719
40737
40761
40778
40802
40830
40852
40868
40869
40888
40888
40896
40937
40957
40997
41025
41054
41076
41101
41115
41143
41162
41203
41212
41228
41273
41278
41289
41302
41309
41337
41388
41418
41424
41427
41437
41438
41446
41496
41522
41538
41568
41571
41597
41615
41619
41628
41642
41669
41702
41735
41750
41771
41783
41786
41801
41802
41825
41836
41862
41909
41992
42003
42003
42007
42104
42181
42207
42237
42244
42244
42258
42295
42319
42320
42351
42364
42503
42550
42563
42580
42600
42631
42636
42678
42682
42713
42751
42778
42794
42856
42881
42930
42945
42948
42957
42980
43078
43108
43160
43163
43164
43191
43205
43206
43210
43244
43270
43276
43277
43285
43337
43376
43376
43393
43451
43493
43542
43566
43575
43636
43641
43649
43688
43726
43800
43818
43863
43874
43925
43940
43954
43995
44003
44010
44046
44081
44099
44131
44168
44172
44172
44186
44209
44278
44279
44287
44317
44322
44395
44409
44465
44481
44493
44527
44538
44670
44714
44722
44756
44801
44905
44917
44966
45042
45057
45062
45065
45076
45165
45183
45187
45211
45213
45265
45282
45284
45326
45349
45394
45402
45408
45425
45462
45497
45555
45584
45622
45633
45658
45706
45727
45779
45826
45857
45859
45877
45913
45918
45927
45995
46011
46016
46073
46076
46149
46168
46174
46218
46254
46295
46304
46329
46356
46389
46424
46430
46469
46475
46477
46524
46540
46579
46584
46646
46717
46762
46767
46779
46786
46821
46918
46963
47002
47010
47031
47143
47183
47202
47271
47308
47323
47330
47366
47485
47542
47584
47586
47594
47626
47771
47776
47820
47882
47954
48013
48020
48043
48102
48104
48107
48142
48187
48202
48231
48273
48282
48291
48295
48299
48301
48308
48312
48321
48331
48363
48385
48417
48420
48443
48507
48509
48601
48609
48619
48631
48692
48697
48699
48703
48711
48715
48822
48844
48849
48900
48945
48993
49039
49055
49058
49115
49118
49131
49166
49195
49198
49230
49245
49250
49259
49264
49316
49349
49360
49411
49425
49428
49463
49497
49497
49540
49593
49604
49620
49622
49627
49659
49680
49805
49839
49853
49906
49909
49924
49965
49994
50089
50136
50160
50168
50255
50262
50265
50270
50296
50316
50328
50339
50351
50353
50366
50413
50438
50438
50443
50457
50500
50519
50523
50613
50639
50656
50675
50693
50714
50722
50773
50796
50811
50846
50853
50859
50874
50896
50933
50961
50995
51132
51156
51191
51210
51214
51258
51278
51366
51388
51412
51428
51444
51468
51490
51506
51550
51570
51582
51586
51589
51607
51621
51624
51651
51665
51677
51699
51748
51755
51760
51770
51802
51805
51828
51843
51864
51911
51919
51993
52012
52071
52087
52121
52133
52169
52184
52189
52220
52260
52277
52316
52388
52467
52482
52520
52639
52696
52697
52718
52813
52815
52834
52834
52891
52915
52924
52928
52957
53001
53018
53025
53028
53035
53068
53113
53161
53167
53199
53200
53264
53279
53345
53373
53397
53462
53481
53485
53511
53633
53641
53669
53684
53687
53690
53724
53736
53748
53765
53774
53812
53819
53854
53855
53868
53872
53877
53969
53991
53994
53995
54005
54041
54042
54048
54127
54138
54140
54152
54191
54199
54202
54223
54297
54305
54312
54316
54369
54380
54395
54412
54440
54564
54566
54591
54595
54613
54648
54691
54698
54763
54809
54811
54862
54908
54913
54915
54936
54938
54972
54998
55000
55001
55010
55019
55020
55027
55059
55077
55115
55132
55280
55290
55300
55357
55369
55380
55398
55471
55502
55523
55526
55541
55548
55588
55601
55605
55622
55622
55624
55698
55757
55771
55812
55813
55830
55847
55912
55930
55950
55973
55994
55995
56054
56068
56084
56085
56107
56110
56113
56143
56143
56145
56199
56201
56209
56277
56297
56299
56326
56332
56345
56355
56435
56438
56445
56457
56464
56472
56477
56544
56555
56556
56560
56615
56687
56724
56731
56732
56744
56772
56828
56863
56972
56995
56999
57026
57046
57079
57091
57115
57123
57186
57226
57302
57379
57397
57422
57436
57438
57455
57493
57501
57528
57564
57571
57673
57706
57713
57740
57746
57778
57792
57894
57916
57940
58018
58037
58053
58110
58179
58200
58243
58249
58267
58276
58295
58324
58350
58365
58410
58413
58418
58435
58469
58479
58566
58581
58606
58620
58630
58655
58686
58697
58700
58779
58784
58791
58864
58874
58877
58885
58894
58902
58917
58927
58940
58965
58966
59007
59024
59046
59102
59201
59224
59261
59319
59349
59412
59534
59546
59571
59573
59610
59628
59650
59658
59661
59720
59743
59749
59769
59853
59854
59857
59884
59947
59957
59961
59978
59998
60074
60116
60194
60214
60227
60261
60331
60348
60355
60385
60429
60480
60498
60498
60505
60565
60641
60693
60722
60772
60806
60895
60915
60956
60963
61053
61055
61077
61092
61226
61254
61275
61300
61304
61318
61327
61381
61384
61415
61491
61514
61587
61593
61602
61610
61612
61648
61656
61681
61684
61692
61735
61788
61796
61833
61840
61840
61843
61887
61891
61922
61935
61958
61979
61982
62072
62080
62164
62199
62203
62248
62256
62332
62374
62404
62407
62446
62558
62571
62606
62627
62638
62643
62646
62665
62672
62734
62735
62755
62767
62816
62833
62940
62953
62958
63006
63036
63085
63136
63153
63176
63184
63188
63206
63231
63250
63264
63266
63292
63305
63405
63447
63527
63529
63545
63559
63563
63576
63598
63630
63636
63684
63701
63739
63788
63790
63795
63811
63815
63816
63902
63945
63973
63980
64011
64016
64017
64021
64023
64070
64110
64124
64126
64146
64156
64168
64195
64239
64259
64265
64348
64350
64356
64361
64372
64380
64386
64393
64431
64462
64500
64508
64510
64609
64622
64637
64671
64675
64695
64846
64890
64906
64911
64921
64947
64962
64962
64972
64983
65025
65040
65124
65217
65246
65247
65269
65270
65274
65298
65306
65307
65317
65340
65341
65349
65354
65363
65402
65433
65434
65439
65449
65462
65482
65483
65514
65546
65625
65704
65719
65742
65774
65821
65862
65882
65955
65994
65996
66000
66028
66035
66076
66083
66097
66112
66158
66165
66213
66262
66271
66292
66496
66544
66591
66607
66608
66649
66665
66678
66727
66782
66793
66797
66815
66832
66851
66892
66957
67002
67005
67022
67097
67119
67125
67183
67193
67211
67224
67244
67350
67354
67426
67437
67517
67550
67551
67555
67564
67604
67677
67710
67715
67719
67733
67733
67793
67887
67888
67936
67942
67960
67979
67979
68011
68059
68060
68063
68064
68097
68108
68125
68125
68175
68177
68290
68295
68311
68313
68318
68341
68357
68359
68394
68395
68442
68449
68464
68495
68582
68631
68671
68702
68706
68731
68733
68747
68766
68795
68845
68880
68880
68888
68889
68894
68978
68984
69014
69043
69045
69076
69078
69086
69267
69280
69301
69341
69402
69485
69492
69533
69534
69572
69610
69625
69642
69673
69682
69708
69752
69821
69881
69902
69904
69940
69978
69989
70001
70013
70056
70076
70083
70123
70132
70154
70156
70184
70249
70250
70271
70274
70281
70381
70383
70397
70415
70495
70523
70544
70610
70619
70647
70729
70779
70782
70824
70908
70975
70986
70988
71004
71010
71046
71068
71072
71079
71127
71141
71157
71171
71236
71240
71283
71462
71528
71558
71561
71563
71607
71614
71644
71656
71689
71839
71877
71879
71883
71954
72009
72018
72026
72027
72060
72070
72086
72101
72139
72139
72156
72197
72221
72280
72284
72294
72304
72305
72323
72385
72410
72450
72456
72467
72477
72509
72542
72606
72614
72625
72638
72648
72671
72679
72723
72755
72760
72776
72776
72793
72841
72907
72994
73045
73083
73122
73205
73239
73256
73294
73296
73345
73362
73380
73460
73539
73592
73605
73619
73649
73721
73786
73800
73803
73814
73863
73871
73871
73918
73922
73940
73998
74032
74202
74217
74220
74246
74277
74283
74286
74288
74305
74306
74309
74326
74422
74446
74468
74479
74483
74487
74507
74522
74550
74669
74723
74761
74767
74915
74941
74956
75007
75032
75043
75066
75069
75091
75156
75209
75235
75282
75362
75363
75545
75558
75570
75608
75632
75646
75692
75793
75802
75869
75872
75880
75886
75917
75996
76067
76073
76079
76169
76175
76210
76229
76251
76297
76311
76329
76350
76353
76462
76472
76484
76496
76519
76542
76567
76579
76602
76617
76633
76713
76722
76788
76804
76810
76889
76966
76985
77000
77021
77034
77060
77114
77125
77135
77164
77189
77279
77296
77350
77415
77431
77462
77591
77591
77593
77595
77619
77628
77633
77667
77686
77697
77712
77742
77761
77776
77800
77822
77828
77836
77837
77840
77841
77842
77911
77932
77983
77988
78041
78083
78121
78124
78130
78134
78219
78260
78291
78340
78369
78373
78537
78553
78578
78584
78595
78600
78717
78774
78775
78810
78825
78929
78935
78944
79018
79074
79094
79098
79117
79118
79168
79188
79217
79260
79321
79406
79409
79449
79577
79586
79644
79705
79706
79741
79759
79802
79832
79850
79859
79898
79921
79978
80040
80134
80161
80166
80181
80277
80281
80281
80299
80307
80402
80442
80448
80458
80474
80504
80565
80575
80595
80634
80723
80726
80782
80800
80801
80841
80878
80919
81041
81044
81107
81109
81115
81133
81165
81192
81194
81217
81239
81261
81268
81275
81361
81401
81442
81450
81465
81468
81563
81595
81633
81659
81715
81823
81847
81904
81926
81936
81942
81945
81962
82002
82013
82094
82113
82142
82175
82190
82193
82194
82212
82229
82253
82264
82275
82278
82291
82310
82355
82358
82398
82416
82425
82431
82465
82470
82576
82598
82633
82639
82659
82662
82680
82710
82711
82712
82731
82825
82845
82866
82868
82885
82927
82941
82972
82989
83020
83094
83107
83115
83130
83135
83186
83230
83294
83316
83368
83397
83422
83435
83484
83501
83509
83569
83573
83641
83653
83667
83704
83738
83762
83790
83825
83861
83862
83864
83889
84000
84007
84039
84112
84175
84188
84223
84280
84324
84327
84339
84390
84390
84418
84442
84492
84494
84498
84559
84565
84610
84644
84686
84698
84738
84740
84745
84768
84781
84785
84793
84797
84819
84847
84854
84870
84873
84917
84936
85013
85057
85068
85105
85106
85114
85164
85193
85243
85310
85326
85342
85395
85584
85614
85637
85709
85745
85756
85761
85782
85787
85812
85903
85904
85907
86098
86099
86118
86137
86174
86270
86291
86293
86320
86335
86402
86411
86414
86434
86456
86487
86488
86582
86638
86662
86708
86718
86768
86811
86876
86877
86887
86912
86912
86949
86969
86978
87021
87044
87089
87092
87148
87244
87249
87262
87269
87417
87431
87503
87504
87634
87663
87799
87801
87815
87875
87879
87928
87929
87955
87955
88015
88026
88037
88067
88136
88145
88204
88222
88334
88361
88373
88380
88455
88479
88487
88519
88569
88583
88593
88706
88749
88787
88821
88827
88913
88920
88952
88963
89000
89057
89100
89122
89165
89289
89300
89301
89333
89357
89450
89468
89472
89511
89621
89623
89655
89710
89712
89768
89780
89802
89811
89815
89817
89839
89908
89921
89928
89939
89959
90024
90029
90094
90115
90169
90176
90197
90231
90242
90257
90311
90359
90360
90393
90394
90441
90488
90494
90539
90564
90565
90616
90623
90645
90668
90673
90755
90760
90798
90801
90808
90868
90888
90952
90965
90984
90998
91063
91098
91123
91126
91191
91229
91276
91343
91360
91379
91380
91382
91384
91399
91432
91464
91496
91500
91520
91532
91541
91583
91598
91626
91640
91698
91717
91777
91784
91787
91820
91850
91853
91856
91870
91896
91900
91906
91920
91947
91949
91950
91954
91964
92011
92055
92083
92094
92171
92175
92207
92259
92276
92301
92335
92339
92360
92375
92385
92444
92519
92609
92672
92673
92705
92714
92715
92718
92731
92742
92742
92770
92816
92827
92925
92935
92992
93094
93139
93175
93181
93193
93222
93223
93338
93468
93499
93535
93560
93582
93694
93709
93757
93806
93834
93838
93871
93906
93913
93969
93989
93997
94006
94036
94050
94079
94083
94133
94143
94167
94219
94248
94273
94321
94330
94331
94343
94346
94466
94598
94610
94623
94662
94758
94779
94805
94865
94869
94888
94930
94955
94971
95010
95083
95108
95121
95144
95176
95187
95190
95213
95251
95280
95323
95331
95472
95498
95557
95595
95603
95735
95740
95761
95784
95805
95838
95907
95984
96013
96142
96171
96289
96316
96375
96400
96452
96460
96544
96582
96639
96719
96727
96792
96814
96818
96829
96842
96857
96871
96899
96906
96930
96953
96989
97036
97046
97059
97076
97095
97099
97115
97148
97154
97176
97206
97241
97286
97288
97325
97370
97447
97500
97519
97528
97530
97536
97561
97591
97621
97635
97680
97738
97747
97779
97787
97878
97880
97925
97936
97955
98011
98085
98087
98090
98123
98133
98181
98199
98224
98261
98276
98289
98372
98393
98399
98456
98510
98519
98550
98579
98583
98600
98653
98694
98764
98819
98843
98845
98876
98896
98903
98933
98966
98983
99030
99108
99188
99227
99232
99235
99269
99332
99360
99367
99368
99441
99458
99522
99548
99557
99620
99658
99730
99871
99908
99916
99938
99950
99957
99984
100004
100020
100061
100114
100138
100148
100174
100209
100211
100220
100246
100257
100291
100299
100303
100319
100342
100357
100448
100472
100475
100502
100573
100599
100605
100622
100626
100633
100672
100678
100709
100723
100743
100773
100787
100808
100812
100888
100898
100912
100919
100939
100939
101010
101086
101111
101122
101128
101161
101166
101173
101227
101374
101399
101421
101421
101429
101440
101455
101519
101555
101590
101633
101664
101676
101760
101847
101849
101862
101869
101943
101960
101965
102003
102055
102085
102087
102090
102116
102142
102165
102188
102192
102226
102242
102261
102274
102308
102319
102330
102367
102427
102429
102515
102560
102568
102656
102659
102803
102811
102818
102837
102874
102924
102941
102988
103062
103064
103114
103142
103189
103225
103247
103254
103286
103321
103595
103598
103611
103612
103648
103814
103828
103838
103839
103849
103881
103889
103928
103928
103942
103952
104048
104111
104115
104146
104193
104276
104297
104341
104498
104503
104586
104678
104703
104719
104728
104755
104775
104778
104790
104799
104811
104898
104988
105005
105022
105033
105152
105153
105203
105221
105267
105270
105326
105416
105473
105487
105489
105494
105501
105575
105604
105623
105634
105722
105765
105786
105790
105806
105807
105816
105855
105887
105919
106015
106040
106107
106201
106218
106354
106363
106368
106373
106399
106496
106543
106573
106583
106598
106617
106706
106715
106784
106827
106839
106839
106858
106881
106920
106925
106928
106951
106981
106992
106996
106997
107029
107033
107053
107142
107183
107252
107261
107285
107311
107316
107344
107353
107371
107376
107382
107385
107404
107409
107526
107534
107575
107592
107593
107626
107678
107706
107734
107736
107771
107902
107960
108002
108014
108016
108016
108055
108070
108070
108094
108149
108163
108163
108174
108260
108363
108365
108402
108422
108441
108448
108458
108471
108494
108501
108536
108563
108569
108661
108681
108717
108735
108792
108811
108820
108863
108872
108878
108901
108952
109027
109030
109052
109062
109110
109188
109290
109354
109356
109397
109424
109460
109498
109522
109543
109546
109561
109638
109699
109704
109705
109755
109927
109964
109997
110071
110098
110177
110275
110278
110289
110293
110330
110371
110387
110525
110616
110657
110689
110697
110702
110711
110781
110799
110868
110958
110959
110960
111004
111014
111110
111131
111142
111192
111211
111244
111296
111354
111364
111389
111439
111467
111633
111732
111750
111780
111868
111884
111888
111931
111942
111972
111989
112001
112002
112073
112082
112091
112139
112141
112146
112239
112254
112267
112268
112282
112296
112344
112394
112420
112430
112431
112445
112470
112472
112487
112511
112534
112550
112604
112614
112627
112628
112633
112673
112723
112798
112821
112824
112843
112900
112985
112998
113022
113100
113211
113242
113290
113291
113330
113373
113444
113463
113465
113490
113494
113820
113820
113855
113859
113863
113909
113948
113980
113984
114005
114036
114039
114044
114054
114071
114086
114093
114106
114136
114285
114297
114311
114345
114416
114470
114518
114546
114565
114570
114722
114771
114800
114934
115000
115007
115021
115022
115048
115050
115079
115079
115156
115157
115167
115175
115229
115309
115324
115364
115414
115417
115531
115543
115606
115620
115652
115683
115731
115783
115797
115878
115948
115964
116000
116002
116055
116074
116188
116211
116217
116234
116250
116285
116317
116329
116397
116479
116498
116501
116526
116540
116552
116593
116723
116905
116999
117002
117066
117077
117152
117226
117315
117354
117355
117385
117572
117677
117677
117777
117807
117883
117915
117917
117986
118028
118171
118178
118218
118218
118265
118275
118320
118348
118370
118398
118478
118491
118509
118523
118589
118590
118590
118592
118664
118668
118693
118707
118718
118745
118759
118866
118942
118951
119000
119014
119018
119033
119084
119144
119150
119212
119216
119227
119227
119252
119348
119501
119648
119683
119698
119746
119758
119818
119827
119881
119890
119949
119958
119999
120054
120104
120165
120192
120290
120298
120304
120319
120344
120388
120456
120468
120472
120474
120536
120608
120648
120648
120688
120704
120757
120763
120774
120787
120824
120883
120902
120905
120907
120911
120974
121064
121101
121135
121153
121272
121275
121285
121291
121337
121341
121404
121471
121497
121532
121561
121585
121626
121793
121901
121966
121987
121999
122010
122034
122127
122142
122146
122291
122310
122320
122363
122369
122420
122430
122434
122439
122440
122492
122503
122512
122528
122586
122593
122615
122630
122656
122704
122757
122787
122820
122841
122995
123075
123075
123078
123160
123185
123234
123283
123286
123291
123357
123409
123426
123456
123479
123491
123597
123646
123665
123666
123672
123711
123749
123757
123791
123799
123844
123869
123916
123948
123963
123989
124053
124053
124117
124121
124152
124167
124192
124233
124242
124264
124310
124373
124401
124493
124608
124635
124640
124647
124758
124800
124851
124853
124865
124924
125055
125091
125099
125106
125157
125214
125238
125243
125260
125279
125303
125383
125398
125414
125492
125713
125810
125814
125867
125904
125932
125945
125961
125979
126032
126127
126162
126209
126235
126252
126254
126348
126352
126389
126503
126599
126649
126653
126654
126677
126697
126706
126748
126765
126830
126860
126861
126889
127021
127075
127155
127158
127234
127242
127244
127265
127265
127289
127297
127317
127343
127348
127446
127496
127514
127521
127557
127564
127630
127647
127779
127779
127859
127881
127926
127926
127934
127945
128026
128055
128064
128080
128092
128149
128166
128362
128535
128577
128651
128656
128718
128742
128784
128955
128974
129016
129028
129039
129099
129100
129106
129139
129192
129313
129373
129390
129459
129495
129537
129599
129623
129655
129763
129777
129800
129816
129819
129902
129972
129980
130044
130061
130086
130091
130193
130277
130287
130375
130385
130437
130543
130566
130666
130678
130698
130755
130800
130814
130872
130956
130981
131021
131037
131049
131072
131086
131206
131292
131317
131323
131381
131383
131426
131470
131525
131561
131609
131684
131820
131872
131910
131928
131945
131953
132046
132060
132065
132120
132158
132162
132212
132271
132314
132328
132329
132332
132366
132373
132432
132459
132467
132499
132570
132620
132706
132708
132714
132729
132976
133003
133012
133104
133109
133113
133134
133193
133237
133239
133338
133341
133351
133376
133400
133422
133462
133512
133552
133569
133589
133674
133703
133724
133746
133748
133754
133764
133768
133837
133847
133867
133892
133946
133958
134003
134023
134046
134062
134090
134106
134129
134154
134294
134349
134415
134451
134521
134539
134578
134582
134617
134621
134702
134707
134714
134755
134795
134804
134845
134933
134945
134973
134981
135006
135036
135052
135089
135183
135470
135493
135579
135609
135629
135703
135706
135714
135741
135814
135831
135899
135905
135934
135952
135962
135991
136017
136101
136125
136131
136131
136142
136183
136222
136245
136247
136308
136371
136388
136502
136517
136555
136696
136812
136865
137079
137128
137219
137232
137289
137308
137339
137343
137383
137390
137392
137416
137425
137452
137489
137491
137505
137536
137544
137545
137559
137597
137620
137636
137638
137666
137712
137721
137768
137818
137849
137850
137899
137931
137932
137959
138065
138096
138103
138112
138210
138259
138299
138320
138340
138370
138407
138451
138462
138469
138506
138547
138632
138656
138700
138739
138804
138956
139089
139132
139309
139316
139402
139404
139448
139448
139519
139554
139592
139688
139829
139853
139883
139908
139919
139950
139999
140000
140089
140095
140112
140126
140207
140243
140323
140363
140364
140383
140397
140469
140511
140519
140533
140557
140588
140606
140618
140648
140682
140782
140788
140829
140866
140904
140912
140958
140969
140980
141164
141185
141186
141191
141191
141199
141229
141239
141308
141314
141379
141421
141472
141486
141492
141532
141546
141627
141630
141681
141698
141754
141788
141851
141901
142030
142043
142176
142226
142238
142244
142283
142401
142404
142432
142433
142481
142652
142697
142726
142734
142804
142862
142905
142940
142983
142990
143054
143066
143113
143139
143177
143210
143360
143424
143443
143482
143534
143545
143579
143629
143632
143706
143761
143788
143847
143969
144014
144047
144053
144060
144066
144185
144186
144291
144389
144433
144466
144521
144584
144593
144609
144614
144654
144856
144869
144879
144965
144979
144989
145001
145028
145036
145051
145153
145196
145212
145296
145333
145377
145411
145503
145537
145554
145627
145630
145701
145732
145749
145890
145891
145929
146099
146155
146204
146266
146348
146354
146463
146484
146514
146529
146539
146579
146675
146687
146698
146705
146709
146720
146852
146864
147035
147090
147102
147113
147169
147304
147328
147417
147543
147690
147708
147726
147753
147757
147789
147834
147850
147917
147943
147958
147958
148136
148262
148298
148351
148421
148445
148542
148619
148651
148756
148772
148792
148855
148862
148891
148966
148975
148986
148999
149009
149054
149096
149112
149265
149305
149311
149405
149589
149639
149654
149668
149723
149750
149788
149815
149908
150029
150097
150224
150233
150305
150305
150307
150321
150350
150395
150448
150540
150556
150608
150627
150676
150700
150714
150747
150802
150826
150860
150896
150923
150989
150990
150995
151043
151085
151090
151219
151289
151298
151318
151322
151325
151357
151409
151424
151456
151486
151491
151516
151527
151527
151563
151564
151639
151650
151754
151860
151864
151902
151934
151959
152031
152189
152271
152322
152345
152394
152405
152461
152526
152554
152586
152597
152693
152872
152875
152883
152886
152920
152936
152965
153033
153044
153053
153067
153144
153173
153173
153316
153354
153416
153440
153461
153549
153636
153651
153681
153853
153893
153954
154076
154124
154138
154138
154145
154162
154162
154377
154386
154477
154485
154520
154527
154552
154554
154564
154770
154788
154905
154970
155019
155029
155086
155342
155344
155392
155414
155467
155531
155538
155542
155550
155881
155962
155972
156098
156119
156127
156142
156309
156345
156407
156502
156612
156684
156706
156739
156778
157003
157029
157140
157191
157294
157319
157323
157373
157415
157455
157533
157624
157714
157854
157926
158141
158166
158166
158212
158248
158496
158500
158534
158566
158710
158710
158734
158766
158812
158875
158924
158947
158973
159123
159135
159180
159191
159204
159221
159254
159288
159299
159304
159416
159475
159496
159516
159538
159545
159608
159628
159653
159728
159802
159818
159911
159967
159969
160024
160064
160078
160085
160108
160112
160113
160130
160169
160194
160242
160300
160351
160395
160475
160506
160516
160651
160661
160907
160948
161021
161034
161067
161156
161194
161208
161211
161233
161234
161348
161349
161422
161448
161454
161538
161608
161708
161730
161734
161773
161837
161927
161963
161972
162104
162185
162209
162280
162347
162405
162550
162552
162583
162597
162611
162624
162641
162670
162887
162921
162937
162953
162966
163065
163243
163249
163287
163313
163408
163411
163417
163460
163464
163467
163616
163645
163667
163719
163807
163870
163879
163937
163946
163972
164046
164091
164110
164154
164156
164170
164255
164301
164428
164465
164467
164471
164521
164615
164636
164663
164695
164730
164738
164746
164779
164808
164813
164821
164871
164896
165043
165088
165106
165151
165155
165239
165247
165335
165411
165526
165631
165648
165786
165917
165920
165956
166000
166025
166056
166065
166077
166188
166233
166337
166505
166558
166623
166627
166648
166731
166802
166803
166901
166905
166919
166932
166969
166975
167077
167099
167285
167300
167345
167352
167470
167498
167654
167656
167663
167667
167672
167749
167787
167883
167922
167961
167993
167994
167997
168026
168093
168111
168137
168171
168187
168257
168312
168390
168406
168583
168619
168766
168796
168798
168801
168806
168841
168894
168944
169064
169072
169076
169077
169210
169273
169369
169393
169510
169578
169620
169708
169710
169771
169869
169892
169948
169996
170066
170082
170088
170090
170164
170166
170178
170204
170219
170235
170301
170314
170464
170677
170756
170805
170893
170934
170969
170972
170997
171000
171069
171093
171108
171119
171149
171223
171315
171427
171432
171433
171445
171588
171810
171812
171863
171919
171948
171981
172030
172075
172119
172156
172342
172423
172424
172448
172498
172584
172749
172760
172762
172810
172838
172893
172894
172938
172948
173064
173139
173159
173237
173340
173362
173378
173393
173469
173497
173548
173818
173881
173905
174074
174112
174227
174246
174248
174468
174564
174592
174635
174770
174832
174845
174996
175086
175126
175134
175172
175182
175252
175284
175310
175394
175409
175445
175455
175475
175570
175631
175683
175684
175737
175747
175804
175849
175888
176097
176115
176199
176244
176282
176523
176578
176584
176642
176647
176734
176858
176990
177006
177009
177071
177122
177172
177176
177207
177280
177363
177367
177381
177430
177570
177633
177651
177677
177861
177908
178012
178099
178140
178157
178162
178162
178205
178215
178270
178283
178319
178461
178495
178523
178641
178671
178811
178943
178943
178983
179067
179143
179199
179299
179337
179374
179440
179464
179516
179578
179627
179650
179714
179771
179787
179849
180094
180129
180272
180292
180354
180367
180449
180457
180555
180628
180655
180679
180738
180813
180821
180853
180959
180980
180985
180998
181035
181084
181113
181161
181185
181214
181216
181248
181284
181301
181323
181384
181394
181432
181436
181484
181499
181536
181689
181705
181739
181749
181788
181852
181878
181903
181919
182123
182143
182155
182242
182261
182407
182426
182523
182791
182853
182980
183105
183166
183172
183288
183340
183417
183459
183468
183493
183635
183642
183658
183769
183823
183824
183836
184233
184236
184262
184307
184327
184387
184399
184485
184532
184542
184559
184691
184768
184791
184851
184889
184928
185002
185135
185275
185484
185487
185503
185535
185570
185741
185818
185851
185876
185967
186074
186147
186294
186303
186385
186389
186515
186721
186747
186785
186793
186933
187079
187111
187145
187146
187288
187317
187343
187343
187485
187495
187651
187659
187759
187761
187795
187864
187883
187940
188135
188152
188206
188239
188270
188318
188355
188411
188484
188488
188581
188703
188714
188754
188770
188798
189043
189089
189140
189457
189542
189565
189612
189684
189717
189782
189950
189969
190006
190025
190027
190114
190257
190304
190307
190362
190411
190487
190553
190668
190688
191017
191147
191177
191231
191307
191322
191348
191361
191397
191479
191514
191518
191519
191522
191599
191670
191727
191731
191736
191865
191902
191927
191966
192002
192152
192174
192178
192252
192403
192448
192619
192865
192933
193055
193094
193142
193375
193505
193592
193598
193613
193632
193734
193782
193849
194005
194014
194025
194039
194069
194083
194118
194246
194403
194448
194499
194619
194645
194679
194729
194747
194802
194818
195101
195121
195217
195335
195478
195500
195521
195590
195790
195803
196003
196063
196164
196351
196377
196396
196441
196496
196502
196553
196562
196794
196937
196947
197056
197140
197177
197265
197292
197303
197304
197310
197316
197321
197395
197432
197434
197502
197925
198080
198151
198155
198255
198318
198583
198755
198832
198833
198928
199146
199214
199298
199428
199475
199479
199556
199706
199766
199831
199945
200049
200154
200231
200235
200247
200313
200319
200364
200380
200559
200565
200587
200717
200900
201036
201118
201190
201213
201260
201321
201335
201361
201438
201500
201704
201716
201880
201961
202022
202192
202341
202442
202507
202694
202701
202904
202939
203024
203042
203143
203221
203254
203283
203348
203440
203456
203714
203906
203945
203955
203994
204000
204010
204059
204075
204102
204167
204207
204267
204289
204366
204707
204828
205033
205046
205090
205123
205145
205153
205183
205335
205404
205410
205474
205482
205604
205733
205821
205826
205953
205953
205971
206046
206099
206551
206586
206658
206747
206757
206769
206771
206801
206938
206942
206952
207121
207153
207168
207215
207231
207274
207297
207402
207576
207592
207651
207699
207750
207814
207837
207851
207863
207867
207876
207934
208048
208083
208126
208174
208223
208332
208421
208534
208660
208720
209120
209185
209296
209509
209561
209604
209615
209818
209904
209941
210018
210235
210269
210293
210343
210361
210367
210370
210400
210506
210530
210544
210625
210718
210790
210854
210862
210886
210895
210918
210951
211029
211112
211138
211173
211228
211323
211336
211371
211423
211572
211704
211759
211808
211808
211887
212036
212076
212229
212262
212269
212332
212406
212415
212443
212511
212571
212593
212629
212706
212738
212756
212781
212796
212840
212981
213215
213277
213383
213502
213548
213643
213652
213712
213881
213940
214060
214079
214358
214398
214430
214611
214621
214667
214890
214995
214996
215049
215051
215210
215259
215641
215645
215718
215775
216124
216283
216398
216407
216625
216679
216697
216705
216750
216832
216851
216915
216963
217025
217074
217106
217153
217236
217273
217286
217450
217658
217682
217723
217744
217794
217830
217983
218263
218510
218578
218621
218776
218987
219005
219190
219297
219487
219504
219582
219652
219723
219915
220016
220028
220090
220138
220150
220158
220163
220188
220470
220484
220541
220647
220695
220728
220863
220936
221031
221036
221095
221230
221242
221378
221447
221497
221786
221940
221960
222117
222258
222363
222366
222406
222616
222861
223004
223116
223151
223227
223255
223257
223280
223470
223499
223520
223631
223670
223724
223771
223816
223825
223926
223926
224043
224104
224117
224185
224353
224401
224406
224475
224544
224551
224686
224808
224895
224926
224932
224943
224960
225071
225215
225246
225470
225499
225546
225617
225622
225831
225841
225873
225873
225877
226160
226184
226185
226342
226377
226379
226428
226448
226658
226965
227062
227077
227258
227292
227293
227330
227383
227633
227634
227642
227645
227748
227781
227947
227952
228060
228111
228136
228422
228535
228575
228612
228992
229148
229189
229216
229287
229329
229434
229454
229460
229566
229762
229846
229883
229894
229899
229946
230047
230105
230108
230158
230203
230222
230236
230245
230285
230467
230624
230668
230804
231019
231171
231277
231282
231303
231578
231630
231639
231686
231726
231758
232053
232086
232130
232138
232222
232253
232272
232478
232656
232706
232895
232976
232984
233061
233181
233702
233805
234153
234224
234336
234360
234363
234499
234677
234731
234980
235027
235188
235310
235395
235769
235821
235826
235986
236300
236570
236574
236621
236861
236899
236945
237039
237059
237091
237127
237199
237486
237503
237516
237582
237603
237604
237665
237822
238077
238311
238563
238763
238870
238903
238912
238966
238971
239070
239206
239243
239307
239308
239323
239404
239634
239970
240057
240119
240252
240353
240518
240550
240562
240745
240766
240771
240833
240856
241040
241069
241103
241235
241282
241501
241513
241549
241582
241762
241895
242072
242130
242265
242656
242693
242701
242788
242865
243076
243268
243313
243520
243597
243933
243988
244138
244208
244223
244288
244359
244540
244549
244555
244708
244877
244969
244973
245052
245273
245491
245502
245622
245760
245849
245999
246155
246347
246396
246473
246478
246568
247062
247143
247372
247379
247404
247515
247630
247830
247882
247897
248093
248308
248585
248783
248792
248989
249075
249216
249219
249242
249566
249617
249741
249771
249824
249931
250063
250092
250094
250207
250292
250317
250504
250505
250730
250759
250836
250971
251103
251148
251504
251514
251548
251674
251772
251862
251941
251941
252160
252300
252406
252500
252554
252594
252596
252694
252789
253043
253059
253132
253218
253360
253366
253383
253400
253489
253768
253925
253966
254084
254169
254432
254437
254448
254674
254784
254792
254940
254976
254978
255157
255160
255217
255220
255304
255340
255387
255429
255443
255588
255616
255687
255875
255986
256147
256189
256360
256422
256600
256651
256678
256788
256801
256884
256909
257021
257040
257055
257287
257530
257549
257656
257714
257865
257986
258218
258257
258326
258345
258449
258551
258581
258800
259020
259164
259232
259399
259545
259568
259715
259948
259987
260048
260189
260244
260461
260518
260529
260538
260640
261002
261002
261426
261498
261548
261706
261853
262075
262487
262630
262702
262794
262824
262931
263060
263188
263250
263259
263492
263528
263647
263754
263776
263963
264082
264235
264319
264340
264563
264691
264740
264914
264971
265149
265198
265208
265267
265350
265378
265694
265709
266019
266138
266169
266413
266575
266684
266695
266839
266957
267012
267035
267199
267212
267282
267385
267533
267672
267704
267707
267824
268073
268088
268471
268698
268755
268774
268851
269093
269360
269518
269642
269699
269969
270033
270060
270226
270316
270376
270580
270583
270691
270802
271040
271076
271092
271130
271153
271185
271274
271848
271916
272000
272051
272165
272268
272316
272662
273164
273398
273611
273692
273794
273860
273937
273962
273964
273974
274279
274658
274743
274868
274875
274973
275153
275238
275557
275638
275774
275775
275817
276255
276278
276473
276514
276633
276748
276902
276917
276996
277020
277092
277095
277186
277663
277751
278257
278343
278476
278483
278539
278707
278721
278747
279117
279158
279238
279442
279506
279598
280122
280371
280402
280437
280647
280734
280795
281186
281188
281540
281685
281768
281933
281963
282033
282275
282304
282596
282663
282736
282980
282988
283104
283115
283413
283451
283487
283498
283523
283656
283667
283692
283907
284521
284544
284562
284703
284819
284941
284970
284999
285055
285317
285601
286146
286198
286321
286358
286433
286492
286606
286742
286799
287241
287544
288339
288354
288401
288540
288859
288934
288944
289195
289307
289393
289433
289651
289677
289957
290030
290184
290228
290377
290559
290792
291004
291072
291168
291227
291642
292131
292453
292467
292633
292813
293434
293515
293538
293556
293808
293962
293971
294350
294622
294703
295040
295212
295374
295466
295510
295981
296035
296041
296485
296573
296805
296873
296889
297115
297161
297226
297252
297366
297445
297638
297818
298233
298481
298539
298600
298609
299487
300138
300461
300493
300725
300729
300827
301034
301155
301276
301345
301697
301772
302343
302386
302647
302820
303579
303858
303980
304694
304771
304821
304864
305165
305329
305590
305696
306131
306365
306764
307154
307180
307495
307585
307884
307984
308576
308956
309177
309488
309671
309673
309738
309744
309979
310063
310291
310412
310502
310509
310631
310719
311057
311239
311319
311357
311888
311961
312073
312100
312252
312506
312551
312651
312949
313006
313054
313587
313718
313854
314186
314431
314661
314857
315140
315316
315340
315651
315780
316263
316300
316320
316714
316953
317096
317295
317350
317495
317502
317862
317950
318343
318572
318678
318823
319082
319112
319744
319860
320363
320636
320964
321052
321132
321431
321487
321599
321950
322054
322232
322265
322432
322923
322968
323003
323107
323177
323353
323479
323648
324027
325144
325169
325367
326388
326392
326473
326528
326776
327257
327339
327589
327597
328105
328457
328648
328667
328895
329279
330205
330268
330385
331178
331480
331768
332163
332199
332405
332646
332862
333141
333288
333594
334138
334733
334768
334808
335039
335205
335325
335348
335434
335773
335793
335799
336094
336131
336421
336667
337030
337186
337290
337812
338154
338191
338217
338470
338671
339492
339625
340060
340146
340427
340589
340995
341074
341166
341402
341561
341766
341810
342269
343300
343469
344252
344361
345356
345721
345760
346991
347165
347296
347836
347992
348264
348407
348975
349205
349228
349398
349486
349639
350112
350793
350969
351854
352023
352326
352618
353331
353597
354007
354063
354498
354545
354861
356024
356631
357769
358596
358967
359074
359475
359589
359915
359984
360598
361269
361297
361564
361678
361710
361831
362530
362620
362859
363153
363225
364995
365547
365734
366324
366518
366885
367586
367641
368004
368568
369679
370071
370198
370457
370617
370781
371111
371414
372108
373032
373351
373359
373953
375281
375516
377137
377260
377297
378770
379023
379414
379702
381228
381267
382004
382017
382923
383515
383544
383611
383693
383982
385026
385067
385078
385403
387000
387214
387546
387670
388420
388523
388791
388879
389102
390004
390665
392195
392759
393190
393738
393931
394449
394480
395999
396152
396275
396585
397465
400203
402018
402677
403498
403653
403829
407001
407469
408506
409299
410481
410950
413129
413215
414061
414677
414687
416385
416560
417110
417441
417907
418211
419900
420049
422247
422423
425089
425245
426787
427723
428381
431040
431159
431370
432395
432575
433579
434673
435063
438069
438718
439099
439767
440155
441094
441428
444709
445039
445445
447024
447093
447790
448900
452224
454978
455014
456814
457230
458748
461273
461606
463466
467293
469727
471581
472139
476064
477149
477602
478106
478138
480278
480682
482003
485250
490289
490967
510062
515912
520233
527751
530676
545561
550367
551919
581853
590209
630077
641868
