0
0
20
44
138
240
277
290
369
398
532
611
670
739
745
761
779
813
820
1020
1046
1109
1131
1154
1333
1335
1343
1343
1352
1380
1387
1428
1442
1524
1571
1608
1623
1664
1676
1693
1734
1747
1751
1938
1987
2013
2070
2072
2141
2144
2190
2315
2413
2420
2468
2558
2560
2629
2688
2739
2779
2787
2840
2850
2887
2980
2994
3022
3034
3074
3099
3146
3149
3197
3219
3221
3353
3411
3461
3538
3541
3597
3600
3602
3691
3711
3814
3825
3961
3970
3997
4061
4247
4267
4270
4271
4350
4362
4400
4434
4468
4523
4536
4576
4585
4589
4615
4629
4715
4742
4779
4836
4860
4924
5001
5047
5061
5075
5078
5080
5093
5107
5164
5276
5291
5293
5312
5350
5400
5454
5459
5518
5570
5614
5694
5738
5845
6020
6063
6119
6151
6175
6261
6273
6379
6439
6449
6449
6521
6535
6601
6716
6749
6769
6869
6893
6942
6959
6967
6970
7107
7125
7127
7128
7176
7178
7182
7275
7305
7316
7450
7458
7472
7488
7494
7542
7569
7589
7602
7650
7680
7741
7753
7777
7835
7872
7886
7925
7995
8027
8038
8109
8119
8136
8178
8225
8293
8316
8340
8392
8447
8472
8480
8503
8509
8573
8598
8635
8696
8699
8950
8980
9032
9041
9098
9101
9141
9142
9161
9178
9211
9229
9236
9252
9313
9321
9348
9364
9393
9452
9511
9570
9627
9641
9757
9773
9818
9839
9865
9869
9905
9917
10011
10019
10107
10189
10220
10279
10297
10345
10360
10385
10470
10474
10540
10589
10608
10697
10738
10744
10775
10828
10860
10879
10902
10916
10987
11006
11012
11108
11181
11188
11219
11225
11323
11396
11422
11446
11454
11455
11467
11476
11485
11496
11498
11549
11591
11706
11735
11747
11752
11825
11835
11879
11985
12029
12082
12096
12170
12185
12247
12269
12313
12361
12477
12558
12570
12592
12607
12622
12688
12720
12769
12789
12982
13007
13076
13078
13101
13166
13181
13234
13252
13254
13349
13351
13378
13414
13495
13516
13553
13586
13632
13654
13705
13756
13794
13803
13818
13848
13926
13948
14002
14005
14107
14265
14281
14465
14546
14570
14587
14686
14694
14724
14874
14884
15001
15114
15470
15490
15636
15656
15662
15668
15756
15797
15853
15952
15973
16025
16037
16048
16124
16154
16225
16229
16341
16349
16356
16531
16547
16600
16744
16765
16778
16788
16801
16803
16825
16828
16832
16859
16923
17019
17031
17085
17116
17118
17151
17243
17286
17366
17379
17398
17421
17587
17645
17663
17784
17844
17913
18013
18019
18035
18039
18047
18061
18113
18162
18257
18336
18339
18395
18415
18450
18463
18469
18491
18579
18604
18623
18634
18644
18671
18709
18731
18742
18886
18906
18937
18954
18964
19120
19182
19215
19234
19245
19317
19359
19378
19406
19448
19456
19485
19485
19493
19510
19561
19594
19614
19665
19670
19811
20001
20003
20009
20016
20099
20183
20193
20203
20226
20271
20278
20283
20290
20375
20411
20453
20456
20536
20565
20576
20591
20607
20637
20649
20674
20686
20693
20752
20787
20816
20889
20895
20902
21034
21069
21081
21099
21161
21233
21290
21292
21303
21322
21329
21340
21354
21377
21417
21465
21628
21628
21848
21865
22000
22039
22052
22087
22103
22116
22222
22268
22390
22461
22492
22524
22526
22528
22536
22543
22558
22570
22575
22581
22617
22698
22736
22776
22812
22842
22921
22944
22951
23025
23027
23062
23098
23217
23232
23306
23422
23441
23484
23489
23492
23507
23590
23606
23684
23710
23763
23789
23814
23835
23910
23922
23953
23954
24018
24044
24087
24124
24136
24191
24264
24297
24369
24414
24425
24450
24483
24555
24691
24694
24775
24776
24787
24791
24876
24954
25001
25042
25082
25134
25188
25284
25516
25587
25651
25655
25663
25697
25793
25813
25835
25843
25944
25968
25973
25979
26009
26101
26133
26194
26195
26197
26240
26310
26320
26386
26387
26397
26434
26438
26444
26486
26488
26554
26580
26628
26646
26681
26694
26741
26821
26926
26951
27001
27044
27088
27285
27307
27493
27583
27618
27672
27719
27738
27791
27871
27969
28017
28043
28200
28244
28300
28309
28314
28333
28403
28451
28465
28472
28473
28503
28517
28531
28561
28620
28634
28704
28708
28721
28783
28788
28819
28835
28946
28968
28976
28982
28990
29030
29068
29223
29314
29404
29408
29409
29438
29474
29507
29508
29611
29629
29647
29704
29715
29784
29795
29805
29819
29858
29864
29871
29873
29905
29917
30011
30017
30086
30168
30187
30294
30370
30487
30638
30680
30696
30708
30729
30822
30847
30876
30903
30918
30960
31015
31094
31100
31107
31250
31315
31360
31379
31413
31481
31492
31545
31648
31670
31705
31809
31823
32017
32042
32069
32207
32273
32279
32393
32448
32451
32462
32465
32611
32615
32698
32760
32803
32843
32898
33019
33040
33043
33065
33097
33224
33289
33347
33415
33465
33471
33478
33562
33598
33652
33667
33707
33733
33799
33893
33899
33902
34127
34172
34177
34214
34223
34238
34248
34294
34318
34475
34488
34552
34553
34553
34569
34646
34747
34757
34924
34948
35148
35159
35218
35245
35250
35297
35306
35325
35335
35365
35455
35495
35502
35531
35562
35572
35583
35663
35673
35730
35765
35845
35895
35913
35978
35979
36021
36063
36115
36181
36182
36326
36335
36598
36612
36694
36887
36911
36987
36987
37091
37140
37191
37251
37370
37406
37410
37417
37427
37487
37557
37629
37642
37692
37695
37753
37785
37792
37819
37826
37900
38007
38044
38046
38085
38162
38189
38280
38327
38331
38655
38682
38848
38877
38904
38930
38932
38937
38940
38984
38999
39039
39151
39316
39384
39431
39445
39533
39563
39593
39608
39629
39663
39703
39776
39823
39823
39853
39860
40036
40053
40188
40261
40358
40419
40433
40485
40588
40628
40653
40671
40717
40777
40839
40869
41004
41092
41254
41284
41411
41452
41458
41460
41786
41789
41796
41819
41832
41837
41961
41974
42062
42195
42197
42230
42308
42377
42706
42741
42765
42852
42886
42945
42997
43053
43055
43061
43071
43112
43162
43185
43276
43284
43327
43347
43413
43427
43544
43563
43581
43662
43679
43723
43781
43829
43912
43981
43981
44016
44086
44088
44095
44130
44189
44221
44314
44340
44360
44367
44373
44411
44444
44479
44496
44523
44533
44573
44601
44649
44656
44687
44743
44753
44805
44861
44955
45027
45028
45047
45059
45103
45146
45215
45217
45255
45335
45354
45528
45599
45696
45700
45754
45790
45793
45820
45888
45933
45982
45993
46008
46151
46166
46195
46208
46323
46401
46474
46552
46750
46771
46783
46829
46844
46850
46924
46944
46952
46981
47021
47040
47089
47098
47364
47461
47464
47560
47564
47578
47590
47601
47633
47904
47926
47986
47996
48087
48099
48122
48123
48126
48218
48278
48314
48343
48427
48483
48515
48553
48592
48617
48625
48629
48676
48736
48747
48780
48829
48942
48999
49025
49034
49251
49259
49406
49463
49468
49568
49668
49706
49724
49922
50169
50200
50246
50248
50271
50330
50378
50465
50509
50554
50574
50574
50607
50762
50807
50824
50831
50864
50900
50918
50989
51041
51052
51063
51145
51177
51279
51282
51400
51470
51562
51566
51661
51774
51924
52032
52054
52108
52152
52153
52223
52249
52302
52316
52424
52425
52468
52473
52511
52593
52612
52693
52733
52788
52835
52901
52914
52960
53123
53125
53206
53237
53306
53356
53445
53477
53583
53592
53682
53713
53812
53970
54238
54344
54360
54394
54395
54419
54530
54570
54605
54730
54831
54859
54882
54890
54929
54973
55047
55102
55150
55192
55215
55272
55293
55296
55316
55413
55429
55510
55755
55757
55840
55881
56039
56063
56063
56155
56161
56241
56309
56363
56438
56453
56471
56479
56494
56507
56630
56641
56729
56764
56783
56785
56816
56824
56875
56941
57047
57050
57085
57093
57104
57118
57156
57166
57181
57188
57210
57404
57409
57554
57603
57609
57721
57738
57803
57846
57848
57941
58058
58064
58141
58324
58325
58330
58448
58484
58527
58645
58663
58673
58697
58735
58745
58774
58786
58798
58823
58858
58910
58979
59047
59106
59202
59264
59284
59312
59526
59527
59598
59673
59704
59706
59775
59818
59855
59860
59898
59937
59938
59941
60009
60143
60338
60356
60381
60392
60505
60598
60620
60817
60889
60900
60951
60958
60979
61026
61053
61131
61191
61220
61225
61287
61538
61576
61583
61592
61667
61700
61709
61717
61840
61848
61997
62005
62111
62123
62138
62152
62189
62208
62241
62300
62325
62336
62379
62462
62523
62570
62791
62851
63083
63093
63098
63174
63467
63498
63528
63649
63655
63695
63751
63823
63847
63904
63915
63949
64038
64069
64123
64159
64215
64283
64300
64322
64363
64378
64394
64549
64560
64570
64607
64708
64742
64772
64812
64851
64919
64927
64948
65111
65121
65128
65154
65231
65313
65317
65321
65380
65382
65442
65489
65504
65520
65595
65691
65716
65862
65882
65942
66295
66379
66380
66383
66417
66456
66482
66547
66561
66562
66580
66744
66754
66815
66820
66840
66842
66862
66909
67160
67187
67195
67266
67362
67426
67506
67672
67796
67809
67835
67988
68020
68066
68111
68116
68119
68152
68362
68413
68419
68429
68562
68657
68685
68874
68886
68985
69099
69142
69150
69268
69313
69335
69347
69410
69428
69432
69467
69559
69580
69754
69811
69811
69830
69864
69910
70017
70018
70150
70238
70264
70413
70519
70608
70660
70792
70889
70903
70998
71013
71295
71343
71488
71580
71709
71748
71764
71810
71819
71851
71898
71924
72068
72097
72173
72227
72253
72253
72275
72373
72551
72574
72612
72627
72780
72806
72832
72875
72950
72977
73071
73113
73192
73322
73414
73466
73630
73634
73670
73686
73830
73960
74038
74066
74075
74279
74327
74385
74470
74496
74521
74563
74576
74608
74654
74708
74756
74852
74910
75086
75134
75165
75168
75251
75272
75306
75354
75389
75392
75399
75414
75477
75486
75535
75583
75597
75598
75632
75635
75639
75681
75712
75768
75797
75806
75830
75900
75927
76094
76118
76312
76672
76719
76722
76736
76872
76888
76929
77140
77145
77173
77290
77326
77419
77440
77514
77637
77693
77792
77886
77887
77892
77950
77994
78074
78114
78220
78363
78490
78500
78525
78535
78617
78711
78720
78831
78866
78904
78912
78935
79118
79128
79142
79164
79188
79193
79212
79318
79369
79383
79440
79536
79625
79656
79737
79754
79765
79774
79830
79863
80032
80119
80171
80179
80181
80201
80215
80241
80261
80324
80337
80347
80462
80523
80598
80599
80738
80951
80993
81092
81114
81122
81138
81163
81164
81177
81220
81233
81241
81245
81343
81439
81470
81488
81518
81578
81678
81680
81681
81731
81841
81996
82024
82110
82208
82249
82255
82276
82277
82340
82385
82394
82493
82495
82540
82568
82615
82621
82632
82663
82734
82808
82822
82884
83065
83079
83080
83127
83225
83288
83404
83413
83574
83581
83645
83672
83684
83753
83795
83887
83939
83992
84055
84187
84311
84398
84459
84479
84522
84559
84657
84766
84774
84953
84968
85101
85139
85199
85345
85485
85620
85724
85732
85752
85787
85789
85886
85937
85945
86021
86028
86057
86076
86097
86099
86174
86355
86411
86434
86457
86506
86594
86649
86722
86723
86790
86827
86938
87000
87018
87114
87124
87211
87231
87267
87282
87301
87312
87321
87339
87483
87527
87595
87630
87814
87876
87940
88062
88077
88094
88367
88379
88459
88470
88521
88531
88561
88573
88617
88666
88758
88759
88790
88884
88959
88961
88976
89016
89017
89059
89214
89254
89260
89578
89591
89616
89676
89745
89765
89776
89919
89956
89983
90012
90194
90213
90247
90250
90250
90276
90342
90433
90515
90566
90617
90622
90625
90697
90736
90744
90792
90825
90848
90910
90917
90984
91063
91145
91147
91347
91388
91400
91462
91550
91574
91666
91811
91960
91974
92110
92133
92161
92252
92304
92411
92462
92547
92639
92676
92836
92900
92934
92944
92950
93108
93617
93619
93631
93634
93635
93756
93942
93946
94054
94111
94146
94155
94173
94245
94357
94498
94532
94533
94546
94564
94575
94615
94664
94666
94687
94724
94730
94733
94788
94798
94806
94840
94933
94988
95012
95216
95322
95338
95467
95651
95712
95803
95855
95868
95905
95998
96022
96023
96025
96101
96126
96230
96231
96359
96381
96383
96469
96516
96577
96895
97003
97037
97203
97206
97249
97308
97335
97377
97497
97620
97640
97686
97725
97793
97878
97913
97929
97933
97982
97999
98052
98054
98081
98120
98132
98167
98227
98272
98272
98322
98409
98455
98518
98577
98585
98704
98715
98728
98790
98855
98891
98942
98977
98986
99107
99158
99222
99260
99353
99389
99415
99429
99543
99585
99592
99598
99630
99637
99658
99661
99758
99846
99910
99955
100036
100065
100340
100348
100446
100453
100458
100482
100546
100574
100618
100639
100691
100692
100709
100728
100787
100936
101190
101247
101306
101333
101401
101413
101550
101572
101617
101641
101662
101683
101709
101714
101749
101762
101885
101919
102012
102031
102119
102170
102309
102346
102393
102410
102424
102438
102564
102627
102750
102827
102830
103043
103131
103219
103254
103371
103390
103400
103419
103670
103799
103823
104020
104027
104037
104119
104237
104263
104265
104270
104310
104325
104334
104448
104508
104517
104532
104547
104557
104598
104601
104711
104721
104731
104743
104743
104759
104923
104959
105053
105169
105222
105231
105246
105387
105399
105440
105577
105615
105869
105902
105902
106037
106073
106310
106351
106389
106411
106418
106468
106524
106599
106661
106698
106872
106977
106985
107075
107094
107261
107308
107313
107321
107328
107330
107355
107363
107442
107453
107459
107493
107602
107687
107692
107693
107710
107800
107837
107872
107998
108033
108034
108207
108253
108331
108356
108381
108403
108489
108545
108568
108572
108623
108646
108687
108718
108877
108897
108966
108984
109135
109410
109556
109583
109754
109762
109823
109846
109939
109995
110053
110211
110224
110425
110503
110550
110590
110614
110654
110732
110793
110871
110931
111031
111064
111064
111067
111116
111167
111193
111202
111211
111261
111483
111600
111738
111887
111966
112157
112193
112240
112293
112314
112515
112557
112637
112664
112887
112945
112950
113018
113035
113087
113088
113142
113299
113426
113435
113450
113704
113815
113903
114111
114177
114228
114256
114348
114482
114510
114569
114684
114720
114788
114798
114833
114933
114947
114957
114972
114990
114998
115001
115027
115136
115154
115245
115285
115317
115343
115429
115469
115489
115491
115639
115657
115717
115734
115924
115956
116085
116213
116251
116256
116363
116471
116606
116722
116746
116775
116877
116903
116903
117059
117086
117102
117109
117145
117178
117376
117394
117469
117491
117500
117607
117638
117711
117748
117782
117929
118191
118273
118332
118340
118392
118453
118473
118528
118540
118662
118694
118702
118791
118830
118876
118879
118907
118946
118994
119000
119013
119117
119186
119284
119319
119422
119545
120070
120302
120344
120378
120509
120770
120916
120964
120993
121030
121042
121082
121089
121098
121126
121147
121323
121424
121434
121521
121588
121650
121755
121790
121814
121837
121899
121907
121910
121915
121953
121970
122002
122066
122170
122227
122246
122258
122315
122347
122400
122400
122481
122487
122623
122705
122757
122927
122958
123008
123075
123087
123168
123378
123473
123523
123640
123679
123711
123727
123732
123741
123777
123791
123853
123902
123903
123952
123978
124158
124300
124394
124442
124560
124667
124882
124951
124983
125136
125192
125242
125244
125294
125304
125345
125359
125374
125458
125507
125553
125847
125975
125996
126011
126206
126336
126379
126445
126615
126675
127020
127033
127080
127207
127253
127281
127283
127389
127413
127508
127511
127528
127590
127717
127756
127796
127818
127833
127865
127938
127958
128049
128083
128274
128324
128508
128751
128821
128898
128959
128985
129257
129263
129349
129470
129544
129581
129667
129674
129729
129803
130078
130096
130157
130171
130188
130190
130270
130313
130323
130336
130340
130549
130715
130728
130811
131022
131088
131155
131157
131197
131288
131378
131387
131413
131472
131507
131564
131812
131830
131856
131879
131903
132083
132202
132204
132209
132224
132348
132617
132687
132689
132763
132822
132867
132950
133044
133128
133192
133192
133391
133435
133499
133507
133549
133708
133913
134116
134234
134303
134308
134433
134495
134535
134552
134608
134745
134749
134778
134799
134872
134882
134913
134997
135048
135064
135124
135181
135270
135409
135754
135825
136039
136247
136250
136270
136279
136497
136577
136847
137003
137155
137174
137183
137359
137393
137487
137589
137607
137713
137765
137798
138007
138226
138253
138277
138309
138362
138456
138601
138669
138744
138835
138872
139154
139212
139329
139453
139586
139601
139818
139886
139979
140071
140338
140382
140497
140593
140624
140661
140812
140882
140992
141006
141041
141097
141152
141181
141186
141195
141198
141365
141399
141530
141602
141705
141732
141794
141881
141993
142123
142198
142447
142462
142647
142648
142723
142793
142867
142891
142899
142997
143072
143137
143311
143332
143447
143484
143490
143583
143685
143711
143836
143898
144002
144167
144248
144356
144366
144505
144534
144624
144650
144661
144869
144932
145046
145139
145250
145493
145526
145651
145706
146004
146107
146171
146220
146227
146429
146453
146496
146527
146617
146629
146659
146859
147075
147186
147370
147401
147609
147853
147939
148029
148141
148142
148315
148820
149256
149369
149580
149580
149662
149756
149772
149781
149800
149831
149958
150057
150194
150374
150432
150455
150464
150465
150521
150546
150594
150696
150776
150778
150876
151011
151044
151120
151332
151468
151608
151611
151719
151720
151831
151837
151889
152151
152184
152233
152568
152703
152783
152851
152852
152974
153024
153457
153509
153575
153620
153736
153800
153811
153937
154247
154259
154295
154355
154403
154576
154809
154918
155046
155134
155190
155217
155313
155604
155805
155892
156037
156164
156271
156277
156278
156298
156315
156318
156476
156577
156723
156752
156825
156836
156840
156862
156925
156975
157113
157135
157323
157336
157386
157434
157443
157615
157715
157900
157959
158075
158088
158184
158263
158277
158289
158438
158676
158894
159172
159203
159209
159254
159292
159356
159386
159434
159505
159940
160008
160018
160073
160104
160153
160321
160414
160522
160647
160686
160737
160815
160854
160858
160877
160989
161215
161245
161488
161522
161541
161783
161944
161952
162009
162020
162027
162027
162166
162284
162312
162331
162508
162697
162723
162766
162768
162800
162822
162828
162867
163146
163160
163183
163244
163295
163300
163326
163366
163430
163466
163646
163764
163766
164063
164198
164321
164401
164500
164557
164614
164991
165035
165354
165394
165510
165756
165779
166090
166249
166269
166318
166350
166410
166430
166525
166688
166768
166822
166864
166928
167124
167245
167257
167383
167391
167715
167852
167891
167938
167944
167984
168165
168202
168260
168298
168300
168361
168400
168457
168521
168700
168719
168721
168778
168799
168816
168867
168870
168874
168907
168910
169093
169151
169154
169172
169254
169293
169530
169539
169576
169819
169844
169872
169915
169920
170061
170096
170174
170370
170407
170484
170509
170522
170586
170636
170763
170823
170844
170853
170856
170891
170966
170978
170981
170996
171099
171177
171198
171504
171522
171527
171546
171584
171680
171683
171703
171984
172469
172505
172527
172733
172906
172914
173019
173050
173066
173145
173175
173519
173609
173869
174024
174328
174355
174363
174429
174498
174614
174713
174802
174909
174966
175139
175245
175287
175444
175497
175522
175727
175806
176107
176194
176362
176483
176484
176721
176744
176806
176808
177001
177229
177332
177333
177436
177478
177605
177796
177888
178074
178206
178357
178417
178454
178768
179003
179025
179026
179071
179073
179099
179136
179265
179297
179317
179500
179535
179576
179791
179799
179818
179822
179991
180160
180172
180322
180346
180392
180411
180564
180604
180626
180788
181114
181139
181157
181208
181395
181401
181462
181597
181804
181857
181883
181928
181950
182036
182068
182144
182298
182310
182477
182524
182655
182860
182944
183033
183141
183142
183183
183213
183225
183344
183358
183393
183564
183580
183613
183628
183708
183907
183931
183938
183941
184010
184054
184061
184112
184236
184273
184322
184519
184652
184671
185143
185167
185249
185264
185303
185561
185743
185759
185795
185796
186024
186156
186172
186398
186676
186701
186824
187254
187303
187418
187426
187691
187723
187733
187876
188020
188083
188198
188250
188386
188577
188650
188659
188678
188727
188871
189247
189268
189484
189718
189796
189833
189973
190174
190347
190502
190516
190538
190784
190785
190800
190872
190994
191009
191021
191386
191777
191892
191910
191999
192051
192056
192147
192147
192161
192210
192213
192261
192327
192353
192450
192465
192569
192653
192944
193185
193240
193275
193353
193456
193499
193678
193725
193729
193849
193900
193974
194155
194312
194408
194528
194532
194550
194580
194605
194889
194933
195056
195217
195472
195663
195682
195690
195705
195723
195867
195909
195988
196136
196202
196211
196289
196969
196976
196978
197139
197141
197187
197213
197235
197329
197425
197598
197664
197716
197738
198249
198350
198447
198505
198560
198566
198623
198992
199004
199086
199253
199285
199440
199545
199972
200221
200349
200358
200370
200428
200520
200584
200763
200836
200895
200973
201048
201055
201365
201481
201520
201589
201747
201863
201867
201938
202087
202096
202210
202427
202518
202546
202626
202638
203049
203058
203182
203222
203335
203366
203382
203512
203537
203570
203598
203606
203741
203769
203775
203867
203879
203908
203932
204005
204176
204184
204299
204333
204371
204571
204688
204991
205244
205321
205764
205789
205793
206054
206110
206435
206559
206582
206654
206826
206873
207015
207183
207614
207729
207846
207922
208068
208204
208309
208403
208533
208561
208571
208710
208763
208933
209206
209367
209369
209577
209578
209651
209693
209813
209977
210013
210165
210416
210880
211024
211095
211235
211269
211293
211331
211373
211561
211604
211636
211671
211799
211832
211921
211921
212009
212033
212509
212658
212735
212742
212766
213013
213082
213197
213379
213535
213621
213752
213752
213765
213820
213891
214321
214366
214559
214689
214699
214763
214857
214895
215132
215199
215350
215364
215542
215627
215681
215889
216076
216128
216167
216307
216374
216418
216424
216425
216476
216545
216628
216701
216840
217211
217531
217559
217575
217665
217788
217910
218004
218136
218163
218694
218752
218813
218835
218838
219088
219159
219417
219464
219987
220001
220021
220086
220312
220500
220528
220551
220594
220630
220642
220966
221231
221505
221752
222022
222095
222327
222328
222580
222696
222868
223404
223457
223459
223619
223657
223750
223823
223981
223984
224045
224354
224443
224576
224709
224724
224823
224937
224957
225052
225256
225257
225442
225662
226006
226032
226215
226268
226370
226517
226610
226759
226874
226963
227017
227020
227059
227296
227488
227690
228448
228595
228605
228936
229181
229333
229700
229748
230034
230044
230140
230231
230452
230818
231132
231352
231465
231468
231549
231679
231702
231809
232127
232285
232333
232822
232860
232920
233036
233192
233222
233793
233995
234103
234377
234527
234613
234839
234840
234921
235526
235587
235611
235736
236106
236166
236299
236368
236856
236958
237262
237270
237272
237410
237438
237648
237948
237977
238084
238130
238205
238384
238474
238560
238572
238897
238905
239116
239501
239666
240172
240259
240494
240706
240774
240840
241054
241178
241386
241417
241744
241751
241809
242480
242491
242561
242687
242702
242886
242974
243289
243291
243367
243879
243899
244273
244626
244830
244997
245065
245086
245089
245163
245612
245676
246107
246206
246272
246575
246864
246988
247008
247203
247332
247471
248005
248021
248068
248271
248448
248738
248810
249076
249203
249226
249281
249369
249403
249455
249796
249995
250124
250497
250902
250938
250966
251144
251216
251282
251403
251541
251649
252377
252488
252870
252870
252934
252979
252997
253011
253242
253756
253818
253862
253927
254239
254267
254862
254924
255235
255413
255492
255615
255698
255707
256040
256086
256219
256792
256811
257320
257522
257625
258731
258807
258835
258946
258980
259301
259644
259815
260051
260312
260479
260535
260540
260636
260776
261028
261126
261311
261442
261913
262074
262231
262335
262498
262604
262850
263307
263589
263611
263719
263730
263822
263829
263955
264574
264766
264912
264916
264951
265100
265415
265943
266032
266085
266340
266751
266822
266974
266989
267365
267419
267510
267544
267603
267613
268618
269334
269506
270013
270115
270369
270416
271261
271309
271462
271497
271518
271577
271722
271838
272238
272433
273377
273386
273485
273792
273867
274142
274240
274334
274437
274556
274620
274754
274778
275187
275675
276230
276521
276646
277205
277674
277729
278092
278232
278271
278573
278607
278621
279088
279287
279536
279571
279725
279974
279976
280247
280300
280335
281126
281258
281535
281674
282132
282208
282273
282634
282974
283415
283457
283599
283908
284041
284611
285242
285336
285645
285723
285769
285827
286080
286603
286804
286814
286846
286922
287492
288011
288933
289216
289535
289672
290000
290469
290561
290597
290655
291100
291138
291326
291385
291808
292182
293128
293254
293528
293713
294440
294537
294927
295367
295544
295733
295735
295747
296168
296222
296295
296573
296589
297518
297797
297988
297993
298215
298914
299829
299853
300177
300484
300617
301120
301577
301590
301606
301940
302099
302585
303133
303138
303333
303422
303655
303775
304412
304545
304911
305166
305442
307521
307705
307832
308444
308478
308786
308990
309179
310268
310284
310303
310678
311107
311910
312009
312025
312055
312302
312313
312414
312956
312979
313069
313187
313411
313581
313595
314739
314907
315792
315837
316441
316636
316905
317103
317673
317790
318684
318766
319030
319544
320504
320684
320937
320968
321260
321471
321525
321602
322475
322609
322792
322835
323002
323393
323642
323696
323800
324260
324270
326247
326844
326853
327124
327752
327759
328203
328235
328502
329457
329815
329921
329960
330000
330192
330499
330685
330757
330903
330946
331329
331387
331402
331433
331788
331910
332342
332425
334122
334207
334283
335119
335484
335491
336030
337108
337170
337436
338026
338407
338947
339465
341576
341591
341925
342305
342595
342644
342683
342754
342826
343321
343357
344313
344347
344954
345048
347325
347512
348466
348909
349978
350840
351590
351927
352019
353992
354388
354455
355122
356032
356911
357240
357585
358349
359210
359640
359833
361923
362530
362891
364547
365492
365494
365535
367754
368134
368759
369080
371795
372211
372306
372790
372805
376785
378410
378557
378893
379527
379698
380593
380721
380722
382732
383332
383731
384199
385603
385615
385636
386239
386581
388374
390503
391962
394482
397319
397824
398738
399904
401512
403746
405348
406268
407036
408875
409045
409372
410998
412397
413252
414962
416850
417800
418168
418187
419193
419512
420041
420800
421229
422033
424889
425139
427001
427200
427869
428969
429200
432540
435076
442343
443409
443641
444026
448470
454579
467868
486809
488542
490635
494720
500887
503261
503866
507317
508217
511413
517045
518228
532277
533056
537768
553091
577339
591421
601932
656139
