0
0
8
23
35
98
129
143
161
180
191
227
271
274
291
304
316
341
350
378
379
407
446
490
524
526
551
570
663
698
767
843
860
968
1065
1083
1151
1182
1183
1253
1333
1377
1402
1439
1483
1484
1652
1666
1828
1878
1878
2027
2071
2087
2090
2140
2172
2247
2316
2389
2417
2440
2457
2463
2470
2540
2638
2792
2877
2880
2905
2990
3009
3060
3072
3111
3112
3124
3163
3283
3285
3341
3366
3407
3440
3520
3615
3639
3665
3694
3728
3736
3738
3755
3805
3825
3841
3856
3875
3899
3908
3956
3959
3978
4009
4038
4048
4055
4064
4128
4203
4238
4263
4342
4349
4463
4471
4634
4637
4642
4854
4858
4894
4938
4940
4965
4983
5089
5111
5268
5273
5288
5293
5319
5372
5403
5404
5444
5548
5589
5622
5755
5822
5910
6029
6041
6136
6145
6157
6221
6248
6311
6317
6347
6357
6569
6572
6594
6820
6821
6827
6972
7028
7046
7081
7084
7148
7193
7202
7273
7278
7286
7347
7357
7380
7433
7434
7438
7493
7518
7567
7622
7658
7688
7744
7750
7761
7813
7898
7975
8007
8014
8114
8133
8229
8411
8433
8456
8493
8509
8728
8765
8829
8856
8899
9021
9078
9118
9134
9147
9149
9156
9159
9203
9277
9308
9399
9498
9580
9583
9605
9657
9660
9761
9762
9817
9818
9883
9938
9950
10011
10037
10054
10110
10148
10148
10207
10265
10277
10328
10335
10388
10394
10411
10469
10498
10541
10566
10577
10592
10595
10636
10646
10649
10665
10726
10747
10800
10802
10883
10939
10944
11021
11085
11227
11243
11271
11278
11299
11312
11363
11364
11425
11429
11435
11533
11543
11559
11564
11587
11643
11664
11846
11872
11884
11967
11985
12018
12105
12116
12159
12161
12251
12265
12270
12358
12410
12435
12454
12480
12518
12587
12593
12608
12615
12619
12704
12718
12748
12821
12882
12905
12941
12952
12966
13040
13044
13095
13103
13124
13130
13194
13299
13333
13438
13469
13472
13611
13623
13663
13685
13803
13805
13815
13898
13916
13968
13983
13994
13995
14002
14040
14065
14158
14263
14273
14276
14291
14300
14453
14539
14572
14600
14606
14624
14634
14698
14740
14780
14798
14812
14824
14826
14889
14907
14912
14965
15015
15051
15110
15115
15130
15203
15240
15248
15283
15285
15357
15379
15403
15445
15493
15536
15539
15542
15667
15668
15724
15805
15961
15970
16105
16122
16162
16249
16261
16267
16273
16385
16520
16570
16605
16702
16717
16798
16821
16901
16953
17063
17090
17144
17207
17259
17402
17453
17454
17670
17750
17778
17923
17971
18028
18040
18158
18164
18168
18237
18296
18310
18403
18412
18454
18484
18533
18546
18578
18590
18594
18682
18792
18794
18843
18866
18899
18941
18951
18981
18981
19034
19119
19158
19167
19179
19284
19311
19335
19372
19379
19422
19446
19451
19483
19484
19524
19533
19571
19617
19650
19682
19827
19828
19870
19883
19889
20031
20068
20097
20100
20245
20247
20328
20463
20589
20604
20609
20820
20867
20888
20904
20918
20947
21023
21113
21220
21232
21520
21605
21704
21794
21830
21868
21885
21890
21912
22004
22061
22112
22130
22143
22258
22274
22311
22542
22549
22551
22560
22566
22599
22619
22650
22661
22695
22723
22745
22924
23027
23085
23122
23147
23162
23165
23195
23214
23241
23393
23409
23411
23472
23478
23508
23514
23586
23598
23667
23765
23893
23917
23958
23970
23997
24009
24011
24016
24167
24201
24207
24269
24276
24468
24557
24575
24632
24857
24858
24898
24981
24986
24992
25200
25205
25222
25225
25399
25583
25606
25650
25652
25688
25795
25882
25888
25946
26013
26024
26089
26139
26167
26223
26262
26314
26348
26349
26389
26440
26459
26489
26518
26671
26678
26762
26771
26824
26827
26840
26902
26914
26938
27154
27171
27310
27332
27339
27361
27381
27521
27590
27661
27716
27735
27744
27828
28063
28095
28116
28123
28413
28428
28529
28651
28661
28690
28734
28752
28866
28918
28947
29014
29022
29064
29100
29132
29136
29179
29322
29384
29498
29498
29506
29510
29623
29680
29704
29745
29853
29859
29884
29902
29914
30021
30043
30051
30061
30085
30094
30096
30165
30328
30330
30458
30460
30702
30766
30782
30876
30917
30930
30996
31034
31077
31093
31184
31205
31230
31284
31291
31304
31344
31406
31414
31417
31428
31432
31472
31506
31509
31518
31568
31626
31634
31664
31771
31871
31893
31894
31981
32009
32223
32241
32286
32402
32476
32541
32646
32677
32685
32755
32756
32815
32866
32876
33114
33138
33187
33211
33228
33327
33421
33566
33567
33613
33634
33682
33702
33756
33842
33891
33914
33961
33997
34049
34069
34076
34151
34161
34189
34202
34234
34247
34327
34392
34447
34452
34547
34613
34684
34756
34879
34943
35053
35060
35101
35122
35139
35206
35228
35242
35272
35295
35469
35507
35541
35586
35590
35768
35807
35926
36007
36036
36127
36142
36145
36150
36213
36228
36289
36298
36306
36441
36458
36497
36666
36753
36791
36804
36937
36951
36967
37063
37162
37198
37206
37215
37236
37340
37370
37382
37391
37434
37524
37547
37708
37717
37783
37786
37870
37942
37973
38060
38128
38165
38293
38322
38343
38432
38453
38662
38728
38738
38786
38851
38932
39045
39175
39251
39269
39289
39362
39485
39487
39530
39709
39744
39788
39818
39864
40078
40110
40190
40261
40292
40622
40685
40713
40736
40783
40814
40816
40817
40853
40930
40939
40966
41000
41002
41019
41078
41281
41355
41421
41524
41530
41533
41562
41685
41696
41729
41736
41803
41829
41845
41933
41964
42020
42023
42033
42034
42048
42067
42069
42125
42162
42177
42186
42206
42227
42503
42630
42694
42787
42815
42827
42845
42845
42858
42900
42938
43041
43175
43233
43294
43302
43331
43403
43421
43475
43535
43593
43654
43754
43789
43818
43843
43907
44033
44047
44057
44073
44104
44199
44236
44239
44346
44440
44582
44610
44754
44844
44847
44886
44930
45042
45065
45091
45146
45187
45208
45219
45251
45290
45295
45421
45422
45444
45536
45590
45607
45625
45682
45727
45765
45803
45808
45827
45831
45863
45946
45974
46055
46157
46186
46205
46337
46382
46385
46471
46490
46497
46511
46546
46601
46696
46697
46700
46705
46708
46728
46825
46825
46848
46870
46916
46941
47017
47073
47151
47158
47176
47304
47452
47479
47484
47584
47671
47705
47744
47748
47785
47786
47890
47961
47997
48030
48077
48100
48125
48151
48244
48253
48260
48264
48265
48315
48344
48355
48365
48398
48426
48440
48499
48603
48735
48746
49069
49204
49346
49365
49367
49532
49631
49764
49772
49786
49815
49835
49854
49883
49890
49909
49953
49961
50039
50105
50129
50177
50185
50203
50267
50325
50354
50574
50590
50658
50773
50869
50944
51035
51070
51205
51239
51253
51316
51488
51492
51500
51523
51524
51598
51654
51695
51707
51723
51729
51738
51811
51822
51825
51859
51878
51907
51991
52001
52005
52025
52058
52096
52153
52165
52225
52248
52268
52308
52433
52441
52475
52475
52498
52535
52553
52571
52577
52581
52587
52708
52752
52761
52766
52780
52854
52866
52910
52972
52987
53009
53043
53054
53064
53163
53412
53492
53506
53513
53598
53617
53697
53725
53837
53874
53920
53930
53948
53959
54002
54013
54032
54039
54133
54154
54155
54182
54206
54335
54339
54354
54395
54469
54475
54545
54568
54624
54655
54675
54685
54722
54729
54784
54812
54820
54859
54908
54941
54985
55067
55157
55273
55306
55349
55360
55424
55475
55492
55515
55583
55664
55715
55765
55772
55803
55956
55956
56138
56181
56228
56269
56354
56441
56450
56475
56554
56611
56615
56693
56731
56852
56878
56895
56898
56942
56975
57007
57007
57075
57121
57123
57178
57187
57232
57273
57277
57331
57473
57486
57511
57577
57678
57898
57947
58125
58198
58239
58262
58296
58302
58309
58331
58388
58400
58410
58413
58446
58570
58630
58750
58790
58804
58814
58856
58861
58915
58957
58975
59063
59075
59090
59173
59301
59310
59393
59472
59484
59647
59761
59923
60200
60227
60247
60283
60304
60349
60423
60525
60645
60685
60713
60714
60777
60783
60796
60853
60855
61026
61069
61094
61118
61164
61227
61289
61340
61531
61775
61777
61861
61871
61871
61891
62067
62116
62268
62300
62321
62398
62632
62634
62680
62717
62746
62760
62761
62766
62977
62981
63011
63014
63065
63101
63153
63276
63443
63483
63587
63598
63602
63656
63683
63749
63796
63857
63927
63934
64000
64215
64224
64269
64383
64398
64405
64443
64458
64464
64473
64593
64661
64731
64738
64828
64830
64873
64927
64979
65031
65053
65065
65069
65105
65148
65177
65340
65346
65418
65430
65430
65437
65451
65461
65496
65512
65528
65694
65700
65855
65904
65909
65970
65979
65998
66208
66240
66261
66354
66402
66414
66449
66499
66523
66533
66587
66595
66603
66630
66747
66766
66821
66863
66990
66996
67026
67089
67097
67139
67181
67213
67315
67326
67362
67390
67455
67569
67679
67688
67712
67734
67752
67797
67798
67830
67908
67943
67978
68133
68137
68199
68246
68306
68320
68367
68368
68386
68452
68514
68591
68765
68802
68813
68819
68844
68967
69062
69144
69222
69226
69256
69472
69619
69745
69755
69813
69849
69861
69929
70015
70116
70125
70149
70265
70373
70394
70422
70434
70452
70643
70703
70760
70815
70907
70910
70938
70987
70990
71089
71097
71176
71188
71193
71207
71242
71261
71496
71626
71827
71856
71882
72155
72167
72189
72248
72314
72317
72335
72447
72482
72585
72663
72663
72686
72688
72718
72747
72808
72816
72828
72831
72839
72888
72938
73087
73098
73239
73246
73294
73350
73361
73362
73471
73478
73486
73547
73630
73637
73727
73730
73757
73827
73855
73860
73867
73915
73938
73994
74029
74038
74066
74111
74147
74197
74199
74205
74258
74292
74390
74459
74529
74652
74715
74715
74820
74918
74924
74951
75049
75127
75193
75249
75341
75348
75427
75428
75467
75545
75801
75906
76041
76088
76135
76150
76244
76261
76352
76387
76411
76428
76433
76441
76627
76673
76682
76801
76848
76867
77178
77203
77339
77436
77478
77557
77582
77652
77719
77860
78006
78012
78147
78304
78364
78528
78541
78554
78605
78640
78708
78827
78886
78907
78921
79012
79157
79172
79278
79323
79387
79401
79429
79670
79764
79883
79945
80010
80048
80259
80270
80374
80414
80550
80568
80752
80787
80825
80924
81082
81120
81183
81241
81261
81415
81516
81540
81572
81640
81664
81698
81758
81783
81796
81813
81818
81853
82046
82110
82289
82338
82347
82378
82387
82607
82638
82680
82872
82881
82895
83123
83339
83432
83460
83480
83552
83573
83589
83776
83830
83857
84001
84064
84099
84326
84503
84503
84515
84582
84586
84599
84671
84689
84713
84824
84888
85005
85014
85060
85303
85371
85403
85407
85547
85584
85630
85655
85762
85787
85848
85922
85925
85935
86014
86146
86209
86276
86282
86313
86320
86349
86437
86439
86488
86511
86547
86575
86590
86690
86807
86857
86897
86924
86985
87017
87073
87153
87211
87227
87293
87312
87391
87437
87464
87571
87572
87634
87641
87660
87788
87835
87849
88103
88112
88189
88249
88249
88318
88363
88469
88492
88535
88553
88555
88597
88678
88683
88691
88706
88812
88936
89005
89138
89283
89346
89533
89567
89602
89904
89913
89977
90026
90110
90223
90321
90362
90426
90465
90491
90527
90563
90628
90638
90705
90753
90787
90804
90864
90899
90940
91076
91156
91206
91239
91274
91278
91287
91437
91462
91491
91631
91673
91686
91740
91744
91744
91767
91841
91851
91868
91902
91907
91987
92168
92195
92207
92246
92278
92311
92356
92362
92424
92469
92476
92534
92548
92597
92601
92624
92683
92752
92820
92842
92855
92991
93003
93033
93161
93328
93347
93369
93375
93376
93389
93449
93455
93490
93495
93536
93582
93712
93740
93745
93830
93870
93968
93988
94023
94033
94117
94232
94325
94332
94430
94478
94648
94660
94698
94712
94771
94815
94942
95077
95080
95244
95301
95302
95521
95525
95532
95568
95577
95593
95594
95751
95752
95816
95839
95848
96287
96301
96302
96316
96316
96380
96440
96453
96549
96552
96552
96737
96760
96810
96831
96905
96960
96973
97032
97104
97273
97365
97426
97551
97613
97650
97692
97712
97841
97848
97903
97938
97990
98009
98072
98192
98195
98272
98283
98291
98381
98382
98382
98416
98616
98640
98645
98747
98882
98915
98918
98932
99006
99028
99164
99173
99249
99322
99448
99454
99508
99656
99763
99869
99873
99878
99887
100004
100116
100218
100294
100311
100348
100402
100462
100543
100619
100633
100647
100685
100689
100729
100818
100928
101083
101154
101160
101203
101267
101522
101563
101637
101650
101697
101754
101769
101834
101864
101983
102083
102089
102197
102218
102310
102351
102373
102376
102465
102548
102578
102624
102713
102790
102800
102840
102870
103249
103301
103408
103501
103530
103548
103623
103640
103700
103705
103715
103742
103748
103791
103795
103801
103816
103858
104004
104071
104111
104160
104166
104255
104264
104394
104513
104523
104572
104594
104686
104689
104762
104830
104838
104914
104958
105002
105023
105102
105269
105282
105339
105546
105706
105785
105812
105924
106097
106154
106173
106345
106373
106410
106411
106507
106602
106762
106768
106770
106805
106818
107076
107205
107225
107295
107330
107448
107516
107568
107619
107651
107755
107758
107922
107974
107987
108011
108062
108071
108072
108226
108373
108374
108376
108394
108428
108437
108530
108651
108670
108748
108845
108896
109022
109166
109221
109299
109349
109615
109629
109670
109753
109753
109773
109808
110015
110046
110057
110058
110071
110122
110150
110158
110179
110193
110214
110269
110291
110405
110473
110518
110683
110900
110910
111027
111050
111160
111169
111200
111291
111348
111416
111693
111972
111996
112026
112153
112198
112233
112362
112623
112880
112907
112928
112944
113190
113253
113305
113591
113591
113662
113712
113783
113825
113937
114071
114159
114172
114218
114336
114391
114459
114647
114722
114765
114858
114923
114955
115143
115277
115337
115357
115459
115503
115540
115564
115578
115668
115764
115922
116141
116204
116320
116644
116705
116715
116800
117158
117191
117251
117280
117328
117364
117379
117417
117445
117518
117596
117856
117860
117926
117929
118084
118094
118134
118164
118173
118182
118184
118239
118281
118326
118339
118347
118421
118440
118450
118450
118478
118479
118508
118633
118641
118690
118699
118841
118880
118982
118995
119088
119178
119353
119446
119496
119533
119561
119698
119709
119759
119827
119833
119855
119892
119957
119960
120230
120348
120487
120489
120540
120630
120744
120788
120798
120985
121003
121029
121040
121065
121069
121496
121544
121549
121641
121695
121711
121782
121944
121957
121984
122022
122035
122206
122251
122408
122492
122545
122595
122626
123040
123054
123064
123072
123106
123118
123276
123336
123406
123664
123696
123802
123825
123923
123924
123995
124018
124186
124298
124377
124550
124562
124675
124950
125198
125235
125274
125319
125367
125379
125465
125507
125564
125564
125738
125742
125890
126067
126182
126186
126280
126303
126305
126309
126343
126416
126441
126442
126665
126706
126745
126803
126806
127083
127083
127214
127362
127362
127368
127382
127548
127684
127699
127938
127942
127966
128038
128224
128252
128419
128538
128650
128729
128808
129018
129153
129237
129353
129537
129661
129869
129913
129956
130033
130080
130119
130194
130325
130348
130355
130564
130601
130608
130891
130966
131036
131076
131095
131305
131314
131348
131422
131571
131581
131583
131602
131664
131762
131818
131872
131896
131990
132026
132083
132112
132148
132191
132213
132235
132248
132279
132384
132459
132516
132544
132575
132664
132734
132785
132823
132831
132876
132907
132968
132984
133052
133341
133351
133401
133437
133454
133465
133651
133686
133726
133744
133759
133760
133943
134075
134303
134365
134387
134476
134705
134800
135135
135222
135228
135268
135289
135310
135372
135376
135421
135546
135553
135667
135966
135973
136158
136189
136191
136208
136220
136241
136502
136521
136642
136687
136884
137043
137140
137345
137387
137494
137618
137690
137875
137885
137887
138063
138132
138266
138297
138648
138658
138669
138713
138871
138966
139022
139078
139096
139131
139491
139567
139658
139706
139772
139780
139816
140234
140376
140402
140460
140548
140626
140898
140911
140926
140943
141001
141119
141288
141367
141405
141415
141552
141563
141806
141828
141868
141870
141935
142090
142113
142177
142357
142439
142470
142628
142758
142768
142799
143039
143295
143300
143320
143427
143456
143569
143590
143590
143621
143727
143847
143881
143902
143932
143950
144081
144209
144416
144493
144525
144612
144635
144808
144826
144826
144934
144950
144962
145194
145229
145344
145351
145434
145437
145448
145495
145603
145645
145839
146009
146111
146125
146233
146487
146605
146655
146697
146725
146729
146929
147158
147201
147275
147376
147399
147418
147532
147694
147745
147905
147921
147956
148220
148222
148311
148316
148475
148545
148684
148731
148867
148941
149021
149033
149062
149125
149260
149321
149397
149422
149493
149577
149671
149679
149710
149725
149764
149857
149869
149874
149960
150024
150249
150381
150383
150426
150562
150582
150608
150833
150862
151004
151235
151307
151466
151528
151583
151591
151630
151695
151798
151824
151830
151838
151882
152103
152121
152303
152344
152422
152563
152582
152674
152944
153173
153347
153452
153580
153785
153860
153945
154112
154203
154330
154332
154364
154578
154602
154641
154697
154857
154876
154907
154969
155197
155405
155462
155527
155773
155861
156063
156195
156198
156243
156264
156282
156490
156767
156778
156818
156899
157292
157374
157381
157474
157597
157928
157946
157980
158128
158521
158610
158629
158720
158776
158812
158846
158853
158868
158995
159101
159181
159449
159479
159498
159568
160002
160045
160292
160365
160435
160498
160501
160512
160523
160721
160875
161038
161099
161370
161540
161661
161739
161926
161928
161988
162032
162124
162254
162687
162699
162869
162892
162995
163045
163292
163345
163538
163700
163726
163805
163942
164062
164117
164167
164204
164284
164370
164415
164437
164463
164558
164640
164684
164791
164802
164913
164917
164995
165385
165579
165703
165947
165966
166305
166314
166355
166374
166439
166501
166521
166782
166799
166874
167003
167007
167075
167097
167114
167173
167345
167470
167479
167485
167653
167708
167888
168009
168033
168038
168061
168445
168455
168608
168641
168716
168726
168855
168911
168965
169022
169096
169339
169451
170087
170434
170542
170768
170806
170912
170951
171015
171028
171120
171139
171374
171506
171562
171577
171624
171677
171688
171729
171927
172090
172103
172143
172183
172264
172341
172369
172432
172451
172511
172683
172842
172991
173280
173310
173401
173540
173589
173636
173651
173867
173869
173896
174192
174274
174278
174412
174572
174586
174616
174753
174793
174828
174892
174920
174937
175013
175074
175112
175262
175348
175449
175518
175742
175815
176120
176205
176297
176363
176406
176541
176690
176776
177173
177179
177311
177380
177432
177701
177905
178128
178179
178340
178353
178405
178544
178663
178679
178953
179025
179112
179466
179542
179607
179629
179636
179765
179905
179972
180152
180160
180282
180530
180530
180536
180687
180828
180881
181128
181154
181373
181430
181450
181494
181972
181995
182009
182044
182097
182178
182393
182531
182800
182860
182866
182869
182949
182973
183351
183393
183648
183653
183738
183800
183877
184048
184291
184420
184582
184657
184661
184881
184887
184904
184932
185155
185208
185403
185850
185885
186434
186595
186896
186943
186987
187038
187266
187374
187605
187638
187720
187733
187783
187834
187913
187950
187983
188167
188264
188325
188329
188409
188676
188767
188771
188822
188869
188870
188895
188922
189083
189404
189503
189670
190166
190365
190419
190508
190566
190826
190950
191049
191080
191093
191121
191258
191299
191341
191475
191566
191572
191609
191664
191904
191985
192061
192167
192616
192685
192903
193035
193042
193042
193146
193153
193180
193324
193577
193585
193638
193951
194011
194168
194224
194321
194826
195005
195092
195196
195313
195317
195455
195464
195516
195538
195586
195867
196133
196191
196435
196639
196737
196813
196954
196974
196983
197011
197274
197586
197873
197944
198079
198325
198496
198887
198935
198959
199430
199752
199755
199763
199764
199823
199869
200017
200136
200853
200933
201034
201170
201576
201709
201769
201819
202035
202177
202347
202356
202460
202517
202708
202745
202772
203022
203482
203529
203736
203927
203987
204033
204071
204396
204398
204709
205018
205166
205187
205274
205504
205867
205909
205978
206250
206482
206708
206969
207080
207168
207357
207466
207535
207624
207663
207784
207846
207934
208594
208635
208970
209010
209072
209499
209884
209940
210080
210130
210241
210260
210275
210456
210506
210586
210626
210744
211129
211146
211271
211586
212105
212109
212354
212403
212826
212921
212931
212994
213189
213211
213347
213393
213409
213639
213867
214105
214163
214407
214440
214463
214634
214692
214968
215139
215465
215518
216135
216331
216603
216656
216728
216751
217078
217345
217432
217684
217745
217776
217802
218134
218142
218244
218322
218748
218864
218883
218921
218976
219037
219126
219281
219353
219431
219654
219728
219801
219998
220153
220171
220562
220619
220636
220858
220900
220964
221181
221237
221436
221553
221967
222229
222281
222659
222856
222904
223029
223420
223474
223521
223542
223968
224049
224163
224235
224861
224928
225002
225055
225180
225286
225614
225995
226000
226050
226078
226551
226608
226912
227024
227098
227184
227298
227503
227838
227849
227851
227892
227974
228249
228614
228652
228652
228787
229155
229168
229331
229537
229914
229990
230130
230141
230279
230504
230673
230702
230737
230771
230863
231007
231579
232255
232299
232371
232459
232476
232572
232791
232978
233117
233193
233406
233618
233663
233935
234078
234315
234364
234934
235226
235492
235520
236122
236545
236578
236663
236712
236739
236845
236950
236975
237026
237029
237537
237731
238017
238121
239179
239360
239831
240029
240043
240610
241192
241213
241236
241400
242209
242395
242427
242492
242625
243209
243449
243461
243638
243698
243949
244060
244124
244324
244524
244641
244758
245212
245247
245382
245527
245537
245548
245713
245977
246069
246430
246835
247156
247427
247647
247684
247692
247793
248098
248299
248790
248822
249077
249354
249373
249675
249700
249712
249745
249848
249851
249871
249878
250213
250232
250414
250700
250795
250921
250985
251330
251612
251751
252550
253338
253492
253609
253707
253814
253913
254102
254232
254419
254601
254700
254862
254971
254993
255294
255625
255647
256077
256107
256206
256349
256438
256916
256919
257113
257463
257576
257637
258107
258953
259136
259411
259660
259998
260006
260041
260313
260828
260888
260923
261401
261474
261742
262234
262581
262787
262859
263031
263056
263233
263612
263678
264020
264529
265214
265520
265629
265795
266007
266123
266288
266518
266690
266790
267117
267385
267426
267450
267602
267748
268165
268261
268525
268556
268640
268654
268876
268891
269072
269760
269869
270035
270090
270702
271064
271077
271242
271315
271899
272016
272229
272551
272567
272693
272695
272858
272878
272940
273547
273707
273807
273894
273980
274584
274793
275447
275539
275664
275666
275787
275900
275969
276380
276934
276949
277336
277571
277639
277681
278028
278094
278501
278621
278705
278846
278941
279142
279180
279298
279561
279741
280194
280220
280454
280456
280599
280803
280968
280973
281207
281243
281656
281678
281985
282048
282370
282525
283573
283824
283887
284749
284829
285002
285253
285276
285754
285839
286394
287089
287267
287629
287875
288044
288165
288473
289176
289407
289690
289820
290107
290123
290749
291370
291414
291486
291621
291832
291895
292159
292175
292418
292418
292613
292827
293049
293821
293872
293980
294977
295190
295602
295742
296548
297308
297556
298051
298189
298204
298335
298426
298657
298685
298831
298962
298971
299311
299326
299374
299497
299748
299762
299903
300123
300174
300189
300201
300560
301095
301390
301529
302597
302806
302952
303309
304435
304642
304821
305468
307047
307157
307317
308550
309123
309794
309935
310651
311144
311422
311467
311760
311819
312444
312728
313056
313414
313589
313710
314676
315674
316027
316326
316354
316374
316495
316624
316974
317079
317140
317280
317651
318131
318316
319055
319333
320172
320264
321203
321240
321869
322053
322189
322413
322619
323714
323965
324921
324972
325143
325891
325974
325984
326461
328149
328258
329598
329784
330363
331285
332916
333900
334625
334661
335490
336063
336771
336812
341306
342620
342901
345808
347430
347687
348212
348413
349461
349810
351713
352113
352987
355065
355390
358739
359069
359698
359804
360126
360302
360534
361021
361238
362409
363438
363907
364583
365022
365270
365827
366095
366215
368817
369111
369283
369414
369891
370289
370609
372463
373691
373722
374078
374110
375834
376953
377045
377313
377728
378673
379387
379742
379932
381632
382119
382925
384035
384080
384800
384935
385307
385519
387157
387908
389171
389410
391328
391560
391823
392380
394260
396432
397685
399913
408116
408228
412563
413882
415961
416291
422079
424595
424813
428484
432164
438460
448043
449014
449971
450406
453797
457088
458512
463934
465071
471011
473917
480101
484697
492591
495595
499392
512108
513506
520862
527262
533699
565059
566828
569926
600332
