0
0
15
59
76
111
144
165
224
230
236
286
313
358
378
382
390
410
460
466
522
573
608
629
655
703
712
713
723
775
776
849
864
931
1013
1013
1029
1057
1061
1086
1157
1242
1362
1422
1436
1530
1531
1544
1618
1661
1716
1764
1791
1852
1889
1902
1920
1927
1934
1969
2004
2023
2034
2035
2042
2045
2052
2066
2079
2090
2113
2114
2197
2330
2368
2448
2522
2560
2583
2593
2614
2702
2715
2725
2887
3009
3053
3062
3103
3156
3276
3307
3327
3387
3449
3456
3476
3489
3503
3571
3640
3640
3744
3748
3783
3803
3882
3895
3926
3943
3959
3987
3992
4048
4065
4071
4097
4117
4228
4228
4233
4253
4259
4270
4274
4277
4315
4365
4369
4381
4397
4447
4577
4687
4702
4740
4746
4910
4951
5030
5102
5133
5160
5223
5248
5259
5260
5285
5337
5376
5405
5438
5489
5549
5610
5611
5634
5681
5688
5688
5689
5696
5711
5714
5793
5809
5820
5851
5853
5870
5912
5943
6007
6087
6097
6100
6156
6161
6229
6268
6273
6274
6284
6301
6317
6378
6389
6563
6630
6638
6651
6655
6697
6697
6710
6757
6793
6841
6852
6868
6887
6891
6892
6893
6942
6947
6989
7049
7053
7123
7137
7161
7163
7188
7213
7265
7320
7334
7410
7434
7478
7486
7507
7540
7635
7681
7807
7860
7866
7868
7905
7924
7948
7961
7969
8005
8094
8143
8238
8245
8317
8360
8438
8581
8591
8632
8662
8679
8736
8794
8804
8815
8953
8963
9011
9047
9128
9139
9193
9268
9313
9349
9398
9425
9446
9450
9458
9470
9471
9485
9520
9606
9619
9672
9712
9746
9752
9793
9856
9866
9906
9927
9929
9967
9994
10064
10077
10088
10090
10096
10123
10186
10199
10220
10269
10277
10440
10481
10485
10508
10654
10717
10741
10848
10851
10883
10921
10921
10927
10963
11033
11109
11200
11202
11218
11221
11229
11283
11376
11422
11443
11558
11616
11641
11687
11734
11746
11819
11828
11912
11936
11961
11984
11993
12049
12086
12184
12185
12198
12237
12294
12309
12311
12319
12329
12374
12460
12504
12595
12616
12622
12631
12649
12660
12672
12684
12733
12755
12761
12765
12882
12918
12930
12932
12960
12980
12988
13037
13174
13320
13426
13431
13481
13482
13494
13528
13562
13564
13686
13714
13732
13771
13848
13904
13924
13951
13975
13979
13992
14024
14090
14108
14156
14228
14362
14388
14465
14503
14556
14578
14597
14598
14611
14637
14678
14714
14784
14817
14907
14951
14980
14982
14984
14987
15004
15028
15032
15033
15050
15077
15137
15176
15206
15272
15368
15373
15420
15511
15518
15529
15534
15558
15589
15709
15767
15770
15853
15898
15901
15923
15945
15947
16047
16073
16076
16129
16161
16191
16195
16213
16247
16325
16366
16375
16386
16386
16406
16416
16449
16449
16471
16494
16506
16622
16673
16678
16700
16707
16740
16747
16756
16771
16774
16780
16780
16911
16933
16946
16996
17031
17054
17059
17248
17276
17422
17478
17484
17497
17517
17540
17603
17605
17621
17637
17695
17737
17817
17825
17877
17902
18023
18113
18116
18123
18210
18275
18279
18288
18311
18342
18451
18455
18494
18499
18505
18541
18601
18629
18673
18700
18747
18762
18777
18871
18895
18948
18961
19169
19171
19196
19214
19225
19275
19280
19338
19367
19377
19439
19442
19451
19625
19656
19747
19800
19813
19831
19852
19950
19998
20066
20120
20145
20208
20218
20231
20232
20750
20853
21005
21094
21103
21109
21134
21139
21147
21152
21163
21174
21186
21193
21227
21235
21249
21261
21288
21297
21342
21348
21447
21526
21594
21604
21652
21768
21771
21772
21801
21824
21839
21879
21952
21961
21974
21999
22013
22063
22087
22106
22183
22188
22239
22258
22266
22293
22310
22338
22421
22449
22583
22584
22598
22652
22657
22672
22704
22730
22756
22762
22798
22803
22817
22822
22854
23033
23056
23067
23093
23131
23138
23172
23192
23217
23236
23288
23296
23317
23523
23581
23583
23613
23677
23706
23721
23730
23809
23828
23851
23853
23876
23895
24020
24039
24058
24068
24227
24321
24335
24357
24449
24494
24518
24530
24535
24543
24585
24588
24652
24654
24681
24688
24732
24851
24853
24933
24962
24968
25011
25079
25096
25155
25165
25179
25187
25241
25315
25336
25354
25384
25440
25450
25477
25553
25618
25718
25731
25813
25975
25984
26005
26078
26258
26296
26320
26332
26394
26501
26509
26535
26581
26592
26712
26786
26816
26865
26915
26975
27027
27144
27156
27220
27238
27279
27308
27352
27365
27625
27707
27779
27788
27796
27808
27860
27864
27969
28017
28021
28065
28109
28143
28220
28253
28287
28494
28521
28522
28654
28750
28831
28908
28960
28977
28992
29013
29020
29076
29095
29192
29215
29220
29234
29287
29382
29435
29487
29526
29618
29629
29637
29671
29683
29739
29756
29852
29909
30073
30139
30142
30142
30167
30176
30217
30228
30228
30251
30279
30340
30370
30491
30505
30542
30588
30649
30656
30661
30700
30898
30963
31033
31125
31128
31142
31205
31261
31289
31370
31375
31381
31462
31483
31572
31616
31623
31624
31692
31693
31734
31756
31774
31804
31888
31897
31912
31973
31975
31988
32057
32060
32061
32073
32077
32146
32155
32179
32193
32197
32212
32223
32241
32244
32245
32248
32288
32342
32378
32394
32398
32466
32556
32578
32578
32579
32609
32679
32729
32850
32859
32871
32871
32877
32930
32948
32965
32968
33109
33119
33171
33206
33215
33343
33356
33391
33430
33555
33558
33559
33712
33734
33822
33831
33835
33864
33885
33892
33898
33986
34061
34071
34097
34119
34158
34173
34192
34223
34305
34308
34388
34451
34454
34461
34465
34470
34482
34573
34574
34691
34697
34732
34782
34804
34857
34887
34890
34894
34986
34993
35151
35173
35178
35252
35265
35409
35458
35486
35498
35506
35537
35575
35581
35609
35633
35651
35734
35755
35803
35816
35845
35870
35899
35901
35910
35968
36051
36064
36121
36238
36280
36320
36382
36421
36491
36517
36521
36532
36578
36605
36612
36642
36716
36760
36814
36998
37045
37054
37062
37143
37221
37443
37478
37528
37590
37637
37662
37704
37716
37770
37777
37851
37871
37951
37971
37977
38002
38015
38059
38085
38221
38279
38338
38361
38442
38443
38463
38585
38682
38683
38696
38715
38785
38798
38839
38863
38867
38897
38909
38965
38973
38974
38985
39090
39123
39142
39152
39250
39270
39327
39369
39396
39468
39533
39536
39541
39543
39602
39641
39688
39704
39733
39759
39795
39900
40033
40047
40181
40202
40308
40329
40459
40496
40523
40562
40653
40741
40786
40825
40828
40858
40862
40873
40966
40976
41005
41018
41021
41067
41107
41137
41141
41223
41243
41319
41335
41482
41524
41581
41606
41620
41681
41728
41778
42001
42053
42063
42105
42124
42233
42259
42311
42325
42414
42482
42548
42567
42575
42607
42608
42609
42662
42690
42735
42750
42754
42797
42829
42929
42970
42995
43054
43152
43173
43203
43389
43420
43423
43444
43500
43512
43573
43618
43705
43852
43896
43932
43996
44030
44033
44055
44082
44091
44101
44172
44180
44197
44394
44500
44647
44681
44736
44747
44797
44927
45029
45032
45036
45107
45129
45145
45209
45309
45325
45333
45385
45440
45463
45476
45554
45587
45617
45651
45695
45749
45752
45759
45811
45865
45906
45923
45943
45969
46001
46074
46183
46258
46287
46458
46464
46521
46576
46674
46688
46694
46733
46735
46745
46788
46790
46860
46888
46916
46929
46939
47011
47087
47160
47208
47214
47364
47365
47380
47397
47446
47476
47495
47554
47601
47606
47659
47815
47976
48061
48078
48096
48108
48156
48160
48258
48286
48402
48419
48425
48441
48472
48483
48581
48625
48626
48672
48800
48827
48865
48913
48958
48971
48973
48982
48985
48997
49038
49040
49168
49180
49180
49181
49192
49208
49274
49287
49561
49567
49592
49653
49654
49661
49890
49933
49980
50026
50232
50339
50408
50462
50464
50471
50474
50496
50496
50550
50611
50626
50648
50681
50683
50686
50689
50697
50742
50791
50792
50863
50867
50886
50894
50943
50959
50984
51076
51085
51110
51251
51265
51301
51324
51386
51392
51395
51407
51484
51525
51569
51617
51630
51674
51736
51776
51809
51818
51824
51837
51866
51879
51992
52063
52092
52107
52191
52243
52330
52335
52446
52498
52615
52640
52645
52663
52734
52766
52780
52788
52939
52960
52979
53032
53037
53053
53124
53263
53305
53340
53340
53366
53367
53393
53471
53479
53533
53549
53625
53671
53685
53694
53695
53713
53760
53778
53793
53801
53867
53883
53975
54063
54157
54219
54249
54283
54318
54356
54389
54391
54407
54411
54477
54549
54560
54609
54648
54720
54721
54767
54789
54801
54817
54858
54863
54868
54979
55015
55027
55031
55149
55163
55242
55311
55450
55492
55564
55592
55703
55752
55760
55826
55855
55881
55918
55954
55965
55987
56066
56090
56096
56108
56133
56154
56201
56410
56414
56421
56430
56435
56526
56591
56609
56631
56648
56685
56775
56826
56829
56930
56930
56991
57122
57204
57264
57343
57381
57405
57462
57509
57527
57585
57588
57595
57619
57813
57846
57850
57907
57942
57959
57987
58004
58008
58038
58089
58129
58153
58184
58189
58272
58282
58366
58552
58584
58598
58631
58664
58691
58724
58748
58753
58790
58814
58843
58844
58907
58950
58970
58990
59023
59025
59052
59186
59218
59238
59256
59443
59463
59511
59522
59539
59557
59563
59569
59583
59671
59775
59814
59854
59864
59884
59948
59950
60053
60074
60103
60172
60229
60259
60261
60287
60315
60325
60352
60484
60542
60648
60706
60783
60907
60983
61026
61029
61057
61071
61084
61148
61214
61225
61336
61395
61468
61480
61665
61751
61760
61931
61932
61943
61980
61984
62058
62071
62082
62088
62112
62133
62158
62194
62226
62310
62326
62332
62420
62459
62487
62522
62580
62698
62703
62724
62741
62753
62848
62924
62926
63031
63084
63155
63239
63314
63324
63348
63376
63406
63410
63444
63447
63540
63574
63621
63629
63654
63694
63743
63743
63774
63839
63910
63937
63940
63945
63961
63967
63996
64028
64037
64038
64083
64173
64189
64224
64253
64254
64299
64420
64492
64531
64576
64654
64702
64723
64757
64781
64804
64828
64914
64972
65026
65104
65160
65203
65207
65239
65255
65305
65386
65403
65437
65449
65475
65536
65583
65621
65627
65692
65707
65729
65741
65775
65785
65821
65834
65848
65868
65928
66009
66048
66270
66282
66355
66360
66501
66578
66668
66712
66736
66747
66811
66905
66964
66977
66983
67002
67027
67027
67165
67275
67328
67468
67597
67622
67625
67649
67657
67706
67900
68012
68032
68083
68085
68101
68169
68188
68192
68221
68298
68321
68327
68361
68365
68376
68388
68396
68436
68541
68559
68571
68614
68657
68662
68717
68768
68852
68893
68898
68907
68943
68970
68973
68991
69105
69158
69165
69174
69237
69379
69416
69458
69757
69758
69758
69775
69785
69854
69978
70090
70102
70115
70124
70155
70160
70161
70165
70235
70258
70275
70341
70435
70517
70547
70618
70705
70747
70806
70863
70865
70872
70909
70915
70982
71002
71007
71056
71106
71114
71221
71253
71320
71339
71391
71492
71509
71526
71620
71651
71668
71681
71739
71744
71870
71908
71932
71986
72031
72054
72070
72136
72215
72253
72277
72436
72512
72527
72553
72608
72613
72629
72631
72690
72815
72817
72826
72838
72904
72919
72999
73020
73090
73109
73160
73169
73218
73300
73341
73351
73537
73554
73561
73608
73652
73657
73666
73668
73680
73690
73714
73780
73806
73912
73928
73998
74067
74113
74142
74173
74216
74412
74423
74461
74466
74510
74536
74539
74651
74708
74764
74806
74812
74909
74927
74972
74977
75122
75149
75165
75209
75221
75236
75252
75324
75358
75376
75380
75428
75434
75464
75715
75768
75836
75872
75902
75903
75908
75938
76001
76128
76158
76173
76234
76443
76499
76623
76624
76692
76824
76916
76966
76976
77002
77031
77037
77042
77119
77303
77359
77478
77478
77483
77537
77687
77718
77782
77844
77887
77922
77979
78000
78012
78045
78053
78084
78102
78156
78192
78198
78209
78331
78392
78424
78542
78598
78634
78691
78715
78746
78756
78765
78807
78835
78845
78872
78963
79025
79177
79273
79495
79504
79558
79608
79712
79858
79882
79909
79950
79994
80025
80168
80218
80224
80343
80387
80443
80464
80537
80540
80577
80592
80697
80761
80799
80809
80876
80889
80904
80916
81018
81077
81131
81291
81308
81448
81516
81520
81539
81595
81610
81634
81641
81688
81692
81723
81884
81913
81969
82023
82079
82123
82136
82146
82169
82191
82228
82234
82247
82341
82359
82458
82484
82512
82535
82663
82746
82978
83032
83043
83297
83339
83382
83495
83668
83683
83722
83760
83795
83850
83895
83903
83918
83939
83999
84021
84024
84048
84088
84103
84130
84137
84161
84240
84279
84285
84287
84372
84376
84390
84391
84555
84649
84708
84755
84805
84937
84945
84977
85001
85086
85169
85174
85209
85217
85245
85252
85405
85445
85452
85471
85599
85677
85714
85761
85778
85798
85810
85925
85944
85959
86002
86012
86055
86102
86126
86173
86187
86246
86348
86356
86400
86442
86589
86615
86625
86753
86836
86992
87045
87354
87422
87472
87482
87529
87570
87571
87624
87630
87707
87756
87777
87797
87874
87878
87998
88045
88097
88107
88138
88189
88196
88204
88218
88223
88235
88238
88281
88393
88613
88619
88656
88658
88665
88758
88774
88832
89037
89170
89216
89269
89271
89286
89321
89339
89343
89402
89592
89696
89707
89736
89746
89797
89832
89859
89860
89880
89896
89913
89918
89973
90022
90037
90097
90138
90176
90287
90309
90393
90498
90551
90586
90592
90599
90603
90707
90856
90898
90951
90958
90999
91129
91131
91133
91142
91216
91297
91297
91334
91406
91415
91593
91614
91670
91672
91682
91693
91702
91724
91777
91816
91817
91819
91866
91868
91882
91893
91919
91967
92012
92028
92048
92076
92157
92211
92291
92300
92301
92347
92396
92510
92521
92572
92670
92681
92711
92731
92761
92770
92836
92865
92892
92942
92997
93005
93035
93123
93174
93277
93309
93409
93424
93471
93523
93531
93750
93758
93775
93808
93879
93879
93894
93899
93902
93914
93918
93948
93980
93984
93993
94011
94104
94177
94216
94531
94556
94642
94733
94737
94751
94803
94836
94855
94862
94877
94973
94983
95017
95116
95132
95134
95239
95255
95430
95459
95645
95822
95918
96001
96053
96109
96176
96195
96209
96275
96318
96336
96395
96442
96531
96533
96564
96576
96649
96669
96760
96777
96780
96787
96802
96823
96930
96950
97091
97115
97129
97169
97473
97565
97595
97655
97689
97899
97906
97922
98148
98222
98227
98230
98259
98352
98524
98621
98626
98630
98686
98781
98792
98800
98831
98842
98846
98860
98904
98937
99018
99086
99167
99349
99445
99531
99605
99608
99651
99666
99679
99774
99785
99823
99880
100002
100069
100132
100149
100213
100220
100223
100339
100367
100388
100392
100405
100409
100415
100424
100686
100769
100784
100971
100983
100993
101012
101110
101118
101144
101165
101189
101239
101325
101328
101333
101339
101357
101368
101470
101581
101606
101655
101684
101766
101774
101863
101897
101951
101996
102014
102069
102091
102182
102222
102260
102267
102277
102422
102444
102481
102510
102519
102611
102636
102667
102683
102706
102758
102810
102821
102878
103003
103148
103256
103284
103303
103325
103450
103481
103504
103550
103692
103754
103822
103838
103937
103997
104148
104360
104477
104494
104639
104692
104701
104702
104728
104736
104750
104761
104795
104851
104869
104875
104917
105051
105185
105216
105217
105219
105237
105255
105285
105407
105418
105451
105503
105504
105569
105589
105645
105708
105802
105818
106014
106021
106046
106115
106134
106142
106303
106304
106336
106348
106389
106486
106517
106600
106687
106776
106804
106913
106987
107026
107032
107124
107155
107181
107472
107509
107572
107595
107649
107679
107730
107816
107978
108000
108123
108165
108187
108207
108210
108229
108462
108480
108531
108538
108609
108730
108768
108786
108824
108944
108982
109006
109024
109025
109146
109206
109284
109361
109501
109624
109737
109799
109848
109853
109860
109958
109965
109974
110024
110072
110110
110188
110316
110485
110543
110586
110687
110758
110778
110839
110915
110952
110959
111010
111079
111146
111162
111374
111391
111477
111503
111538
111638
111638
111665
111712
111762
111770
111785
111881
111888
111955
112049
112129
112157
112158
112185
112396
112555
112636
112650
112804
112817
112827
112874
112907
112919
112953
113037
113209
113219
113244
113279
113284
113322
113512
113547
113558
113605
113607
113657
113751
113777
113852
114016
114023
114155
114237
114267
114332
114378
114555
114578
114610
114614
114659
114735
114798
114902
114987
115061
115088
115290
115316
115335
115375
115528
115592
115664
115710
115876
115891
115942
116003
116009
116049
116140
116217
116229
116260
116266
116293
116350
116351
116448
116461
116557
116621
116649
116688
116689
116772
116789
116829
116914
117118
117160
117201
117225
117237
117367
117459
117511
117545
117563
117585
117648
117765
117770
117779
117783
117793
117875
117906
117939
118014
118049
118182
118188
118197
118345
118377
118513
118603
118627
118627
118631
118637
118667
118690
118754
118770
118887
118896
118896
118932
118952
119020
119082
119087
119127
119186
119256
119315
119368
119598
119678
119751
119754
119756
119866
120021
120071
120305
120391
120550
120601
120639
120664
120676
120759
120855
120876
120879
120901
121003
121080
121094
121120
121142
121302
121455
121495
121523
121609
121622
121675
121700
121717
121767
121809
121820
121872
121910
121949
122064
122064
122099
122134
122277
122352
122357
122441
122511
122520
122561
122613
122704
122826
122846
123081
123166
123182
123312
123366
123386
123397
123413
123451
123527
123528
123542
123700
123763
123830
123853
124008
124035
124055
124070
124114
124229
124273
124290
124304
124311
124330
124344
124447
124510
124519
124628
124631
124781
124789
124890
124907
125121
125212
125254
125256
125321
125469
125505
125589
125590
125599
125742
125824
125838
125886
126068
126107
126195
126326
126348
126375
126432
126496
126561
126964
126998
127068
127114
127207
127304
127388
127445
127740
127757
127789
127833
127889
128147
128216
128272
128315
128368
128384
128566
128815
128917
128939
128951
128965
129104
129125
129473
129589
129747
129841
129845
129865
129874
129886
129892
129927
130110
130218
130289
130340
130343
130346
130389
130469
130471
130656
130805
130907
130996
131025
131033
131132
131215
131429
131448
131465
131508
131597
131681
131691
131718
131726
131804
131967
132068
132126
132174
132317
132396
132468
132505
132519
132524
132526
132559
132671
132679
132682
132690
132711
132735
132775
132913
132937
133020
133026
133032
133137
133145
133356
133362
133492
133509
133624
133862
133900
134017
134147
134259
134465
134489
134512
134556
134618
134619
134747
134858
134875
135047
135058
135110
135111
135119
135122
135294
135428
135566
135582
135671
135832
135957
135975
136019
136170
136191
136322
136325
136356
136376
136420
136524
136576
136638
136695
136732
136746
136794
136937
137030
137061
137114
137199
137264
137329
137383
137564
137713
137795
137960
138035
138037
138122
138183
138188
138202
138232
138592
138648
138716
138831
138878
138896
138897
138909
138915
139089
139138
139235
139277
139349
139416
139509
139606
139670
139689
139711
139759
139869
139880
139883
139991
140012
140020
140087
140132
140141
140194
140213
140288
140334
140349
140394
140541
140547
140681
140731
140951
140972
140997
141042
141080
141107
141170
141275
141331
141479
141888
141965
142077
142093
142113
142114
142187
142221
142479
142590
142616
142785
142810
142939
142986
142998
143013
143021
143032
143236
143299
143315
143394
143417
143425
143439
143453
143544
143655
143681
143734
143827
143853
143901
144022
144036
144068
144069
144135
144193
144195
144196
144207
144244
144260
144301
144360
144419
144555
144943
144968
144981
144987
144990
145019
145070
145107
145150
145212
145237
145341
145532
145563
145564
145581
145614
145704
145721
145756
145811
145863
145996
146052
146213
146332
146384
146448
146647
146717
146784
146833
146835
146980
147045
147071
147114
147143
147147
147186
147266
147336
147395
147421
147455
147464
147537
147568
147581
147618
147621
147687
147720
147818
147916
147979
147985
148248
148250
148343
148351
148380
148385
148418
148419
148437
148510
148515
148605
148627
148643
148737
148791
148933
148960
148990
149216
149295
149329
149400
149511
149585
149585
149872
150064
150078
150174
150252
150262
150300
150348
150423
150435
150491
150535
150553
150562
150564
150777
150782
150853
150968
151056
151096
151131
151184
151260
151299
151311
151324
151327
151375
151393
151400
151416
151569
151608
151617
151646
151680
151857
151927
151968
151993
152003
152068
152076
152146
152270
152335
152377
152390
152486
152487
152522
152624
152755
152767
152923
153044
153075
153147
153280
153286
153376
153660
153692
153835
153984
154079
154127
154212
154393
154409
154456
154619
154764
154772
154821
154942
155030
155086
155175
155180
155216
155266
155384
155404
155577
155707
155963
156321
156337
156369
156675
156758
156801
156879
156938
156981
157045
157073
157087
157445
157458
157459
157459
157466
157484
157491
157575
157656
157727
157825
157902
157955
158101
158120
158167
158251
158420
158429
158467
158618
158649
158703
158768
158774
158825
158929
158962
159434
159538
159652
159791
159857
160043
160124
160176
160181
160222
160305
160358
160445
160454
160581
160668
160754
160757
160786
160903
160907
161146
161164
161166
161194
161208
161238
161247
161276
161313
161367
161523
161640
161687
161837
161841
161942
162176
162340
162478
162766
162853
163039
163095
163135
163217
163241
163243
163297
163376
163403
163437
163472
163501
163573
163638
163817
163821
163862
163902
164162
164176
164319
164390
164395
164481
164608
164720
164987
165162
165181
165343
165410
165474
165620
165734
165772
165890
166061
166095
166205
166248
166285
166678
166800
166922
166955
167013
167023
167070
167071
167072
167167
167218
167386
167399
167403
167550
167562
167628
167635
167788
167808
167817
167857
167929
168027
168205
168225
168309
168341
168531
168547
168629
168778
168797
168965
168979
169123
169188
169226
169392
169426
169462
169479
169544
169698
169732
169817
170028
170284
170290
170340
170411
170639
170898
170957
171102
171136
171186
171192
171248
171301
171304
171529
171570
171649
171689
171731
171758
171833
171872
172090
172152
172286
172322
172419
172735
172781
172868
173020
173022
173063
173089
173131
173192
173196
173211
173267
173288
173384
173400
173415
173461
173597
173687
173822
173833
173936
174027
174068
174080
174179
174308
174389
174446
174493
174529
174593
174612
174762
174826
174835
174948
174964
175244
175261
175291
175406
175525
175602
175650
175697
175813
175851
175917
176098
176164
176265
176351
176410
176585
176700
176739
176792
176842
176849
177008
177032
177056
177103
177308
177397
177400
177466
177641
177729
177742
177828
177934
178054
178175
178254
178257
178267
178280
178700
178753
179272
179274
179286
179316
179577
179681
179683
179781
179847
179889
180009
180049
180284
180294
180298
180411
180435
180510
180664
180757
180775
180784
180878
180957
181149
181159
181194
181344
181572
181617
181627
181771
181861
181963
182102
182104
182252
182358
182371
182414
182505
182615
182826
182870
182888
182979
183026
183117
183178
183307
183351
183362
183383
183444
183539
183552
183595
183632
183635
183698
183810
184025
184180
184292
184297
184306
184367
184529
184530
184543
184707
184756
184773
184806
184829
184919
184950
185287
185413
185487
185499
185604
185754
185953
186082
186263
186329
186377
186444
186456
186529
186608
186843
186902
186956
187009
187117
187134
187245
187347
187389
187430
187493
187603
187867
188089
188287
188357
188471
188704
188804
188942
188979
189007
189046
189049
189050
189054
189229
189294
189303
189369
189445
189510
189576
189826
189874
190023
190121
190308
190366
190402
190415
190606
190610
190629
190804
190912
191105
191176
191196
191359
191405
191409
191636
191845
192056
192122
192233
192373
192454
192529
192552
192589
192683
192733
192739
192859
193010
193102
193108
193416
193419
193516
193754
193815
193821
193846
193910
193984
194027
194265
194324
194431
194547
194606
194680
194755
194898
194959
195244
195433
195448
195450
195476
195574
195774
195836
195901
195916
195958
196488
196631
196672
196687
196963
197478
197543
197627
197767
197794
197893
197937
198010
198045
198328
198398
198425
198477
198514
198551
198948
199078
199209
199233
199470
199549
199563
199950
199964
199970
200015
200143
200229
200410
200516
200603
200716
200785
200796
200799
200807
200852
200967
200998
201002
201005
201158
201166
201199
201233
201311
201513
201616
201861
201887
201963
202064
202188
202371
202552
202660
202759
202792
203274
203335
203426
203617
203651
203779
204235
204360
204382
204405
204679
204709
204729
204764
204991
205155
205202
205387
205551
205726
205782
205803
205862
205936
206179
206388
206524
206565
206644
207306
207455
207463
207750
207829
207930
207939
207941
208213
208313
208399
208848
209023
209102
209107
209346
209409
209545
209990
210410
210417
210484
210552
210896
210947
211108
211211
211271
211279
211283
211305
211308
211428
211519
211548
211693
211783
211871
211926
212021
212464
212465
212679
212840
212859
213006
213008
213079
213297
213301
213333
213584
213627
213649
213760
213789
213814
213943
213976
214234
214616
215011
215246
215334
215469
215768
215790
215853
215876
215898
216042
216086
216137
216216
216469
216571
216608
216781
216957
217265
217644
217661
217676
217787
217944
218026
218146
218228
218258
218452
218456
218541
219145
219170
219289
219472
219701
219775
219972
220228
220403
220806
221218
221263
221390
221504
221547
221802
221906
222063
222096
222365
222429
222450
222581
222693
222767
222823
223113
223203
223404
223525
223546
223618
223626
223635
223882
223896
223896
223993
224019
224312
224312
224458
225308
226296
226326
226338
226400
226447
226574
226646
226724
226765
226847
227141
227193
227228
227275
227297
227309
227386
227642
227742
227784
227799
228409
228502
228626
228632
228695
228931
228947
228992
229027
229392
229457
229462
229564
229837
229949
229991
230036
230123
230504
230583
230608
230650
230788
230842
230896
230897
230932
230976
231053
231056
231094
231133
231139
231211
231252
231415
231469
231579
231669
231723
231759
231769
231836
231862
232216
232222
232288
232339
232386
232498
233064
233079
233199
233232
233579
233633
233700
233909
233968
233972
234010
234333
234350
234390
234421
234508
234822
235006
235145
235264
235538
235760
235853
236143
236480
236673
236826
236994
237145
237807
237838
238027
238204
238432
238523
238523
238667
239066
239123
239396
239508
239582
239613
239841
239992
240027
240055
240055
240310
240377
240413
240496
240689
240715
240984
241100
241365
241602
241701
242045
242108
242307
242661
242777
242917
243110
243716
244134
244191
244364
244398
244516
244611
244722
245175
245258
245340
245467
245990
246028
246043
246058
246414
246628
246726
247137
247168
247210
247247
247343
248170
248738
248805
249037
249101
249488
249757
249796
249868
250270
250582
250588
250768
251126
251445
251732
251782
251856
251891
252293
252807
252888
253164
253258
253296
253555
253859
253963
253967
254047
254167
254289
254866
254968
255090
255188
255364
255420
255496
255640
255644
255651
255759
255942
256049
256150
256550
256842
256923
257006
257019
257401
257618
257959
258122
258211
258337
258470
258822
258875
259063
260039
260054
260084
260219
260299
260340
260501
261017
261204
261392
261784
262097
262120
262128
262131
262197
262222
262539
262611
263087
263134
263278
263432
263546
263666
264066
264292
264332
264413
264440
264500
264598
264924
265044
265070
265168
265377
265424
265837
265987
266002
266197
266281
266661
266779
267315
267476
267896
268129
268423
268726
269085
269166
269221
270014
270392
270418
271112
271157
271243
271711
271960
272262
272336
272664
273122
273336
273580
273600
273644
273811
273881
273888
274073
274627
274819
274934
275095
275138
275813
275936
276339
276381
276539
276946
277281
277590
277660
278067
278071
278428
278725
278803
279583
279678
279683
280093
280200
280342
280465
280478
280551
280810
281336
281373
281572
281921
282119
282374
282837
283648
283893
284158
284339
284516
284562
284931
285310
285584
285590
285701
285749
286078
286317
286487
286850
287298
287481
287578
287742
287956
288316
288357
288652
288722
289023
289035
289901
289938
290159
290409
290412
290601
290866
291084
291590
291804
291903
291929
292060
292456
292737
292843
293107
293122
293430
294739
294909
294959
295334
295344
295500
295660
295758
295762
296103
296424
296675
297099
297144
297604
297749
297831
298584
298676
298869
298909
299378
299400
299411
299534
299734
299772
300049
301594
301802
302337
303012
303162
303241
303527
303787
303985
304349
304677
304689
305627
305766
305879
305985
306029
306635
307074
307257
308480
308753
308807
308829
309593
310812
310952
311171
311350
311526
311781
311933
312009
312138
312387
312670
312697
313262
313492
313940
314205
314580
314699
316134
316629
317262
317777
318229
318628
319341
319653
319756
319843
319867
319999
320368
320426
320856
321027
321144
321176
321660
322332
322528
323139
324886
324980
325026
325145
325651
325842
326360
326416
326747
326907
327386
327498
327985
328112
328330
328635
328668
328783
328944
329103
329241
329275
329451
329674
330697
330697
330871
331304
331754
332914
333287
334185
334595
336052
336185
336308
336991
337418
337659
337995
338722
338828
338983
339229
339432
339650
340062
340216
340457
341084
342454
343167
343298
343487
344060
344180
344228
345007
345773
346744
347275
347526
347685
348031
349010
349250
349854
350674
351522
351591
351809
353441
353878
353962
354631
355047
355794
355903
356234
356509
356887
357670
358165
358598
358776
359702
362516
362773
363950
364534
364834
366380
366537
367953
368259
370480
370787
371140
371729
371908
371920
372055
372381
373641
374316
375019
375631
377892
378345
378452
378455
378532
378785
380670
380807
381544
382259
382697
382756
382905
383434
384087
384675
388208
388289
388794
389561
391328
391400
393468
395013
395303
395612
397588
397711
398952
399884
400469
400634
400968
401162
401405
401684
402395
405145
406435
409635
410484
410507
410914
412147
414822
414947
417465
418603
418979
419507
420102
421915
423859
424685
426923
428522
428570
428981
429088
429226
431117
432531
433539
433561
434217
434296
436376
437628
437792
439177
447319
451916
453242
453601
453664
453797
457044
463919
463961
469016
471928
472265
473229
473356
475052
478100
480472
480649
480723
484325
488081
489042
490345
492877
493722
497107
498220
499927
500749
507378
509262
510459
512179
512292
516110
522241
533415
534282
540104
540143
543796
560861
565070
590413
595149
643774
