0
0
77
129
239
239
244
345
350
359
361
422
428
476
555
638
661
736
882
944
950
1042
1123
1148
1151
1249
1427
1431
1448
1518
1527
1529
1603
1649
1829
1912
1937
1969
2000
2130
2155
2168
2204
2277
2319
2330
2356
2357
2405
2406
2435
2443
2458
2482
2554
2578
2620
2640
2681
2720
2777
2783
2845
2861
2867
2873
2881
2981
3014
3231
3252
3365
3399
3404
3434
3517
3538
3658
3708
3765
3786
3846
3874
3877
3905
3932
3939
3946
3989
4061
4063
4084
4187
4262
4266
4363
4368
4474
4572
4863
4867
5010
5042
5071
5134
5169
5258
5340
5464
5489
5579
5622
5658
5697
5702
5762
5894
5914
5931
6068
6118
6120
6220
6238
6275
6378
6457
6514
6535
6600
6662
6776
6787
6846
6887
6915
6916
6922
6931
6951
7011
7105
7197
7224
7342
7454
7517
7557
7705
7737
7917
8007
8009
8036
8076
8082
8085
8150
8202
8292
8296
8472
8512
8568
8584
8666
8711
8858
8914
9018
9057
9082
9107
9196
9249
9279
9310
9349
9395
9434
9538
9589
9627
9632
9637
9675
9708
9718
9796
9870
9886
9908
9918
9955
10031
10066
10107
10147
10187
10233
10246
10346
10365
10368
10469
10516
10550
10621
10666
10940
10966
11013
11059
11146
11167
11220
11300
11454
11528
11607
11645
11674
11676
11681
11703
11758
11763
11818
11886
11899
11959
11974
12023
12024
12028
12107
12139
12172
12190
12282
12327
12429
12453
12587
12627
12720
12725
12736
12742
12744
12913
12918
12998
13066
13069
13101
13101
13216
13359
13458
13481
13613
13675
13719
13773
13794
13799
13856
13938
13986
13992
14209
14217
14291
14305
14381
14481
14531
14534
14650
14792
14845
14871
14904
14941
14997
15004
15069
15101
15156
15165
15209
15216
15246
15295
15315
15355
15439
15541
15550
15633
15639
15727
15778
15797
15867
15871
15922
16080
16082
16174
16186
16193
16199
16221
16307
16331
16333
16342
16423
16487
16582
16745
16826
16940
16942
16999
17090
17110
17128
17155
17281
17411
17419
17463
17587
17630
17804
17912
17924
17980
18148
18246
18253
18268
18577
18581
18671
18716
18773
18774
18801
18818
18886
18942
18946
19018
19033
19044
19079
19236
19362
19418
19491
19678
19744
19783
19822
19895
19993
20019
20031
20041
20059
20209
20348
20376
20398
20406
20476
20492
20572
20644
20660
20707
20787
21025
21052
21093
21129
21308
21324
21371
21380
21387
21408
21443
21513
21581
21623
21633
21671
21729
21740
21783
21785
21804
21810
21874
21949
21965
22025
22082
22133
22193
22332
22338
22338
22447
22500
22589
22649
22653
22791
22943
22952
22993
22994
22998
23000
23078
23129
23154
23208
23216
23335
23392
23597
23679
23688
23725
23733
23856
23874
23932
23941
24087
24156
24162
24180
24267
24322
24326
24425
24436
24445
24515
24526
24573
24657
24697
24768
24870
24980
24986
24996
25017
25076
25222
25254
25260
25302
25372
25375
25412
25499
25539
25559
25569
25617
25663
25701
25853
25883
26000
26008
26023
26053
26055
26065
26244
26293
26509
26516
26521
26539
26572
26702
26744
26763
26768
26838
26871
26915
26930
26978
26989
26999
27031
27078
27164
27193
27330
27446
27577
27657
27667
27709
27728
27791
27814
27868
27882
28094
28118
28321
28372
28459
28462
28463
28482
28493
28498
28543
28569
28591
28613
28657
28667
28744
28768
28797
28847
28890
28935
28936
28956
28986
29008
29047
29186
29243
29343
29516
29532
29576
29688
29737
29795
29917
29936
29971
29996
30086
30125
30162
30314
30383
30432
30470
30673
30720
30735
30812
30824
31198
31248
31265
31291
31390
31425
31456
31541
31562
31567
31576
31596
31609
31646
31665
31680
31686
31719
31854
31876
31922
32050
32069
32092
32140
32151
32173
32186
32308
32399
32452
32580
32616
32660
32677
32739
32824
32832
32886
32945
32948
33003
33004
33076
33188
33206
33408
33465
33508
33541
33660
33704
33749
33786
33786
33817
33819
33834
33884
33898
33919
33955
33964
33991
34023
34072
34131
34139
34187
34208
34258
34275
34336
34353
34373
34409
34465
34506
34590
34637
34735
34865
34897
34970
34972
35265
35315
35420
35515
35556
35558
35621
35660
35736
35886
35918
36185
36230
36331
36346
36472
36473
36590
36607
36635
36704
36715
36773
36822
36849
37002
37053
37067
37217
37238
37259
37333
37403
37432
37498
37614
37614
37614
37618
37706
37739
37743
37801
37813
37826
37860
37862
37877
38056
38087
38220
38326
38394
38442
38481
38497
38510
38582
38596
38653
38660
38730
38787
38814
38896
38982
38989
39034
39094
39253
39257
39273
39359
39568
39599
39675
39679
39805
39810
39934
40054
40147
40213
40228
40249
40280
40308
40335
40397
40451
40495
40576
40640
40716
40743
40768
40787
40801
40810
40831
40856
40863
40888
40956
40956
41055
41087
41115
41143
41229
41338
41356
41358
41361
41475
41588
41632
41674
41717
41754
41817
41987
42079
42145
42243
42248
42362
42398
42453
42498
42575
42593
42623
42745
42747
42773
42879
42925
42945
42975
43061
43251
43309
43331
43357
43367
43484
43598
43668
43706
43709
43835
43915
43965
44073
44116
44196
44228
44248
44310
44364
44365
44450
44460
44517
44545
44608
44665
44704
44720
44757
44840
44872
44948
44979
44996
44997
45007
45013
45021
45081
45090
45114
45173
45195
45278
45293
45397
45434
45581
45605
45772
45792
46040
46043
46092
46226
46257
46269
46420
46542
46621
46627
46706
46711
46730
46746
46753
46835
46866
46881
46908
47039
47105
47208
47209
47258
47296
47319
47353
47359
47386
47501
47542
47578
47590
47619
47807
47990
48086
48110
48111
48213
48257
48261
48316
48378
48384
48389
48392
48404
48442
48473
48540
48805
48806
48917
49001
49043
49093
49120
49261
49262
49351
49375
49412
49450
49502
49642
49703
49709
49752
49752
49759
49797
49827
49868
49899
49911
49946
50040
50057
50105
50185
50272
50282
50353
50398
50402
50500
50505
50517
50552
50725
50728
50750
50927
50947
50973
51001
51020
51036
51057
51166
51195
51332
51365
51499
51506
51518
51649
51687
51709
51807
51862
51898
51955
52044
52086
52096
52099
52137
52141
52257
52326
52372
52415
52419
52581
52594
52761
52798
52804
52811
52825
52873
52906
53069
53075
53135
53183
53198
53289
53348
53360
53399
53407
53565
53752
53822
53874
53886
53901
53914
53922
54030
54034
54037
54119
54146
54223
54229
54311
54427
54484
54534
54624
54690
54697
54819
54915
54925
54963
54971
55022
55156
55367
55428
55436
55580
55704
55821
55845
55925
55984
56081
56108
56294
56446
56458
56473
56473
56635
56646
56661
56713
56831
56934
56951
57022
57033
57070
57161
57181
57196
57249
57293
57377
57463
57476
57527
57604
57665
57725
57840
57858
57897
57918
57964
58008
58037
58145
58150
58160
58161
58165
58206
58259
58305
58512
58525
58578
58621
58854
58871
58922
58989
59036
59321
59435
59479
59551
59619
59628
59633
59690
59769
59820
59917
59919
59951
60137
60158
60187
60233
60340
60425
60540
60556
60645
60698
60711
60772
60795
60894
60979
61125
61136
61235
61240
61282
61321
61329
61473
61493
61542
61543
61589
61594
61629
61637
61915
61949
62050
62197
62337
62359
62380
62432
62432
62451
62486
62539
62642
62723
62876
62927
62991
63096
63133
63170
63298
63438
63498
63538
63562
63593
63604
63745
63787
63811
63898
64005
64126
64230
64235
64421
64478
64497
64598
64727
64767
64783
64800
64890
64920
64940
64953
65009
65047
65108
65124
65197
65199
65259
65346
65352
65388
65414
65428
65457
65465
65471
65529
65530
65533
65563
65639
65684
65738
65963
66013
66017
66108
66263
66327
66377
66469
66505
66584
66787
66860
66877
66944
66984
67088
67156
67276
67331
67367
67447
67561
67573
67635
67648
67687
67753
67828
67916
67952
67963
68058
68135
68207
68300
68321
68325
68355
68457
68506
68575
68667
68674
68679
68683
68689
68743
68859
68963
69005
69349
69382
69439
69505
69653
69663
69710
69716
69785
69821
69955
69959
70082
70112
70239
70394
70543
70628
70630
70716
70718
70731
70776
70888
70912
71027
71193
71254
71367
71484
71639
71655
71707
71762
71774
71794
71804
71837
71883
71907
71918
71922
71968
71994
72228
72278
72348
72388
72489
72532
72535
72570
72848
72894
72925
72991
73017
73087
73117
73134
73170
73306
73426
73477
73511
73513
73564
73574
73623
73715
73758
73770
73815
73942
73954
74067
74266
74353
74461
74469
74484
74490
74502
74582
74603
74791
74929
74942
74966
74998
75221
75228
75339
75405
75412
75460
75482
75515
75659
75667
75696
75834
75922
75927
76138
76336
76429
76437
76462
76499
76514
76541
76650
76682
76688
76724
76765
76941
76984
77131
77173
77186
77208
77337
77428
77494
77511
77600
77625
77718
77727
77744
77908
78001
78126
78144
78186
78192
78208
78247
78258
78282
78338
78361
78431
78443
78453
78538
78564
78581
78634
78729
78741
78804
78805
78837
78903
78908
78973
78998
79065
79148
79170
79173
79240
79353
79414
79505
79592
79594
79609
79644
79819
79857
79929
80029
80033
80154
80195
80234
80461
80572
80582
80595
80614
80660
80706
80872
81048
81061
81087
81128
81278
81302
81433
81485
81619
81682
81722
81739
81748
81783
81876
81906
82004
82060
82082
82198
82515
82702
82760
82819
82852
82935
83073
83138
83162
83163
83320
83495
83591
83669
83691
83721
83771
83959
84271
84347
84349
84508
84514
84515
84516
84549
84736
84830
84874
84892
84961
84991
85001
85008
85075
85130
85137
85232
85280
85375
85426
85474
85509
85608
85727
85764
85916
85928
86102
86353
86371
86514
86522
86623
86655
86719
86850
86879
86987
87031
87121
87142
87150
87353
87377
87403
87477
87515
87549
87551
87568
87665
87735
87778
87783
87784
88044
88252
88284
88347
88677
88816
88854
88885
88991
89011
89021
89113
89114
89121
89146
89172
89187
89194
89241
89311
89476
89487
89632
89646
89688
89934
90022
90032
90047
90070
90154
90161
90165
90258
90417
90451
90460
90470
90554
90571
90742
90750
90783
90804
90822
90940
90984
91002
91042
91070
91142
91194
91285
91331
91445
91476
91533
91585
91604
91633
91877
91942
92053
92064
92100
92111
92115
92222
92341
92366
92487
92697
92704
92754
92805
92832
92938
93257
93295
93317
93335
93390
93532
93575
93753
93773
93829
93871
93892
93923
93957
93961
94055
94259
94269
94318
94371
94377
94385
94416
94449
94535
94608
94688
94824
94833
94877
95095
95319
95388
95559
95564
95570
95636
95666
95750
95787
96018
96210
96244
96301
96325
96439
96541
96773
96790
96875
96944
97047
97082
97090
97160
97226
97274
97347
97471
97549
97626
97669
97673
97677
97806
97818
97881
97932
98012
98152
98160
98196
98322
98364
98426
98574
98758
98840
98868
98962
99137
99153
99154
99217
99371
99420
99502
99546
99551
99601
99631
99770
99911
99994
100015
100061
100102
100135
100274
100279
100400
100417
100451
100466
100471
100526
100547
100556
100746
100921
101035
101134
101180
101200
101203
101219
101243
101319
101383
101490
101668
101810
101812
101824
101855
101935
101963
102002
102011
102187
102232
102449
102487
102517
102541
102564
102690
102707
102762
102854
102921
103028
103064
103279
103380
103391
103395
103425
103544
103593
103768
103846
104060
104225
104241
104295
104368
104405
104421
104441
104534
104559
104580
104616
104619
104630
104644
104700
104797
104951
105004
105039
105104
105111
105121
105140
105145
105153
105268
105307
105354
105443
105531
105573
105644
105668
105693
105767
105874
105876
106190
106194
106343
106377
106401
106419
106438
106502
106505
106506
106573
106590
106646
106688
106715
106888
106924
106982
106984
107125
107155
107219
107283
107295
107319
107399
107581
107649
107709
107715
107792
107926
108027
108092
108161
108346
108451
108456
108462
108516
108526
108612
108653
108670
108677
108751
108814
108992
109170
109199
109354
109375
109385
109403
109493
109531
109536
109560
109598
109625
109782
109821
109876
109908
109928
110130
110361
110364
110497
110646
110751
110923
110997
111056
111088
111218
111218
111275
111299
111399
111401
111474
111558
111723
111892
112023
112124
112142
112190
112191
112297
112319
112553
112635
112682
112893
112920
112939
112944
113137
113240
113265
113292
113302
113513
113616
113627
113758
113779
113845
113848
114065
114068
114083
114211
114228
114346
114404
114530
114552
114573
114658
114687
114712
114774
114844
114844
115032
115141
115225
115345
115553
115648
115891
115936
116021
116043
116089
116173
116324
116478
116625
116628
116640
116772
116830
116873
117035
117065
117199
117255
117273
117377
117392
117395
117447
117494
117642
117643
117655
117686
117782
117789
117795
117818
117857
117979
118149
118172
118547
118693
118805
118964
118980
119078
119084
119130
119192
119258
119289
119603
119608
119637
119653
119660
119669
119707
119950
120055
120070
120157
120308
120309
120354
120366
120470
120714
120716
120782
120838
120855
121025
121142
121150
121193
121211
121231
121379
121473
121533
121561
121632
121637
121666
121668
121707
121784
121793
121808
121946
122022
122126
122191
122441
122446
122461
122540
122543
122618
122743
122915
123108
123473
123500
123558
123616
123643
123666
123677
123765
123814
123831
123879
124006
124073
124208
124307
124314
124350
124382
124388
124398
124636
124745
124809
124863
124873
124943
125107
125391
125427
125435
125700
125862
125911
125916
125931
126098
126160
126172
126218
126342
126420
126521
126567
126579
126654
126718
126976
127002
127029
127094
127233
127287
127375
127426
127444
127478
127501
127556
127752
127765
127794
127906
128035
128226
128267
128340
128461
128518
128572
128611
128626
128631
128727
128881
129034
129054
129157
129183
129187
129194
129281
129341
129350
129550
129560
129913
130012
130202
130317
130366
130467
130499
130513
130536
130543
130717
130727
130836
130905
130909
130930
131007
131051
131063
131153
131361
131496
131594
131667
131718
131784
131838
131904
131954
131994
132142
132396
132710
132821
132851
132924
133012
133013
133046
133157
133265
133271
133281
133285
133303
133467
133471
133498
133533
133616
133766
133919
133992
134041
134072
134118
134160
134327
134528
134605
134822
134890
134908
134918
134934
134992
135039
135080
135128
135261
135267
135289
135424
135456
135565
135660
135664
135819
135855
135875
135902
136157
136318
136516
136789
136805
136998
137182
137355
137392
137499
137631
137723
137837
137927
138066
138068
138118
138123
138129
138252
138755
138796
138817
138899
139070
139091
139118
139374
139419
139605
139745
139974
139994
140005
140019
140020
140223
140305
140427
140467
140482
140579
140751
140798
140888
141092
141278
141431
141519
141524
141621
141709
141941
141988
142222
142551
142963
142989
143015
143375
143403
143441
143443
143578
143586
143620
143635
143653
143682
143699
143794
143902
144212
144216
144240
144347
144454
144544
144717
144810
144833
144851
144873
144968
145198
145224
145253
145342
145510
145673
145719
145798
145984
146031
146115
146124
146202
146292
146352
146484
146722
146802
147166
147178
147211
147391
147411
147646
147791
147830
147857
147903
148079
148249
148290
148348
148364
148581
148676
148908
149067
149105
149393
149574
149617
149775
150059
150178
150194
150224
150410
150505
150619
150646
150712
150960
150991
151131
151309
151382
151426
151929
151991
152126
152511
152639
152906
152918
152987
153268
153283
153349
153431
153444
153617
153774
153936
153997
154019
154085
154129
154195
154463
154470
154587
154656
154678
154801
154918
154984
155183
155671
155940
156225
156255
156296
156321
156333
156453
156479
156600
156618
156622
156679
156761
156855
156915
156926
157050
157291
157452
157482
157670
157673
157677
157716
158053
158101
158191
158286
158684
158851
159196
159238
159490
159576
159841
159869
159953
159996
160024
160094
160095
160465
160490
160504
160548
160759
160767
160883
160926
161009
161030
161336
161452
161521
161637
161640
161818
161885
162200
162438
162511
162618
162743
162767
162963
163108
163144
163400
163403
163442
163704
163716
163782
163783
163874
163947
164105
164129
164172
164347
164388
164450
164454
164504
164523
164540
164599
164614
164802
164829
164927
164950
164998
165402
165481
165506
165527
165591
165598
165611
165685
165787
165894
166147
166281
166331
166360
166652
166688
166772
166821
166850
166896
166933
167093
167334
167487
167525
167526
167551
167708
167839
167843
167926
167967
168040
168049
168053
168295
168352
168724
168829
169280
169326
169520
169704
169787
169812
169817
169845
170132
170367
170367
170369
170429
170748
170813
170862
170920
171110
171249
171342
171376
171387
171457
171509
171631
171638
171720
171739
171824
171866
171923
171924
171997
172072
172104
172393
172448
172588
172603
172620
172678
172781
172806
172898
172998
173021
173111
173302
173418
173447
173576
173617
173734
173898
174025
174218
174335
174720
174901
175121
175278
175282
175894
175907
176047
176055
176091
176287
176743
176955
177316
177496
177643
177683
177926
178027
178221
178256
178473
178513
178878
179228
179292
179391
179506
179546
179708
179814
180070
180172
180192
180277
180287
180533
180595
180609
180652
180722
180727
180768
181076
181196
181288
181358
181411
181463
181616
181866
182356
182603
182747
182788
182855
182927
183117
183229
183364
183385
183594
183697
183717
183758
183925
183927
183990
184139
184220
184378
184500
184523
184705
184795
184803
184871
184931
185055
185069
185210
185306
185346
185368
185746
185971
186112
186450
186588
186915
186929
186960
187028
187040
187442
187493
187762
187806
187962
188712
188870
188924
189348
189348
189386
189416
189654
189696
190046
190047
190153
190167
190480
190569
190721
190762
190832
190947
190993
191001
191196
191315
191495
191737
191949
191973
192164
192250
192368
192567
192592
192905
193030
193129
193244
193381
193399
193437
193792
193800
193806
194072
194098
194115
194161
194220
194706
194714
194824
194926
195152
195318
195488
195641
196202
196311
196416
196525
196675
196690
196693
196838
196870
197211
197330
197538
197775
197961
197992
198223
198300
198334
198448
198760
198923
199035
199057
199129
199498
199823
199828
199907
200007
200470
200499
200628
200764
200770
200875
201046
201110
201113
201132
201398
201934
201980
202644
202661
202705
203054
203205
203436
203613
203716
203804
204516
204549
204636
204743
204795
205019
205026
205073
205138
205184
205230
205253
205714
206067
206196
206956
207113
207424
207521
207672
207710
207762
207777
207916
207937
208071
208176
208350
208354
208383
208526
208540
208723
208727
209051
209184
209485
209787
210003
210012
210067
210149
210270
210593
210767
210816
211109
211748
211752
211791
211885
211938
211943
211973
212420
212704
212747
212891
212998
213027
213160
213234
213285
213358
213802
213855
214193
214339
214351
214440
214575
214575
214627
214711
214743
214750
214771
214801
214863
215070
215311
215364
215574
215593
215632
215951
216179
216266
216777
216820
216983
217142
217169
217352
217517
217618
217654
217704
217945
218052
218111
218452
218819
218875
219048
219069
219097
219273
219375
220107
220128
220345
220691
220732
220824
220864
221011
221200
221278
221308
221367
221460
222295
222505
222580
222588
223039
223214
223308
223329
223429
223461
223798
223858
223878
224120
224164
224741
224915
224926
225034
225051
225249
225292
225513
225551
225744
225881
225955
226287
226519
226582
226758
227397
227404
227411
227458
227647
227687
227696
227804
228010
228120
228143
228409
229154
229207
229232
229278
229667
229985
230098
230184
230235
230256
230311
230330
230609
231713
231717
231818
231820
231880
232191
232216
232555
232770
232908
233022
233098
233246
233312
233342
233649
233700
233859
233882
233925
234015
234100
234260
234360
234781
234858
234893
234958
234959
234963
235363
235547
235606
235712
235722
235730
235808
236277
236290
236690
236752
236771
236791
236861
236925
237259
237507
237850
237853
238007
238694
238755
239002
239072
239333
239477
239700
239884
239982
240206
240248
240262
240731
240853
240872
240895
241035
241119
241123
241164
241197
241539
241600
241840
242146
242267
242275
242323
242461
242613
242895
242938
243041
243360
243840
243900
244133
244208
244344
244507
244687
244715
245195
245491
245634
245918
246248
246269
246365
246859
247234
247302
247533
248027
248066
248125
248203
248521
249005
249047
249227
249595
249658
249714
249934
250275
250284
250356
250627
251224
251404
251712
251760
251841
252109
252115
252207
252216
252414
252429
252528
253050
253076
253088
253113
253316
253388
253572
253620
253662
254072
254891
255603
255667
256284
256659
256818
257153
257156
257303
257649
257705
258004
258292
258353
258765
259215
259350
259415
259449
259538
259627
260350
260474
260592
260638
261008
261197
261243
261579
261898
262097
262317
262980
263092
263152
263189
263413
263417
263462
263472
263473
263534
263617
263634
264990
265329
265876
265956
266027
266508
266791
267000
267053
267334
267447
267457
267850
267963
267986
268019
268063
268474
269170
269201
269648
270455
271006
271065
271093
271208
271392
271434
271451
272101
272334
272518
273495
274420
275033
275329
275577
275715
275870
276058
276824
276843
276862
276979
277226
277317
277780
278097
279037
279150
279208
279374
279602
279793
280471
280758
281039
281147
281357
281428
281902
282182
282917
283047
283236
283287
283428
283760
283765
283839
284582
284599
284640
284790
284820
284831
285169
285209
285236
285426
285558
285918
286121
287218
287711
288265
288385
288585
288920
288960
288991
289417
289456
289914
289942
290378
290570
291209
291595
291612
291659
291688
291773
292227
292380
292654
292704
292814
293781
293948
294385
294549
295353
295476
296233
296540
296649
297057
297569
297901
298003
298005
298774
299803
299882
299883
299944
300557
300990
301105
301245
301409
301480
302681
303074
303092
303100
304159
304884
305506
305598
306329
306712
306913
307002
307006
307116
307249
307312
307922
308169
308266
308671
308735
309414
309691
309764
309936
310002
310499
311500
311861
312037
312559
312599
312983
313069
313819
315015
315165
315864
315909
316324
317272
317635
317904
318053
318124
318756
318810
319674
319704
319976
320230
320267
320274
320532
320729
320758
320906
321400
321799
321847
322134
322326
322747
323232
323499
324087
324635
325617
326300
326561
327534
328326
328622
328654
328676
328914
330030
330127
330358
330470
330555
332088
332307
333939
333994
334808
334886
335816
336017
336508
337509
337920
338665
338825
338901
339122
339454
340174
340199
340576
341307
341313
342236
343935
345007
346055
347988
348037
348289
348558
350545
350983
351047
351839
351853
352388
352666
352747
352804
353711
354034
354569
355163
355671
355892
356036
356392
357036
357419
358273
358399
358828
358869
360874
361352
362102
363067
364230
364717
364811
365081
365615
365890
366284
367412
368565
368704
368869
369199
369403
370654
372836
374241
374817
375137
375550
376839
380563
381936
382953
383652
383956
384985
385103
385255
385318
387752
388305
388440
389141
389286
391283
391499
391734
392165
392811
393394
395281
395433
396815
398090
400404
402958
404018
404166
405037
407088
407195
408988
410359
410591
410651
410712
413883
413915
413922
414995
418130
420744
421033
422021
423138
424075
425375
426909
427212
427798
427802
429972
431303
432271
434941
436472
437609
440813
440981
441970
442087
442809
445436
445957
446145
448085
449167
453989
455140
455626
462077
468630
468838
476326
481727
482157
483827
488479
489699
495236
496084
496267
497872
498100
501446
507670
514138
516841
518236
536557
536659
594530
599549
613338
618881
