0
0
55
208
225
241
258
321
372
382
402
418
420
453
471
577
654
672
707
708
726
735
748
775
776
776
781
793
845
852
983
1121
1131
1153
1246
1258
1377
1405
1452
1554
1630
1645
1648
1667
1711
1802
1813
1865
1963
1993
2083
2096
2202
2219
2261
2280
2287
2304
2486
2499
2506
2522
2585
2603
2609
2654
2733
2734
2781
2811
2980
3031
3035
3096
3126
3145
3184
3230
3262
3300
3328
3334
3395
3437
3492
3508
3526
3545
3573
3647
3796
3796
3810
3812
3867
3947
3970
3989
4025
4082
4084
4092
4111
4207
4210
4278
4285
4300
4377
4407
4459
4504
4573
4586
4676
4682
4691
4701
4712
4773
4815
5067
5325
5478
5593
5675
5677
5685
5704
5722
5744
5825
5839
5863
5972
5986
5995
6023
6192
6235
6237
6348
6355
6356
6432
6459
6463
6480
6605
6611
6712
6722
6767
6805
6818
6835
6874
6892
6916
6967
7127
7158
7214
7265
7289
7377
7406
7434
7445
7466
7479
7575
7634
7653
7732
7797
7797
7870
8029
8060
8069
8101
8102
8104
8129
8134
8243
8247
8309
8382
8415
8508
8519
8601
8637
8640
8658
8818
8987
9039
9059
9119
9185
9337
9359
9367
9426
9515
9526
9557
9562
9565
9583
9645
9693
9695
9706
9760
9783
9837
9839
9897
9925
9935
9940
10001
10024
10158
10183
10252
10287
10294
10297
10318
10432
10456
10606
10625
10652
10663
10698
10794
10818
11132
11141
11147
11160
11186
11210
11220
11329
11355
11410
11455
11471
11472
11540
11569
11592
11602
11621
11644
11654
11780
11780
11839
11860
11911
11920
11922
11952
12111
12117
12155
12176
12188
12190
12360
12378
12481
12533
12563
12600
12612
12616
12699
12752
12807
12834
12911
12978
13017
13090
13154
13215
13249
13316
13323
13325
13355
13363
13415
13442
13453
13522
13522
13530
13578
13617
13672
13675
13712
13717
13824
13830
13852
13884
13917
13930
13972
13997
14036
14039
14136
14216
14367
14390
14412
14413
14511
14521
14552
14596
14648
14676
14696
14750
14773
14880
14962
14965
14996
15002
15243
15245
15265
15348
15417
15514
15527
15646
15700
15705
15877
15951
15996
16017
16054
16069
16155
16215
16279
16381
16461
16499
16516
16561
16583
16625
16627
16629
16643
16658
16659
16927
16978
16987
17052
17066
17166
17188
17298
17309
17313
17319
17349
17367
17413
17434
17487
17541
17556
17559
17609
17640
17648
17659
17669
17690
17691
17714
17773
17821
17830
17841
17851
17909
17949
17993
17998
18057
18087
18089
18151
18169
18170
18247
18251
18347
18366
18416
18470
18509
18556
18560
18643
18694
18700
18727
18744
18801
18847
18875
18889
18944
18980
19051
19079
19146
19170
19219
19300
19320
19377
19390
19405
19440
19534
19551
19734
19736
19741
19774
19806
19821
19840
20029
20075
20115
20145
20198
20199
20216
20280
20299
20325
20391
20425
20461
20479
20484
20513
20571
20720
20785
20883
20896
20949
21144
21154
21156
21225
21245
21262
21298
21326
21404
21407
21495
21540
21542
21572
21662
21694
21748
21769
21837
21918
21960
21974
21983
22012
22019
22024
22025
22065
22080
22134
22175
22212
22262
22363
22508
22514
22581
22666
22712
22755
22913
23103
23162
23181
23237
23371
23375
23384
23390
23407
23464
23610
23621
23660
23724
23783
23841
23896
23965
24011
24037
24125
24150
24161
24168
24270
24333
24381
24497
24525
24547
24558
24595
24637
24725
24784
24892
25103
25156
25257
25284
25288
25350
25377
25380
25451
25551
25657
25671
25724
25765
25851
25853
25860
25892
25928
25942
25995
26061
26084
26151
26156
26287
26304
26342
26344
26346
26358
26390
26459
26524
26594
26629
26638
26691
26711
26733
26901
27023
27034
27078
27245
27328
27396
27404
27407
27421
27424
27429
27452
27502
27526
27651
27662
27781
27875
27893
27927
27977
28075
28109
28197
28271
28400
28439
28470
28497
28520
28530
28585
28602
28636
28706
28852
28885
28936
28954
28994
28994
29068
29125
29364
29386
29408
29424
29437
29451
29459
29472
29597
29599
29638
29702
29780
29834
29853
29877
29894
29962
29983
30073
30092
30099
30112
30119
30147
30203
30213
30233
30289
30291
30303
30303
30344
30355
30362
30451
30650
30669
30683
30767
30793
30806
30873
30894
30918
30956
31043
31063
31157
31232
31326
31348
31449
31451
31454
31468
31490
31581
31582
31606
31632
31667
31680
31899
31915
31984
32001
32037
32045
32068
32154
32179
32188
32190
32204
32236
32309
32330
32333
32426
32503
32529
32574
32606
32654
32744
32754
32766
32802
32829
32847
32909
32909
32915
32939
33014
33016
33067
33070
33083
33115
33119
33244
33377
33488
33659
33670
33780
33835
33849
33850
33855
33941
33979
33994
34031
34038
34092
34121
34129
34190
34246
34286
34325
34341
34347
34390
34403
34528
34585
34592
34628
34734
34786
34806
34887
34949
35047
35073
35089
35168
35215
35241
35306
35318
35332
35336
35355
35365
35446
35567
35593
35609
35628
35696
35752
35761
35794
35848
35856
35861
35884
35896
35915
36071
36090
36100
36151
36167
36255
36297
36326
36326
36370
36413
36445
36666
36670
36729
36811
36841
36881
36918
37256
37276
37415
37427
37432
37444
37453
37493
37495
37547
37573
37584
37719
37759
37788
37820
37901
37912
37945
37973
37979
37999
38119
38178
38208
38209
38252
38289
38297
38371
38424
38482
38524
38553
38618
38705
38753
38790
38801
38839
38869
39029
39070
39074
39109
39147
39161
39179
39215
39224
39249
39277
39286
39309
39373
39490
39562
39651
39681
39691
39697
39737
39833
39948
39953
39955
39973
39975
40050
40094
40139
40161
40220
40235
40293
40353
40400
40429
40436
40465
40527
40562
40580
40629
40639
40748
40814
40857
40954
40968
40971
40999
41043
41052
41147
41199
41260
41296
41304
41309
41363
41368
41411
41520
41532
41723
41733
41843
41867
41906
41990
42212
42231
42256
42275
42403
42465
42491
42589
42671
42681
42805
42806
42873
42903
42906
42924
42966
43033
43087
43111
43280
43282
43384
43467
43470
43471
43494
43612
43622
43686
43724
43739
43774
43881
43885
43892
43924
43979
44022
44148
44153
44186
44316
44353
44362
44554
44657
44713
44783
44815
44946
45100
45206
45247
45298
45388
45480
45591
45596
45644
45649
45674
45744
45770
45891
45892
45979
46038
46072
46137
46169
46251
46273
46280
46281
46311
46413
46428
46471
46759
46809
46856
46916
47108
47108
47134
47154
47209
47350
47398
47406
47589
47675
47858
47900
47931
47954
48241
48354
48408
48409
48435
48486
48517
48560
48595
48742
48754
48757
48777
48785
48852
48863
49004
49113
49275
49278
49287
49310
49313
49419
49432
49454
49610
49702
49775
49801
49851
49956
50035
50045
50062
50065
50088
50101
50112
50147
50237
50241
50264
50447
50492
50549
50736
50752
50872
50922
50934
50957
50989
51000
51005
51131
51154
51211
51246
51250
51310
51421
51431
51467
51481
51515
51597
51601
51625
51639
51695
51696
51699
51711
51879
51889
51908
51984
51990
52009
52070
52189
52194
52245
52325
52334
52437
52480
52493
52639
52773
52778
52818
52830
52992
53082
53088
53230
53348
53440
53502
53511
53520
53556
53612
53686
53697
53789
53808
53817
53839
53879
53899
53996
54004
54054
54107
54107
54123
54174
54251
54259
54372
54374
54379
54480
54528
54537
54560
54767
54797
54871
54877
54888
54999
55014
55060
55109
55171
55187
55261
55303
55316
55338
55369
55428
55465
55471
55519
55535
55539
55660
55681
55709
55877
55886
56027
56071
56124
56133
56171
56224
56258
56332
56373
56564
56575
56681
56700
56709
56755
56805
56870
56955
56993
57065
57169
57215
57368
57377
57392
57418
57443
57503
57524
57588
57594
57754
57767
57774
57788
57881
57928
57953
58051
58065
58097
58209
58250
58267
58307
58308
58464
58519
58610
58706
58756
58908
58933
58964
59124
59127
59148
59207
59460
59470
59482
59507
59530
59670
59693
59719
59733
59740
59851
59981
60107
60256
60279
60388
60430
60452
60470
60539
60608
60680
60720
60729
60793
60812
60836
60837
60905
60973
61065
61094
61208
61245
61253
61315
61369
61454
61455
61581
61650
61666
61729
61807
61819
61841
61852
61886
61888
61893
61989
62074
62103
62129
62173
62256
62297
62333
62396
62682
62743
62783
62787
62791
62887
62909
62936
62955
62983
63101
63137
63159
63231
63267
63308
63314
63403
63423
63481
63492
63517
63529
63537
63550
63562
63655
63721
63755
63860
63913
63954
63965
64019
64026
64138
64158
64178
64221
64241
64246
64292
64351
64368
64370
64457
64522
64524
64612
64715
64715
64717
64725
64732
64756
64797
65156
65167
65199
65276
65287
65300
65399
65405
65449
65557
65578
65585
65624
65632
65636
65751
65794
65827
65931
66138
66261
66272
66345
66425
66445
66634
66638
66687
66693
66724
66758
66778
66820
66851
66857
66890
66905
66910
67092
67194
67295
67313
67355
67488
67535
67544
67574
67683
67702
67738
67769
67790
67832
67927
68207
68313
68360
68376
68393
68394
68478
68529
68571
68618
68661
68713
68734
68918
68974
69055
69085
69190
69397
69412
69460
69485
69496
69497
69500
69554
69567
69661
69798
69807
69860
69962
70111
70208
70412
70519
70534
70576
70589
70694
70708
70750
70924
71023
71140
71166
71180
71281
71290
71341
71353
71426
71473
71504
71566
71605
71612
71679
71760
71783
71832
71840
71873
71901
71956
71985
72022
72022
72024
72092
72125
72151
72171
72181
72187
72343
72363
72443
72446
72532
72725
72851
72904
72920
72938
72945
73025
73028
73226
73284
73432
73434
73547
73547
73656
73721
73722
73785
73787
73828
73851
73895
73926
73950
73951
74046
74081
74189
74197
74310
74356
74367
74370
74378
74382
74456
74473
74474
74563
74613
74704
74723
74743
74830
74877
75043
75099
75221
75254
75340
75409
75420
75461
75576
75611
75649
75686
75723
75779
75886
76106
76112
76259
76366
76413
76702
76743
76748
76789
76843
76873
76883
76896
77000
77010
77036
77052
77089
77318
77438
77507
77515
77677
77697
77769
77785
77828
77855
77881
78014
78021
78021
78029
78043
78139
78148
78178
78236
78255
78264
78307
78423
78454
78513
78581
78705
78729
78791
78796
78802
78803
78818
78867
78911
78945
78956
79030
79107
79265
79342
79379
79382
79446
79537
79616
79616
79639
79687
79697
79806
79811
79868
79959
79978
79992
80014
80034
80101
80126
80140
80221
80283
80321
80354
80428
80439
80529
80570
80574
80580
80653
80654
80711
80723
80738
80741
80759
80806
81056
81083
81092
81092
81094
81106
81119
81159
81192
81273
81398
81411
81417
81488
81950
81967
81982
81996
82007
82116
82149
82284
82332
82429
82438
82506
82537
82547
82608
82690
82700
82706
82737
82768
82992
83035
83155
83356
83410
83476
83518
83547
83551
83598
83711
83728
83735
83749
83928
83951
84005
84153
84184
84227
84233
84410
84427
84446
84495
84509
84559
84620
84850
84851
84868
84941
84998
85123
85337
85552
85589
85600
85629
85653
85730
85849
85918
85937
85981
86014
86025
86115
86166
86318
86388
86441
86465
86516
86526
86548
86770
86782
86872
86873
86913
86945
87103
87120
87151
87258
87262
87330
87346
87353
87612
87642
87784
87959
88004
88046
88212
88218
88218
88229
88287
88301
88316
88334
88370
88439
88496
88508
88645
88736
88769
88839
88938
88958
88958
88969
89027
89084
89136
89225
89345
89356
89436
89455
89532
89553
89571
89591
89627
89750
89761
89811
89879
90000
90017
90166
90170
90185
90266
90289
90351
90397
90414
90477
90637
90638
90659
90833
90854
90893
90936
91154
91166
91246
91335
91378
91394
91410
91422
91481
91493
91523
91582
91634
91644
91650
91793
91899
91983
92057
92064
92126
92454
92569
92679
92893
92974
92979
93031
93048
93091
93118
93184
93203
93255
93300
93319
93327
93398
93407
93517
93572
93635
93711
93724
93878
93949
93951
93955
94084
94085
94114
94192
94271
94375
94455
94499
94823
94875
94941
94958
95002
95027
95202
95220
95246
95260
95314
95412
95529
95628
95635
95754
95771
95895
95902
95939
96015
96082
96103
96375
96470
96614
96671
96707
96715
97187
97270
97388
97400
97413
97549
97759
97815
97840
97888
98004
98113
98141
98252
98267
98506
98544
98609
98648
98689
98717
98778
98839
98860
98892
98969
99011
99179
99298
99394
99455
99479
99489
99673
99680
99682
99693
99702
99716
99720
99859
99996
100103
100174
100241
100339
100349
100428
100561
100564
100624
100652
100667
100701
100740
100758
100875
100890
100895
100917
101006
101059
101065
101091
101121
101130
101342
101344
101401
101444
101459
101469
101488
101572
101617
101662
101750
101772
101814
101848
101891
102006
102223
102477
102495
102520
102680
102706
102762
102770
102854
102884
102923
103000
103078
103079
103082
103082
103283
103283
103360
103528
103590
103649
103665
103728
103786
103834
103851
103895
103959
103981
104152
104213
104345
104398
104466
104469
104475
104606
104749
104819
104889
105029
105086
105096
105217
105243
105590
105603
105603
105628
105634
105655
105948
105979
106002
106088
106317
106366
106373
106399
106433
106499
106611
106645
106651
106754
106772
106778
106847
106853
106885
106894
107020
107021
107157
107158
107159
107182
107206
107377
107398
107499
107516
107521
107614
107626
107627
107739
107902
108058
108099
108110
108191
108358
108440
108547
108696
108929
109088
109180
109300
109385
109392
109423
109499
109527
109554
109666
109705
109709
109839
109856
109869
109913
109921
110076
110227
110340
110369
110440
110473
110544
110600
110686
110723
110751
110808
110809
110816
110855
110879
110984
111001
111034
111057
111075
111134
111171
111259
111282
111314
111324
111340
111347
111424
111530
111602
111645
111759
111837
111903
112084
112149
112244
112263
112314
112467
112606
112681
112698
112787
112823
112896
112906
113019
113032
113310
113415
113503
113504
113604
113818
113867
114071
114121
114173
114273
114288
114474
114492
114571
114702
114757
114790
114858
114894
114985
114986
115003
115017
115156
115168
115175
115277
115557
115600
115652
115675
115676
115714
115776
115814
115868
115931
115980
116026
116311
116360
116363
116401
116404
116455
116472
116543
116761
116803
116866
116901
116905
116996
117048
117084
117115
117281
117311
117380
117488
117536
117567
117589
117713
117766
117778
117789
117823
117866
117903
118073
118119
118305
118390
118444
118457
118581
118597
118628
118639
118670
118892
118892
118893
119018
119209
119244
119249
119330
119363
119528
119658
119689
119839
119840
119982
119990
120030
120085
120195
120248
120259
120416
120423
120653
120728
120818
120820
120845
120881
120885
121171
121203
121227
121464
121471
121479
121572
121641
121741
122503
122575
122608
122697
122813
122862
122918
123065
123067
123165
123185
123274
123304
123363
123420
123433
123463
123707
123718
123953
124088
124151
124272
124336
124398
124493
124540
124623
124648
124655
124781
124853
124912
125153
125192
125337
125464
125507
125656
125664
125676
125734
125918
125998
126084
126319
126372
126376
126446
126550
126572
126629
126643
126658
126694
126717
126796
126992
127072
127172
127203
127557
127566
127582
127666
127675
127715
127807
127858
128113
128174
128281
128282
128559
128586
128733
128879
128895
128897
128947
128953
129001
129026
129132
129165
129174
129177
129474
129650
129768
129918
130096
130260
130265
130350
130386
130421
130473
130527
130679
130801
130824
130984
131025
131051
131082
131161
131243
131369
131466
131563
131641
131674
131710
131746
131822
131872
131877
131986
132175
132376
132409
132518
132821
132866
133026
133246
133280
133483
133577
133623
133639
134123
134127
134132
134157
134256
134358
134371
134422
134527
134707
134720
134807
134830
134871
134915
134931
134973
135106
135112
135172
135206
135218
135386
135493
135575
135608
135669
135694
135741
135747
135765
135816
135840
135932
135950
136231
136265
136265
136329
136352
136426
136488
136513
136577
136708
136794
137106
137183
137243
137300
137338
137345
137432
137451
137489
137493
137564
137599
137615
137814
137814
137816
137898
137935
137978
138056
138088
138123
138136
138304
138425
138597
138689
138717
138749
138951
138973
138981
139088
139214
139404
139479
139492
139709
139728
139774
139795
139947
139962
140216
140373
140377
140461
140499
140734
140744
141142
141171
141188
141293
141443
141532
141569
141663
141684
141819
141976
142133
142282
142336
142350
142352
142434
142459
142467
142670
142694
142811
143068
143086
143156
143247
143498
143687
143701
143764
143864
143868
143873
143895
143902
144007
144138
144336
144397
144439
144440
144442
144708
144777
144792
144820
144934
144944
145152
145169
145362
145403
145466
145546
145549
145619
145662
145681
145711
145738
145771
146136
146202
146216
146235
146241
146259
146275
146320
146351
146526
146573
146715
146732
146948
147012
147071
147212
147427
147515
147536
147569
147577
147667
147888
147934
147937
148002
148090
148286
148334
148362
148372
148471
148502
148569
148573
148753
148832
148897
148909
149233
149456
149485
149668
149680
149768
149854
149939
150086
150145
150223
150272
150311
150337
150449
150463
150498
150550
150645
150687
150814
150853
151116
151159
151171
151196
151209
151211
151263
151416
151644
151667
151710
151732
151740
151746
151826
151951
152062
152346
152588
152706
152867
152938
153011
153093
153288
153306
153348
153374
153385
153442
153536
153681
153691
153702
153721
153742
153757
154013
154107
154243
154274
154410
154441
154529
154664
154695
154711
154744
155030
155129
155184
155195
155388
155470
155470
155538
155633
155767
155823
155850
155938
155956
156084
156209
156310
156354
156380
156537
156634
156639
156804
156805
156867
156918
156958
157380
157655
157703
157779
157854
157866
157914
157946
158062
158290
158319
158351
158471
158708
158844
158859
158913
158925
158957
159015
159109
159320
159332
159545
159557
159593
159631
159711
159897
160000
160116
160116
160143
160156
160225
160236
160375
160664
160699
160701
160736
160748
160824
160851
161085
161109
161300
161346
161476
161573
161616
161921
162126
162152
162223
162251
162382
162565
162767
162819
162838
163064
163232
163279
163491
163663
163840
163876
163889
164013
164078
164149
164187
164234
164308
164341
164365
164473
164482
164484
164759
165004
165098
165200
165347
165373
165583
165602
165642
165945
165980
166044
166318
166369
166647
167184
167263
167368
167537
167593
167708
167860
167906
168016
168091
168113
168118
168327
168526
168573
168590
168615
168683
168866
169001
169007
169032
169380
169389
169438
169520
169578
169813
169862
169870
169915
169937
169981
170042
170061
170098
170120
170173
170272
170318
170445
170506
170680
171403
171543
171648
171668
171688
171712
171886
171987
171993
172011
172014
172137
172302
172352
172396
172598
172610
172783
172785
172866
172878
172933
173093
173232
173373
173484
173663
173699
173903
173963
174026
174111
174219
174334
174492
174638
174667
174772
174847
174986
175018
175019
175243
175304
175704
175822
175910
176195
176252
176299
176865
177022
177073
177076
177260
177400
177469
177591
177592
177732
177796
177831
177836
177901
177960
178065
178090
178219
178483
178591
178645
178914
178935
179066
179102
179284
179447
179530
179668
179812
179884
180056
180093
180173
180209
180645
180847
180944
181064
181161
181269
181273
181338
181374
181451
181485
181535
181751
181753
181873
181947
182180
182299
182455
182570
182594
182637
182667
182693
182754
182861
182944
183464
183737
183784
183836
184004
184009
184065
184169
184169
184207
184413
184475
184566
184706
184731
184733
184794
184802
184885
184937
184959
185083
185458
185463
185468
185535
185946
186139
186182
186209
186428
186460
186520
186571
186668
186740
186838
186839
186845
187077
187355
187409
187410
187442
187481
187636
187675
187973
187975
188019
188032
188042
188569
188571
188752
188836
188966
188967
189160
189161
189237
189254
189290
189379
189396
189471
189612
189648
189801
189906
190035
190184
190221
190365
190518
190567
190569
190669
190822
191470
191567
191732
191994
192008
192141
192242
192392
192396
192492
192632
192723
192724
192904
193050
193182
193226
193461
193635
193880
194061
194113
194183
194196
194257
194317
194425
194514
194523
194671
194848
194876
194936
194996
195020
195128
195134
195308
195520
195535
195557
195558
195623
195718
195916
195961
196181
196264
196282
196334
196404
196473
196476
196479
196690
196723
196829
196935
196942
196943
196982
197016
197089
197100
197105
197431
197464
197511
197529
197807
197840
198062
198730
198968
198995
199067
199305
199467
199546
199727
199875
200091
200251
200251
200568
200627
200752
200802
201101
201180
201181
201412
201449
202005
202199
202213
202483
202521
202729
202856
202866
202937
203064
203180
203237
203314
203707
204046
204121
204234
204299
204327
204366
204393
204419
204469
204514
204599
204604
205592
205620
205915
205978
205986
206029
206083
206199
206262
206381
206778
206795
206847
206968
207045
207054
207233
207269
207278
207279
207308
207563
207735
207799
207855
207860
207906
208087
208277
208306
208365
208771
209071
209090
209118
209182
209255
209555
209841
209976
210003
210164
210250
210317
210374
210388
210651
210660
210680
210713
210880
211022
211248
211283
211337
211476
211585
211692
211715
212047
212515
212537
212879
212950
213155
213196
213373
213454
213507
213553
213633
213802
213936
214011
214067
214161
214432
214451
214655
214727
214876
215051
215179
215367
215466
215556
215699
215744
215762
216180
216461
216510
216708
216896
216952
217003
217241
217272
217574
217684
217876
217914
218133
218285
218846
219267
219276
219391
219821
219895
219961
220008
220082
220275
220302
220376
220417
220838
220876
220888
220891
220902
220940
221007
221203
221302
221532
221623
221959
222132
222231
222265
222265
222608
222945
223010
223145
223513
223582
223641
223733
224075
224223
224373
224403
224597
224865
225247
225394
225460
225655
225679
225698
225829
226021
226072
226299
226388
226433
226562
226638
226837
226934
227061
227063
227157
227235
227537
227816
228057
228554
228753
228829
228953
229162
229218
229397
229401
229442
229601
229632
229753
229803
230060
230289
230438
230466
230493
230637
230762
230845
231195
231687
231751
231887
232061
232353
232734
233026
233075
233305
233546
233575
233593
233686
233760
233978
234181
234342
234418
234472
234473
234533
234618
234855
234876
235302
235325
235463
235501
235580
235972
236035
236576
236619
236681
236694
236740
236813
236903
236957
237057
237219
237291
237714
237816
237877
237916
238295
238656
238676
238907
239257
239798
239966
240108
240130
240436
240470
240700
240885
241097
241361
241466
241500
241516
241571
241899
241950
242018
242069
242292
242435
242826
243062
243161
243203
243204
243258
243447
243447
243820
243823
243997
244348
244356
244405
244532
244614
244620
244735
244888
244961
245073
245712
245883
246076
246226
246385
246984
247191
247569
247640
247826
247973
248502
248758
249068
249081
249186
249344
249422
249579
249592
249847
249891
249951
250294
250460
250472
250524
251227
251660
251920
251988
252658
252867
252995
253054
253063
253086
253103
253292
253690
254404
254753
254844
255097
255836
256193
256240
256529
256655
256702
257469
258414
258687
258858
258904
259007
259499
259800
260083
260163
260205
260320
261123
261195
261365
261395
261553
261909
262093
262182
262582
262963
263290
263482
263595
264097
264740
264757
264798
264801
265024
265488
265515
265568
265664
265746
265856
265974
266479
266493
266800
267139
267199
267221
267345
267352
267517
267892
267904
268133
268137
268412
268702
268717
268783
269191
269540
269738
269824
270980
271113
271385
271398
271413
272146
272692
273083
273337
273555
273601
274440
274770
275019
275260
275632
275907
276898
277282
277358
277924
278114
278211
278271
278340
278689
278715
279404
279491
280042
280189
280412
280561
280731
281079
281550
281623
281732
282064
282102
282679
282832
283044
283423
283424
283859
283935
283951
284111
284544
284865
284869
285097
285132
285592
285881
285949
285979
286112
286248
286495
286582
286615
286785
286878
286881
286890
286900
286984
287393
287572
287983
288539
288730
288811
288964
289229
289354
289359
289453
289717
289778
289888
290616
291655
291856
291979
292250
293310
293469
293766
294008
294085
294523
294764
295405
295545
295603
296364
296389
296423
296566
297380
297631
298086
298547
298768
298785
298925
299303
299446
299913
299919
300060
301365
301420
301992
302097
303323
303388
303584
303893
304460
304743
305448
305843
305925
306031
306046
306281
307917
309083
309361
309515
309538
309556
309691
309868
310908
311767
311891
311947
312299
312571
313173
313443
313883
314367
314935
315183
315505
315609
316172
316337
316423
317917
318687
319072
319622
319668
319979
320009
320019
320077
320080
320154
320272
320563
321846
322214
322519
322529
322716
322880
323018
323421
323510
323693
324330
324699
325156
325370
325435
326463
327114
327619
328289
328318
328900
329320
329546
329739
330560
330573
331078
331391
331696
331922
332105
332205
332613
333122
333615
334103
334630
335913
336297
336784
338406
338460
339445
339534
340945
341906
341983
342248
342372
342409
342447
342692
343641
344376
344764
346074
346394
348456
349048
349637
349757
351179
351426
352334
354205
354223
354621
355753
356483
357908
358781
358845
359293
360029
361636
362005
362019
362202
362607
363188
364814
365719
366052
367407
367958
367990
368379
368760
369042
370400
370518
371888
373113
373485
373850
373940
376331
379290
379970
380190
380716
380978
381507
381848
382399
382568
382728
383247
383356
383651
386532
387020
388277
388480
388742
389867
390349
391106
391546
391597
392535
392879
392950
393138
398636
402129
402435
404051
405215
407819
408558
409938
409943
410484
410864
411206
411676
413436
413529
416942
420153
420970
422601
430027
431427
433183
434412
435237
438364
438776
439868
442883
444602
445049
446499
447070
447147
448152
450739
454663
460344
464744
465378
466107
466908
467551
472087
474614
478082
478421
481521
485445
507893
514386
517386
524219
540648
543549
547480
551344
559928
579785
