0
0
33
180
181
193
228
285
352
406
412
446
486
487
630
637
783
856
872
887
900
900
957
972
981
1047
1050
1093
1098
1138
1171
1226
1230
1244
1251
1278
1280
1313
1374
1460
1520
1549
1562
1635
1662
1681
1798
1813
1870
1885
1949
1980
2099
2152
2162
2199
2279
2349
2450
2540
2561
2574
2630
2667
2683
2711
2772
2822
2887
2942
3020
3037
3061
3068
3110
3114
3140
3246
3257
3367
3378
3393
3400
3414
3458
3462
3506
3599
3619
3649
3748
3754
3788
3800
3846
3879
3888
3978
4082
4174
4190
4270
4304
4309
4388
4471
4486
4560
4637
4672
4696
4725
4804
4807
4810
4825
4835
4860
4967
4973
5006
5065
5084
5091
5108
5125
5138
5268
5280
5339
5341
5355
5452
5464
5551
5602
5649
5687
5736
5852
5857
5912
5939
5947
5975
6042
6101
6247
6271
6298
6323
6454
6549
6628
6636
6669
6702
6760
6779
6956
7052
7062
7063
7097
7103
7110
7154
7163
7163
7223
7261
7276
7284
7318
7338
7369
7369
7519
7565
7669
7672
7703
7836
7860
7867
7878
7987
8072
8115
8157
8190
8226
8314
8369
8391
8405
8531
8562
8616
8616
8661
8698
8749
8784
9004
9093
9110
9192
9213
9230
9322
9325
9417
9524
9577
9604
9628
9650
9654
9767
9772
9784
9850
9852
9868
9903
9990
10247
10307
10363
10371
10404
10416
10447
10555
10575
10601
10614
10670
10700
10808
10868
10910
10915
10935
10985
11038
11073
11083
11095
11160
11166
11200
11341
11444
11468
11476
11481
11545
11553
11567
11612
11645
11649
11726
11903
12009
12012
12023
12064
12162
12202
12251
12317
12319
12471
12536
12543
12587
12704
12718
12718
12750
12839
12881
12901
12913
12922
12967
12994
13020
13032
13046
13143
13209
13219
13262
13268
13302
13375
13471
13472
13508
13548
13693
13786
13797
13799
13811
13849
13851
13929
13932
14105
14123
14180
14188
14323
14484
14510
14651
14665
14728
14739
14759
14767
14830
14876
14878
15033
15062
15088
15109
15190
15254
15307
15397
15440
15441
15466
15556
15616
15651
15681
15763
15846
15897
15922
15962
15977
16017
16060
16220
16273
16301
16316
16367
16393
16394
16413
16428
16460
16494
16522
16561
16571
16574
16613
16637
16682
16783
16804
16818
16868
16869
16870
16891
16917
16918
17103
17367
17391
17469
17501
17538
17539
17613
17636
17718
17821
17960
18008
18028
18037
18040
18083
18090
18131
18157
18185
18219
18246
18259
18273
18351
18435
18564
18671
18688
18704
18789
18834
18856
18910
18931
18969
19169
19192
19196
19332
19360
19363
19452
19482
19496
19549
19554
19558
19562
19568
19572
19580
19603
19615
19649
19667
19669
19677
19717
19724
19788
19917
20011
20026
20027
20065
20082
20110
20149
20181
20256
20360
20394
20519
20692
20702
20782
20784
20790
20805
20853
20903
21006
21078
21080
21137
21178
21246
21334
21535
21607
21667
21688
21691
21704
21705
21718
21791
21813
21822
21834
21839
21858
21885
21897
21938
21956
22042
22049
22091
22107
22139
22208
22213
22226
22235
22323
22368
22566
22574
22594
22600
22620
22625
22642
22719
22724
22726
22756
22787
22789
22801
22809
22843
22845
22845
22875
22877
22983
23008
23120
23138
23183
23200
23209
23304
23335
23353
23376
23478
23587
23592
23619
23691
23739
23826
23829
23859
23863
23870
23891
23987
24016
24024
24066
24121
24187
24193
24297
24309
24356
24380
24386
24416
24457
24533
24539
24543
24576
24586
24622
24641
24702
24722
24763
24768
24785
24801
24850
24853
24976
25015
25045
25111
25162
25239
25272
25281
25293
25312
25433
25447
25462
25465
25727
25752
25783
25816
25837
25859
25892
25959
25999
26012
26042
26146
26190
26269
26318
26354
26364
26376
26392
26430
26448
26454
26466
26467
26474
26490
26553
26561
26571
26592
26644
26661
26692
26704
26705
26874
26982
27051
27093
27339
27436
27449
27470
27472
27485
27523
27554
27739
27818
27989
28037
28050
28144
28235
28282
28297
28527
28528
28552
28559
28640
28785
28788
28806
28818
28938
28995
29216
29238
29327
29340
29344
29353
29394
29456
29457
29489
29497
29615
29618
29654
29667
29765
29777
29813
29838
29933
29936
29956
29959
29971
29981
29989
29990
30000
30021
30061
30162
30293
30304
30307
30309
30368
30400
30408
30423
30428
30446
30454
30470
30500
30568
30637
30638
30690
30698
30812
30825
30872
31059
31111
31169
31249
31262
31287
31374
31387
31416
31428
31454
31492
31506
31508
31519
31554
31649
31674
31695
31711
31722
31777
31803
31858
31874
31877
31903
31939
32009
32013
32046
32053
32061
32078
32108
32153
32212
32268
32406
32408
32466
32564
32566
32589
32594
32604
32607
32626
32721
32744
32822
32861
32928
32949
33198
33228
33242
33564
33585
33596
33596
33685
33692
33699
33722
33739
33771
33772
33789
33809
33840
33917
34005
34087
34116
34156
34157
34163
34187
34273
34313
34442
34493
34670
34815
34841
34874
34907
34908
34945
34994
35145
35204
35209
35287
35332
35444
35526
35586
35614
35647
35675
35738
35742
35743
35839
35871
35950
35992
36001
36004
36025
36034
36176
36311
36403
36446
36472
36476
36530
36534
36735
36767
36829
36868
37036
37043
37053
37059
37213
37263
37305
37309
37320
37400
37405
37437
37465
37527
37614
37652
37688
37698
37718
37755
37771
38013
38028
38045
38052
38143
38184
38199
38261
38262
38314
38362
38373
38471
38545
38546
38553
38638
38703
38840
38869
38929
38954
38959
38988
39005
39051
39070
39134
39134
39256
39309
39316
39374
39416
39425
39456
39475
39661
39663
39731
39844
39968
40027
40030
40090
40140
40172
40222
40268
40293
40312
40376
40423
40434
40435
40531
40603
40626
40640
40787
40787
40795
40965
41055
41153
41207
41342
41361
41405
41436
41445
41448
41459
41467
41522
41554
41556
41597
41607
41658
41699
41755
41773
41812
42006
42024
42028
42065
42119
42187
42364
42383
42484
42576
42608
42639
42669
42823
42835
42941
43045
43099
43113
43113
43166
43221
43222
43309
43419
43425
43556
43598
43601
43602
43602
43628
43759
43781
43785
43788
43846
43951
43952
43985
44021
44035
44111
44134
44175
44224
44249
44256
44289
44445
44471
44487
44527
44559
44618
44672
44737
44799
44806
44811
44840
44897
44954
45005
45022
45025
45061
45148
45151
45249
45299
45371
45372
45558
45598
45609
45629
45723
45754
45784
45805
45831
45840
45882
45934
46007
46052
46186
46186
46208
46410
46468
46501
46521
46523
46523
46590
46594
46616
46698
46849
46865
46937
46965
46965
46988
46992
46999
47005
47019
47028
47040
47051
47091
47105
47184
47199
47209
47215
47296
47302
47331
47341
47343
47405
47419
47430
47634
47733
47763
47849
47951
47964
48033
48078
48148
48231
48238
48477
48544
48548
48550
48550
48637
48728
48759
48767
48776
48786
48846
48888
48951
48959
49001
49073
49132
49134
49172
49172
49273
49365
49417
49537
49636
49654
49677
49684
49692
49735
49775
49795
49867
49954
49993
50094
50253
50311
50332
50338
50338
50357
50388
50445
50467
50565
50567
50578
50621
50637
50644
50716
50772
50775
50882
51024
51161
51176
51195
51236
51283
51284
51354
51371
51372
51383
51464
51566
51684
51742
51785
51831
51843
51890
51893
51902
51927
52013
52068
52123
52184
52278
52315
52327
52336
52363
52397
52418
52465
52495
52500
52581
52598
52614
52641
52697
52723
52727
52830
52902
52945
52974
52982
53025
53258
53301
53438
53479
53488
53618
53634
53705
53796
53925
53988
54006
54030
54127
54145
54167
54169
54208
54227
54258
54313
54322
54530
54574
54701
54736
54743
54821
54839
54909
54910
54937
54944
55010
55020
55190
55195
55202
55246
55249
55265
55290
55296
55315
55349
55557
55636
55638
55665
55678
55680
55735
55776
55787
55867
55870
55872
55921
55969
55983
55994
56103
56182
56288
56294
56457
56571
56593
56622
56738
56742
56891
56902
57012
57132
57188
57191
57244
57253
57280
57307
57326
57359
57362
57413
57488
57490
57513
57737
57781
57857
57872
57919
58030
58052
58240
58254
58298
58318
58328
58428
58469
58481
58498
58551
58602
58609
58632
58683
58779
58800
58833
58880
58983
58986
59107
59145
59160
59234
59290
59297
59337
59344
59475
59500
59505
59516
59603
59678
59703
59709
59849
59865
59917
60038
60060
60063
60161
60193
60203
60243
60270
60297
60393
60580
60620
60743
60891
60918
60966
61046
61061
61074
61122
61151
61180
61222
61261
61294
61309
61336
61481
61544
61555
61614
61622
61624
61663
61687
61690
61744
61770
61851
61876
61880
61893
61909
61970
62015
62102
62148
62160
62183
62287
62362
62453
62516
62556
62573
62644
62691
62707
62802
62817
62911
63026
63068
63138
63237
63284
63311
63347
63365
63484
63487
63487
63499
63521
63523
63595
63595
63661
63706
63752
63755
63793
63825
63838
63848
63941
63962
63966
63978
63985
64141
64196
64198
64371
64497
64571
64578
64592
64624
64760
64778
64839
64925
65004
65037
65056
65066
65096
65126
65280
65395
65659
65721
65779
65849
65870
65874
65896
65901
65936
66015
66016
66056
66067
66099
66125
66204
66455
66664
66788
66855
66869
66945
67037
67112
67166
67206
67348
67403
67418
67466
67491
67541
67567
67586
67803
67818
67826
67887
67942
68050
68212
68222
68257
68267
68272
68337
68520
68538
68619
68647
68701
68737
68794
68846
68852
68995
69024
69030
69056
69156
69248
69338
69566
69598
69624
69631
69717
69720
69944
69948
69969
69998
69998
70199
70228
70267
70300
70303
70310
70630
70649
70771
70779
70789
70838
70858
70895
70999
71029
71063
71092
71145
71216
71225
71318
71335
71353
71411
71610
71626
71719
71719
71775
71783
71817
71939
72058
72092
72110
72224
72527
72534
72581
72701
72710
72740
72871
72923
72981
73002
73024
73043
73102
73132
73217
73225
73236
73278
73296
73328
73580
73717
73778
73838
73843
73856
73936
73996
74133
74187
74190
74213
74257
74357
74408
74490
74567
74721
74748
74901
74914
74935
75011
75021
75037
75039
75172
75195
75197
75225
75367
75405
75462
75470
75568
75588
75735
75878
75883
75917
76013
76087
76107
76148
76245
76252
76274
76305
76407
76525
76534
76582
76723
76780
76816
76825
76921
76930
76931
76953
77010
77023
77039
77079
77123
77163
77241
77268
77285
77301
77315
77351
77402
77415
77458
77500
77545
77632
77645
77658
77827
77850
77952
77967
77992
78001
78050
78050
78080
78171
78171
78218
78306
78308
78325
78343
78429
78595
78630
78924
78972
79010
79126
79178
79195
79257
79332
79371
79442
79505
79649
79651
79656
79674
79692
79839
79845
79941
79957
79975
80028
80107
80153
80184
80211
80240
80335
80396
80438
80501
80516
80531
80594
80597
80614
80633
80695
80754
80787
80937
81000
81004
81105
81145
81163
81167
81180
81180
81197
81203
81215
81290
81328
81392
81420
81453
81461
81555
81614
81908
81951
82058
82083
82141
82148
82150
82172
82281
82374
82498
82560
82734
82744
82754
82794
82957
83024
83030
83075
83087
83124
83153
83171
83246
83289
83417
83431
83480
83590
83626
83627
83646
83671
83704
83719
83741
83752
83764
83791
83793
83861
83869
83993
84137
84153
84156
84249
84268
84378
84393
84417
84828
84847
84952
84957
85123
85161
85181
85268
85417
85475
85496
85662
85785
85843
85912
86032
86072
86085
86190
86210
86289
86293
86340
86366
86497
86565
86629
86669
86697
86701
86806
86863
87025
87037
87051
87281
87346
87369
87375
87384
87399
87437
87476
87496
87605
87656
87677
87745
87803
87931
87981
87995
88012
88019
88022
88027
88136
88182
88210
88230
88234
88336
88342
88351
88373
88401
88434
88437
88447
88507
88543
88581
88587
88797
88851
88947
88949
89099
89127
89215
89294
89296
89304
89557
89574
89583
89651
89695
89836
89841
89852
89864
89933
90008
90046
90160
90168
90337
90347
90424
90683
90853
90859
90868
90870
90980
91023
91040
91113
91135
91181
91197
91253
91265
91330
91363
91414
91535
91546
91627
91677
91745
91994
92011
92097
92108
92160
92237
92250
92253
92295
92409
92521
92539
92564
92575
92635
92642
92736
92763
92966
92978
93006
93099
93306
93384
93436
93483
93581
93587
93693
93719
93733
94097
94148
94179
94229
94276
94425
94448
94630
94853
94863
94896
95029
95031
95054
95105
95113
95124
95251
95253
95306
95307
95436
95491
95492
95521
95596
95605
95639
95650
95665
95665
95710
95758
95816
95847
95886
95921
95957
96013
96041
96126
96164
96181
96216
96224
96359
96422
96494
96567
96612
96728
96845
96874
96906
97013
97052
97118
97133
97285
97455
97625
97678
97703
97746
97799
97799
97854
97858
98039
98056
98223
98258
98295
98489
98591
98631
98640
98715
98781
98943
99085
99273
99295
99353
99467
99489
99509
99519
99640
99809
100060
100089
100240
100251
100279
100316
100337
100355
100358
100394
100415
100497
100606
100651
100683
100709
100717
100745
100789
100979
101035
101040
101046
101116
101152
101217
101290
101339
101353
101381
101523
101540
101590
101652
101701
101736
101742
101751
101806
101956
102074
102093
102131
102156
102276
102584
102595
102630
102647
102684
102705
102708
102714
102716
102720
102934
102992
103138
103202
103356
103449
103563
103642
103846
103908
103910
103933
103947
103952
103974
104234
104494
104590
104595
104777
104813
104882
104975
105152
105172
105195
105261
105343
105453
105494
105528
105608
105616
105640
105651
105821
105898
105929
105946
106028
106116
106157
106159
106343
106348
106373
106446
106596
106634
106826
106883
106885
106958
107029
107054
107103
107111
107142
107148
107162
107206
107226
107250
107296
107380
107383
107421
107431
107502
107552
107561
107723
107904
107970
108053
108061
108068
108309
108313
108356
108387
108641
108806
108834
108932
108980
109071
109086
109098
109189
109333
109494
109568
109768
109826
109929
110007
110143
110292
110294
110320
110522
110556
110649
110697
110698
110734
110756
110789
110790
110825
110892
111001
111040
111075
111226
111338
111380
111456
111482
111497
111535
111651
111716
111737
111892
112088
112102
112132
112140
112211
112234
112236
112263
112266
112274
112312
112565
112584
112667
112847
112861
113012
113039
113160
113201
113232
113338
113433
113441
113480
113666
113734
113783
113848
113856
113902
113917
113948
113966
113992
114035
114075
114139
114292
114308
114309
114328
114396
114526
114577
114620
114633
114657
114668
114721
114834
114910
114914
115019
115062
115202
115413
115442
115475
115656
115676
115693
115790
115794
115795
115812
115813
115916
116045
116050
116120
116367
116421
116465
116500
116569
116584
116599
116601
116631
116743
116855
116856
116928
117011
117011
117241
117344
117477
117670
117726
117742
117921
117969
118073
118079
118115
118122
118153
118216
118220
118292
118366
118387
118461
118524
118617
118731
118746
118876
118943
119065
119314
119352
119467
119705
119875
119904
119952
119979
119998
120112
120166
120169
120241
120460
120462
120649
120728
120729
120778
120823
120836
120839
120875
120992
121013
121107
121169
121227
121242
121392
121544
121570
121578
121721
121777
121834
121888
121960
121971
121996
122200
122399
122417
122453
122468
122766
122798
122831
122857
122988
123007
123106
123110
123433
123444
123488
123547
123635
123650
123651
123700
123763
123768
123826
123906
124044
124067
124392
124467
124597
124610
124623
124670
124692
124902
125029
125052
125144
125267
125403
125532
125601
125785
125837
125968
126097
126109
126261
126517
126648
126650
126716
126950
126992
127022
127026
127243
127247
127291
127402
127421
127533
127636
127816
128029
128081
128096
128169
128182
128216
128251
128654
128676
128684
128825
128908
128921
128961
129007
129020
129221
129298
129347
129441
129447
129480
129581
129600
129670
129673
129770
129782
129928
129971
129990
130255
130300
130556
130565
130568
130636
130691
130844
130954
130980
131097
131342
131372
131410
131797
131803
131824
131842
131889
131910
131944
132069
132165
132174
132182
132340
132370
132379
132585
132684
132757
132980
133066
133096
133275
133416
133459
133598
133656
133773
133813
133884
133947
134021
134053
134268
134339
134344
134382
134440
134471
134561
134607
134648
134714
134737
134744
134755
134819
135113
135184
135395
135414
135504
135603
135633
135671
135750
135770
135819
135931
136027
136069
136081
136171
136283
136364
136386
136390
136545
136561
136811
136879
136890
136894
136916
136951
136991
137074
137090
137126
137169
137178
137188
137222
137291
137392
137399
137427
137511
137638
137686
137752
137754
137882
138034
138064
138085
138180
138183
138320
138390
138404
138558
138560
138588
138743
138909
138922
139048
139329
139425
139568
139579
139608
139647
139674
139681
139687
139892
139989
139992
139994
140243
140276
140321
140412
140443
140491
140541
140547
140565
140584
140613
140731
140767
140866
140932
141094
141133
141181
141283
141334
141574
141612
141691
141720
141948
142017
142106
142109
142304
142401
142482
142650
142867
142955
142968
142999
143131
143168
143327
143372
143456
143518
143538
143635
143739
143749
143764
144049
144078
144138
144192
144298
144307
144503
144611
144734
144828
144974
144977
145067
145085
145266
145380
145737
145879
145956
146303
146412
146655
146698
146766
146801
146820
146879
146881
146909
146914
146929
146966
147003
147345
147377
147454
147508
147561
147627
147762
147792
147874
147967
147991
147991
148068
148101
148115
148273
148544
148712
148936
149099
149103
149283
149305
149473
149587
149587
149675
149850
149973
150134
150141
150280
150280
150308
150308
150492
150503
150580
150604
150648
150746
150749
150854
151004
151027
151167
151387
151387
151741
151773
151891
151977
152003
152053
152064
152313
152355
152426
152532
152585
152615
152669
152684
152933
152997
153006
153018
153061
153189
153404
153473
153495
153543
153552
153634
153657
153691
153694
153815
153925
153936
153947
153955
154275
154308
154320
154462
154500
154566
154718
154774
154824
154847
154875
154875
154942
154967
154997
155162
155251
155297
155303
155326
155400
155417
155421
155525
155536
155652
155669
155689
155790
155850
155974
156072
156468
156496
156614
156623
156746
157020
157367
157397
157429
157436
157467
157467
157575
157626
157767
157830
157915
157972
157978
158205
158307
158507
158533
158646
158667
158719
158811
158817
158888
159031
159040
159042
159216
159361
159397
159436
159534
159544
159651
159684
159720
159930
159954
159958
160064
160143
160149
160149
160250
160303
160402
160461
160575
160584
160625
160700
160858
161302
161305
161545
161684
161691
161740
161880
161994
162088
162104
162346
162446
162542
162553
162599
162645
162815
162887
162920
162932
163260
163306
163396
163586
163596
163832
163884
164021
164054
164099
164238
164297
164322
164496
164527
164684
164825
164836
164837
164912
164940
164970
165302
165334
165481
165561
165670
165722
165770
165776
165840
165948
165985
166213
166329
166342
166516
166606
166635
166638
166910
166944
167126
167291
167482
167987
168002
168023
168181
168370
168507
168527
168539
168571
168622
168642
168658
168669
168688
168706
168762
168783
168808
168970
169068
169155
169317
169633
170111
170139
170278
170306
170330
170370
170516
170765
170774
170887
170919
170961
170975
171034
171296
171348
171458
171536
171563
171619
171626
171697
171703
171901
171919
172314
172453
172637
172641
172641
172661
172680
172704
172822
172951
173114
173205
173260
173282
173402
173721
173782
173876
173958
174005
174114
174298
174476
174496
174560
174561
174575
174578
174659
174687
174757
174962
175003
175137
175210
175929
176074
176142
176429
176789
176850
176862
177019
177408
177560
177610
177756
177829
177855
177908
177921
177927
178237
178290
178296
178311
178365
178443
178651
179023
179059
179208
179335
179357
179531
179671
180018
180102
180244
180307
180370
180611
180681
180704
180841
180999
181049
181119
181180
181240
181263
181292
181337
181337
181798
182191
182279
182451
182540
182691
182755
183058
183067
183201
183281
183627
183842
183955
184000
184001
184018
184021
184051
184087
184216
184241
184419
184520
184871
184879
185344
185778
185876
185939
186030
186051
186107
186440
186447
186562
186726
186792
186851
186878
187106
187223
187513
187529
187549
187673
187752
187796
187843
187998
188084
188309
188323
188326
188466
188479
188512
188610
188641
188688
188775
188781
188883
188929
189202
189486
189562
189587
189676
189728
189803
189874
190078
190097
190123
190143
190155
190167
190420
190487
190570
190614
190695
190730
190745
190855
190890
190933
191241
191296
191669
191809
191810
191860
191868
191898
192151
192270
192276
192439
192647
192714
192714
192854
192930
193022
193033
193060
193190
193216
193226
193239
193255
193274
193299
193316
193329
193354
193490
193522
193593
193689
193700
193728
193769
193869
193876
194178
194504
194548
194560
194623
194857
194981
195238
195343
195345
195458
195585
195612
195725
195787
196169
196439
196542
196784
196856
197229
197340
197401
197492
197584
197606
197616
197991
198167
198253
198452
198739
198761
198787
198917
198930
198969
199043
199062
199078
199167
199345
199692
200049
200146
200220
200265
200402
200526
200543
200705
200968
201004
201011
201067
201137
201218
201321
201655
201894
202104
202124
202142
202340
202658
202803
202840
202863
202917
203031
203257
203303
203609
203638
203670
204106
204205
204209
204237
204432
204560
204718
204849
205084
205168
205310
205332
205675
205829
205854
205924
206143
206203
206242
206260
206463
206674
206700
206808
207137
207434
207543
207561
207636
207686
207987
208080
208106
208330
208384
208540
208593
208727
208831
208838
209018
209050
209064
209325
209483
209597
209881
210226
210248
210257
210270
210345
210836
210852
210905
211103
211243
211253
211469
211517
211617
211738
211913
211963
212192
212383
212384
212486
212686
212982
213125
213154
213450
213593
213672
213732
213819
213859
213994
214041
214102
214128
214147
214210
214455
214827
214974
215220
215286
215333
215391
215532
215798
215838
216002
216002
216046
216068
216191
216527
216528
216592
216644
216841
216886
216927
217085
217206
217212
217229
217528
217532
217593
217729
217778
217810
217919
217946
218145
218392
218531
218982
219021
219124
219183
219274
219343
219435
219458
219687
219798
219883
219902
220043
220197
220214
220357
220398
220486
220796
220917
220927
221018
221278
221755
221866
221873
222223
222270
222330
222581
222707
222953
223362
223438
223441
223537
223736
223915
224355
224472
224497
224635
224640
224689
224885
224958
225492
225533
225619
225622
225676
225716
225902
225907
225919
226230
226302
226413
226653
226674
227055
227165
227517
227681
227748
227781
227830
227943
228136
228326
228637
228794
228849
229375
229432
229549
229652
229658
229701
229716
229797
229798
229856
230081
230257
230387
230590
230943
231047
231719
231760
231907
231989
232003
232136
232173
232264
232622
232690
232882
233157
233296
233379
233467
233699
233915
233935
233992
233994
234053
234073
234225
234418
234520
234588
235118
235169
235206
235342
235813
235847
235903
236106
236283
236747
236925
236926
237211
237218
237816
238123
238156
238165
238765
239016
239217
239410
239538
239588
239865
239974
240155
240319
240553
240603
240937
241135
241153
241533
241702
241707
241725
241734
241788
241876
242122
242262
242332
242860
242881
242956
243208
243304
243644
243833
244129
244308
244334
244440
244632
245365
245422
245673
245872
246018
246122
246286
246568
246782
247173
247341
247449
247453
247636
247839
247889
248074
248146
248280
248290
248491
248758
248873
248888
249471
249574
249883
249916
249936
249998
250002
250319
250598
250747
250912
251686
251896
252137
252343
252438
252570
252990
253008
253028
253043
253272
253288
253329
253556
253579
253684
253743
254170
254859
255121
255205
255308
255467
255597
255607
255698
255722
255746
255783
255934
256287
256652
257122
257315
257490
257588
257645
257757
257926
258453
258464
258612
258628
258796
258973
259068
259110
259312
259321
259515
259739
259744
259910
259948
260023
260317
260696
260754
260905
260994
261248
261276
261377
261579
261607
261749
261802
261912
261913
261948
261993
262074
262360
262464
262859
262995
263039
263061
263105
263284
263567
263925
264902
264965
265137
265151
265697
266502
267053
267142
267203
267348
267355
267372
267478
267703
267848
268878
268929
269219
269259
269958
270064
270088
270229
270294
270421
270495
270550
270566
270619
270914
270952
271105
271405
272063
272700
272770
272893
273159
273344
273344
273416
273602
273930
274224
274230
274458
274835
275249
275483
276380
276590
277508
277632
277767
278014
278130
278224
278376
278443
278496
278733
279223
279478
279693
279842
280129
280173
280397
280926
280982
281307
281419
281564
281601
282600
282964
283253
283383
283419
283874
283883
283910
283940
284144
284229
285168
285489
285759
285764
286667
287027
287960
288619
288789
288935
288968
289071
289340
289492
289818
290004
290011
290835
291248
291616
291854
291929
291968
293032
293148
293149
293960
294008
294161
294725
295544
296829
297110
297214
297562
297581
297920
299322
299833
300407
300603
300737
300940
301076
301157
301199
301540
301884
302597
303038
303178
303232
303927
303998
305223
305652
306180
306357
306622
307017
307150
307457
308360
309492
311153
311449
311605
311735
311885
312184
312758
312759
312921
313255
313727
313997
314035
314098
314229
315325
315681
316169
316351
316409
316646
317079
317312
317318
317387
317644
317682
317830
318086
318193
318687
318754
318784
318807
320470
320879
321267
321666
321702
322271
322289
322447
322557
322712
323349
324084
324306
324577
324703
324777
324950
325039
325834
327541
327558
327642
327812
327882
327940
328481
329604
329736
330238
330393
330466
331256
331671
332126
332238
332280
333165
333358
334121
335626
335789
335818
337293
337296
337424
338801
339385
339956
341371
341644
341685
342392
342807
343083
343150
343789
343794
344095
344305
345364
346072
347544
347967
348501
348540
348610
349128
349302
349784
350688
351082
351374
351394
351477
351570
351812
352560
352566
352638
352653
353008
353512
355387
355715
355719
356469
357520
357896
358529
360441
360654
361314
361326
361348
361374
362036
363285
364253
364326
365837
366637
367773
368867
369673
370542
370567
371349
371688
372033
372158
372660
372840
373409
374511
375605
375840
376122
376647
376979
377592
377915
379030
380804
381480
381996
382119
382778
383494
384056
384153
385709
386668
387508
387603
387717
388248
389497
389928
390331
392060
395518
396512
396688
399083
399738
400708
401125
401848
402762
403526
404262
407766
407799
410171
410188
411128
415297
416204
418358
419847
422362
423324
424785
425221
425867
427365
428779
430100
432629
433405
437000
441601
444156
445119
452760
453099
460403
461793
463729
464581
474964
475112
479101
481648
482998
483927
485086
485314
486079
487577
500693
501016
511384
512441
513192
528763
530082
531585
534767
537538
547449
561147
611740
