0
0
101
120
125
133
170
180
185
234
235
340
407
419
453
482
483
492
507
510
512
595
626
713
792
822
844
880
993
1026
1065
1091
1134
1186
1212
1275
1415
1458
1459
1582
1717
1725
1765
1874
1923
1995
1997
2006
2021
2216
2295
2325
2353
2400
2458
2616
2632
2642
2643
2657
2671
2704
2710
2727
2769
2769
2801
2811
2913
2923
2934
2942
2950
3041
3068
3080
3083
3091
3125
3130
3181
3276
3460
3512
3518
3540
3637
3684
3689
3755
3773
3773
3821
3822
3833
3936
3970
4014
4170
4180
4185
4197
4211
4254
4263
4279
4319
4367
4384
4396
4433
4474
4545
4549
4561
4589
4603
4637
4648
4651
4670
4713
4728
4737
4817
4831
4848
4874
4877
4930
4976
5070
5207
5216
5281
5371
5406
5418
5430
5442
5591
5663
5704
5733
5773
5782
5805
5841
5876
5881
5911
5914
5914
6026
6081
6148
6216
6230
6239
6324
6416
6583
6702
6716
6717
6782
6824
6858
6919
6923
6924
6964
7025
7150
7158
7216
7239
7257
7285
7294
7317
7437
7475
7649
7731
7731
7743
7848
7862
7907
7930
8082
8168
8180
8256
8343
8380
8491
8498
8517
8523
8574
8659
8670
8679
8760
8762
8766
9047
9053
9078
9155
9167
9367
9496
9526
9530
9595
9628
9736
9792
9794
9829
9871
9975
10043
10053
10081
10131
10155
10166
10362
10421
10436
10467
10543
10597
10607
10647
10648
10723
10747
10883
10895
10924
10936
10939
10980
11072
11073
11082
11089
11097
11136
11202
11213
11234
11234
11237
11253
11271
11325
11360
11435
11484
11569
11640
11688
11695
11805
11862
11869
11871
11885
11906
12005
12054
12076
12092
12128
12134
12150
12392
12401
12537
12749
12790
12822
12865
12889
13016
13032
13087
13090
13143
13242
13267
13286
13432
13480
13522
13553
13593
13631
13741
13765
13825
13932
13961
14050
14150
14180
14258
14279
14290
14385
14419
14440
14487
14496
14688
14698
14741
14745
14852
14895
14963
14972
14985
14990
15001
15018
15024
15065
15128
15247
15333
15375
15382
15427
15513
15599
15618
15624
15645
15678
15711
15741
15765
15774
15791
15831
15907
15974
16030
16030
16141
16228
16247
16302
16337
16353
16447
16496
16573
16584
16593
16613
16633
16636
16666
16692
16701
16806
16945
16956
16988
17002
17049
17056
17073
17081
17247
17259
17282
17288
17495
17592
17644
17732
17746
17772
17794
17821
17825
17848
17944
17951
17958
17963
17986
18045
18088
18100
18101
18181
18196
18208
18264
18313
18409
18451
18489
18560
18568
18664
18749
18763
18811
18848
18924
19076
19077
19100
19115
19149
19196
19219
19223
19320
19323
19333
19366
19385
19485
19510
19520
19521
19530
19536
19541
19573
19584
19633
19663
19692
19794
19813
19874
19976
20033
20049
20102
20169
20225
20273
20406
20426
20444
20445
20458
20489
20502
20543
20545
20565
20637
20657
20718
20727
20777
20839
20844
20849
20859
20893
20899
21153
21211
21246
21248
21271
21406
21487
21490
21524
21538
21539
21539
21553
21590
21600
21653
21686
21720
21785
21866
21880
21885
21898
21933
22030
22062
22080
22103
22180
22266
22320
22410
22413
22444
22482
22494
22566
22602
22696
22771
22814
22918
23032
23038
23068
23093
23106
23149
23261
23319
23336
23346
23348
23350
23382
23411
23415
23451
23472
23489
23523
23548
23550
23652
23653
23673
23716
23725
23746
23755
23808
23831
23933
23949
23971
23998
24018
24112
24133
24155
24166
24210
24211
24225
24240
24290
24306
24396
24409
24429
24481
24490
24615
24635
24665
24668
24671
24690
24726
24841
24867
24887
24955
25221
25228
25320
25375
25424
25499
25553
25561
25574
25608
25610
25677
25731
25741
25749
25776
25809
25865
25871
25878
25932
26006
26018
26035
26147
26207
26208
26252
26309
26323
26328
26448
26457
26486
26591
26630
26645
26649
26692
26692
26716
26853
26886
26886
26907
26932
26936
26963
26971
26981
26997
27008
27046
27123
27178
27196
27200
27227
27259
27289
27392
27424
27449
27464
27523
27595
27620
27631
27653
27654
27679
27708
27714
27741
27747
27801
27831
27873
27931
27968
27988
28005
28087
28129
28205
28241
28313
28365
28371
28407
28415
28421
28578
28611
28680
28681
28695
28705
28747
28789
28815
28850
28881
28916
28922
29005
29047
29182
29219
29220
29270
29394
29459
29478
29481
29564
29601
29647
29707
29725
29745
29808
29827
29858
29913
29976
29981
30081
30113
30264
30315
30322
30326
30462
30479
30577
30638
30696
30716
30763
30862
30872
30882
30894
30914
30947
30957
30994
31058
31082
31114
31131
31159
31166
31180
31189
31241
31262
31275
31306
31306
31314
31363
31471
31558
31709
31770
31812
31872
31878
31885
31896
31961
31963
32057
32183
32186
32191
32206
32220
32369
32369
32409
32428
32543
32577
32643
32659
32670
32851
32860
32880
33001
33012
33043
33086
33180
33188
33213
33215
33252
33272
33373
33572
33589
33668
33688
33808
33813
33917
33996
34064
34133
34192
34294
34321
34324
34334
34345
34347
34489
34526
34598
34616
34664
34681
34684
34783
34905
34958
35011
35016
35028
35252
35270
35301
35375
35429
35470
35525
35533
35533
35533
35574
35575
35613
35633
35654
35727
35746
35765
35767
35797
35890
36024
36133
36165
36170
36218
36359
36410
36442
36518
36541
36608
36632
36637
36664
36756
36804
36911
36928
36928
36952
36993
37025
37060
37119
37222
37226
37238
37367
37468
37471
37474
37587
37602
37742
37753
37767
37800
37801
37807
37810
37943
38064
38072
38074
38093
38134
38150
38238
38332
38345
38359
38369
38393
38447
38449
38457
38527
38562
38651
38714
38729
38809
38824
38830
38837
38842
38848
38852
38898
38969
39035
39069
39088
39108
39120
39212
39231
39252
39347
39476
39487
39529
39542
39588
39827
39871
39907
39915
40229
40257
40277
40282
40308
40413
40426
40483
40582
40603
40625
40642
40659
40685
40708
40767
40789
40800
40946
40966
41007
41142
41150
41259
41291
41304
41348
41396
41445
41528
41529
41550
41556
41569
41604
41648
41671
41720
41799
41799
41891
41896
41913
41954
42017
42027
42046
42129
42147
42159
42161
42338
42362
42394
42428
42609
42640
42685
42814
42838
42853
42855
42884
42962
43036
43095
43111
43114
43145
43221
43237
43253
43289
43345
43366
43435
43485
43561
43631
43631
43699
43700
43720
43743
43819
43849
43859
43864
43955
43978
44000
44007
44081
44085
44112
44152
44153
44156
44159
44182
44244
44255
44317
44345
44367
44403
44457
44491
44526
44546
44555
44687
44773
44784
44837
44843
44857
44903
44967
45000
45035
45156
45173
45184
45295
45330
45340
45409
45433
45438
45466
45485
45499
45509
45520
45633
45634
45644
45654
45756
45813
45816
45867
46056
46088
46113
46257
46266
46329
46386
46403
46425
46455
46458
46472
46483
46501
46676
46681
46698
46733
46811
46845
46898
46932
46941
47044
47046
47057
47069
47087
47149
47172
47247
47282
47292
47305
47322
47363
47423
47450
47503
47678
47853
47925
48319
48329
48336
48342
48355
48393
48411
48412
48483
48489
48490
48518
48523
48717
48741
48767
48778
48778
48829
48832
48995
49033
49066
49104
49210
49252
49317
49419
49437
49563
49566
49617
49631
49650
49653
49703
49706
49847
49890
49976
50088
50229
50254
50321
50391
50405
50493
50552
50554
50561
50700
50751
50795
50843
50847
50862
50918
50941
50969
50996
51046
51142
51143
51229
51270
51271
51353
51372
51378
51448
51491
51497
51541
51551
51558
51706
51747
51790
51813
51824
51828
51908
51920
52078
52102
52195
52224
52229
52256
52291
52308
52326
52361
52385
52425
52439
52485
52607
52611
52644
52709
52771
52922
52933
52956
53005
53089
53125
53167
53180
53259
53294
53351
53417
53543
53592
53628
53635
53660
53677
53706
53805
53876
53966
54016
54207
54318
54347
54384
54454
54495
54495
54548
54558
54607
54689
54764
54885
54945
54975
55021
55028
55076
55093
55136
55211
55265
55284
55408
55468
55486
55506
55546
55556
55628
55673
55678
55774
55779
55785
55843
55844
55940
55961
56085
56101
56136
56166
56187
56273
56393
56476
56503
56531
56559
56610
56652
56691
56773
56783
56794
56865
57134
57200
57380
57409
57420
57484
57519
57530
57574
57589
57607
57663
57803
57828
57908
57961
57976
58000
58004
58063
58098
58107
58134
58175
58291
58530
58567
58601
58612
58860
58958
58992
59088
59204
59218
59227
59228
59234
59286
59290
59394
59432
59485
59509
59522
59541
59582
59585
59593
59671
59789
59905
59919
60016
60018
60028
60060
60215
60248
60253
60319
60374
60529
60585
60677
60689
60750
60764
60771
60811
60956
61000
61016
61030
61068
61113
61118
61180
61185
61268
61350
61353
61383
61546
61569
61572
61577
61617
61677
61831
61885
61903
61914
61935
61994
62130
62150
62266
62309
62328
62329
62505
62587
62653
62729
62777
62789
62847
62913
63012
63024
63026
63142
63144
63230
63437
63474
63511
63657
63699
63788
63798
63912
63941
63966
63985
64001
64011
64019
64048
64091
64093
64110
64120
64194
64218
64237
64286
64401
64654
64660
64664
64688
64714
64729
64799
64838
64920
64984
65105
65199
65208
65210
65215
65259
65434
65464
65521
65542
65567
65608
65646
65666
65677
65702
65756
65803
65812
65924
66047
66088
66197
66198
66234
66398
66525
66530
66605
66674
66810
66843
66890
67011
67023
67048
67101
67177
67300
67356
67384
67392
67413
67468
67471
67493
67607
67648
67706
67722
67731
67787
67818
67826
67859
67886
67923
67968
67984
68042
68059
68085
68107
68140
68155
68172
68173
68178
68284
68303
68314
68326
68329
68365
68510
68525
68566
68580
68610
68646
68699
68812
68823
68839
68864
68903
68929
68939
68960
68964
69026
69032
69078
69142
69241
69243
69244
69317
69327
69473
69567
69637
69637
69679
69681
69702
69708
69710
69710
69751
69823
69854
70008
70037
70082
70272
70294
70402
70455
70471
70673
70677
70691
70706
70783
70792
70811
70894
70948
70995
70997
71033
71040
71067
71095
71132
71151
71247
71420
71453
71471
71600
71692
71869
71882
71891
71916
71983
72010
72058
72062
72063
72106
72114
72119
72122
72193
72310
72318
72335
72374
72383
72449
72726
72730
72805
72844
72998
73197
73268
73270
73388
73410
73411
73467
73518
73536
73554
73556
73627
73639
73770
73790
73836
73969
73987
74011
74039
74072
74084
74174
74192
74287
74444
74486
74489
74509
74544
74577
74592
74706
74732
74739
74764
74784
74806
74813
74827
74891
74910
74914
74919
74921
74925
75027
75028
75052
75145
75278
75292
75294
75367
75434
75445
75451
75485
75493
75519
75571
75694
75761
75824
75921
75952
75965
75993
76060
76089
76126
76188
76316
76319
76406
76420
76472
76501
76507
76549
76572
76600
76604
76606
76627
76666
76858
76868
76880
76919
77001
77005
77009
77047
77090
77099
77112
77126
77173
77176
77177
77192
77268
77341
77366
77477
77495
77538
77593
77617
77736
77784
77809
77881
77887
77946
77963
77963
77981
77998
78000
78003
78021
78113
78200
78207
78215
78297
78351
78381
78503
78597
78610
78737
78775
78810
78829
78832
78845
78896
78969
78990
79007
79062
79086
79164
79189
79220
79233
79258
79274
79324
79352
79379
79654
79771
79788
79794
79815
79852
79872
79884
79966
80021
80205
80238
80258
80348
80442
80707
80710
80758
80791
80798
80804
80994
80999
81083
81278
81502
81580
81631
81636
81673
81683
81684
81744
81763
81839
81920
82003
82046
82085
82097
82120
82131
82151
82155
82164
82224
82251
82330
82371
82406
82499
82504
82549
82602
82614
82618
82643
82648
82819
83138
83149
83175
83239
83275
83290
83357
83458
83469
83492
83581
83642
83700
83956
84051
84283
84531
84540
84554
84558
84641
84650
84726
84762
84800
84839
84846
85012
85078
85080
85149
85166
85200
85212
85301
85395
85432
85438
85457
85467
85480
85501
85544
85728
85846
85873
85921
85922
85926
85942
85953
85977
86023
86051
86119
86209
86356
86360
86475
86519
86522
86527
86683
86705
86792
86842
86854
86858
87060
87097
87113
87159
87194
87195
87197
87212
87232
87284
87290
87308
87367
87381
87403
87408
87415
87494
87508
87591
87612
87689
87699
87761
87903
87952
88194
88237
88279
88281
88317
88432
88469
88519
88519
88541
88627
88627
88683
88696
88752
88762
88818
88882
88900
88919
88922
88974
88996
89045
89101
89119
89127
89306
89325
89383
89391
89406
89436
89463
89517
89539
89644
89713
89741
89902
89948
90156
90359
90484
90490
90508
90539
90556
90570
90738
90793
90841
90848
90908
90919
90978
91031
91052
91093
91099
91156
91163
91395
91407
91511
91521
91529
91554
91607
91643
91662
91693
91778
91785
91853
91930
92026
92062
92155
92161
92257
92279
92326
92335
92338
92378
92467
92478
92492
92577
92663
92709
92752
92872
92873
92907
92932
92959
92964
93144
93159
93185
93377
93406
93463
93591
93606
93679
93712
93752
93757
93763
93785
93801
93814
93861
93942
93955
94000
94024
94083
94161
94202
94453
94476
94592
94664
94690
94791
94815
94894
94968
94995
95001
95008
95098
95104
95119
95253
95341
95461
95543
95583
95586
95610
95624
95690
95835
95937
96092
96150
96167
96258
96320
96347
96367
96414
96419
96477
96500
96626
96690
96706
96751
96893
96962
96987
97028
97038
97060
97109
97129
97136
97171
97211
97226
97272
97278
97319
97322
97328
97367
97383
97444
97606
97609
97727
97759
97801
97827
97834
97946
98061
98126
98138
98207
98273
98334
98346
98350
98391
98398
98475
98588
98597
98629
98718
98732
98739
98744
98778
98784
98835
98892
98897
98897
98922
99046
99151
99220
99229
99239
99241
99247
99310
99340
99341
99366
99604
99657
99672
100143
100194
100230
100270
100308
100324
100345
100346
100351
100355
100533
100657
100671
100696
100723
100744
100904
100935
101003
101026
101074
101075
101136
101139
101295
101338
101345
101457
101471
101496
101501
101727
101740
101788
101867
102012
102085
102168
102600
102681
102803
102892
102913
102942
103086
103145
103194
103202
103342
103344
103412
103454
103543
103641
103663
103701
103784
103820
103827
103859
103950
103969
104025
104039
104074
104114
104144
104182
104204
104261
104274
104275
104279
104316
104317
104332
104344
104352
104387
104447
104493
104655
104741
104830
104939
104961
104970
105086
105156
105197
105233
105234
105335
105358
105378
105393
105411
105413
105422
105492
105502
105536
105713
105723
105730
105927
106073
106074
106147
106175
106222
106277
106367
106497
106498
106787
106811
106982
107071
107174
107199
107252
107314
107552
107575
107659
107722
107722
107775
107846
107977
107984
108062
108121
108162
108195
108198
108217
108254
108342
108347
108363
108376
108387
108417
108515
108569
108619
108646
108706
108894
109017
109054
109103
109158
109189
109258
109263
109476
109518
109541
109764
109861
109961
109968
110022
110038
110091
110120
110133
110271
110379
110440
110452
110497
110539
110554
110564
110672
110702
110770
110777
110809
110939
111049
111197
111258
111344
111386
111501
111509
111554
111613
111663
111699
111794
111877
111930
111977
112028
112033
112072
112181
112381
112489
112534
112615
112641
112668
112713
112762
112776
113012
113045
113454
113523
113542
113641
113677
113778
113829
113837
113947
113984
113998
114055
114113
114118
114181
114242
114287
114322
114360
114396
114414
114431
114434
114473
114486
114494
114665
114666
114691
114693
114735
114827
114977
115006
115029
115091
115111
115128
115133
115247
115256
115353
115458
115458
115548
115566
115649
115675
115870
115883
115894
115985
115999
116024
116052
116180
116181
116235
116285
116578
116614
116685
116771
116840
116868
116916
117079
117101
117114
117203
117206
117216
117246
117252
117341
117365
117413
117519
117523
117541
117641
117662
117685
117725
117748
117758
117828
117832
117872
117872
117949
118107
118174
118372
118442
118460
118498
118533
118631
118642
118767
118793
118848
119020
119128
119168
119280
119284
119314
119318
119386
119417
119435
119459
119494
119536
119656
119836
119852
119858
119893
119901
119907
119935
120024
120078
120093
120220
120258
120309
120320
120328
120371
120404
120429
120452
120477
120605
120614
120713
120830
120966
121020
121027
121092
121144
121249
121302
121319
121525
121528
121595
121615
121626
121628
121790
121828
121868
121875
121920
121969
122099
122117
122206
122232
122298
122428
122469
122471
122581
122597
122604
122663
122674
123033
123060
123069
123097
123308
123315
123456
123462
123462
123466
123483
123550
123600
123658
123665
123755
123802
123861
123966
123969
124018
124236
124419
124472
124556
124685
124793
124819
124866
124915
125030
125040
125153
125199
125216
125251
125327
125402
125424
125502
125505
125514
125633
125754
125775
125792
125834
125836
125854
125879
126018
126075
126078
126177
126213
126274
126316
126393
126409
126617
126715
126756
126881
127037
127080
127168
127265
127387
127388
127417
127442
127479
127522
127577
127745
127852
127871
127873
127988
128076
128097
128108
128248
128298
128416
128533
128543
128635
128727
128806
128836
128864
129115
129119
129227
129235
129297
129308
129429
129447
129708
129796
129833
129874
129889
130022
130060
130235
130251
130293
130311
130359
130424
130550
130600
130624
130710
130737
130815
130936
130951
130973
131036
131093
131104
131148
131188
131280
131292
131352
131626
131677
131693
131702
131752
131946
132149
132174
132337
132349
132391
132555
132623
132716
132728
132871
132960
133008
133138
133145
133183
133277
133281
133337
133366
133383
133542
133574
133608
133632
133826
133834
133874
133886
133900
133901
133952
134058
134075
134086
134228
134322
134417
134437
134489
134530
134614
134631
134692
134758
134934
134998
135056
135097
135124
135176
135295
135351
135353
135404
135430
135548
135613
135629
135670
135831
135939
135956
136046
136071
136165
136189
136331
136532
136679
136682
136800
136937
136999
137039
137069
137136
137153
137299
137364
137395
137462
137470
137499
137506
137507
137532
137559
137593
137627
137704
137732
137771
137959
138149
138170
138394
138418
138653
138826
138828
138853
138895
138901
138948
139043
139189
139255
139255
139333
139481
139525
139991
140053
140245
140262
140263
140293
140324
140448
140522
140538
140572
140579
140626
140750
140768
140908
141166
141203
141272
141363
141642
141762
141848
141853
141858
141884
141885
142047
142078
142087
142132
142249
142260
142290
142303
142422
142440
142695
142750
142753
142807
142814
142830
142834
142847
142922
142927
142988
143012
143226
143241
143285
143325
143333
143406
143429
143553
143583
143675
143675
143712
143728
143749
143764
143821
143866
143915
143931
143977
144050
144097
144205
144314
144361
144462
144499
144546
144547
144751
144781
144902
144922
145080
145135
145163
145187
145420
145777
145840
145842
145870
145945
145969
146624
146724
146820
146830
146837
146867
146993
147042
147157
147249
147275
147363
147395
147469
147532
147538
147585
147647
147706
147711
147743
147754
147784
147821
147832
147850
147890
147912
147999
148005
148060
148060
148224
148333
148392
148441
148666
148807
148864
148949
148976
149135
149137
149350
149409
149539
149621
149720
149818
149822
149871
150133
150151
150222
150330
150364
150401
150410
150453
150576
150937
151153
151396
151397
151445
151482
151482
151572
151580
151602
151632
151796
151846
151864
151964
151999
152020
152030
152059
152220
152274
152349
152378
152383
152570
152700
152946
152970
152994
153010
153041
153084
153087
153125
153199
153207
153267
153361
153393
153500
153513
153548
153567
153591
153598
153611
153615
153717
153729
153827
153888
153888
153909
154181
154240
154511
154566
154687
154693
154729
154739
154802
154819
154955
155129
155203
155324
155376
155428
155482
155509
155544
155626
155830
155984
156021
156179
156306
156332
156397
156443
156478
156483
156496
156521
156596
156745
156754
156764
156789
157126
157129
157457
157467
157512
157523
157563
157656
157769
157885
157886
157963
157993
158175
158206
158324
158408
158505
158649
158717
158746
158806
158923
158972
159025
159126
159145
159324
159420
159481
159485
159510
159607
159735
159749
159815
159852
159883
159889
159891
159893
159956
160037
160275
160276
160312
160358
160468
160473
160609
160673
160688
160708
160717
160724
160747
160812
160818
160893
160947
161069
161076
161097
161111
161344
161420
161442
161516
161637
161684
161807
162192
162247
162322
162364
162525
162540
162601
162659
162660
162707
162734
162739
163047
163074
163188
163197
163339
163348
163401
163447
163610
163732
163784
163814
163973
164022
164105
164198
164265
164303
164349
164371
164425
164444
164692
164847
164959
164962
164998
165002
165023
165224
165261
165383
165693
165764
165781
165803
165847
165927
166079
166136
166276
166333
166476
166502
166573
166581
166728
166837
166838
166859
167081
167109
167124
167335
167362
167426
167632
167795
167942
168036
168047
168126
168193
168280
168440
168613
168725
168875
168986
169206
169225
169253
169274
169388
169435
169503
169798
169877
169950
169970
169983
170000
170046
170100
170104
170273
170300
170457
170509
170544
170593
170705
170705
170726
170740
170758
170819
171080
171101
171308
171352
171388
171409
171428
171458
171486
171487
171549
171550
171629
171829
171867
172005
172053
172224
172275
172383
172422
172464
172584
172624
172708
173013
173401
173660
173683
173893
174025
174097
174171
174186
174194
174238
174278
174474
174552
174577
174578
174640
174656
174657
174658
174686
174728
174809
174899
174963
175093
175541
175586
176144
176194
176345
176386
176462
176629
176725
176768
176778
176830
176903
177089
177326
177337
177358
177430
177446
177457
177487
177556
177620
177670
177817
178058
178147
178240
178265
178334
178447
178503
178522
178553
178631
178712
178722
178843
178881
179286
179548
179568
179579
179642
179682
180316
180432
180705
180926
180943
181210
181212
181431
181591
181705
181729
181758
181856
181986
182090
182173
182268
182671
182729
182880
182932
183089
183149
183385
183672
183766
183812
183850
183862
183903
184005
184042
184095
184115
184121
184165
184169
184182
184316
184321
184329
184333
184386
184650
184745
184750
184838
184840
184852
184917
185009
185142
185520
185723
185779
185833
185837
185849
185975
186037
186120
186254
186283
186387
186516
186609
186688
186772
186895
186913
186948
187073
187144
187193
187226
187427
187501
187566
187617
187872
187939
187965
188102
188155
188353
188751
189031
189098
189136
189268
189280
189304
189362
189432
189439
189814
189826
189841
189871
189921
189964
190014
190227
190319
190505
190505
190684
190919
190952
191062
191168
191171
191200
191203
191395
191437
191495
191722
191747
192194
192239
192247
192284
192288
192396
192418
192523
192595
192630
192700
192756
192864
192926
193049
193065
193229
193424
193502
193620
193814
193969
194120
194128
194135
194323
194386
194400
194590
194668
194707
194737
194760
195090
195091
195121
195161
195183
195190
195276
195572
195740
196043
196110
196488
196626
196651
196655
196737
196755
196779
196812
196852
197016
197169
197238
197299
197382
197407
197622
197645
197756
197763
197786
197829
197871
197919
198051
198072
198093
198377
198384
198793
198941
198978
199036
199122
199122
199247
199500
199774
200171
200200
200279
200316
200410
200541
200546
200585
200753
200833
200886
200942
201057
201071
201240
201447
201573
201886
201922
202047
202064
202321
202416
202435
202744
202798
202802
203135
203356
203405
203467
203483
203517
203604
203786
203808
203896
203934
203943
203956
203972
204228
204405
204506
204588
204601
204603
204638
204655
204735
204748
204853
204995
205314
205360
205413
205506
205532
205545
205553
205805
205811
205956
205958
205985
206081
206230
206230
206391
206484
206555
206591
206669
206861
206997
207252
207286
207736
207780
207791
207927
207939
207940
208011
208189
208206
208214
208271
208307
208334
208511
208627
208640
208820
208861
208874
209001
209077
209244
209434
209642
209772
209946
210055
210139
210157
210165
210237
210310
210479
210810
210854
211020
211122
211278
211412
211473
211486
211885
211953
211975
212069
212294
212352
212608
212718
212894
213113
213199
213211
213320
213368
213493
213566
213693
213844
213996
214065
214218
214295
214299
214505
214661
214805
214885
214935
214981
214989
215474
215617
215671
216054
216189
216369
216463
216467
216497
216578
216775
216955
216963
216984
217068
217267
217288
217454
217488
217656
217732
217911
218449
218509
218997
219013
219017
219059
219550
219712
219862
219920
219958
219977
220157
220224
220266
220391
220783
220840
220906
220957
221074
221140
221148
221246
221288
221362
221396
221538
221568
221576
221714
221985
222175
222257
222272
222309
222424
222463
222502
222524
222636
223051
223431
223589
223773
223824
223904
223908
223920
224019
224214
224358
224371
224494
224524
224659
224728
224750
224830
224927
225082
225097
225326
225472
225987
226164
226242
226293
226352
226397
226737
226786
227009
227271
227348
227991
228398
228540
228555
228577
228773
228815
228832
229072
229154
229427
229644
229669
229858
229862
229992
230065
230280
230418
230423
230661
230719
230938
231070
231209
231254
231260
231516
231519
231784
231888
231905
231983
231984
232006
232101
232517
232608
232689
232848
232864
232991
233110
233202
233238
233430
233551
233564
233631
233811
233862
233955
234131
234286
234379
234483
234519
234540
234564
234715
234726
234940
234958
235154
235275
235318
235381
235512
235541
235826
235871
235906
236002
236234
236270
236418
236736
236749
236771
236827
236942
237089
237430
237499
237709
237802
237901
237944
237959
237964
238126
238436
238525
238558
238647
238771
239113
239130
239500
239717
239872
239884
239890
239896
240018
240346
240510
240529
240550
240798
240817
240969
241070
241089
241557
241580
241610
241794
241973
242202
242250
242714
242808
242884
243076
243181
243250
243296
243605
243663
243760
243783
244058
244349
244719
244802
244910
244943
245109
245629
246369
246370
246739
246945
246980
247020
247054
247098
247319
247375
247412
247743
247770
247770
247772
248019
248366
248510
248640
248708
248731
248934
248938
249101
249500
250086
250100
250250
250277
250604
250909
251120
251132
251234
251404
251409
251614
251642
251714
251870
252152
252455
252499
252503
252541
252739
252953
253126
253538
253540
253559
253902
254192
254250
254481
254713
255184
255641
255721
256159
256241
256284
256332
256593
256633
256780
257006
257096
257103
257167
257866
257887
257998
258096
258244
258636
258958
259010
259154
259236
259281
259408
259900
260136
260491
261731
262029
262114
262213
262216
262319
262423
262500
262539
262543
262900
262979
263161
263335
263497
263862
263903
263984
264043
264147
264175
264178
264279
265081
265200
265282
266205
266332
266359
266413
266462
266505
266543
266545
266550
266678
266685
266755
266907
266980
267095
267213
267460
267734
269637
269841
269982
270115
270178
270349
270518
270538
270781
270810
270873
271916
272238
272255
272471
272980
273092
273582
273755
273778
273980
274540
274939
275065
275066
275135
276040
276615
276720
277608
277895
278164
278424
278468
278745
278844
279050
279574
279845
280025
280369
280930
280943
281092
281493
281701
281787
281820
282385
282399
282474
283148
283161
283168
284528
284583
284663
285621
285697
286070
286212
286328
286371
286660
287105
287138
287266
287405
287772
288418
288855
289226
289476
290119
290286
290551
291906
292025
292173
292283
292544
292893
292900
292918
293043
293117
293294
294170
294173
294565
295027
295254
295380
295389
295650
295727
296335
296356
296438
296440
296811
297205
297972
298780
299333
299976
300455
300971
302745
302969
303063
303108
303440
303528
303568
303747
303826
303864
304136
304393
304462
304497
304944
305223
305545
305693
305755
306351
306751
307124
307248
307770
308045
308931
309237
309823
309853
309910
310441
310472
310959
311213
311296
311300
311420
311676
311864
312470
312753
312905
313729
314525
314550
314821
315871
317043
317185
317473
317561
317946
318126
318466
318760
319068
319093
319189
319650
319999
320039
320112
320140
320341
320550
320576
320583
321074
322149
322210
322855
323953
324030
324588
324707
326146
326616
326962
327162
327871
328008
328030
328426
329031
329346
329389
329406
329868
329907
330055
330294
331236
331604
331699
331875
332521
332711
332790
332917
333102
334272
334367
334924
334939
335032
335331
336007
336087
336213
336442
336471
336605
336750
337034
337823
338145
338663
339107
339244
340034
340329
340350
340739
341487
341590
341652
341747
342505
342693
343018
343251
344498
345250
345513
345941
346124
347929
348008
350670
350757
352862
353255
353680
354032
354740
355076
355482
355731
356775
358283
358443
358953
359806
360383
361567
362826
363002
363652
364525
364588
364746
365950
366011
368244
369623
369811
370782
371462
371633
372696
373189
375310
375432
376092
376810
378495
378784
379730
379835
380090
380930
380953
383373
383812
383845
384205
386703
386995
387116
387151
387769
387921
388649
388787
388900
389288
389381
390633
392637
392677
392758
393658
394059
395404
396289
397001
398141
398173
399217
399493
402712
403473
403880
405087
405988
406970
408384
411451
411635
411724
413061
414897
415410
415786
416039
416145
418352
420075
420097
420507
421408
422445
423422
425014
425246
425325
425825
427221
428362
429521
429745
430000
430196
439366
440216
441574
444082
444125
444244
446615
447119
447563
450337
452068
454120
454912
455874
457409
459439
463131
467779
471668
476500
476969
482357
485166
488011
488464
489214
490213
490321
494546
498519
503636
529635
530002
531136
532530
533816
545907
575910
584847
618454
649786
