0
0
56
141
193
199
239
253
303
368
405
433
435
456
488
495
496
597
615
622
719
840
862
904
1006
1132
1133
1205
1276
1297
1299
1308
1313
1323
1568
1575
1589
1646
1660
1684
1774
1790
1800
1805
1805
1829
1860
1875
1931
2010
2013
2156
2223
2399
2438
2448
2559
2634
2640
2658
2690
2725
2754
2813
2838
2880
2921
2940
2956
2981
3071
3106
3188
3241
3295
3325
3363
3455
3456
3550
3641
3649
3697
3704
3709
3787
3801
3822
3836
3974
4016
4040
4044
4097
4282
4287
4320
4440
4537
4553
4565
4629
4648
4669
4706
4738
4751
4756
4767
4837
4912
4972
4973
5072
5099
5220
5345
5359
5393
5597
5606
5619
5688
5706
6053
6142
6149
6224
6228
6288
6345
6353
6368
6373
6443
6511
6518
6553
6581
6586
6591
6617
6643
6749
6754
6815
6859
6891
6988
7063
7093
7117
7128
7255
7274
7474
7523
7543
7572
7587
7686
7706
7713
7772
7915
8044
8122
8144
8177
8257
8316
8318
8374
8391
8396
8399
8427
8450
8494
8539
8557
8557
8602
8621
8712
8771
8868
8926
9110
9121
9121
9214
9240
9315
9361
9372
9480
9541
9545
9550
9552
9557
9610
9618
9633
9719
9811
9867
9871
9888
9928
9936
10019
10147
10193
10252
10354
10437
10473
10600
10691
10694
10771
10840
10862
10899
10946
10964
10979
11033
11137
11161
11196
11241
11242
11281
11294
11317
11319
11494
11531
11580
11695
11749
11753
11790
11828
11926
11958
12070
12084
12132
12142
12418
12475
12489
12521
12590
12596
12608
12654
12720
12745
12746
12756
12836
12898
12938
12954
12997
13007
13212
13229
13246
13293
13335
13352
13499
13532
13568
13702
13752
13759
13813
13916
13920
13923
13937
13977
14014
14144
14173
14200
14278
14358
14375
14387
14431
14445
14446
14471
14496
14549
14573
14659
14706
14786
14999
15065
15131
15269
15385
15415
15425
15442
15661
15690
15705
15719
15878
15880
15892
15969
16056
16111
16114
16140
16194
16276
16308
16390
16401
16540
16561
16583
16589
16606
16619
16679
16704
16810
16913
16971
17088
17133
17179
17274
17275
17370
17387
17405
17415
17422
17458
17465
17544
17548
17570
17714
17720
17739
17813
17870
17904
17917
17951
18044
18068
18077
18107
18165
18225
18256
18266
18275
18325
18409
18459
18537
18652
18714
18758
18870
18871
18913
19058
19112
19131
19166
19187
19195
19251
19314
19452
19615
19671
19738
19752
19772
19850
19856
19873
19948
19964
20046
20074
20280
20332
20396
20414
20426
20601
20607
20712
20760
20831
21000
21002
21026
21163
21298
21304
21313
21365
21383
21412
21428
21520
21565
21597
21605
21640
21651
21707
21723
21748
21768
21789
21793
21819
21851
21882
22006
22060
22134
22140
22146
22191
22201
22337
22343
22458
22518
22550
22632
22790
22877
22910
22916
22949
23027
23103
23115
23144
23206
23211
23215
23294
23338
23377
23501
23841
23844
23928
23942
23953
23964
24124
24200
24231
24496
24537
24606
24606
24625
24649
24700
24710
24718
24828
24840
24868
24911
24930
24985
24989
25160
25166
25258
25312
25318
25329
25380
25488
25497
25528
25529
25571
25642
25739
25815
25831
25846
25853
25882
25921
25984
25999
26099
26136
26231
26236
26251
26322
26368
26439
26442
26447
26539
26552
26568
26608
26655
26659
26763
26767
26771
26841
26882
26971
26973
26989
26992
27000
27025
27071
27092
27105
27137
27149
27231
27436
27478
27529
27549
27647
27719
27813
27838
27900
27906
27971
27974
28034
28082
28124
28198
28221
28223
28383
28415
28473
28516
28612
28664
28678
28723
28782
28808
28861
29091
29144
29149
29169
29261
29294
29298
29345
29365
29469
29514
29531
29549
29622
29630
29645
29676
29709
29761
29980
29990
30022
30144
30158
30386
30614
30638
30653
30739
30750
30830
30844
30855
30908
31024
31160
31184
31213
31222
31262
31428
31456
31474
31567
31686
31715
31724
31749
31772
31795
31831
31857
31945
31946
31997
32023
32032
32082
32129
32151
32199
32208
32230
32231
32260
32262
32290
32338
32406
32417
32427
32428
32430
32464
32477
32496
32524
32656
32670
32679
32762
32803
32844
32953
32980
33008
33010
33076
33110
33192
33267
33284
33333
33457
33522
33857
33887
33903
33974
33990
34020
34021
34028
34045
34060
34108
34134
34235
34263
34321
34373
34435
34451
34531
34532
34539
34576
34651
34808
34924
35026
35073
35148
35289
35348
35351
35374
35453
35505
35571
35582
35582
35630
35864
35916
35918
35943
35981
36017
36040
36043
36077
36079
36175
36206
36253
36394
36398
36502
36520
36574
36583
36677
36722
36738
36755
36792
36887
36908
36910
36948
36957
36979
36979
36986
37038
37059
37082
37092
37114
37120
37160
37264
37282
37297
37354
37417
37417
37453
37515
37593
37594
37634
37678
37720
37782
37864
37907
37912
37947
37968
37993
38001
38035
38061
38130
38179
38209
38218
38222
38369
38370
38391
38410
38452
38453
38491
38515
38594
38735
38805
38817
38932
38937
39083
39088
39139
39147
39194
39222
39250
39292
39297
39340
39352
39362
39386
39485
39538
39669
39947
39965
39979
39997
39998
40022
40040
40044
40141
40196
40275
40401
40407
40630
40632
40642
40670
40743
40848
40862
40922
41217
41249
41280
41398
41405
41410
41420
41472
41482
41545
41609
41684
41779
41813
41842
41849
41852
41908
41908
41909
41941
41971
42001
42089
42094
42096
42113
42234
42340
42355
42367
42372
42374
42483
42529
42569
42619
42641
42644
42734
42770
42864
42954
42958
43042
43297
43323
43408
43488
43518
43575
43703
43710
43713
43717
43794
43882
43920
43948
43983
44006
44022
44051
44056
44164
44224
44300
44401
44408
44415
44477
44513
44531
44555
44576
44578
44596
44633
44661
44670
44682
44685
44740
44820
44880
44907
45054
45112
45141
45143
45145
45175
45206
45230
45541
45668
45673
45707
45729
45730
45735
45754
45826
45852
45904
45953
45996
46021
46028
46037
46055
46172
46267
46309
46321
46393
46477
46497
46651
46684
46823
46858
46907
46945
47001
47007
47019
47073
47101
47153
47166
47228
47297
47332
47355
47384
47416
47478
47501
47540
47547
47599
47607
47684
47734
47752
47758
47804
47869
47969
47977
47992
48003
48048
48170
48272
48326
48328
48382
48521
48573
48597
48615
48645
48697
48799
48938
48967
49045
49065
49073
49155
49237
49251
49282
49292
49309
49335
49340
49355
49398
49402
49511
49555
49597
49607
49753
49776
49834
49872
49923
49933
50065
50113
50132
50134
50148
50219
50235
50367
50429
50434
50435
50464
50561
50590
50714
50717
50792
50898
51004
51106
51152
51167
51402
51534
51546
51602
51608
51664
51831
51873
51923
52025
52034
52080
52086
52108
52175
52266
52318
52325
52335
52361
52367
52432
52433
52464
52620
52636
52915
53226
53245
53262
53320
53327
53354
53371
53433
53521
53528
53530
53538
53564
53583
53587
53595
53595
53610
53610
53622
53651
53921
53924
54013
54031
54101
54117
54138
54240
54246
54360
54386
54392
54425
54525
54526
54532
54541
54562
54635
54671
54707
54750
54945
54964
55034
55037
55119
55131
55141
55165
55295
55401
55410
55510
55526
55569
55624
55640
55642
55784
55792
55801
55809
55821
55907
56041
56046
56066
56161
56167
56248
56266
56297
56452
56485
56502
56598
56601
56619
56644
56650
56651
56670
56702
56714
56730
56806
56811
56873
57021
57031
57061
57174
57244
57246
57283
57286
57300
57317
57343
57384
57388
57394
57489
57570
57602
57693
57767
57771
57841
57903
57966
58072
58111
58168
58178
58179
58278
58339
58459
58488
58643
58669
58754
58816
58949
58992
59035
59057
59345
59390
59408
59465
59562
59568
59611
59705
59753
59865
59982
60176
60317
60354
60513
60527
60552
60564
60584
60655
60705
60748
60762
60787
60800
60832
60882
60905
60909
60943
61019
61051
61063
61147
61233
61280
61421
61629
61783
61839
61839
61860
61872
61988
62018
62047
62068
62118
62145
62152
62231
62290
62513
62560
62801
62811
62853
62881
63101
63154
63227
63237
63428
63563
63577
63580
63581
63600
63640
63644
63661
63682
63698
63725
63736
63740
63756
63895
63908
63925
63950
64004
64014
64036
64100
64117
64223
64369
64419
64441
64522
64584
64630
64654
64789
64790
64800
64816
64833
64872
64876
64919
64925
64931
64979
65044
65058
65061
65077
65226
65255
65261
65289
65326
65411
65499
65517
65559
65635
65665
65743
65783
65933
65958
65962
66062
66091
66163
66163
66238
66263
66356
66441
66474
66522
66640
66642
66803
67060
67253
67359
67387
67516
67560
67615
67681
67931
67978
68001
68123
68132
68459
68564
68588
68860
68888
68947
68974
69037
69255
69297
69373
69379
69400
69437
69481
69635
69840
69868
70015
70054
70114
70205
70267
70311
70385
70416
70439
70452
70533
70570
70679
70690
70700
70737
70765
70843
70880
70928
70985
71017
71035
71050
71066
71108
71237
71255
71290
71305
71448
71550
71576
71592
71632
71719
71743
71882
71940
71984
72043
72160
72190
72201
72324
72354
72398
72423
72597
72602
72727
72882
72892
72932
72955
72969
72995
73049
73085
73111
73144
73194
73196
73253
73274
73299
73353
73409
73489
73652
73693
73751
73902
73936
73964
74015
74051
74059
74187
74187
74498
74499
74550
74599
74650
74657
74683
74788
74815
74910
74940
75060
75093
75119
75218
75262
75270
75359
75378
75383
75487
75565
75838
75878
75926
76004
76185
76229
76246
76269
76348
76592
76750
76768
76800
76835
76947
77092
77231
77319
77368
77371
77388
77456
77535
77589
77604
77683
77738
77976
77983
77990
77999
78154
78193
78227
78270
78278
78318
78360
78362
78502
78527
78534
78573
78593
78717
78805
78902
78920
79013
79041
79192
79329
79408
79433
79448
79537
79549
79769
79797
79885
79896
79945
79957
79973
80006
80027
80095
80209
80226
80262
80318
80324
80386
80408
80609
80643
80671
80717
80876
80970
81016
81094
81140
81162
81208
81239
81241
81302
81383
81492
81735
81804
81981
82039
82098
82160
82171
82180
82208
82253
82367
82370
82451
82495
82621
82647
82700
82816
82868
82939
82978
82985
83026
83153
83275
83333
83389
83418
83423
83439
83446
83593
83608
83613
83757
83771
83787
83788
83954
83966
84003
84100
84101
84130
84155
84242
84396
84401
84423
84449
84492
84549
84576
84626
85014
85059
85096
85121
85133
85220
85235
85407
85440
85444
85445
85479
85485
85492
85515
85519
85573
85750
85763
85843
85851
85938
86026
86106
86117
86230
86237
86313
86418
86433
86435
86598
86634
86650
86654
86656
86702
86736
86738
86954
86983
87022
87063
87101
87164
87164
87262
87370
87394
87415
87419
87540
87676
87792
87882
87937
87987
88017
88036
88085
88089
88139
88345
88364
88371
88382
88916
89028
89382
89520
89631
89789
89813
89858
89860
89912
89922
89996
90039
90069
90240
90305
90332
90354
90359
90406
90410
90478
90484
90606
90677
90837
91036
91067
91125
91148
91168
91176
91251
91418
91538
91596
91636
91651
91688
91705
91711
91738
91816
91928
91943
92095
92151
92206
92220
92340
92348
92390
92495
92537
92537
92646
92679
92778
92844
92878
93042
93097
93115
93154
93171
93171
93223
93320
93322
93389
93406
93421
93467
93470
93595
93645
93681
93699
93728
93767
93770
93782
93835
93888
93941
93950
93964
94133
94162
94222
94322
94370
94542
94738
94836
94993
95132
95151
95198
95227
95451
95502
95537
95640
95744
95830
95848
95882
95928
96021
96088
96254
96641
96792
96803
96869
96893
96894
96935
97028
97066
97117
97124
97127
97138
97184
97200
97270
97274
97422
97469
97498
97535
97691
97731
97744
97768
97981
98007
98316
98388
98469
98508
98525
98578
98589
98962
99014
99078
99080
99089
99194
99196
99219
99319
99353
99360
99362
99369
99382
99439
99505
99559
99562
99763
99792
99875
99911
99924
99957
99981
100052
100099
100183
100193
100342
100428
100452
100492
100507
100536
100600
100743
100758
100887
100975
101053
101060
101073
101084
101188
101200
101272
101307
101421
101507
101538
101585
101655
101859
101912
101930
101982
101992
101993
102042
102046
102049
102106
102139
102210
102292
102324
102330
102348
102372
102439
102515
102523
102711
102755
102816
102982
103145
103289
103475
103504
103513
103629
103774
103986
104218
104238
104333
104442
104502
104544
104565
104844
105094
105115
105196
105306
105309
105363
105486
105559
105618
105889
105918
106017
106020
106193
106240
106378
106483
106504
106540
106566
106619
106622
106681
106709
106922
106968
106981
106982
107207
107253
107327
107393
107558
107602
107654
107673
107689
107741
107816
107820
107975
108075
108332
108348
108364
108391
108426
108576
108685
108890
108975
108978
109032
109090
109099
109170
109223
109228
109306
109356
109507
109526
109576
109597
109628
109716
110015
110194
110201
110233
110449
110563
110605
110685
110746
110749
110768
110892
110920
110965
111084
111110
111129
111225
111258
111280
111329
111342
111487
111500
111515
111584
111691
111830
111875
111885
111888
111939
111946
112326
112326
112452
112506
112569
112662
112697
112744
112746
113076
113120
113240
113287
113366
113447
113481
113483
113502
113508
113543
113624
113653
113744
113766
113786
113809
113845
113861
113879
113999
114045
114175
114295
114326
114336
114485
114529
114566
114609
114621
114669
114766
114777
114837
114851
114883
115235
115478
115546
115597
115638
115640
115700
115870
115912
115934
115936
116000
116175
116240
116516
116604
116647
116743
116803
116881
117286
117348
117643
117660
117779
117815
118018
118389
118767
118866
119016
119070
119133
119151
119177
119237
119483
119559
119579
119591
119685
119956
119993
120105
120241
120275
120297
120514
120564
120606
120656
120677
120682
120713
120752
120811
120815
120900
121086
121113
121187
121200
121211
121224
121229
121356
121419
121494
121524
121706
121751
121773
121790
121830
121871
121988
122055
122118
122158
122379
122641
122830
122860
122906
123029
123038
123102
123150
123444
123520
123641
123781
124015
124023
124408
124594
124631
124787
124974
125177
125197
125220
125399
125452
125455
125614
125637
125751
125755
125785
125842
125941
126036
126052
126069
126154
126264
126405
126440
126463
126463
126563
126573
126635
126682
126844
126852
126928
126995
127103
127106
127206
127306
127436
127500
127630
127688
127712
127764
127790
127811
127835
127880
128114
128188
128195
128272
128429
128658
128768
128869
128937
129006
129069
129142
129223
129420
129505
129536
129836
129889
129947
130027
130037
130092
130153
130431
130447
130687
130851
130876
130901
131130
131138
131145
131222
131334
131445
131601
131741
131776
131810
131918
131960
131989
132059
132136
132320
132380
132410
132502
132578
132675
132736
132779
132969
133018
133204
133296
133355
133426
133492
133520
133551
133826
133836
133926
134010
134075
134174
134225
134235
134254
134307
134350
134396
134421
134433
134485
134594
134596
134688
134725
134818
134909
135119
135121
135125
135297
135300
135393
135456
135532
135561
135718
135782
135904
135917
136030
136034
136045
136072
136128
136141
136253
136406
136420
136438
136503
136616
136678
136831
136834
137097
137279
137351
137409
137543
137559
137637
137707
137911
137936
137959
137982
137994
138147
138215
138251
138254
138271
138287
138307
138427
138586
138796
138882
138959
139026
139131
139133
139153
139297
139318
139323
139437
139522
139593
139599
139658
140084
140193
140197
140362
140430
140470
140515
140515
140592
140659
140686
140869
140952
140976
141052
141193
141300
141325
141328
141400
141567
141636
141806
141990
142022
142235
142257
142265
142294
142345
142670
142672
142705
142773
143116
143118
143233
143615
143766
143769
143769
143779
143862
143876
143900
144047
144203
144215
144292
144450
144492
144516
144599
144615
144619
144623
144662
144785
144851
145146
145428
145550
145603
145687
145904
145948
146046
146071
146096
146177
146338
146384
146439
146628
146748
146762
147001
147027
147110
147199
147264
147297
147365
147546
147708
147803
147804
147968
148100
148244
148517
148525
148596
148939
149281
149347
149467
149491
149670
149710
149763
149802
149828
149841
149850
149867
149868
150015
150059
150204
150529
150604
150711
150818
151008
151014
151045
151063
151204
151215
151248
151456
151561
151580
151701
151805
151865
151914
151928
151993
152006
152051
152092
152359
152413
152496
152518
152681
152845
153259
153401
153405
153448
153478
153541
153563
153616
153672
153673
153703
153717
153804
153909
153971
153984
153993
154005
154052
154064
154075
154104
154221
154285
154355
154376
154395
154482
154511
154592
154601
154612
154677
154729
154886
155052
155150
155302
155331
155683
155787
155941
155945
156025
156085
156417
156441
156524
156581
156588
156616
156634
156679
157001
157307
157331
157440
157530
157655
157741
157752
157814
157894
157968
158078
158244
158466
158734
158763
158803
158878
158925
159102
159350
159490
159665
159876
159921
159973
160375
160452
160663
160915
160946
160995
161060
161255
161312
161416
161477
161505
161513
161616
161700
161775
161836
161891
161944
161979
162124
162149
162151
162301
162320
162330
162745
162786
162842
162853
162938
162942
162967
163056
163090
163129
163145
163147
163178
163512
163654
163705
163757
163892
164098
164211
164452
164519
164650
164719
164730
164742
164873
164919
165138
165376
165405
165495
165613
165617
165745
165806
165839
165971
165992
166034
166058
166214
166290
166480
166597
166665
166917
166961
167021
167047
167093
167173
167513
167569
167726
167756
167760
167825
167873
167903
167940
168034
168068
168430
168532
168589
168675
168728
168846
169065
169222
169244
169314
169381
169395
169469
169547
169644
169778
169879
170109
170338
170358
170412
170423
170424
170436
170590
170613
170826
171012
171020
171032
171048
171084
171108
171248
171256
171282
171376
171615
171699
171713
171762
171794
171924
171930
171968
172023
172066
172080
172120
172121
172225
172274
172385
172430
172607
172683
172928
173030
173293
173409
173451
173510
173513
173570
173570
173714
173800
173885
174151
174548
174584
174595
174658
174693
174725
174775
174808
174887
175092
175127
175429
175794
175873
175945
176063
176279
176358
176747
176786
176863
176930
176979
177023
177330
177430
177477
177508
177512
177681
177769
178237
178262
178277
178410
178605
178767
178819
179161
179298
179346
179672
179747
179830
179833
179917
179928
180097
180114
180205
180241
180326
180502
180508
180669
180741
180787
180788
181053
181167
181194
181196
181402
181494
181575
181606
181678
181819
181889
182089
182102
182382
182483
182558
182587
182634
182896
183099
183367
183449
183550
183645
183705
183725
184087
184107
184136
184145
184159
184181
184275
184280
184297
184394
184441
184660
184725
184938
185042
185252
185333
185336
185454
185525
185709
186019
186027
186044
186192
186439
186519
186527
186636
186893
186939
187170
187220
187423
187434
187788
187910
187969
188473
188525
188595
188689
188729
188886
188925
189320
189824
189940
190057
190210
190465
190475
190493
190700
190835
190839
190941
191061
191215
191290
191310
191494
191553
191622
191694
191706
191953
192245
192274
192316
192408
192488
192567
192595
192598
192612
192643
192649
192863
193005
193057
193161
193320
193670
193888
194002
194161
194379
194550
194569
194592
194690
194722
194768
194811
195366
195653
195894
195971
196354
196488
196575
196691
196761
196969
196983
197046
197276
197361
197361
197671
197757
197973
197980
198035
198353
198503
198542
198740
198767
199129
199290
199337
199501
199721
199835
199971
200016
200196
200270
200414
200422
200831
200920
200951
201359
201514
201583
201753
201880
202033
202123
202276
202281
202438
202478
202762
202768
202846
202981
203105
203183
203222
203248
203429
203630
203649
203707
203753
203954
204217
204318
204503
204791
204857
205054
205180
205241
205342
205362
205510
205720
205845
206005
206021
206051
206706
206742
206823
207004
207101
207123
207592
207596
207874
207992
208451
209045
209100
209296
209331
209478
209606
209836
209919
209978
210006
210043
210071
210074
210247
210685
211049
211098
211135
211227
211293
211303
211385
211470
211514
212081
212099
212126
212716
212754
213066
213142
213280
213663
213770
213825
213856
213868
213915
214211
214305
214491
214510
215472
215523
215562
215794
215936
216552
216563
216812
216819
216858
217003
217060
217088
217164
217278
217306
217335
217342
217854
217911
217919
217924
218186
218274
218624
218928
219224
219296
219307
219456
219474
219586
219653
219765
219859
219927
219937
219944
220041
220058
220275
220407
220460
220538
220630
220777
220915
220963
221079
221121
221229
221398
221600
222268
222279
222317
222587
222942
223059
223159
223358
223691
224101
224273
224333
224418
224502
224560
224608
224726
224807
224912
224980
224980
225126
225183
225276
225574
226004
226012
226199
226374
226652
226726
226763
226923
226991
227090
227218
227419
227749
227930
227963
228121
228584
228778
228926
229263
229382
229797
230410
230730
230764
230990
231291
231443
231506
231603
231801
232209
232278
232333
232658
232775
232785
232944
233529
233673
233924
234058
234082
234107
234365
234653
234756
234831
235023
235034
235053
235472
235591
235791
236012
236068
236129
236142
236433
236694
236969
237069
237080
237307
237326
237658
237765
237876
238264
238605
238708
238715
239221
239816
240205
240299
240394
240535
240556
240854
240908
240919
241058
241418
241420
242185
242207
242469
242975
243679
243806
243948
244051
244495
244862
245144
245656
246038
246223
246334
246409
246768
246798
246850
247001
247028
247122
247274
247383
248084
248284
248296
248531
248810
248877
248882
248890
248909
249083
249085
249159
249270
249435
249502
249733
249777
250535
250612
250736
250752
250822
250980
251130
251269
251645
251719
251984
251984
252078
252580
252755
252797
252829
252834
252912
253012
253149
253591
253739
253770
253779
253885
253915
254168
254238
254258
254500
254537
254680
255022
255054
255135
255220
255630
255702
255807
256930
256997
257020
257029
257112
257208
257345
257770
257933
258180
258485
258893
259526
259933
260346
260414
260608
260860
261223
261465
262212
262416
262608
263078
263101
263794
263879
263957
264345
264555
264569
264651
264941
264951
265104
265261
265403
265422
265525
265693
265952
266108
266205
266436
266570
266862
267043
267389
267826
268162
268165
268188
268405
268451
268559
269980
270298
270905
271356
271940
272177
272367
272425
272456
272770
272951
273469
273545
273686
273973
274594
274632
274658
274672
274925
276368
276626
276840
276874
277098
277905
277980
279197
279269
279403
279599
279766
279769
280540
280682
280861
280927
280939
281270
281283
281287
281337
281598
281961
282137
282876
283109
283491
285136
285332
285412
285528
285560
285814
286008
286473
286677
286800
287041
287704
288591
288938
289231
289344
289346
289735
289791
290668
290834
290910
290924
291023
291311
291608
292272
292374
292603
292930
293033
293276
293360
294704
294747
294845
295554
295743
295780
295830
296127
296331
296387
297507
298479
299221
299378
299668
300124
300149
300422
300446
300530
301027
301180
301223
301384
301905
302086
302680
303301
303430
304252
304477
304552
304614
306116
306666
306940
307257
307407
307552
308533
308663
308669
308880
308991
309301
309339
309537
309606
309783
309880
310270
310830
311434
311941
312092
312351
312531
312817
313103
313396
313718
313786
314748
315443
315886
316615
316918
316924
318224
318612
318810
319380
319741
319834
319919
320054
320118
320244
321932
321977
322138
322179
322588
323315
323368
323685
323789
323831
323845
324206
324441
324663
324792
324914
324998
325223
325336
325359
325642
327323
329801
329959
331398
331494
332455
332827
333099
333343
333899
334488
335116
335470
335971
336196
336309
336390
336880
337029
337456
337670
338032
338213
338941
339967
341559
341596
341721
341749
341984
342402
342610
342993
343001
343011
343590
344252
345047
346029
346269
346951
347213
347222
347409
347795
351639
352131
352838
353010
353682
355362
355371
355820
356974
358136
358624
358775
359386
360028
360531
360800
360987
361102
361628
365030
365822
366242
367629
367641
368764
369152
369276
369499
370267
370728
372443
372469
373550
373640
373926
374310
374895
375922
377329
377975
378243
378502
379780
380506
381338
382209
382647
383037
383645
384210
384843
386647
388649
388729
389762
390468
390760
391049
391131
391147
392288
392316
392427
394134
396048
396471
397622
398011
398324
399783
400177
400626
400846
400917
400955
401773
401964
402300
403190
403548
407328
407365
407551
409194
413952
416436
417315
418770
420038
421194
424475
425181
428539
429434
430491
430568
430580
431009
431884
433665
435039
438051
439013
439477
440492
442261
446794
450958
451001
452217
455889
456537
457057
458139
462344
467218
467289
470418
477054
481893
483821
488779
500363
503708
505082
507227
508014
514059
521246
526330
528542
531170
533390
550040
551787
559610
587340
