0
0
48
70
204
296
304
395
396
397
427
481
511
578
711
726
739
743
826
926
937
982
1005
1025
1113
1128
1131
1141
1146
1168
1361
1391
1400
1419
1536
1563
1596
1633
1721
1805
1831
1854
1933
1967
2014
2053
2097
2175
2192
2236
2281
2290
2299
2391
2404
2470
2488
2571
2576
2629
2649
2682
2688
2775
2856
2928
2935
2996
3006
3087
3108
3149
3177
3224
3234
3268
3328
3376
3434
3459
3499
3553
3705
3708
3761
3776
3788
3796
3837
3920
3931
3966
3984
4035
4084
4113
4148
4197
4222
4243
4309
4385
4453
4457
4537
4594
4607
4628
4643
4767
4870
5065
5112
5135
5137
5163
5179
5213
5258
5283
5356
5359
5359
5368
5373
5489
5532
5534
5565
5584
5614
5649
5745
5754
5848
5911
5947
5965
5966
5996
6139
6171
6210
6231
6273
6299
6309
6429
6489
6539
6584
6682
6710
6822
6920
6940
7035
7097
7205
7206
7207
7213
7243
7262
7358
7506
7511
7569
7666
7697
7723
7763
7921
7924
7956
8079
8106
8151
8190
8231
8270
8356
8491
8515
8583
8594
8641
8644
8738
8953
9049
9104
9150
9211
9284
9410
9472
9578
9613
9736
9764
9813
9881
9883
9894
9940
9972
10155
10208
10296
10377
10380
10393
10447
10460
10531
10536
10539
10612
10622
10715
10989
11054
11065
11085
11120
11130
11137
11213
11330
11360
11471
11508
11524
11647
11657
11699
11703
11706
11724
11822
11834
11905
11971
12029
12162
12211
12227
12274
12401
12421
12464
12511
12538
12640
12711
12734
12736
12780
12834
12896
12910
12929
12934
12962
12997
13006
13032
13242
13443
13537
13551
13582
13623
13680
13707
13714
13725
13730
13781
13807
13866
13916
14032
14065
14070
14165
14403
14464
14538
14574
14575
14583
14593
14604
14617
14631
14641
14950
15021
15061
15062
15150
15185
15207
15308
15444
15450
15473
15475
15482
15489
15510
15666
15693
15754
15758
15792
15831
15940
16083
16111
16117
16176
16204
16287
16307
16348
16399
16445
16466
16589
16704
16757
16766
16801
16893
16946
16955
16957
17022
17169
17172
17219
17296
17367
17422
17438
17474
17505
17568
17573
17578
17603
17610
17726
17794
17819
18049
18058
18149
18162
18339
18340
18383
18390
18469
18565
18600
18719
18755
18827
18837
19024
19121
19125
19141
19146
19292
19311
19406
19427
19484
19591
19610
19708
19721
19731
19771
19783
19795
19874
19884
19977
19995
20063
20068
20135
20316
20367
20414
20481
20507
20536
20576
20620
20839
20937
20955
21007
21076
21104
21241
21256
21274
21386
21504
21510
21587
21602
21612
21674
21699
21702
21752
21804
21812
21839
21861
21889
22108
22199
22290
22315
22355
22523
22565
22740
22837
22911
23052
23055
23146
23157
23174
23217
23219
23312
23411
23421
23461
23489
23512
23532
23629
23710
23715
23833
23892
23957
23967
23984
23998
24032
24055
24066
24162
24269
24289
24318
24407
24494
24646
24660
24666
24707
24734
24826
24915
24939
24972
25016
25027
25040
25125
25139
25217
25286
25364
25450
25547
25593
25610
25663
25709
25787
25818
25991
26053
26057
26087
26231
26497
26641
26714
26865
27050
27114
27116
27150
27271
27288
27404
27490
27500
27546
27571
27654
27708
27833
27879
27894
27921
28200
28349
28372
28410
28490
28637
28646
28657
28749
28756
28767
28768
28869
28981
29001
29017
29252
29371
29418
29503
29631
29801
29813
29823
29847
29849
29935
29981
30012
30041
30062
30083
30211
30213
30248
30345
30346
30359
30425
30552
30646
30679
30962
31027
31036
31089
31168
31215
31216
31258
31339
31378
31501
31561
31566
31670
31733
31767
31851
31878
31895
31925
31964
31973
32099
32102
32124
32186
32285
32304
32350
32455
32471
32588
32649
32848
32848
32868
32962
32995
33176
33226
33231
33292
33336
33373
33435
33448
33474
33490
33588
33615
33663
33685
33735
33785
33824
33844
33968
33979
34016
34029
34104
34179
34188
34222
34257
34285
34288
34337
34359
34424
34506
34511
34512
34532
34597
34623
34632
34712
34746
34773
34790
34801
34982
35008
35060
35074
35089
35178
35202
35296
35310
35350
35485
35520
35556
35618
35632
35727
35974
36003
36040
36047
36180
36181
36241
36315
36317
36337
36489
36519
36519
36520
36574
36726
36824
36859
36878
36920
37047
37142
37190
37194
37249
37266
37339
37393
37413
37452
37515
37624
37703
37785
37867
37899
37932
37972
38012
38032
38039
38063
38087
38127
38192
38326
38360
38360
38374
38413
38427
38458
38480
38626
38633
38692
38736
38820
38826
38900
38989
39039
39074
39122
39188
39268
39301
39364
39406
39572
39650
39663
39799
39938
39966
40063
40096
40119
40123
40148
40149
40175
40200
40202
40263
40264
40290
40313
40412
40559
40566
40637
40905
40933
40954
40984
41013
41019
41091
41223
41313
41327
41358
41375
41389
41435
41583
41616
41671
41719
41823
41870
41930
41936
41969
42052
42088
42097
42106
42129
42162
42330
42390
42410
42536
42575
42637
42657
42796
42836
42876
42906
43029
43040
43077
43196
43256
43430
43465
43542
43637
43815
43824
43858
43944
43991
43998
44087
44122
44165
44273
44276
44347
44380
44396
44404
44461
44464
44549
44569
44598
44658
44700
44722
44750
44770
44789
44966
44966
44998
45005
45057
45069
45339
45588
45641
45662
45758
45775
45788
45852
45861
45897
45900
45960
45978
46236
46240
46268
46293
46456
46634
46658
46682
46780
46791
46867
46990
47007
47260
47305
47415
47419
47654
47700
47853
47970
47981
48141
48155
48192
48258
48325
48357
48369
48406
48411
48488
48590
48618
48649
48706
48732
48742
48840
48910
48954
49010
49084
49103
49179
49264
49385
49414
49523
49625
49639
49650
49712
49738
49746
49767
49900
50018
50121
50199
50239
50348
50415
50495
50501
50617
50713
50715
50805
50833
50860
50889
50909
50951
51017
51141
51169
51221
51264
51729
51754
51765
51826
51851
51858
51893
52117
52197
52313
52332
52363
52457
52516
52682
52688
52692
52717
52796
52805
52853
52891
53028
53075
53092
53100
53136
53187
53197
53226
53385
53479
53524
53569
53604
53622
53624
53629
53661
53693
53705
53799
53855
53867
53902
53939
54010
54045
54064
54279
54312
54317
54351
54425
54448
54458
54529
54605
54666
54682
54711
55146
55162
55248
55290
55320
55444
55476
55580
55635
55655
55671
55746
55790
55837
55989
56028
56076
56123
56160
56183
56303
56329
56359
56467
56548
56732
57018
57030
57204
57210
57228
57317
57321
57407
57506
57599
57620
57681
57707
57754
57832
57835
57843
57860
57962
58043
58047
58290
58295
58320
58357
58449
58457
58476
58513
58623
58759
58779
58786
58808
58938
59160
59237
59254
59404
59471
59530
59646
59664
59688
59730
59738
59742
59767
59822
59841
59902
59912
60001
60107
60164
60187
60250
60255
60318
60328
60343
60380
60431
60606
60732
60843
60891
60981
61004
61043
61104
61127
61252
61335
61347
61388
61406
61414
61507
61509
61512
61715
61719
61741
61936
61947
62155
62264
62343
62403
62413
62469
62505
62542
62572
62671
62756
62776
62811
62880
62887
62898
63066
63109
63163
63222
63247
63269
63345
63362
63467
63467
63475
63560
63615
63707
63858
63901
63995
64051
64072
64256
64322
64343
64355
64459
64518
64570
64573
64588
64590
64728
64925
64952
64975
64976
65024
65142
65290
65400
65440
65551
65585
65666
65750
65819
65871
66103
66167
66278
66332
66388
66438
66447
66633
66690
66716
66746
66782
66868
66893
66962
67103
67124
67275
67349
67501
67625
67626
67803
67852
67915
67965
67972
68042
68077
68142
68161
68218
68287
68398
68431
68582
68693
68738
68758
69053
69146
69180
69189
69214
69314
69336
69395
69428
69501
69503
69595
69625
69632
69664
69688
69693
69768
69863
69927
69947
69962
69982
69990
70064
70275
70279
70522
70569
70624
70842
70933
70961
71065
71158
71241
71268
71286
71294
71340
71358
71497
71641
71661
71723
71809
71901
71904
71923
72038
72050
72064
72082
72088
72156
72157
72248
72264
72334
72453
72462
72556
72668
72697
72719
72782
72805
72841
73005
73055
73169
73178
73204
73241
73247
73307
73318
73392
73430
73439
73477
73510
73610
73712
73725
73819
73853
73888
73892
73973
73975
73995
74114
74127
74178
74197
74342
74345
74352
74406
74462
74656
74666
74706
74735
74740
74791
74836
74847
74874
74880
74886
74917
74918
74919
74970
75001
75011
75021
75091
75113
75223
75251
75258
75380
75436
75475
75498
75574
75598
75648
75673
75832
75938
75951
76097
76247
76287
76293
76429
76482
76499
76520
76670
76753
76796
76843
76849
76859
76904
76970
77001
77095
77322
77335
77403
77485
77833
77903
77975
78006
78117
78241
78311
78522
78528
78561
78811
78817
78844
78862
78909
78987
79040
79234
79287
79294
79329
79534
79571
79601
79747
79782
79807
79979
80115
80181
80200
80256
80292
80308
80315
80364
80418
80887
81028
81106
81180
81223
81352
81421
81491
81570
81581
81582
81592
81600
81640
81701
81710
81717
81780
81938
82030
82081
82188
82201
82235
82239
82331
82409
82420
82525
82558
82661
82735
83075
83087
83107
83189
83248
83249
83331
83332
83494
83604
83627
83644
83653
83690
83789
83852
84008
84018
84025
84184
84200
84485
84486
84658
84885
85091
85331
85384
85552
85651
85705
85725
85772
85864
85902
85958
85986
86025
86084
86128
86142
86187
86196
86199
86274
86417
86477
86485
86595
86627
86679
86866
87092
87110
87141
87142
87301
87501
87540
87548
87568
87588
87596
87719
87737
87794
87844
87949
88479
88481
88546
88796
88796
88880
88915
88920
88998
89049
89245
89250
89252
89352
89514
89582
89622
89773
89790
89843
89867
89902
89912
89952
90115
90321
90354
90375
90376
90391
90392
90460
90472
90656
90659
90752
90833
90858
90895
91080
91098
91124
91134
91143
91174
91205
91257
91380
91466
91499
91548
91579
91653
91719
91769
91864
91885
91913
92216
92295
92352
92476
92492
92523
92658
92865
92986
92988
92997
93087
93180
93219
93228
93247
93260
93404
93499
93543
93545
93668
93694
93727
93969
93990
94045
94047
94053
94072
94095
94149
94325
94336
94338
94397
94413
94439
94473
94698
94782
94806
94817
94899
95132
95179
95311
95371
95455
95464
95624
95871
95898
95907
95926
96047
96071
96072
96079
96158
96170
96210
96290
96390
96521
96585
96646
96729
96752
96787
96846
96956
96956
97069
97147
97261
97388
97444
97547
97611
97690
97904
97998
98026
98077
98082
98119
98126
98453
98501
98555
98568
98673
98688
98745
98769
98812
99036
99039
99082
99089
99106
99107
99487
99667
99784
99815
100212
100373
100395
100407
100457
100497
100500
100634
100646
100694
100810
100867
100885
101024
101180
101271
101288
101300
101359
101372
101416
101514
101522
101536
101712
101756
101756
101776
101784
101803
102011
102114
102150
102178
102212
102279
102297
102430
102485
102697
102842
103139
103143
103166
103175
103326
103427
103435
103691
103784
103794
103876
104033
104034
104101
104189
104272
104280
104326
104435
104448
104450
104560
104577
104608
104615
104640
104735
104790
104807
104811
104877
104977
105132
105299
105418
105444
105446
105546
105681
105789
105880
105953
106008
106071
106127
106214
106426
106456
106773
106838
106846
107041
107143
107342
107390
107455
107534
107535
107558
107560
107566
107688
107892
107899
107899
107972
107980
108152
108157
108187
108207
108318
108412
108434
108482
108539
108559
108572
108590
108709
108743
108783
108789
108894
109026
109065
109071
109338
109352
109360
109515
109766
109815
109862
109872
109881
110001
110015
110026
110124
110231
110517
110604
110747
110831
110912
110914
110917
111170
111187
111376
111419
111422
111528
111645
111736
111804
111841
111856
111881
111882
111962
111979
112129
112267
112451
112533
112544
112574
112650
112651
112807
112985
113026
113086
113104
113170
113197
113202
113252
113294
113384
113522
113555
113628
113696
113719
113753
113859
113953
113975
114028
114348
114389
114406
114451
114639
114654
114746
114809
114974
114996
115004
115240
115351
115570
115648
115668
115711
115811
115816
116213
116379
116523
116560
116638
116652
116744
116759
116914
117051
117109
117143
117262
117522
117538
117626
117627
117681
117734
117807
117824
117908
118116
118120
118147
118239
118335
118411
118412
118418
118505
118567
118585
118610
118757
118917
118942
119144
119244
119395
119433
119490
119512
119534
119737
120092
120153
120172
120207
120368
120548
120706
120786
120854
120880
120905
120974
121045
121054
121116
121247
121400
121517
121537
121578
121661
121757
121978
121988
122091
122202
122210
122604
122615
122692
122714
122734
122826
122859
123010
123227
123369
123394
123549
123664
123712
123835
123879
123930
123995
124109
124169
124371
124493
124542
124643
124664
124847
124925
125003
125008
125016
125074
125162
125212
125270
125447
125506
125562
125565
125658
125805
125837
126157
126215
126316
126396
126459
126547
126859
127027
127030
127084
127208
127215
127300
127315
127329
127335
127407
127596
127760
127803
127831
128001
128092
128104
128154
128249
128277
128350
128462
128469
128516
128641
128655
128727
128761
128766
128792
128846
128986
129125
129366
129470
129576
129743
129750
129869
129964
129975
129993
130038
130084
130112
130175
130179
130230
130307
130349
130351
130358
130449
130496
130503
130724
130840
130946
131001
131094
131105
131203
131287
131330
131467
131594
131598
131621
131651
131934
131969
132174
132219
132252
132309
132321
132344
132385
132506
132694
132851
133113
133148
133276
133281
133419
133427
133527
133542
133668
133688
133696
133821
133834
133942
134050
134139
134223
134468
134521
134609
134752
134953
135027
135116
135205
135306
135464
135576
135635
135649
135665
135738
135770
135795
135842
135982
135985
136054
136216
136263
136444
136568
136686
136692
136702
136720
136738
136920
136944
136971
137022
137055
137108
137184
137237
137343
137393
137492
137714
137749
137845
137963
137965
137983
137998
138228
138277
138325
138418
138811
139087
139220
139286
139298
139330
139418
139426
139534
139547
139767
139817
139980
140016
140213
140345
140367
140423
140500
140636
140822
140890
140981
141067
141139
141214
141238
141314
141324
141634
141698
141706
141727
142002
142384
142404
142509
142538
142538
142702
142710
142851
143443
143556
143622
143623
143652
143919
143938
143973
144064
144144
144161
144212
144228
144315
144350
144466
144506
144603
144791
144847
144955
145017
145105
145111
145123
145205
145230
145233
145263
145297
145408
145540
145545
145655
145766
145822
145834
145856
145929
145998
146005
146010
146209
146228
146391
146760
146797
146803
146894
146932
146980
147036
147221
147232
147261
147286
147643
147763
147797
147801
147836
147981
148113
148204
148208
148321
148365
148391
148391
148482
148503
148666
148866
148875
148969
149030
149146
149159
149199
149580
149595
149631
149797
149828
149829
149837
149943
149996
150107
150174
150191
150266
150285
150538
150569
150571
150662
150904
150923
150978
151023
151262
151302
151306
151593
151848
151977
151993
152129
152281
152385
152469
152543
152546
152946
153057
153140
153379
153383
153605
153661
153672
153724
153776
153827
153969
154161
154327
154350
154525
154589
154679
154867
154871
155267
155291
155421
155440
155639
155743
155814
155889
156089
156126
156146
156163
156165
156187
156361
156366
156401
156424
156512
156568
156593
156710
156855
156866
156905
156967
156991
157116
157188
157239
157386
157467
157535
157585
157711
157780
157932
158123
158368
158467
158495
158672
159040
159108
159185
159283
159741
159743
159898
160046
160104
160214
160256
160344
160391
160394
160434
160633
160681
160793
160926
161016
161041
161124
161155
161309
161373
161398
161401
161447
161671
161684
161708
161775
161839
162323
162488
162571
162640
162749
162791
162822
162901
163101
163125
163242
163369
163404
163469
163525
163529
163585
163691
163739
164175
164185
164693
164782
164952
165206
165344
165448
165511
165916
165924
166249
166296
166383
166385
166421
166507
166515
166713
166737
166824
167037
167097
167420
167472
167897
167992
168117
168314
168348
168481
168581
168617
168952
169061
169269
169336
169436
169456
169460
169802
169899
170166
170244
170311
170515
170698
170770
171128
171143
171457
171550
171581
171852
171888
171904
172045
172205
172397
172544
172700
172712
172737
172861
173119
173365
173371
173403
173430
173460
173508
173577
173640
173684
173779
173797
174073
174109
174222
174396
174424
174429
174676
174735
174738
174741
174805
174882
174945
175067
175144
175339
175408
175840
175946
175971
175994
176095
176143
176212
176548
176906
177068
177071
177169
177221
177242
177335
177674
177828
178043
178127
178575
178975
179206
179243
179247
179447
179490
179647
179684
179690
179740
179806
180029
180035
180071
180086
180143
180288
180339
180893
180965
180992
180993
181242
181281
181452
181517
181929
182010
182265
182421
182700
182744
182981
183077
183151
183229
183250
183275
183301
183306
183360
183410
183567
183634
183635
183648
183865
183879
184028
184374
184490
184562
184570
185156
185215
185484
185921
185959
186188
186366
186404
186441
186485
186496
186499
186527
186740
186845
186857
187443
187476
187482
187537
187603
187719
187742
188056
188282
188298
188417
188438
188610
188744
189217
189221
189262
189373
189573
189848
189930
190284
190373
190387
190438
190492
190548
190619
190634
190655
190675
191047
191140
191172
191313
191392
191420
191636
191671
191840
191932
191953
192050
192613
192765
192930
193085
193261
193386
193570
193631
193739
193900
193931
193990
194193
194199
194213
194512
194532
194599
194602
194757
195092
195438
195705
195717
195767
195965
196131
196614
196761
196917
196975
196982
197087
197169
197328
197558
197559
197598
197623
197751
198179
198522
198876
199207
199436
199573
199574
199599
199609
199616
199623
199702
199762
199763
200023
200045
200057
200202
200648
200662
200771
200831
201020
201274
201360
201370
201464
201599
201678
201872
201966
202063
202081
202129
202181
202384
202833
202880
202915
203025
203075
203090
203242
203301
203864
203898
204087
204129
204269
204493
204918
205200
205297
205587
206064
206100
206444
206537
206610
206621
206669
206723
206860
207034
207062
207264
207304
207397
207563
207567
207577
207779
208188
208313
208396
208657
208743
208779
209294
209909
210347
210612
210771
210936
211307
212053
212144
212302
212647
212751
212790
212977
213038
213254
213342
213465
213663
213869
214016
214016
214189
214563
214733
214881
214901
215015
215078
215431
215643
215846
215915
215945
216059
216127
216168
216180
216366
216819
216898
217144
217190
217322
217344
217664
218057
218198
218332
218379
218382
218396
218427
218571
218604
218609
218938
218987
219004
219657
219752
219835
220057
220340
220390
220593
220656
220953
221089
221149
221164
221223
221430
221806
221850
221860
221929
222057
222188
222382
222913
222949
223126
223502
223554
223556
223564
223819
223974
224031
224922
224998
225101
225291
225404
225633
225671
225708
225738
225842
225858
226102
226120
226468
226963
227036
227050
227145
227323
227424
228033
228147
228543
228591
228787
228942
229112
229429
229476
229905
230020
230352
230388
230467
230570
230650
230753
230858
230945
230970
231777
232056
232114
232264
232390
232391
232528
232601
232893
233076
233371
233547
233797
234161
234509
234592
234638
234673
235175
235177
235660
236227
236420
237577
237932
238009
238018
238035
238360
238381
238418
238847
239089
239268
239922
240173
240264
240358
240485
240500
240614
240676
241019
241105
241166
241176
241262
241468
241753
241782
241915
241984
242350
242395
242427
242752
242947
243798
243894
243915
244098
245215
245712
245745
246250
246365
246426
246437
246631
247147
247488
247676
247817
247899
248025
248712
249073
249348
249480
249634
249699
249836
249844
249891
249904
250261
250297
250743
250954
251009
251125
251138
251604
251740
252256
252640
252935
252959
253225
253293
253299
253340
253343
253409
253455
253768
253977
253988
254088
254340
254778
255116
255426
255714
255771
255846
256086
256093
256285
256513
256590
257572
257590
257595
257743
257804
258731
258819
258977
259213
259550
260085
260088
260592
260695
260744
260752
260880
260921
260982
261057
261221
261395
261840
262330
262979
263214
263340
263590
264093
264429
264480
264487
264597
264881
265013
266087
266462
267070
267250
267345
267867
268148
268253
268283
268522
268685
268824
268864
268963
269479
269525
269599
269708
269783
269873
270339
270542
270817
270827
270975
271766
272309
272330
272589
273163
273219
273691
273763
273927
274192
274245
274641
275262
275856
275889
276139
276550
276616
276924
276934
278073
278127
278255
278437
278659
279121
279205
279905
279918
280499
280542
281026
281107
281506
281760
281774
282317
282949
283043
283123
283344
283422
283890
283940
284056
284758
285051
285288
285690
286303
286460
287209
287486
287523
287938
288157
288184
288320
288717
288977
289063
289733
289993
290292
290334
290522
290534
290726
291022
291388
291621
291753
291896
292253
292306
292470
292548
292988
294003
295033
295238
295413
295482
296071
296239
296630
296696
296723
296909
296951
296962
298132
298300
298523
298579
299063
299330
299502
299529
300150
300315
300335
300708
301044
301329
301940
302844
302929
303664
303684
303727
304365
304370
306005
306832
307197
308541
310140
310503
310531
310553
310699
311011
311481
311685
311751
312206
312226
312535
313399
313807
315096
315562
316031
316870
316943
317285
317878
318583
319241
319782
320045
320105
320731
320871
321039
321314
321339
322152
322574
322708
323583
323850
323978
323983
324284
324900
324900
325644
326193
326405
326770
327151
327589
327727
328165
328221
328357
330256
331185
331342
332002
332118
332229
333626
333697
333949
334434
335814
336589
336722
340238
340297
340331
340921
341482
341734
342299
342487
342641
343581
344873
344932
345124
345303
345728
345876
346169
346381
347157
348721
349567
349734
349985
351043
351059
351229
351845
351952
352540
355045
356721
358946
360622
361803
362835
364987
365177
365441
365503
366278
367386
368275
368715
368737
368943
368964
369364
369644
369677
369990
370081
370472
370835
374495
374801
375098
376601
376943
378412
378565
378759
382676
386138
386560
387106
388093
389900
389998
390453
390761
391427
391736
392242
392932
394049
394238
395118
398140
398431
398713
401539
401778
402270
403020
404531
406564
407934
407949
408794
413246
413404
415457
417399
417854
418215
418264
418492
419435
419441
421003
422466
422629
423631
423735
426202
428223
430648
431804
434793
437287
438439
438894
440233
447283
450662
452904
453668
457118
460377
461513
461600
462264
464596
465043
467328
477709
481529
481600
485170
486024
490928
509226
512269
514945
517782
523616
523821
524267
526064
529985
530905
533253
550984
567227
572046
580784
587045
