0
0
71
105
113
120
156
156
190
193
200
213
215
218
261
264
297
299
303
321
321
338
350
371
371
373
396
423
440
441
526
538
559
574
599
608
636
689
711
729
754
758
814
816
828
829
833
840
844
856
882
893
905
933
940
947
974
978
990
1020
1047
1056
1059
1064
1089
1089
1090
1140
1171
1224
1248
1249
1256
1266
1268
1290
1293
1321
1325
1342
1395
1423
1438
1457
1458
1477
1504
1505
1506
1511
1546
1559
1592
1595
1612
1636
1656
1713
1719
1730
1741
1754
1818
1828
1835
1864
1894
1924
1943
1949
1953
1956
1962
1977
1979
1996
2000
2004
2019
2049
2117
2130
2136
2141
2165
2212
2221
2227
2228
2284
2301
2382
2392
2402
2412
2426
2435
2454
2471
2477
2507
2523
2530
2542
2560
2563
2587
2599
2631
2659
2660
2661
2696
2723
2734
2740
2740
2749
2768
2781
2814
2852
2865
2899
2913
2930
2944
2985
2987
2988
2993
2997
3006
3009
3034
3034
3049
3052
3068
3074
3077
3077
3121
3131
3132
3133
3163
3166
3178
3200
3214
3235
3276
3278
3287
3290
3336
3342
3343
3394
3403
3414
3418
3446
3452
3493
3505
3526
3530
3541
3568
3569
3597
3613
3629
3633
3648
3649
3665
3683
3710
3726
3730
3737
3772
3792
3810
3829
3860
3867
3883
3900
3910
3920
3954
3967
3979
3984
3986
4036
4073
4086
4114
4130
4156
4174
4200
4201
4218
4249
4266
4278
4282
4286
4304
4327
4336
4358
4358
4388
4390
4390
4424
4461
4494
4501
4527
4532
4535
4557
4557
4613
4649
4651
4686
4714
4720
4751
4751
4800
4811
4836
4843
4853
4861
4864
4873
4886
4889
4893
4899
4914
4931
4950
4964
4971
4972
4979
4979
4979
4995
5002
5002
5016
5029
5044
5103
5117
5122
5146
5163
5184
5191
5192
5233
5233
5261
5295
5304
5342
5379
5383
5388
5425
5438
5439
5456
5459
5472
5483
5550
5555
5556
5638
5705
5716
5769
5804
5806
5816
5823
5831
5863
5880
5887
5976
5981
6007
6012
6053
6080
6126
6134
6141
6158
6165
6179
6190
6198
6211
6219
6244
6279
6323
6334
6338
6381
6411
6414
6443
6484
6495
6562
6569
6571
6577
6586
6589
6607
6614
6629
6633
6643
6670
6679
6685
6700
6705
6708
6711
6734
6757
6762
6800
6809
6809
6904
6906
6930
6947
6973
6974
6978
6982
6983
6983
6985
7002
7006
7031
7042
7061
7064
7070
7079
7110
7147
7176
7201
7204
7239
7256
7260
7271
7283
7308
7314
7327
7359
7373
7378
7415
7416
7425
7427
7428
7454
7489
7510
7541
7548
7551
7553
7557
7565
7568
7603
7605
7611
7625
7631
7643
7645
7658
7666
7678
7689
7704
7731
7741
7758
7768
7813
7813
7883
7883
7891
7895
7907
7909
7909
7917
7937
7945
7971
7972
7977
7983
8048
8054
8066
8079
8156
8174
8177
8180
8227
8231
8259
8277
8287
8296
8316
8416
8425
8427
8449
8454
8460
8474
8477
8491
8500
8506
8509
8524
8542
8544
8546
8582
8584
8594
8598
8598
8643
8644
8648
8648
8659
8680
8684
8715
8743
8756
8772
8773
8788
8801
8812
8820
8844
8860
8869
8873
8881
8894
8920
8928
8936
8954
8959
8982
9012
9045
9048
9086
9103
9120
9120
9145
9166
9172
9186
9201
9208
9210
9215
9289
9297
9337
9368
9390
9393
9411
9415
9461
9494
9497
9516
9569
9577
9586
9597
9603
9706
9719
9724
9739
9744
9751
9771
9788
9802
9803
9806
9828
9850
9880
9896
9912
9934
9937
9953
9978
9984
9993
10042
10084
10095
10102
10103
10120
10157
10158
10187
10201
10214
10218
10228
10238
10276
10283
10340
10357
10404
10441
10452
10454
10466
10479
10484
10484
10492
10514
10540
10542
10566
10588
10599
10608
10610
10677
10687
10698
10722
10744
10752
10760
10770
10814
10846
10852
10886
10913
10920
10942
10945
10950
10978
10978
10984
10995
11010
11034
11036
11044
11045
11047
11082
11097
11142
11157
11179
11182
11184
11185
11207
11215
11237
11241
11257
11260
11285
11316
11324
11343
11365
11385
11407
11415
11426
11438
11470
11529
11561
11562
11592
11623
11642
11650
11665
11666
11676
11699
11722
11731
11732
11736
11768
11770
11775
11792
11808
11811
11821
11823
11824
11831
11864
11865
11909
11930
11940
11941
11943
11959
11993
12037
12040
12040
12047
12048
12061
12083
12084
12084
12085
12095
12101
12110
12138
12139
12150
12158
12160
12209
12231
12232
12264
12281
12293
12296
12298
12310
12370
12388
12400
12401
12406
12423
12442
12445
12472
12476
12480
12513
12519
12520
12537
12568
12618
12624
12639
12642
12646
12698
12728
12728
12738
12826
12827
12834
12853
12875
12877
12919
12922
12951
12972
12990
13013
13056
13088
13091
13149
13156
13261
13268
13285
13287
13302
13309
13314
13319
13324
13324
13327
13335
13366
13374
13376
13418
13435
13445
13445
13446
13446
13508
13523
13543
13553
13578
13579
13608
13611
13621
13633
13672
13678
13715
13730
13739
13752
13791
13824
13929
13934
13935
13943
13946
13949
13956
13959
13982
13994
13998
14001
14046
14054
14072
14074
14128
14129
14184
14198
14204
14211
14213
14249
14254
14284
14292
14339
14395
14406
14428
14439
14466
14521
14606
14636
14643
14643
14649
14655
14676
14696
14703
14726
14757
14817
14818
14827
14832
14845
14938
14941
14952
14955
14972
14987
14990
15001
15023
15047
15057
15097
15116
15119
15131
15155
15161
15172
15205
15208
15220
15224
15312
15333
15339
15347
15363
15390
15390
15425
15429
15447
15450
15496
15514
15526
15572
15579
15620
15623
15628
15633
15641
15643
15661
15663
15666
15668
15689
15694
15694
15701
15725
15749
15770
15771
15781
15788
15810
15853
15873
15875
15875
15877
15884
15923
15938
15944
15977
15991
16008
16022
16037
16053
16126
16136
16210
16215
16223
16231
16234
16234
16235
16242
16269
16282
16290
16292
16300
16312
16318
16333
16358
16361
16374
16382
16388
16420
16424
16429
16441
16449
16469
16485
16488
16497
16524
16530
16534
16535
16563
16563
16564
16570
16581
16597
16610
16613
16614
16614
16626
16639
16645
16650
16651
16660
16693
16698
16728
16738
16749
16773
16775
16793
16808
16830
16842
16873
16930
16932
16947
16982
16992
17018
17024
17056
17087
17104
17110
17138
17150
17150
17154
17177
17178
17196
17196
17259
17289
17299
17301
17306
17322
17330
17337
17369
17398
17431
17450
17532
17559
17566
17580
17584
17597
17607
17610
17613
17627
17631
17640
17643
17758
17759
17770
17779
17780
17781
17801
17801
17821
17843
17873
17897
17913
17925
17926
17930
17931
17947
17964
17996
18021
18028
18034
18046
18080
18108
18108
18115
18125
18138
18179
18191
18198
18216
18222
18258
18261
18270
18274
18298
18337
18356
18377
18378
18390
18406
18417
18425
18431
18449
18461
18466
18471
18479
18495
18565
18604
18632
18645
18674
18691
18708
18719
18722
18724
18734
18742
18748
18770
18780
18784
18788
18819
18830
18831
18884
18885
18925
18939
18941
18963
18965
18986
18987
18988
19000
19025
19043
19049
19084
19094
19100
19133
19134
19135
19158
19169
19175
19207
19214
19225
19257
19261
19274
19286
19304
19326
19347
19379
19389
19389
19403
19408
19427
19447
19448
19515
19531
19540
19541
19573
19579
19585
19589
19592
19593
19646
19663
19726
19736
19782
19796
19806
19821
19838
19839
19854
19886
19906
19911
19926
19927
19945
19973
19983
19992
20063
20078
20088
20118
20132
20144
20176
20180
20186
20187
20194
20226
20241
20245
20278
20305
20318
20360
20435
20451
20461
20466
20499
20518
20520
20526
20544
20561
20577
20582
20586
20602
20611
20626
20627
20671
20691
20699
20710
20711
20733
20775
20799
20824
20831
20838
20846
20872
20891
20906
20964
20994
21008
21009
21025
21036
21046
21051
21057
21060
21081
21090
21165
21187
21192
21199
21216
21221
21258
21276
21319
21329
21393
21408
21430
21443
21483
21486
21487
21510
21526
21537
21543
21572
21577
21591
21597
21606
21625
21633
21634
21635
21639
21642
21650
21664
21729
21769
21770
21774
21782
21816
21823
21837
21843
21845
21862
21887
21888
21919
21927
21937
21940
21950
21954
21957
21963
21964
21965
22026
22033
22046
22050
22050
22077
22088
22094
22098
22099
22101
22114
22134
22154
22157
22205
22234
22235
22248
22252
22264
22300
22308
22316
22318
22321
22332
22354
22365
22373
22378
22395
22396
22400
22408
22426
22494
22526
22528
22529
22534
22549
22606
22625
22625
22627
22639
22659
22667
22672
22705
22717
22735
22739
22743
22750
22752
22757
22817
22826
22854
22856
22863
22902
22931
22966
22974
22977
22997
23029
23052
23054
23057
23063
23064
23077
23081
23096
23098
23100
23101
23123
23132
23134
23137
23139
23144
23157
23179
23196
23223
23228
23243
23248
23249
23253
23261
23276
23287
23304
23309
23324
23347
23371
23394
23401
23426
23434
23469
23474
23477
23479
23484
23487
23493
23495
23536
23577
23597
23615
23639
23644
23669
23671
23679
23686
23691
23694
23705
23719
23725
23729
23757
23785
23799
23867
23869
23885
23888
23893
23925
23927
23953
23978
23997
24011
24013
24067
24092
24116
24126
24134
24157
24161
24177
24181
24192
24211
24219
24222
24228
24253
24255
24257
24268
24284
24320
24321
24324
24342
24351
24380
24392
24396
24411
24415
24484
24486
24505
24509
24521
24527
24535
24569
24569
24570
24578
24655
24681
24715
24721
24725
24729
24743
24764
24795
24814
24829
24835
24858
24867
24868
24870
24893
24898
24915
24919
24939
24967
25001
25003
25022
25031
25039
25044
25057
25063
25065
25073
25091
25156
25189
25217
25258
25280
25284
25284
25318
25341
25351
25375
25396
25398
25415
25466
25502
25510
25537
25570
25576
25583
25610
25640
25642
25650
25659
25676
25676
25685
25699
25700
25706
25727
25742
25749
25757
25766
25774
25783
25822
25829
25885
25924
25928
25969
25990
26014
26017
26051
26060
26072
26082
26133
26145
26159
26190
26233
26233
26243
26245
26282
26295
26353
26364
26367
26372
26381
26406
26412
26425
26442
26471
26472
26474
26490
26490
26508
26508
26513
26519
26522
26598
26619
26632
26672
26681
26686
26694
26715
26723
26727
26736
26740
26766
26796
26811
26814
26831
26836
26839
26841
26854
26858
26860
26882
26900
26905
26916
26919
26924
26935
26947
26954
26956
26980
27012
27012
27046
27099
27135
27150
27159
27162
27173
27189
27203
27210
27238
27248
27274
27300
27309
27338
27378
27402
27412
27432
27436
27471
27472
27490
27496
27496
27500
27501
27505
27534
27587
27612
27646
27651
27672
27687
27697
27709
27730
27732
27792
27809
27811
27851
27929
27962
27984
28000
28007
28025
28029
28033
28059
28088
28095
28119
28167
28242
28246
28275
28284
28304
28305
28309
28320
28329
28335
28362
28363
28383
28410
28419
28462
28482
28500
28504
28527
28534
28535
28558
28598
28612
28623
28646
28682
28728
28730
28733
28771
28785
28791
28814
28819
28901
28905
28950
28956
28956
29001
29041
29046
29073
29074
29076
29077
29077
29089
29108
29109
29110
29150
29158
29183
29285
29287
29295
29313
29322
29345
29389
29389
29394
29413
29413
29419
29458
29471
29539
29540
29541
29546
29558
29565
29612
29613
29623
29639
29641
29652
29653
29681
29738
29740
29748
29765
29818
29879
29888
29896
29913
29919
29967
29975
30005
30013
30030
30035
30047
30055
30056
30063
30087
30089
30096
30119
30146
30155
30165
30180
30183
30227
30249
30332
30342
30350
30355
30365
30385
30386
30402
30411
30417
30421
30424
30427
30432
30458
30462
30469
30485
30504
30518
30534
30544
30564
30568
30583
30599
30604
30630
30633
30651
30658
30696
30703
30712
30718
30736
30756
30757
30762
30801
30802
30843
30865
30874
30887
30970
30991
31007
31021
31045
31066
31067
31098
31135
31144
31165
31169
31170
31173
31189
31213
31221
31232
31251
31253
31270
31275
31336
31342
31353
31355
31369
31378
31413
31434
31468
31468
31487
31494
31496
31524
31578
31590
31653
31670
31675
31730
31734
31746
31758
31761
31797
31804
31806
31839
31848
31875
31941
31943
31964
31972
31993
32033
32057
32067
32079
32085
32089
32103
32108
32122
32173
32176
32195
32217
32257
32260
32275
32288
32347
32349
32359
32390
32405
32424
32487
32491
32529
32544
32553
32553
32599
32604
32618
32646
32656
32665
32672
32679
32699
32700
32708
32726
32726
32743
32753
32766
32771
32792
32806
32813
32841
32857
32864
32870
32880
32889
32903
32906
32938
32944
32944
33042
33050
33051
33062
33084
33124
33135
33154
33154
33172
33186
33234
33257
33264
33273
33288
33305
33331
33334
33335
33341
33363
33369
33382
33384
33396
33415
33421
33426
33436
33451
33452
33479
33496
33496
33502
33540
33553
33610
33614
33619
33634
33657
33665
33699
33708
33724
33727
33791
33920
33949
33973
34005
34008
34044
34050
34052
34065
34075
34090
34167
34169
34181
34268
34290
34298
34304
34321
34336
34338
34384
34384
34396
34399
34528
34551
34563
34585
34609
34615
34641
34649
34650
34652
34655
34667
34692
34707
34716
34747
34753
34768
34769
34779
34805
34840
34845
34847
34848
34853
34861
34907
34936
34952
34989
35002
35007
35009
35025
35054
35059
35071
35077
35078
35089
35098
35121
35128
35151
35169
35181
35184
35195
35196
35227
35230
35230
35233
35254
35277
35291
35309
35309
35321
35321
35324
35325
35328
35333
35346
35354
35365
35365
35371
35464
35464
35476
35496
35511
35530
35563
35569
35572
35615
35620
35624
35632
35639
35685
35690
35690
35720
35795
35825
35882
35893
35902
35911
35912
35941
35947
35966
36005
36006
36007
36010
36014
36028
36039
36043
36047
36052
36060
36066
36110
36155
36178
36185
36203
36204
36208
36213
36243
36244
36248
36305
36333
36353
36355
36401
36407
36417
36424
36430
36458
36465
36473
36484
36533
36574
36611
36630
36635
36645
36677
36683
36711
36716
36728
36766
36784
36802
36822
36823
36823
36826
36832
36844
36848
36863
36868
36869
36871
36873
36900
36913
36924
36930
36935
36938
36961
36968
36969
36969
37003
37005
37035
37068
37079
37088
37129
37143
37154
37168
37169
37177
37189
37240
37260
37264
37309
37320
37330
37342
37345
37352
37361
37372
37379
37415
37446
37482
37508
37509
37549
37550
37561
37584
37587
37614
37617
37621
37627
37630
37641
37656
37690
37709
37716
37724
37724
37736
37741
37743
37783
37807
37818
37822
37857
37857
37871
37882
37886
37893
37910
37977
37991
38020
38025
38038
38043
38061
38088
38097
38104
38121
38137
38145
38150
38151
38153
38164
38194
38200
38209
38256
38284
38287
38302
38302
38321
38332
38338
38342
38344
38362
38369
38377
38402
38416
38430
38449
38455
38457
38463
38466
38470
38471
38519
38535
38538
38582
38582
38593
38600
38631
38661
38665
38670
38677
38701
38705
38705
38715
38738
38738
38742
38756
38787
38793
38822
38833
38838
38847
38852
38870
38872
38880
38899
38913
38926
38941
38957
38968
39004
39010
39027
39052
39058
39098
39124
39159
39254
39262
39336
39340
39342
39368
39385
39400
39401
39446
39453
39465
39499
39525
39583
39604
39639
39647
39685
39694
39723
39828
39829
39840
39880
39883
39901
39967
39979
39985
39989
39995
40020
40043
40050
40055
40065
40100
40108
40119
40139
40145
40215
40237
40246
40272
40273
40286
40334
40367
40390
40406
40416
40416
40423
40456
40464
40467
40474
40476
40488
40495
40498
40511
40574
40578
40600
40601
40613
40627
40637
40645
40664
40669
40670
40691
40692
40697
40711
40719
40725
40729
40731
40731
40744
40755
40762
40767
40774
40778
40836
40843
40848
40857
40862
40864
40884
40884
40892
40893
40895
40896
40906
40924
40937
40946
40954
40975
40976
40986
40992
40999
41011
41026
41027
41161
41164
41175
41177
41190
41201
41259
41265
41286
41298
41300
41342
41352
41364
41380
41385
41465
41476
41485
41493
41497
41508
41538
41541
41559
41577
41598
41614
41636
41636
41648
41690
41691
41691
41706
41712
41719
41721
41727
41771
41785
41789
41797
41865
41865
41879
41887
41895
41906
41920
41936
41943
41971
41972
41975
42029
42056
42093
42113
42175
42189
42209
42216
42238
42243
42292
42294
42314
42316
42322
42331
42387
42389
42393
42408
42434
42438
42443
42445
42483
42484
42498
42510
42510
42531
42550
42558
42558
42561
42569
42579
42597
42603
42633
42651
42662
42670
42675
42678
42684
42690
42714
42742
42749
42764
42769
42856
42886
42892
42897
42917
42923
42924
42929
42957
42991
43001
43022
43070
43134
43154
43160
43170
43204
43233
43284
43311
43350
43357
43382
43387
43388
43412
43422
43426
43431
43436
43440
43464
43503
43518
43521
43548
43576
43610
43630
43635
43685
43686
43701
43734
43781
43815
43816
43833
43863
43893
43957
43984
44034
44061
44080
44112
44125
44158
44163
44185
44195
44195
44212
44250
44265
44270
44272
44272
44276
44278
44296
44297
44300
44311
44348
44356
44380
44385
44394
44400
44410
44425
44427
44437
44437
44443
44483
44489
44490
44525
44538
44552
44561
44604
44622
44656
44667
44695
44703
44713
44723
44745
44763
44777
44785
44825
44871
44894
44910
44923
44980
44989
45021
45034
45049
45051
45059
45064
45066
45072
45088
45094
45095
45124
45141
45142
45153
45206
45244
45260
45280
45354
45402
45406
45419
45426
45439
45473
45511
45544
45557
45587
45660
45677
45696
45714
45719
45773
45780
45796
45811
45847
45854
45855
45865
45871
45883
46008
46013
46023
46026
46039
46052
46062
46072
46076
46080
46084
46098
46143
46155
46175
46184
46207
46249
46269
46278
46307
46317
46345
46351
46359
46359
46365
46378
46400
46414
46435
46435
46435
46447
46448
46493
46505
46578
46593
46605
46643
46659
46704
46716
46735
46744
46766
46776
46823
46854
46862
46867
46959
46963
46982
47021
47027
47060
47067
47078
47081
47088
47090
47120
47127
47161
47173
47181
47200
47200
47209
47278
47293
47293
47296
47306
47375
47379
47392
47402
47423
47428
47441
47451
47519
47523
47591
47603
47603
47636
47643
47660
47669
47669
47676
47678
47697
47703
47706
47758
47764
47806
47831
47831
47843
47888
47891
47915
47925
47931
47942
47951
47959
47961
47980
47981
47995
48024
48042
48090
48092
48116
48117
48132
48137
48158
48168
48181
48212
48215
48265
48297
48307
48327
48331
48334
48364
48402
48409
48480
48486
48489
48520
48533
48546
48583
48624
48686
48690
48698
48700
48710
48715
48731
48736
48736
48758
48796
48821
48850
48874
48874
48881
48911
48915
48915
48920
48937
48940
48971
48995
49001
49020
49022
49025
49027
49084
49094
49107
49133
49149
49152
49157
49166
49173
49191
49211
49213
49213
49219
49228
49301
49322
49363
49400
49405
49415
49435
49493
49498
49504
49538
49562
49569
49575
49610
49616
49665
49672
49688
49698
49705
49715
49728
49746
49758
49768
49805
49805
49851
49857
49857
49874
49875
49884
49902
49940
49952
49973
49996
50016
50054
50087
50108
50131
50142
50158
50162
50175
50176
50246
50308
50319
50348
50349
50355
50397
50401
50436
50466
50479
50509
50511
50558
50560
50596
50634
50657
50671
50684
50694
50706
50715
50736
50805
50835
50844
50873
50897
50907
50918
50932
50946
50948
50955
50961
50962
50969
50999
51012
51036
51073
51075
51076
51091
51100
51134
51154
51164
51165
51182
51189
51205
51208
51231
51257
51259
51276
51287
51294
51319
51353
51355
51375
51404
51424
51449
51450
51478
51501
51501
51507
51507
51522
51531
51534
51541
51566
51595
51629
51630
51646
51651
51655
51674
51676
51685
51687
51726
51755
51794
51815
51844
51847
51847
51867
51872
51902
51947
51967
51972
51991
51995
52006
52009
52025
52047
52119
52135
52136
52141
52157
52172
52181
52221
52276
52279
52283
52297
52299
52312
52313
52320
52368
52369
52433
52443
52444
52505
52520
52532
52568
52590
52602
52622
52628
52652
52664
52665
52679
52701
52740
52800
52814
52859
52873
52888
52893
52895
52905
52918
52924
52938
52941
52955
52956
52969
52983
53035
53061
53062
53067
53071
53103
53134
53165
53170
53175
53193
53216
53261
53293
53312
53327
53328
53330
53338
53351
53352
53364
53393
53413
53445
53473
53495
53545
53573
53609
53648
53664
53665
53670
53682
53695
53731
53747
53752
53752
53755
53775
53831
53875
53917
53967
53968
54000
54016
54019
54024
54032
54033
54043
54043
54044
54086
54087
54098
54120
54125
54153
54157
54189
54220
54229
54252
54257
54278
54288
54294
54309
54325
54326
54386
54397
54424
54478
54505
54519
54570
54593
54596
54601
54609
54610
54611
54616
54636
54657
54661
54689
54694
54718
54731
54751
54767
54772
54792
54802
54810
54874
54915
54926
54964
54994
55013
55031
55050
55061
55067
55103
55117
55125
55170
55201
55206
55208
55234
55260
55328
55338
55369
55377
55391
55392
55411
55446
55449
55458
55469
55486
55494
55516
55555
55578
55581
55589
55621
55626
55657
55676
55697
55707
55732
55741
55765
55769
55805
55815
55849
55902
55904
55925
55973
55981
56011
56024
56050
56053
56107
56151
56163
56171
56216
56227
56250
56261
56297
56330
56330
56352
56379
56386
56393
56427
56433
56473
56475
56492
56493
56521
56563
56568
56579
56595
56619
56663
56781
56803
56806
56814
56824
56884
56896
56911
56930
56960
57032
57046
57079
57097
57111
57121
57130
57142
57155
57165
57187
57199
57201
57245
57293
57316
57354
57400
57416
57466
57482
57485
57491
57494
57496
57508
57518
57543
57583
57599
57619
57636
57657
57658
57672
57724
57739
57747
57774
57778
57784
57787
57788
57800
57805
57833
57863
57881
57888
57905
57920
57932
57933
57954
57956
58000
58023
58075
58076
58119
58130
58158
58206
58212
58228
58233
58240
58241
58254
58255
58287
58296
58323
58324
58341
58348
58368
58371
58374
58380
58394
58422
58439
58472
58477
58486
58495
58500
58517
58518
58526
58569
58586
58589
58592
58596
58601
58620
58636
58646
58663
58663
58670
58682
58729
58755
58869
58886
58913
58923
58925
58932
58950
58960
58980
58995
59023
59031
59037
59046
59063
59082
59100
59133
59173
59194
59227
59243
59263
59271
59296
59327
59367
59373
59376
59413
59413
59459
59460
59483
59497
59497
59498
59531
59540
59546
59583
59611
59612
59644
59649
59664
59666
59670
59681
59728
59760
59763
59844
59871
59874
59877
59901
59913
59927
59931
59956
59967
59980
59982
60073
60083
60113
60116
60126
60126
60134
60168
60204
60218
60254
60262
60271
60275
60278
60284
60290
60304
60328
60369
60371
60379
60391
60408
60442
60452
60452
60460
60496
60506
60518
60531
60557
60564
60592
60597
60600
60610
60649
60665
60705
60754
60769
60774
60845
60853
60870
60901
60910
60941
60947
60954
60983
61003
61011
61055
61059
61077
61080
61083
61106
61110
61129
61135
61138
61144
61146
61147
61156
61175
61191
61196
61223
61229
61233
61255
61267
61295
61295
61296
61336
61347
61363
61364
61364
61389
61401
61405
61416
61439
61440
61440
61446
61455
61469
61506
61514
61538
61538
61553
61575
61586
61592
61597
61608
61634
61644
61647
61654
61654
61664
61667
61672
61693
61708
61734
61746
61783
61789
61809
61826
61840
61851
61878
61896
61901
61904
61922
61931
61944
61959
61982
61993
61996
62037
62043
62091
62098
62102
62161
62162
62185
62190
62204
62204
62209
62222
62250
62252
62275
62326
62370
62372
62396
62425
62441
62442
62461
62488
62493
62512
62543
62547
62552
62599
62631
62640
62664
62682
62688
62689
62737
62746
62750
62770
62780
62797
62797
62834
62848
62852
62864
62868
62901
62908
62921
62929
62940
62949
62949
62949
62987
63025
63034
63042
63051
63051
63055
63073
63075
63092
63103
63127
63140
63148
63158
63162
63179
63188
63207
63216
63245
63246
63288
63321
63333
63337
63348
63348
63357
63376
63377
63382
63428
63431
63462
63468
63525
63570
63587
63644
63684
63715
63733
63749
63766
63779
63797
63819
63820
63828
63828
63839
63897
63920
63924
63944
63952
63961
63971
63986
63994
64018
64038
64072
64095
64114
64126
64142
64151
64162
64200
64207
64235
64246
64254
64298
64301
64308
64308
64335
64359
64392
64398
64419
64430
64470
64495
64512
64524
64551
64570
64579
64586
64608
64628
64630
64634
64652
64681
64682
64713
64728
64737
64744
64748
64756
64773
64806
64838
64844
64856
64865
64901
64931
64941
64955
64959
64983
65017
65040
65066
65072
65082
65102
65117
65121
65139
65212
65242
65255
65288
65291
65293
65314
65328
65343
65343
65355
65360
65397
65414
65420
65439
65486
65509
65544
65547
65559
65563
65586
65606
65667
65674
65711
65716
65778
65787
65789
65803
65843
65845
65849
65856
65890
65912
65922
65951
65952
65961
65974
65977
66003
66006
66029
66037
66052
66121
66130
66147
66172
66199
66218
66294
66319
66342
66352
66361
66367
66370
66476
66534
66561
66567
66593
66601
66602
66626
66637
66643
66643
66651
66657
66699
66717
66756
66758
66806
66811
66869
66889
66953
66954
66989
67006
67007
67009
67022
67029
67032
67033
67056
67083
67147
67187
67234
67250
67264
67293
67313
67316
67321
67329
67331
67348
67350
67358
67361
67395
67406
67414
67424
67509
67511
67519
67554
67561
67571
67571
67588
67589
67596
67601
67616
67632
67641
67661
67673
67674
67723
67724
67745
67748
67783
67793
67820
67838
67861
67862
67867
67874
67875
67894
67947
67963
67994
68007
68008
68015
68021
68037
68037
68039
68068
68070
68070
68070
68090
68199
68217
68231
68267
68299
68311
68342
68353
68354
68377
68384
68397
68404
68424
68461
68472
68500
68506
68526
68535
68586
68644
68665
68671
68707
68720
68734
68745
68768
68812
68839
68867
68899
68924
68932
68939
68944
68950
68989
68995
68998
69014
69052
69052
69080
69159
69186
69188
69196
69281
69315
69324
69338
69339
69340
69358
69383
69439
69439
69461
69469
69485
69557
69578
69623
69626
69640
69657
69658
69684
69715
69743
69745
69756
69760
69770
69770
69806
69806
69810
69812
69829
69840
69866
69869
69877
69884
69894
69894
69898
69924
69940
69983
69989
70012
70034
70037
70058
70090
70129
70157
70159
70172
70179
70195
70210
70225
70232
70240
70276
70277
70288
70301
70314
70351
70362
70369
70418
70432
70480
70490
70506
70530
70536
70557
70575
70597
70598
70603
70624
70626
70637
70649
70664
70667
70695
70718
70723
70746
70752
70762
70763
70786
70810
70810
70823
70902
70902
70930
70933
70944
70946
70962
71027
71029
71050
71058
71080
71083
71087
71088
71095
71095
71097
71107
71119
71119
71121
71125
71134
71138
71154
71174
71192
71205
71222
71261
71301
71303
71317
71400
71425
71439
71464
71466
71480
71495
71504
71524
71533
71562
71565
71577
71597
71613
71631
71678
71735
71754
71798
71809
71811
71835
71876
71908
71911
71918
71957
71983
72009
72019
72051
72069
72073
72095
72119
72126
72134
72140
72163
72178
72207
72219
72237
72247
72300
72309
72374
72424
72426
72476
72498
72506
72507
72519
72545
72550
72569
72570
72603
72660
72668
72689
72691
72694
72700
72705
72736
72749
72786
72810
72853
72859
72910
72917
72948
72952
72968
73008
73011
73020
73036
73058
73060
73075
73089
73124
73177
73178
73219
73231
73274
73296
73309
73322
73332
73337
73381
73393
73433
73436
73442
73458
73503
73530
73543
73569
73570
73570
73572
73607
73649
73656
73664
73667
73739
73753
73756
73774
73775
73802
73809
73842
73844
73858
73859
73887
73934
74017
74030
74054
74071
74071
74077
74085
74092
74094
74116
74119
74155
74162
74183
74195
74202
74208
74212
74219
74226
74235
74236
74254
74314
74339
74359
74392
74429
74457
74482
74484
74521
74554
74566
74573
74619
74621
74642
74644
74645
74646
74660
74661
74666
74671
74673
74689
74701
74718
74768
74801
74812
74843
74845
74848
74865
74926
74929
74931
74939
74960
74966
74974
74984
75000
75000
75009
75024
75030
75037
75064
75095
75105
75110
75129
75153
75163
75166
75222
75242
75289
75306
75315
75329
75331
75335
75348
75360
75360
75409
75426
75457
75465
75495
75497
75532
75550
75562
75625
75689
75727
75735
75816
75829
75829
75862
75882
75886
75904
75939
76006
76015
76017
76086
76086
76096
76112
76120
76122
76125
76131
76141
76183
76210
76226
76227
76255
76276
76291
76347
76364
76368
76375
76388
76390
76397
76398
76407
76419
76426
76444
76458
76484
76499
76499
76511
76559
76564
76590
76605
76612
76635
76655
76659
76705
76723
76752
76813
76836
76847
76876
76882
76910
76914
76918
76932
76933
76955
76962
77039
77065
77078
77085
77090
77111
77132
77144
77146
77161
77165
77196
77236
77245
77280
77328
77330
77364
77376
77412
77439
77441
77449
77452
77458
77480
77502
77509
77523
77637
77673
77675
77677
77678
77684
77693
77694
77702
77703
77726
77729
77814
77835
77837
77838
77855
77881
77889
77902
77910
77951
77973
78010
78012
78055
78081
78097
78117
78159
78161
78179
78183
78193
78216
78220
78250
78262
78263
78265
78312
78330
78351
78356
78383
78405
78425
78449
78509
78527
78578
78579
78594
78692
78711
78712
78725
78727
78738
78746
78806
78817
78854
78856
78860
78864
78906
78932
78966
78968
78979
79001
79024
79077
79079
79081
79086
79116
79136
79171
79205
79205
79226
79247
79254
79261
79299
79301
79315
79323
79383
79433
79441
79442
79451
79462
79462
79466
79554
79568
79590
79606
79650
79658
79683
79751
79758
79771
79784
79800
79864
79894
79901
79924
79960
79960
79965
79968
79976
80003
80029
80045
80065
80069
80106
80119
80126
80133
80142
80148
80206
80217
80285
80316
80316
80352
80364
80397
80434
80443
80447
80484
80495
80510
80536
80547
80568
80580
80641
80664
80694
80697
80712
80722
80725
80746
80746
80768
80787
80791
80796
80798
80865
80881
80884
80905
80915
80935
80979
81009
81040
81066
81068
81068
81069
81113
81113
81135
81158
81184
81199
81271
81310
81332
81402
81402
81407
81429
81438
81487
81501
81519
81543
81574
81584
81584
81591
81621
81626
81628
81665
81665
81715
81738
81763
81779
81794
81805
81807
81846
81856
81867
81881
81892
81918
81929
81943
82007
82026
82028
82059
82076
82082
82149
82190
82195
82222
82249
82254
82262
82276
82282
82312
82324
82326
82364
82389
82395
82418
82420
82430
82444
82486
82515
82517
82525
82557
82567
82576
82609
82618
82619
82654
82657
82677
82686
82692
82716
82726
82730
82827
82836
82838
82854
82857
82861
82884
82888
82892
82898
82903
82905
82915
82972
82987
83008
83033
83064
83084
83103
83117
83121
83141
83147
83154
83200
83211
83212
83212
83216
83221
83244
83247
83263
83286
83302
83368
83378
83390
83404
83417
83425
83429
83438
83450
83464
83465
83509
83527
83529
83582
83627
83637
83638
83659
83681
83702
83703
83713
83713
83722
83745
83816
83824
83830
83839
83845
83863
83916
83920
83951
83962
83969
83985
83988
84003
84009
84040
84042
84056
84072
84097
84145
84177
84226
84226
84230
84236
84239
84242
84259
84333
84406
84407
84409
84453
84462
84482
84482
84495
84510
84522
84552
84623
84643
84649
84650
84652
84672
84680
84691
84705
84764
84771
84844
84845
84848
84868
84882
84910
84920
84960
84974
85011
85046
85053
85060
85060
85066
85103
85131
85136
85149
85162
85196
85211
85214
85267
85297
85341
85352
85375
85425
85428
85448
85450
85485
85491
85506
85531
85538
85556
85582
85637
85646
85690
85696
85772
85802
85811
85833
85867
85912
85915
85939
85955
85957
85964
85968
86028
86031
86032
86065
86095
86164
86192
86249
86296
86335
86400
86404
86454
86459
86465
86508
86524
86583
86592
86604
86612
86630
86633
86638
86652
86679
86731
86740
86744
86747
86752
86803
86846
86865
86867
86915
86959
86973
86987
86990
86995
87003
87011
87033
87038
87042
87069
87119
87161
87171
87176
87205
87233
87265
87278
87282
87305
87331
87339
87394
87440
87462
87467
87482
87494
87590
87609
87612
87639
87642
87649
87701
87749
87766
87816
87858
87916
87929
87932
87948
87977
87996
88025
88027
88032
88041
88065
88078
88084
88104
88112
88254
88256
88266
88286
88292
88299
88337
88353
88391
88407
88419
88426
88444
88451
88454
88470
88479
88487
88488
88502
88504
88522
88538
88558
88576
88580
88608
88610
88687
88725
88731
88766
88794
88819
88862
88880
88915
88918
88955
88989
89011
89014
89063
89067
89081
89134
89190
89225
89230
89272
89278
89280
89329
89344
89382
89389
89390
89398
89399
89408
89436
89523
89536
89569
89573
89577
89614
89627
89658
89671
89677
89736
89762
89798
89936
89996
90006
90052
90078
90086
90107
90115
90131
90157
90206
90209
90214
90268
90272
90328
90336
90361
90384
90417
90418
90422
90436
90448
90468
90492
90493
90532
90534
90564
90589
90589
90625
90630
90663
90727
90740
90752
90756
90855
90862
90893
90902
90930
90952
90973
91004
91014
91048
91061
91086
91106
91137
91157
91160
91213
91239
91253
91256
91258
91265
91295
91363
91401
91432
91438
91442
91443
91446
91544
91559
91559
91653
91666
91693
91718
91721
91734
91768
91796
91798
91804
91807
91820
91839
91839
91859
91860
91862
91967
91990
91992
92000
92037
92047
92071
92122
92157
92198
92209
92229
92300
92310
92311
92313
92325
92379
92414
92435
92448
92495
92522
92549
92589
92624
92638
92690
92734
92743
92752
92778
92801
92819
92892
93046
93076
93081
93103
93104
93156
93231
93259
93294
93310
93320
93322
93337
93364
93388
93398
93552
93563
93582
93583
93592
93595
93624
93647
93683
93685
93686
93711
93734
93739
93740
93740
93753
93775
93784
93801
93865
93921
94004
94020
94027
94040
94094
94106
94156
94220
94222
94226
94236
94238
94300
94313
94318
94345
94362
94388
94406
94413
94414
94418
94447
94476
94485
94502
94533
94540
94558
94577
94650
94656
94669
94673
94699
94703
94710
94716
94722
94756
94759
94766
94768
94770
94774
94783
94890
94893
94893
94908
95002
95018
95104
95106
95155
95183
95186
95195
95197
95200
95212
95237
95256
95272
95276
95293
95314
95342
95344
95349
95381
95435
95461
95469
95477
95513
95540
95557
95599
95608
95719
95721
95753
95765
95776
95805
95819
95830
95877
95896
95905
95917
95921
95927
96017
96022
96061
96075
96105
96112
96130
96197
96198
96208
96223
96229
96231
96255
96261
96262
96306
96316
96336
96352
96405
96470
96489
96501
96508
96531
96541
96547
96576
96624
96628
96667
96687
96700
96744
96808
96818
96849
96854
96866
96870
96889
96901
96936
96945
96966
96972
97001
97023
97034
97041
97053
97058
97096
97139
97153
97190
97208
97231
97244
97271
97280
97301
97334
97336
97354
97365
97438
97454
97457
97474
97510
97531
97534
97545
97553
97565
97574
97578
97590
97619
97647
97661
97688
97814
97818
97821
97868
97904
97911
97953
97966
97990
97991
97995
98010
98044
98070
98093
98097
98101
98117
98135
98139
98158
98176
98176
98231
98263
98307
98316
98385
98394
98454
98486
98525
98555
98571
98579
98611
98641
98644
98652
98675
98679
98698
98708
98719
98720
98726
98728
98746
98800
98809
98835
98836
98860
98892
98895
98912
98955
99004
99015
99017
99051
99110
99131
99140
99159
99160
99195
99239
99247
99260
99292
99334
99412
99417
99559
99625
99702
99707
99775
99811
99851
99864
99876
99910
99936
99944
99954
99968
99983
99990
99993
99996
99998
99998
100027
100039
100045
100047
100175
100191
100195
100201
100207
100251
100270
100355
100368
100369
100399
100406
100428
100429
100433
100435
100521
100523
100563
100564
100649
100669
100675
100679
100726
100797
100817
100847
100968
100982
101012
101017
101033
101069
101103
101107
101115
101152
101221
101229
101230
101232
101249
101313
101316
101378
101418
101432
101488
101492
101496
101498
101500
101502
101515
101519
101564
101566
101576
101599
101629
101666
101682
101701
101720
101824
101830
101846
101859
101880
101903
101918
101922
101930
101980
102011
102038
102074
102075
102077
102122
102123
102158
102222
102252
102254
102254
102263
102298
102346
102432
102448
102466
102507
102526
102562
102566
102572
102581
102623
102630
102647
102688
102695
102700
102709
102719
102779
102789
102833
102850
102853
102884
102884
102920
102971
103028
103070
103100
103101
103137
103152
103155
103156
103156
103158
103179
103214
103242
103261
103285
103327
103365
103388
103446
103452
103519
103562
103578
103579
103588
103598
103599
103602
103621
103638
103640
103645
103657
103719
103721
103746
103760
103760
103765
103797
103805
103807
103808
103822
103830
103835
103847
103849
103864
103881
103912
103918
103973
103977
103979
104018
104066
104125
104182
104192
104197
104211
104221
104260
104293
104294
104298
104304
104308
104341
104388
104388
104401
104404
104410
104416
104430
104467
104547
104570
104578
104584
104585
104594
104613
104644
104695
104700
104708
104712
104747
104764
104782
104788
104791
104818
104821
104831
104843
104844
104920
104924
104930
104934
104934
104949
104960
104980
104988
105007
105018
105033
105055
105061
105073
105087
105109
105115
105156
105190
105193
105204
105218
105225
105257
105361
105361
105438
105465
105489
105564
105575
105587
105608
105627
105636
105642
105671
105674
105693
105703
105743
105748
105779
105826
105836
105862
105868
105909
105936
105937
105945
105966
106009
106055
106080
106118
106201
106226
106234
106269
106272
106277
106355
106372
106373
106387
106413
106427
106483
106490
106639
106643
106651
106690
106742
106753
106773
106790
106804
106819
106839
106862
106876
106908
106913
106933
106951
106997
107029
107034
107059
107062
107085
107097
107101
107132
107146
107150
107151
107182
107219
107232
107234
107235
107244
107254
107259
107265
107271
107277
107288
107315
107333
107337
107355
107419
107426
107434
107434
107437
107450
107504
107536
107539
107544
107588
107588
107588
107603
107610
107624
107711
107779
107780
107784
107789
107799
107822
107862
107871
107882
107928
107931
107947
107955
108033
108049
108053
108087
108123
108134
108146
108175
108201
108226
108322
108327
108327
108354
108355
108356
108408
108431
108474
108481
108494
108499
108538
108559
108581
108589
108598
108603
108610
108611
108616
108634
108653
108688
108694
108694
108711
108794
108888
108896
108903
108931
108935
108937
108948
108979
109001
109066
109078
109096
109101
109118
109173
109173
109233
109241
109257
109265
109300
109363
109365
109424
109427
109451
109493
109510
109534
109568
109619
109645
109664
109679
109695
109721
109725
109734
109736
109761
109765
109769
109785
109793
109829
109865
109874
109889
109951
110039
110081
110085
110094
110161
110199
110219
110247
110265
110268
110270
110313
110319
110343
110389
110394
110396
110403
110407
110450
110453
110481
110512
110515
110532
110541
110569
110604
110644
110652
110670
110695
110720
110734
110753
110790
110851
110858
110883
110896
110900
110920
110932
110942
110945
111032
111112
111134
111136
111143
111167
111176
111185
111192
111192
111208
111219
111259
111270
111305
111315
111319
111321
111337
111339
111351
111360
111406
111446
111467
111468
111487
111495
111499
111554
111555
111587
111689
111718
111733
111804
111805
111809
111832
111835
111869
111882
111916
111921
111929
111943
111963
112015
112062
112115
112140
112150
112173
112175
112180
112233
112263
112290
112296
112310
112318
112333
112398
112452
112483
112490
112492
112537
112734
112739
112746
112762
112786
112797
112853
112854
112860
112875
112878
112976
112997
113022
113023
113242
113253
113256
113322
113333
113333
113343
113345
113359
113391
113409
113420
113433
113442
113464
113490
113511
113586
113591
113592
113595
113598
113602
113618
113633
113637
113680
113706
113734
113785
113792
113820
113832
113847
113912
113948
113956
113960
113961
113966
114009
114048
114102
114130
114191
114192
114196
114262
114285
114293
114299
114305
114323
114341
114343
114349
114351
114362
114364
114375
114426
114466
114486
114493
114505
114556
114608
114619
114633
114651
114674
114704
114763
114764
114765
114811
114902
114905
114906
114918
114937
114938
115037
115056
115108
115120
115121
115135
115181
115182
115192
115201
115232
115234
115250
115259
115265
115301
115334
115341
115354
115376
115411
115429
115453
115502
115507
115521
115530
115567
115635
115636
115640
115645
115663
115664
115710
115732
115777
115778
115792
115806
115874
115941
115962
115978
115991
116104
116165
116238
116295
116335
116394
116450
116524
116545
116590
116614
116616
116620
116646
116708
116792
116801
116814
116829
116885
116904
116919
116920
116951
116952
116968
116975
116991
117000
117003
117036
117053
117089
117108
117126
117132
117150
117164
117178
117191
117204
117230
117234
117260
117302
117310
117315
117344
117347
117358
117371
117383
117395
117403
117434
117443
117459
117489
117499
117559
117610
117628
117699
117709
117713
117717
117739
117741
117741
117765
117792
117814
117820
117855
117857
117857
117857
117918
117933
117957
117960
117965
118012
118023
118045
118083
118117
118160
118167
118174
118187
118191
118204
118245
118269
118270
118288
118300
118345
118362
118364
118443
118455
118469
118473
118496
118590
118610
118634
118666
118701
118727
118795
118797
118799
118809
118820
118829
118841
118899
118928
118943
118971
119078
119099
119102
119154
119168
119209
119232
119240
119251
119287
119308
119322
119333
119355
119374
119417
119417
119426
119441
119443
119490
119505
119545
119554
119584
119613
119665
119665
119687
119702
119741
119760
119788
119802
119805
119805
119877
119911
119923
119928
119940
119941
119961
119991
119996
119999
120001
120009
120031
120063
120066
120109
120157
120161
120162
120180
120194
120229
120243
120258
120279
120388
120409
120430
120432
120432
120446
120456
120457
120473
120484
120527
120552
120580
120634
120664
120674
120727
120736
120750
120758
120797
120817
120827
120833
120853
120856
120873
120897
120935
120937
121017
121027
121034
121042
121065
121070
121073
121096
121100
121118
121132
121133
121136
121143
121157
121214
121226
121303
121327
121329
121370
121373
121378
121380
121383
121384
121406
121451
121504
121512
121518
121537
121611
121639
121643
121651
121658
121661
121724
121779
121800
121816
121827
121870
121952
121981
121997
122024
122027
122036
122045
122075
122087
122089
122095
122107
122141
122195
122225
122228
122254
122281
122326
122337
122368
122385
122403
122430
122497
122500
122523
122523
122616
122620
122637
122661
122697
122701
122710
122797
122830
122839
122852
122927
123051
123059
123125
123141
123174
123244
123269
123285
123300
123301
123308
123319
123333
123342
123362
123387
123430
123437
123461
123488
123498
123514
123517
123547
123553
123576
123608
123625
123659
123665
123675
123688
123705
123712
123721
123748
123752
123786
123815
123862
123863
123886
123897
123923
123929
123931
123947
123969
123979
124009
124044
124044
124066
124074
124116
124140
124149
124157
124166
124223
124241
124273
124328
124371
124387
124410
124410
124426
124431
124462
124467
124474
124483
124497
124512
124531
124533
124534
124534
124544
124564
124594
124626
124657
124664
124693
124717
124726
124741
124747
124786
124794
124845
124851
124910
124934
124937
124959
124982
125036
125122
125138
125200
125201
125208
125216
125219
125234
125265
125347
125369
125393
125418
125460
125523
125540
125562
125610
125626
125680
125682
125710
125724
125746
125768
125775
125776
125786
125810
125819
125856
125873
125876
125880
125904
125916
125928
125952
125956
125969
126052
126054
126064
126074
126087
126110
126120
126141
126141
126191
126202
126280
126286
126297
126298
126299
126306
126309
126311
126353
126373
126385
126402
126439
126480
126485
126502
126521
126550
126564
126616
126618
126622
126625
126633
126634
126644
126657
126660
126677
126700
126703
126711
126737
126740
126754
126807
126827
126827
126849
126858
126878
126890
126927
126928
126947
126954
126973
126976
126979
126988
127004
127010
127017
127077
127119
127156
127167
127170
127191
127233
127241
127251
127267
127274
127290
127298
127310
127360
127370
127404
127405
127444
127458
127490
127522
127542
127572
127575
127619
127641
127645
127713
127750
127808
127870
127887
127915
127953
127955
127994
127994
128000
128026
128042
128075
128124
128152
128169
128174
128179
128188
128203
128206
128217
128218
128225
128251
128265
128315
128316
128382
128394
128443
128455
128490
128525
128530
128569
128605
128622
128636
128709
128725
128736
128739
128790
128816
128823
128875
128896
128906
128912
128937
128956
128956
128961
129004
129027
129055
129089
129138
129180
129222
129225
129231
129257
129318
129319
129329
129339
129356
129375
129409
129460
129568
129590
129682
129724
129748
129803
129836
129846
129894
129919
129950
129966
130037
130104
130110
130154
130205
130246
130289
130301
130310
130331
130342
130345
130386
130394
130408
130424
130447
130455
130481
130556
130641
130643
130661
130676
130718
130729
130745
130772
130784
130785
130802
130804
130830
130869
130891
130895
130901
130936
130937
130954
130978
131013
131018
131041
131064
131067
131078
131080
131150
131191
131191
131200
131200
131246
131256
131269
131304
131310
131310
131443
131446
131522
131523
131523
131537
131541
131552
131568
131601
131602
131627
131638
131654
131680
131715
131732
131753
131782
131788
131810
131824
131833
131865
131873
131903
131927
131991
132029
132046
132089
132093
132167
132171
132193
132198
132238
132245
132273
132291
132348
132373
132478
132515
132533
132534
132538
132569
132575
132577
132595
132608
132676
132719
132722
132746
132789
132815
132817
132853
132878
132911
132930
132938
132997
133001
133012
133028
133042
133069
133096
133104
133115
133116
133121
133156
133249
133252
133267
133275
133276
133325
133328
133352
133353
133355
133363
133378
133430
133471
133504
133528
133536
133550
133582
133598
133603
133614
133616
133616
133620
133620
133632
133682
133710
133756
133793
133800
133843
133848
133866
133876
133887
133900
133919
133923
133926
133931
133931
133953
134000
134007
134008
134013
134037
134057
134098
134100
134155
134168
134244
134320
134321
134332
134336
134341
134373
134383
134395
134399
134402
134500
134508
134531
134596
134649
134670
134819
134820
134872
134879
134907
134942
134991
134997
135001
135020
135023
135029
135049
135058
135077
135183
135257
135288
135306
135348
135366
135392
135407
135415
135441
135460
135486
135499
135529
135530
135548
135556
135557
135586
135595
135617
135761
135813
135817
135851
135852
135950
135969
136160
136198
136206
136221
136259
136270
136277
136303
136319
136376
136378
136386
136428
136583
136627
136645
136700
136778
136788
136820
136821
136828
136857
136868
136912
136950
137002
137049
137057
137138
137146
137181
137203
137232
137254
137284
137348
137367
137451
137490
137557
137573
137582
137592
137671
137748
137785
137834
137851
137858
137907
137966
137992
138006
138008
138030
138054
138055
138094
138098
138115
138139
138160
138165
138184
138203
138213
138231
138247
138259
138259
138269
138269
138290
138300
138326
138338
138356
138361
138374
138430
138433
138462
138476
138537
138593
138613
138642
138699
138728
138739
138745
138808
138849
138877
138908
138911
138927
138954
138958
138993
139035
139114
139126
139158
139245
139269
139297
139299
139435
139438
139470
139528
139554
139574
139601
139663
139671
139713
139788
139825
139838
139867
139881
139882
139922
139934
139955
139963
140022
140029
140045
140053
140074
140100
140127
140141
140146
140163
140167
140169
140173
140255
140274
140275
140276
140307
140352
140363
140375
140399
140413
140413
140435
140485
140514
140518
140527
140573
140573
140596
140603
140655
140659
140663
140688
140704
140706
140710
140712
140739
140746
140750
140899
140925
140939
140959
140993
141017
141139
141184
141224
141231
141234
141240
141251
141279
141315
141329
141346
141451
141462
141472
141505
141558
141580
141622
141655
141672
141722
141732
141735
141750
141750
141750
141762
141781
141837
141842
141860
141903
141923
141939
141943
142010
142018
142035
142067
142111
142121
142132
142140
142145
142147
142152
142159
142227
142315
142352
142361
142461
142472
142491
142491
142520
142571
142604
142604
142618
142620
142633
142712
142745
142751
142771
142772
142775
142788
142837
142838
142838
142872
142874
142874
142904
142986
143026
143039
143051
143086
143143
143167
143224
143230
143248
143308
143308
143318
143322
143454
143520
143590
143633
143643
143644
143649
143657
143790
143792
143796
143821
143847
143870
143895
143932
143986
144032
144048
144050
144085
144094
144102
144142
144167
144233
144234
144251
144255
144293
144297
144304
144322
144331
144386
144415
144442
144486
144535
144535
144548
144604
144613
144634
144666
144712
144745
144757
144759
144790
144823
144831
144852
144891
144896
144923
144946
144949
144965
144967
144970
144986
145003
145007
145050
145120
145190
145194
145236
145263
145293
145296
145312
145313
145320
145343
145351
145353
145353
145406
145442
145482
145544
145545
145562
145571
145658
145665
145674
145683
145721
145806
145817
145869
145890
145895
145920
146027
146043
146091
146133
146134
146170
146265
146311
146332
146376
146392
146400
146414
146451
146467
146512
146547
146577
146676
146696
146724
146728
146755
146760
146804
146813
146877
146899
146908
146912
146923
146925
146938
146940
146945
146956
146977
146983
146990
147032
147036
147038
147046
147047
147084
147099
147105
147141
147148
147149
147205
147213
147246
147262
147266
147295
147296
147301
147316
147406
147422
147427
147430
147538
147568
147574
147588
147591
147596
147599
147606
147631
147650
147660
147671
147678
147681
147699
147707
147709
147712
147713
147734
147771
147772
147783
147792
147899
147954
147979
148071
148089
148111
148119
148128
148147
148162
148195
148212
148224
148276
148308
148324
148334
148349
148351
148371
148382
148386
148394
148394
148398
148409
148449
148451
148478
148537
148564
148577
148596
148614
148638
148641
148643
148674
148688
148721
148767
148835
148864
148924
148924
148939
148940
148942
148955
148978
149003
149011
149059
149063
149074
149101
149127
149130
149263
149297
149331
149338
149347
149357
149359
149404
149415
149431
149432
149488
149527
149562
149592
149623
149626
149651
149676
149712
149734
149738
149757
149768
149777
149787
149883
149926
150000
150002
150027
150029
150103
150108
150113
150117
150131
150165
150214
150220
150295
150296
150329
150369
150452
150519
150527
150545
150560
150565
150580
150598
150630
150634
150640
150642
150714
150778
150833
150838
150857
150865
150868
150880
150920
150927
151044
151107
151110
151126
151168
151173
151291
151315
151344
151349
151452
151521
151523
151598
151632
151698
151711
151756
151787
151790
151805
151838
151915
151921
151954
151955
151979
151983
152031
152052
152112
152130
152143
152148
152153
152168
152195
152304
152324
152341
152345
152374
152392
152409
152471
152497
152559
152572
152604
152628
152655
152710
152737
152831
152839
152892
152939
152944
152952
152965
153013
153030
153044
153050
153103
153103
153104
153106
153137
153244
153254
153304
153339
153349
153401
153417
153424
153430
153472
153472
153482
153517
153545
153575
153592
153653
153655
153660
153668
153714
153757
153769
153783
153909
153935
153972
154004
154028
154044
154047
154052
154075
154078
154081
154140
154140
154175
154179
154225
154237
154259
154308
154347
154402
154489
154502
154514
154519
154538
154539
154546
154566
154586
154644
154653
154682
154766
154772
154797
154806
154837
154895
154905
154908
154971
155024
155032
155082
155145
155168
155191
155193
155208
155233
155239
155307
155314
155361
155410
155420
155451
155477
155479
155481
155501
155554
155601
155606
155658
155766
155914
155965
155968
156000
156031
156049
156117
156138
156140
156152
156177
156187
156205
156224
156255
156278
156334
156363
156383
156489
156491
156516
156521
156553
156581
156607
156735
156776
156791
156807
156828
156854
156903
156949
156968
156988
156998
157034
157037
157090
157129
157154
157174
157188
157195
157277
157280
157306
157367
157397
157397
157405
157408
157425
157475
157512
157553
157596
157639
157673
157703
157727
157780
157824
157883
157893
157901
157930
157939
157984
158015
158079
158126
158202
158305
158340
158347
158357
158375
158385
158425
158440
158448
158521
158638
158735
158748
158868
158915
158956
158963
158978
158994
158998
159032
159036
159104
159152
159211
159212
159219
159244
159259
159260
159313
159383
159422
159544
159570
159602
159603
159661
159675
159680
159714
159783
159895
159906
160034
160039
160065
160102
160103
160164
160217
160221
160259
160269
160326
160327
160334
160376
160426
160445
160446
160456
160461
160468
160472
160489
160504
160509
160509
160568
160635
160663
160665
160677
160693
160720
160724
160760
160788
160795
160826
160841
160854
160871
160917
160921
161024
161026
161038
161044
161072
161093
161174
161190
161232
161239
161246
161261
161278
161316
161344
161385
161433
161472
161531
161602
161608
161620
161624
161627
161683
161691
161713
161788
161790
161826
161835
161904
161961
162008
162064
162069
162070
162160
162239
162304
162315
162325
162365
162418
162462
162491
162503
162546
162565
162575
162583
162598
162659
162667
162730
162773
162856
162931
162946
162956
162985
162996
163000
163027
163067
163068
163105
163122
163125
163139
163168
163206
163275
163338
163416
163440
163443
163449
163476
163510
163526
163587
163603
163665
163677
163751
163779
163794
163851
163892
163944
163975
164023
164047
164072
164072
164099
164104
164135
164151
164174
164224
164235
164250
164312
164471
164495
164552
164554
164566
164586
164597
164623
164640
164669
164670
164693
164762
164851
164885
164917
164923
164941
164966
164974
164996
165005
165014
165146
165170
165194
165210
165295
165331
165366
165367
165423
165559
165587
165593
165633
165639
165645
165665
165665
165749
165754
165767
165883
165901
165922
165967
166014
166204
166243
166332
166365
166377
166392
166403
166408
166448
166464
166485
166554
166628
166694
166728
166748
166802
166827
166836
166838
166874
166956
166960
166979
166993
167069
167102
167139
167152
167174
167186
167202
167214
167241
167281
167306
167344
167353
167360
167397
167423
167456
167497
167535
167542
167572
167659
167669
167698
167702
167752
167795
167848
167871
167950
167953
167960
167969
167995
168006
168013
168036
168069
168073
168086
168130
168146
168160
168173
168185
168210
168265
168281
168323
168325
168431
168519
168572
168588
168659
168667
168725
168759
168923
168932
169006
169107
169131
169157
169199
169229
169321
169338
169343
169362
169377
169392
169496
169506
169554
169558
169565
169587
169617
169621
169758
169789
169800
169801
169805
169839
169839
169839
169854
169868
169881
169887
169889
169891
169904
169958
169958
170062
170066
170077
170102
170157
170176
170220
170220
170255
170359
170384
170417
170448
170466
170467
170551
170568
170586
170623
170632
170672
170736
170824
170896
170897
170900
170944
170995
171161
171179
171180
171362
171380
171382
171419
171462
171468
171514
171529
171544
171567
171678
171685
171694
171719
171768
171775
171787
171826
171836
171843
171911
171925
171927
171953
171987
172016
172020
172043
172046
172104
172113
172170
172181
172184
172209
172229
172258
172277
172310
172329
172344
172349
172434
172453
172498
172508
172617
172619
172641
172692
172712
172716
172784
172834
172846
172847
172873
172914
172949
172963
172970
173008
173049
173087
173163
173191
173198
173228
173251
173296
173301
173309
173420
173422
173423
173470
173471
173476
173489
173511
173537
173567
173619
173630
173641
173658
173699
173703
173742
173755
173773
173828
173835
173870
173884
173962
173992
174014
174051
174061
174179
174189
174195
174229
174239
174257
174277
174306
174307
174340
174417
174435
174511
174512
174542
174594
174596
174601
174629
174630
174642
174657
174659
174677
174686
174705
174751
174795
174796
174825
174825
174832
174942
174960
174964
174968
174988
175008
175050
175081
175095
175249
175281
175356
175359
175409
175413
175419
175432
175483
175516
175532
175551
175571
175616
175668
175724
175734
175780
175788
175839
175900
175913
175977
176016
176044
176063
176083
176100
176131
176174
176257
176267
176293
176296
176355
176356
176394
176415
176565
176584
176634
176640
176668
176709
176710
176720
176854
176860
176985
177037
177068
177073
177101
177122
177123
177127
177131
177139
177169
177196
177207
177228
177267
177276
177303
177355
177372
177441
177535
177536
177587
177612
177614
177626
177664
177681
177696
177710
177710
177755
177766
177810
177825
177839
177844
177880
177909
177939
177941
177963
178009
178027
178065
178230
178247
178363
178395
178421
178461
178518
178542
178549
178626
178628
178678
178750
178796
178817
178866
178871
178928
178973
178993
179077
179130
179137
179140
179185
179268
179274
179283
179284
179287
179291
179295
179355
179427
179556
179696
179724
179756
179779
179792
179824
179860
179931
179962
179974
180092
180168
180184
180198
180244
180297
180303
180312
180316
180329
180334
180338
180395
180414
180491
180494
180505
180522
180594
180596
180618
180637
180638
180642
180672
180701
180736
180838
180840
180928
180978
181022
181031
181036
181075
181097
181126
181129
181139
181221
181261
181295
181506
181545
181563
181600
181660
181680
181680
181718
181723
181736
181822
181859
181871
181876
181883
181917
181931
182008
182013
182015
182033
182085
182107
182125
182156
182263
182267
182278
182281
182313
182332
182389
182418
182567
182569
182571
182595
182632
182645
182669
182847
182869
182873
182932
182934
182942
182942
182942
182968
183017
183018
183124
183163
183184
183207
183213
183295
183301
183310
183383
183386
183398
183450
183451
183466
183490
183528
183679
183732
183742
183870
183885
183932
183942
183988
184105
184180
184203
184321
184336
184378
184401
184417
184492
184515
184527
184557
184613
184629
184633
184644
184756
184778
184795
184802
184878
184920
184935
184941
184942
184948
184951
185005
185027
185060
185138
185233
185269
185271
185283
185382
185391
185399
185437
185481
185621
185701
185753
185777
185782
185914
186098
186122
186208
186271
186294
186409
186429
186460
186465
186623
186757
186799
186802
186839
186843
186943
186959
186977
186989
187109
187132
187171
187189
187205
187220
187242
187243
187254
187278
187387
187431
187440
187443
187446
187517
187530
187601
187627
187648
187673
187678
187692
187695
187722
187740
187750
187771
187856
187925
188046
188073
188120
188159
188159
188224
188224
188337
188359
188379
188457
188459
188529
188552
188565
188585
188637
188639
188660
188676
188676
188692
188759
188884
189002
189128
189153
189207
189215
189230
189273
189283
189308
189316
189409
189452
189471
189474
189486
189506
189511
189605
189608
189611
189712
189767
189822
189839
189899
189904
189923
189940
189981
189995
190043
190051
190058
190060
190113
190148
190175
190177
190181
190287
190390
190390
190398
190403
190425
190465
190479
190488
190502
190525
190625
190653
190778
190789
190813
190824
190958
191068
191072
191079
191122
191145
191185
191199
191221
191227
191291
191371
191443
191454
191555
191602
191631
191634
191635
191666
191674
191700
191741
191787
191800
191816
191849
191866
191891
191944
191970
192049
192097
192097
192100
192136
192140
192141
192289
192292
192350
192493
192577
192583
192604
192636
192641
192675
192696
192731
192749
192773
192890
192958
192982
193007
193050
193061
193072
193158
193212
193217
193347
193358
193383
193419
193427
193440
193482
193485
193654
193704
193802
193815
193843
193844
193884
193898
193900
193942
193943
193951
193958
193960
193979
194035
194058
194079
194116
194136
194158
194183
194215
194222
194225
194232
194300
194310
194334
194384
194561
194577
194646
194647
194695
194719
194722
194724
194742
194776
194809
194819
194931
194949
194962
195050
195062
195088
195123
195153
195218
195323
195357
195366
195370
195415
195498
195567
195619
195622
195641
195658
195714
195883
195887
195961
196057
196072
196075
196089
196126
196160
196160
196218
196274
196319
196373
196409
196422
196565
196652
196664
196701
196719
196737
196750
196793
196814
196816
196850
196881
196903
196997
196999
197005
197018
197086
197164
197170
197217
197228
197286
197455
197536
197584
197601
197605
197670
197692
197788
197803
197873
197907
197921
197940
197963
198002
198054
198063
198066
198131
198212
198214
198219
198223
198355
198390
198400
198472
198502
198586
198616
198712
198802
198821
198824
198839
198871
198980
198988
199001
199071
199086
199108
199115
199251
199328
199332
199355
199422
199447
199533
199561
199561
199565
199629
199660
199705
199708
199730
199738
199809
199931
199932
199934
199954
199972
199973
199975
200150
200197
200261
200347
200348
200442
200480
200542
200560
200562
200591
200599
200658
200667
200874
200951
200966
201029
201035
201038
201068
201095
201097
201139
201198
201316
201347
201371
201379
201451
201453
201496
201518
201609
201659
201764
201780
201791
201827
201830
201839
201894
202022
202098
202118
202132
202212
202267
202285
202285
202314
202323
202334
202385
202398
202478
202583
202682
202709
202746
202833
202861
202912
202935
202938
202957
202998
203023
203098
203151
203170
203216
203256
203309
203320
203405
203524
203558
203587
203628
203630
203639
203727
203787
203812
203839
203902
203902
203942
204018
204032
204041
204141
204254
204327
204347
204436
204457
204487
204545
204547
204629
204687
204817
204819
204858
204870
204929
204931
204978
205063
205161
205228
205330
205341
205419
205420
205421
205484
205525
205530
205551
205593
205619
205792
205801
205807
205820
205936
205986
205989
206071
206081
206113
206138
206144
206207
206241
206357
206381
206456
206517
206545
206613
206671
206706
206709
206760
206791
206796
206847
206868
206876
206902
206937
207019
207020
207046
207056
207084
207128
207154
207192
207230
207272
207381
207421
207477
207491
207545
207581
207605
207632
207640
207672
207805
207825
207827
207839
207983
208033
208036
208089
208107
208126
208283
208316
208332
208378
208389
208440
208480
208480
208500
208513
208537
208596
208656
208678
208719
208812
208966
209084
209085
209120
209356
209525
209717
209754
209785
209814
209920
210114
210181
210336
210362
210366
210393
210434
210463
210481
210550
210566
210578
210585
210771
210801
210859
210878
210900
210902
211082
211090
211151
211151
211176
211325
211333
211335
211357
211482
211493
211516
211524
211548
211567
211656
211671
211728
211929
211981
211997
212002
212003
212006
212024
212084
212210
212340
212359
212378
212509
212523
212567
212801
212898
212978
213020
213100
213114
213115
213242
213258
213270
213280
213304
213443
213482
213677
213743
213856
213883
214035
214051
214076
214081
214207
214257
214279
214352
214366
214387
214405
214406
214512
214809
214868
214874
214904
214924
214962
214975
215021
215077
215104
215115
215210
215211
215211
215229
215231
215382
215429
215432
215448
215468
215480
215564
215603
215615
215634
215718
215808
215813
215840
215851
215862
215890
215908
216050
216071
216243
216376
216401
216402
216453
216468
216514
216563
216587
216597
216608
216624
216640
216663
216707
216708
216725
216773
216836
216843
216852
216881
216883
216919
217037
217083
217095
217129
217161
217190
217223
217315
217323
217326
217425
217428
217582
217600
217688
217695
217786
217795
217886
217901
217976
218043
218083
218201
218216
218277
218517
218525
218549
218716
218725
218910
219104
219112
219118
219226
219236
219277
219334
219356
219383
219390
219404
219438
219480
219505
219510
219707
219951
219976
220049
220054
220077
220092
220098
220130
220148
220315
220316
220412
220498
220512
220665
220703
220710
220718
220855
220957
221136
221205
221244
221328
221333
221349
221422
221474
221530
221636
221647
221756
221836
221938
221961
222006
222029
222073
222105
222162
222202
222206
222211
222212
222220
222281
222331
222346
222425
222439
222464
222501
222502
222507
222660
222707
222710
222895
223021
223147
223150
223153
223254
223285
223339
223356
223653
223680
223689
223708
223891
223984
224059
224070
224175
224207
224209
224233
224251
224266
224352
224436
224444
224522
224609
224628
224631
224751
224752
224781
224818
224820
224880
224958
224958
224977
225049
225057
225089
225113
225162
225171
225277
225389
225389
225397
225423
225551
225632
225653
225725
225731
225797
225924
225939
225945
226027
226036
226103
226158
226214
226225
226228
226280
226342
226356
226380
226411
226569
226602
226622
226632
226792
226838
226844
226846
226924
226927
226948
227037
227051
227081
227120
227134
227307
227313
227457
227511
227615
227624
227672
227761
227823
227852
227971
227982
228050
228073
228143
228153
228190
228234
228249
228252
228343
228495
228504
228577
228663
228718
228768
228852
228892
229117
229199
229304
229359
229452
229491
229500
229524
229536
229601
229604
229691
229759
229772
229790
229820
229845
229981
230026
230235
230301
230331
230368
230386
230421
230511
230542
230646
230740
230780
230798
230865
230901
230957
231019
231116
231124
231125
231149
231287
231364
231530
231560
231612
231683
231689
231694
231772
231826
231885
231892
231897
231909
231926
231947
232066
232119
232291
232329
232345
232351
232352
232471
232542
232553
232633
232738
232752
232828
232849
232879
232923
232947
233027
233033
233110
233165
233165
233243
233330
233341
233358
233499
233517
233581
233590
233638
233694
233745
233763
233802
233834
233879
233882
233942
233954
233967
234065
234096
234125
234135
234169
234245
234288
234428
234522
234712
234733
234740
234782
234830
234955
234956
235156
235196
235231
235250
235469
235755
235755
236099
236124
236133
236236
236286
236318
236330
236384
236405
236509
236510
236642
236723
236767
236853
236878
236896
236900
237011
237044
237056
237138
237213
237234
237247
237259
237274
237313
237341
237434
237472
237702
237828
238281
238312
238355
238378
238530
238530
238544
238638
238715
238855
238931
239068
239160
239229
239316
239432
239481
239563
239565
239679
239714
239730
239730
239732
239764
239800
239833
239965
240018
240103
240245
240288
240295
240358
240372
240490
240514
240581
240582
240583
240592
240621
240692
240698
240704
240723
240730
240748
240765
240799
240806
240920
240962
241060
241100
241119
241120
241132
241176
241225
241257
241295
241400
241489
241549
241559
241572
241606
241661
241729
241830
241831
241838
241850
242067
242208
242211
242244
242253
242313
242413
242484
242654
242658
242679
242880
242910
242911
242967
243040
243072
243098
243152
243177
243273
243320
243386
243398
243439
243448
243456
243590
243636
243649
243776
243890
243919
243997
244154
244155
244234
244373
244435
244553
244567
244609
244624
244712
244781
244896
244995
245086
245106
245125
245148
245356
245385
245482
245494
245673
245676
245717
245871
246207
246387
246482
246487
246772
246773
246775
246821
246827
246909
246925
247080
247163
247244
247336
247344
247468
247509
247632
247652
247731
247793
247819
247956
247983
248002
248020
248030
248150
248521
248539
248563
248668
248715
248751
248950
249014
249061
249142
249146
249263
249333
249406
249497
249596
249925
250065
250139
250171
250200
250299
250303
250356
250421
250482
250503
250529
250563
250581
250726
250852
250881
250899
250973
250987
250999
251073
251185
251207
251207
251242
251259
251301
251324
251615
251619
251649
251723
251801
251870
251947
251966
252085
252096
252174
252271
252276
252300
252310
252337
252396
252489
252593
252653
252677
252790
252793
252963
252988
253045
253077
253162
253167
253176
253199
253243
253485
253512
253572
253703
253706
253765
253810
253861
253918
253959
253976
253995
254157
254178
254242
254255
254267
254273
254311
254364
254374
254397
254431
254472
254631
254742
254746
254751
254773
254899
254922
255013
255240
255328
255393
255426
255470
255596
255602
255714
255772
256107
256142
256225
256270
256315
256581
256652
256730
256751
256820
256845
256927
256975
257064
257093
257225
257291
257314
257325
257388
257465
257537
257546
257583
257705
257706
257880
257915
258121
258145
258163
258279
258304
258349
258500
258645
258758
258855
258888
258898
259158
259284
259313
259321
259382
259400
259737
260008
260013
260022
260040
260168
260267
260301
260323
260454
260486
260660
260736
260946
260994
261045
261252
261326
261409
261415
261489
261606
261642
261719
261745
261910
261949
262020
262131
262193
262259
262284
262290
262339
262418
262433
262440
262555
262572
262668
262689
262782
262799
262933
263003
263162
263258
263316
263331
263338
263351
263372
263404
263425
263530
263594
263599
263772
263796
263834
263889
263901
263989
264059
264109
264134
264188
264216
264260
264309
264451
264521
264553
264823
264853
264859
264890
264929
264934
265087
265156
265176
265220
265260
265282
265331
265338
265359
265415
265512
265558
265707
265745
265800
265867
265885
265933
265988
265997
266143
266248
266396
266454
266463
266527
266537
266542
266789
267289
267379
267456
267460
267462
267471
267515
267535
267551
267596
267726
267777
268154
268157
268205
268424
268488
268606
268707
268715
268769
268846
268888
268983
269022
269084
269131
269171
269185
269202
269207
269292
269298
269521
269568
269643
269813
269846
269911
270059
270121
270134
270151
270158
270255
270462
270465
270530
270531
270568
270710
270713
270717
270782
270838
270893
270947
270948
270983
271078
271128
271144
271152
271165
271174
271257
271383
271440
271471
271510
271557
271835
271872
271878
272073
272148
272197
272238
272246
272268
272494
272569
272616
272633
272917
272940
273018
273075
273099
273217
273232
273288
273375
273406
273407
273419
273479
273564
273606
273667
273762
273957
274208
274216
274249
274265
274346
274524
274693
274720
274769
274810
274814
274875
274917
275049
275064
275260
275332
275394
275407
275544
275688
275839
275893
276050
276063
276170
276206
276659
276780
276809
276848
277123
277228
277293
277314
277547
277616
277683
277747
277751
278084
278116
278191
278215
278298
278311
278317
278478
278506
278515
278590
278669
278692
278703
278818
278892
278972
279044
279195
279477
279607
279673
279675
279702
279758
279803
279854
279922
279969
280057
280337
280348
280360
280367
280370
280416
280561
280618
280886
281056
281090
281171
281444
281541
281695
281820
281877
281900
281947
281953
282006
282246
282429
282463
282798
282930
283121
283272
283285
283296
283400
283426
283451
283650
283726
283742
283962
283979
284149
284408
284459
284466
284599
284607
284669
285022
285038
285181
285191
285320
285333
285593
285610
285756
285831
285860
286035
286046
286191
286547
286865
286881
287085
287154
287200
287247
287268
287274
287550
287747
288062
288187
288355
288521
288595
288643
288643
288657
288712
288863
289057
289197
289200
289348
289369
289400
289439
289466
289488
289509
289610
289630
289811
289898
289962
289969
290017
290030
290121
290131
290243
290322
290397
290398
290503
290529
290881
290939
291000
291047
291051
291154
291347
291394
291524
291586
291733
291900
292048
292052
292069
292096
292184
292400
292411
292495
292537
292922
293061
293138
293167
293194
293228
293239
293376
293448
293450
293720
293766
293841
293854
293886
293898
293974
294007
294164
294335
294387
294497
294510
294878
294901
294902
295057
295178
295179
295183
295207
295214
295288
295417
295608
295654
296263
296299
296475
296570
296625
296788
296790
296808
296834
297375
297403
297557
297841
298177
298206
298212
298214
298490
298551
298637
298700
298821
298847
298884
299065
299289
299406
299684
299842
299847
300096
300111
300297
300360
300520
300593
300627
301006
301172
301208
301304
301617
301661
301748
301998
302001
302121
302124
302284
302332
302378
302439
302455
302553
302614
302714
302762
302949
303122
303140
303363
303398
303519
303543
303757
304190
304336
304446
304457
304497
304601
305081
305247
305267
305596
305724
305984
306054
306202
306338
306533
306536
306557
306575
306664
306722
306736
306740
306845
306868
307275
307306
307482
307544
307850
307942
308112
308247
308249
308328
308635
308664
308770
308804
308827
308967
308994
309050
309115
309142
309451
309528
309868
309914
309949
309994
310191
310301
310335
310748
310923
310963
310993
311002
311087
311134
311203
311316
311476
311596
311778
311874
312035
312073
312088
312109
312219
312343
312438
312485
312621
312941
313133
313194
313273
313509
313703
313765
313812
313859
313923
313993
314168
314196
314339
314523
314546
315067
315128
315244
315354
315372
315389
315400
315877
316014
316274
316281
316597
316615
316675
316758
316979
317627
317864
317999
318144
318254
318491
318622
318677
318888
319088
319112
319165
319438
319522
319653
319774
319776
319839
319916
319953
320063
320108
320210
320339
320388
320441
320590
320791
320848
320921
320973
321023
321077
321243
321287
321508
321542
321553
321662
322071
322222
322246
322354
322514
322614
322957
322998
323204
323264
323542
323640
323660
323713
324197
324305
324572
324998
325461
325539
325709
325924
326064
326079
326089
326141
326797
326952
327063
327124
327128
327695
327768
327770
328030
328122
328125
328201
328262
328352
328646
328703
328856
328925
328979
328980
329123
329160
329202
329278
329326
329496
329770
330001
330100
330129
330302
330307
330377
330439
330455
330523
330654
330853
330858
330944
331133
331360
331381
331403
331650
331808
332127
332280
332422
333234
333809
333919
334131
334154
334160
334200
334216
334355
334553
334586
335085
335103
335177
335255
335261
335390
335416
335556
335604
335691
335817
336012
336049
336206
336220
336393
336406
336455
336516
336779
336786
336787
336813
336876
337118
337228
337349
337538
337593
337691
337845
338064
338084
338238
338682
338685
338715
339180
339238
339274
339283
339677
339709
339734
339881
339915
340164
340315
340423
340482
340550
340550
340621
340807
341428
341664
341695
341722
341992
342074
342109
342113
342217
342434
342705
342740
342967
343265
343597
343761
343771
343887
343890
343966
344150
344216
344327
344342
344439
344622
344755
345159
345293
345429
345723
345933
345978
346005
346231
346397
346757
346856
347259
347417
347583
347724
348023
348166
348167
348557
349437
349563
349628
349633
349688
350010
350023
350255
350301
350355
350462
351096
351214
351309
351565
351791
351832
351873
351902
351930
352359
352397
352697
352960
353364
353556
353593
353914
354359
354395
354813
354876
355025
355117
355204
355290
355669
355717
355985
356160
356608
356810
357043
357242
357374
357430
357440
357460
357806
358099
358213
358316
358437
358818
358837
359000
359024
359063
359066
359217
359367
359603
360191
360331
360347
360603
360969
361426
361473
361600
361614
361793
361924
362244
362318
362453
362502
362505
362508
362586
362800
362823
362841
362925
363033
363149
363688
363690
363870
364223
364427
364951
365121
365269
365294
365456
365478
365485
366279
367041
367091
367417
367517
368306
368410
368630
368686
368911
368965
369006
369303
369765
369972
370236
370352
370638
370830
370849
370889
371228
371671
371706
371799
371901
371916
371972
372300
372440
372495
372556
372682
372855
373630
373775
374091
374314
374730
374929
374993
375114
375187
375292
375615
375640
375762
376484
376842
377360
377717
377922
378174
378424
378432
378498
378600
378721
378827
378946
379301
379313
379352
379696
379764
379886
379901
379911
379943
380088
380601
380857
380901
381117
381343
381553
381592
381711
381901
381938
381959
382000
382188
382371
382557
383001
383045
383711
383789
383954
384349
384802
384881
385157
385877
385885
386135
386181
386654
386889
387032
387145
387182
387284
387299
387882
388127
388133
388539
388997
389289
389623
390051
390292
390303
390391
390924
390987
391285
391752
391937
392082
392237
392268
392417
392490
392581
392626
393709
393757
394273
394376
394623
394695
394812
394883
394930
395338
395394
395981
396933
397951
398424
398552
399208
399415
399947
400232
400489
400821
401289
401610
401981
402389
402479
403021
403662
403956
404218
404304
404318
404384
404459
404756
404876
404999
405211
406023
406124
406696
407161
408046
408705
408878
409539
409756
409919
409965
410847
411273
411696
412117
412331
413084
413123
413572
415006
415189
415262
415264
415617
415652
415726
417892
418422
418483
418902
418911
419388
419911
420024
420687
420972
421062
421263
421473
421566
421654
423515
424498
425116
425220
425332
426180
428047
428186
428621
428710
430271
430272
431349
431508
431591
431785
431804
432308
433428
433548
435822
438361
438635
439426
440487
440557
441109
441675
441890
442067
443241
443465
444507
444887
445433
445449
446149
446560
446630
446831
446946
449185
450385
450548
450678
451468
451856
452038
452723
454417
454697
454984
455138
455918
456127
457602
464737
465413
466770
467103
468445
468906
469223
469472
470388
470833
471051
471446
471634
471989
472192
472981
473507
474273
474560
474627
474713
476491
479341
480670
481510
482549
484094
484794
485946
487973
488290
489362
489418
490268
491861
496236
498033
500715
501081
503433
505495
505683
508719
514622
515831
519256
519614
520223
520608
524494
525855
526118
527429
529108
530966
532397
538698
543269
543596
546818
552415
552499
552738
554497
562304
562822
564089
570223
570937
577854
584952
585114
586279
589949
597809
599692
620576
626238
637057
646495
671767
