0
0
144
170
181
236
335
401
442
560
560
587
609
621
737
743
808
953
970
1118
1158
1185
1188
1217
1251
1387
1443
1457
1570
1610
1618
1667
1872
1919
1989
2116
2165
2226
2244
2247
2268
2343
2355
2486
2528
2587
2716
2850
2927
3038
3054
3119
3128
3138
3189
3191
3209
3241
3266
3275
3291
3345
3371
3376
3489
3532
3572
3671
3685
3689
3903
3954
3980
4076
4088
4107
4118
4331
4409
4487
4588
4641
4720
4736
4757
4915
4954
4965
4977
5369
5447
5456
5467
5536
5575
5664
5708
5738
5941
6053
6122
6162
6195
6250
6287
6462
6477
6477
6593
6629
6633
6704
6898
6927
6992
6993
7028
7093
7165
7188
7194
7234
7281
7463
7652
7976
7996
8033
8052
8083
8177
8266
8312
8336
8389
8429
8629
8655
8708
8876
8887
8902
8918
8953
8982
9022
9123
9128
9146
9187
9192
9292
9326
9409
9422
9469
9509
9527
9595
9701
9783
9843
9865
9867
9947
9969
10019
10195
10347
10401
10476
10481
10617
10670
10733
10799
10980
10996
11021
11103
11146
11238
11300
11301
11323
11346
11373
11456
11477
11486
11523
11698
11720
11751
11807
11826
11996
12276
12339
12349
12459
12505
12524
12776
12897
12959
13031
13043
13104
13140
13239
13425
13454
13457
13548
13727
13746
13790
13892
14002
14014
14040
14138
14147
14174
14202
14301
14332
14342
14412
14465
14482
14584
14608
14654
14716
14759
14784
14879
14929
15009
15197
15202
15246
15279
15364
15385
15452
15530
15558
15575
15633
15739
15895
15967
16210
16271
16409
16517
16521
16552
16573
16588
16611
16695
16752
16867
16950
17035
17041
17045
17099
17153
17172
17180
17201
17432
17485
17507
17533
17559
17722
17820
17902
17904
18015
18026
18451
18500
18548
18771
18808
18879
18904
19039
19121
19129
19136
19278
19429
19452
19505
19669
19708
19708
19756
19824
19834
19834
19877
20105
20138
20150
20321
20445
20448
20608
20764
20829
20842
20847
20988
21076
21318
21408
21435
21453
21508
21661
21748
21750
21888
21914
21926
21967
21985
22054
22099
22148
22226
22316
22342
22411
22439
22440
22519
22528
22598
22617
22667
22796
22800
22879
22960
23016
23070
23079
23179
23262
23396
23604
23660
23670
23759
23768
23807
23974
24067
24074
24309
24348
24379
24433
24570
24725
24782
24806
24842
24975
25010
25080
25183
25199
25313
25356
25538
25618
25621
25649
25659
25821
25833
25884
25889
25926
26073
26079
26098
26113
26124
26132
26138
26146
26153
26171
26199
26225
26382
26383
26385
26439
26616
26664
26801
26876
26958
27065
27160
27161
27219
27219
27284
27463
27649
27653
27685
27699
27759
27807
27830
27914
27983
28028
28213
28245
28251
28261
28289
28308
28335
28375
28437
28468
28671
28791
28950
29005
29031
29035
29126
29206
29245
29247
29432
29616
29654
29664
29666
29677
29796
29817
29875
29934
29985
29995
30148
30190
30413
30472
30527
30551
30562
30563
30588
30649
30763
30803
30868
31025
31113
31238
31243
31417
31447
31562
31571
31624
31718
31723
31823
32047
32284
32324
32362
32421
32451
32461
32497
32566
32593
32622
32717
32860
32982
33005
33035
33101
33164
33197
33205
33286
33289
33319
33327
33330
33356
33415
33423
33435
33553
33585
33769
33974
33983
34065
34071
34195
34279
34286
34419
34421
34427
34469
34575
34677
34685
34689
34723
34752
34889
34927
35018
35212
35337
35464
35497
35582
35583
35797
35877
35923
35934
36104
36234
36294
36572
36780
36794
36893
36971
37022
37073
37092
37176
37304
37351
37400
37433
37458
37614
37628
37735
37752
37875
38009
38033
38139
38145
38175
38204
38317
38372
38399
38491
38575
38611
38807
38919
38982
39054
39163
39259
39404
39457
39508
39599
39666
39827
40031
40055
40138
40239
40313
40441
40556
40604
40613
40734
40735
40808
40843
40910
40947
41175
41200
41232
41263
41426
41462
41538
41539
41668
41679
41779
41878
42012
42077
42134
42303
42340
42362
42436
42619
42750
42878
42932
43136
43137
43208
43230
43330
43336
43386
43633
43801
43811
43895
43913
44076
44116
44163
44243
44291
44303
44380
44532
44642
44761
44794
44876
45055
45091
45288
45346
45433
45516
45546
45587
45728
45935
45997
46055
46078
46086
46122
46158
46200
46204
46222
46277
46327
46464
46543
46688
46767
46823
46832
46841
46912
46992
47017
47121
47149
47155
47353
47366
47417
47584
47601
47633
47640
47827
47853
48029
48041
48068
48123
48151
48351
48416
48473
48497
48672
48712
48736
48779
48997
49034
49221
49265
49287
49349
49351
49377
49611
49673
49776
49902
49961
49991
50063
50069
50233
50495
50508
50678
50683
50735
50735
50781
50805
50973
51356
51370
51384
51417
51421
51429
51442
51449
51517
51664
51766
51820
51902
51951
52081
52092
52093
52095
52118
52140
52231
52272
52293
52344
52482
52492
52676
52736
52813
53024
53253
53444
53561
53744
53773
53897
53938
53988
54170
54206
54214
54297
54448
54471
54534
54693
54713
54723
54733
54765
54963
54988
54990
55118
55218
55303
55326
55521
55583
55720
55879
55892
55930
55947
55985
56022
56028
56143
56282
56408
56481
56566
56587
56597
56661
56665
56696
56761
56784
56941
56958
57045
57246
57402
57507
57534
57642
57655
57659
57705
57725
57765
57847
57891
57894
57931
57972
58074
58197
58213
58219
58262
58332
58390
58397
58443
58486
58591
58596
58687
58690
58703
58751
58822
58917
59066
59226
59227
59262
59369
59398
59399
59533
59549
59634
59659
59707
59861
59998
60017
60158
60497
60554
60707
60933
60964
61016
61047
61077
61171
61199
61265
61377
61457
61521
61546
61554
61558
61623
61673
61724
61843
61860
61872
61935
62067
62074
62102
62122
62246
62353
62365
62401
62411
62485
62505
62567
62615
62631
62677
62699
62751
62865
63022
63039
63111
63112
63247
63327
63402
63441
63535
63672
63889
64045
64124
64191
64283
64335
64464
64544
64627
64661
64842
64922
65345
65703
65939
66012
66052
66113
66163
66290
66313
66408
66548
66613
66701
67012
67319
67342
67447
67467
67501
67510
67582
67632
67727
67821
67832
67897
68120
68186
68266
68458
68547
68573
68624
68694
68769
68791
68816
68819
68823
68841
68886
68889
68908
68908
68916
68947
68985
68993
69044
69102
69165
69226
69331
69403
69504
69522
69591
69706
69726
69756
69858
69956
69971
70301
70310
70629
70680
70824
71014
71050
71077
71264
71276
71511
71533
71608
71616
71667
71679
71779
71791
71805
71812
71833
71872
71900
72110
72150
72216
72221
72290
72459
72496
72596
72675
72795
72824
72865
72953
72960
72982
73002
73012
73085
73153
73367
73402
73498
73541
73573
73588
73642
73890
74155
74194
74265
74329
74356
74383
74490
74494
74543
74552
74768
74799
74857
74919
75017
75350
75405
75461
75508
75533
75554
75708
75831
75964
75980
76048
76064
76099
76185
76282
76359
76483
76626
76670
76821
77145
77185
77349
77481
77522
77527
77646
77749
77974
78059
78117
78162
78170
78196
78217
78230
78333
78482
78491
78666
78740
78857
79312
79364
79674
79691
79978
80036
80186
80467
80486
80514
80721
80826
80956
80985
81019
81113
81125
81330
81342
81662
81669
81696
81743
81788
81836
81959
82065
82074
82172
82173
82211
82403
82513
82552
82647
82669
82687
82936
83119
83274
83300
83383
83401
83892
84016
84092
84197
84315
84359
84525
84542
84550
84553
84580
84705
84767
84971
84972
84995
85237
85242
85430
85439
85489
85558
85624
85710
85787
85881
85898
85926
85958
86004
86005
86067
86116
86202
86225
86287
86356
86376
86386
86399
86475
86478
86544
86560
86617
86685
86839
86942
86986
87197
87200
87225
87548
87667
87692
87761
87823
87941
88022
88238
88308
88339
88352
88446
88495
88502
88517
88643
88699
88786
89012
89113
89374
89670
89816
89866
89988
90037
90064
90123
90165
90217
90311
90328
90380
90674
90725
90740
90915
91065
91408
91730
91956
92064
92126
92151
92342
92655
92725
92736
92911
92962
92994
93031
93052
93067
93076
93126
93302
93330
93360
93395
93409
93422
93445
93515
93521
93543
93553
93825
93885
94141
94143
94245
94264
94658
94681
94746
94887
94932
94944
94968
95045
95188
95340
95504
95560
95564
95712
95797
96011
96076
96294
96578
96666
96693
96854
96878
96891
96903
96908
96921
97030
97037
97047
97122
97149
97153
97205
97298
97675
97734
97862
97882
97902
98057
98557
98927
99166
99208
99408
99457
99471
99633
99681
99723
99731
99876
99921
100021
100029
100105
100116
100236
100458
100485
100597
100608
100818
100820
100915
101070
101098
101122
101147
101195
101300
101359
101384
101394
101395
101405
101454
101488
101527
101655
101894
101906
101941
102009
102183
102215
102357
102608
102609
102787
102808
102854
102919
103020
103052
103057
103170
103315
103484
103759
103804
103908
103931
103941
103948
103949
103953
104076
104097
104289
104331
104404
104443
104527
104612
104622
104806
104847
104910
105050
105099
105227
105452
105508
105931
105995
106043
106068
106078
106210
106279
106536
106798
106819
106940
106968
106969
106979
107096
107354
107477
107580
107596
107641
107690
107938
107993
108017
108045
108105
108337
108403
108423
108449
108590
108635
108661
108692
108745
108792
109000
109148
109173
109515
109665
109695
109696
110005
110159
110169
110512
110546
110624
111024
111043
111182
111299
111510
111575
111582
111617
111635
111651
111675
111692
111817
112234
112296
112376
112459
112678
113032
113090
113317
113481
113492
113545
113547
113547
113575
113597
113715
113762
113845
114159
114314
114328
114555
114611
114729
114766
114977
114987
115092
115114
115160
115374
115716
116034
116355
116427
116601
116611
116650
117037
117054
117088
117145
117206
117248
117337
117365
117637
117707
117720
117757
118065
118230
118291
118370
118588
118702
118743
118885
118902
118997
119405
119418
119457
119543
119620
119667
119769
119859
119865
120372
120652
120663
120802
120875
121146
121153
121352
121412
121420
121576
121727
121768
121991
122021
122075
122096
122253
122400
122600
122692
122904
122911
122925
122963
123219
123262
123437
123477
123518
123541
123577
123621
123821
123933
123953
124219
124268
124377
124541
124550
124646
124789
124856
125253
125262
125266
125325
125332
125431
125489
125531
125701
125714
125823
126150
126238
126282
126290
126581
126633
126723
126769
127005
127016
127058
127064
127064
127140
127236
127490
127694
127791
127886
127903
128005
128093
128134
128144
128201
128361
128407
128566
128663
128758
128999
129008
129121
129222
129576
129626
129656
129740
129788
129814
130076
130077
130090
130101
130182
130229
130234
130256
130261
130470
130627
130766
130787
130794
130944
131198
131280
131445
131518
131655
131707
131710
131983
132027
132221
132227
132300
132411
132471
132485
132615
132671
132912
132918
132933
133013
133113
133128
133156
133160
133235
133466
133542
133575
133613
133839
133931
133966
133974
134072
134237
134405
134541
134575
134615
134763
134882
134892
134957
135005
135393
135482
135628
135694
135770
135935
136813
136852
136895
136958
136997
137125
137132
137362
137581
137584
137855
138482
138516
138659
138669
138733
138979
139063
139192
139344
139518
139792
139799
139885
139913
140161
140177
140312
140318
140502
140561
140803
140981
140999
141096
141145
141294
141322
141349
141420
141512
141659
141908
141911
142160
142780
143207
143281
143471
143571
143601
143651
143682
143703
143751
143786
143875
143908
143921
143966
144342
144566
144800
144918
145306
145402
145510
145542
145739
145906
145940
146048
146267
146347
146567
146595
146814
147168
147197
147474
147567
147742
147900
147941
147944
148029
148284
148357
148453
148461
148699
149126
149135
149163
149413
149529
149554
149650
149904
149984
150097
150265
150265
150476
150541
150653
150674
150739
150946
150975
150978
151034
151272
151376
151402
151573
151644
151833
151919
151963
152065
152084
152311
152324
152403
152427
152655
152762
152864
152948
153000
153036
153194
153223
153561
153570
153639
153702
153807
153979
154018
154281
154327
154353
154370
154452
154486
154639
154700
154736
154745
154822
154923
154999
155208
155436
155513
155909
155965
156208
156281
156322
156572
156662
156682
156683
156704
156761
156995
157082
157184
157299
157393
157709
157717
157730
157927
158033
158215
158215
158240
158241
158291
158324
158461
158468
159091
159218
159255
159462
159473
159511
159603
159622
159654
159765
159875
159885
159919
159932
159961
160026
160093
160329
160522
160794
161054
161195
161201
161355
161518
161737
161817
162084
162150
162154
162298
162435
162512
162626
162806
162951
163026
163078
163115
163151
163284
163295
163441
163520
163549
163590
163741
163784
163954
164038
164055
164428
164527
164639
164648
164748
164829
164890
164999
165031
165098
165154
165190
165260
165318
165573
165644
165774
165783
166132
166286
166475
166657
166711
166860
167012
167050
167069
167298
167320
167431
167527
167539
167799
168109
168351
168370
168463
168681
168861
169090
169364
169394
169814
169835
169910
169992
170024
170463
170598
170673
170769
170992
171072
171234
171350
171589
171627
171952
171958
172130
172177
172391
172424
172499
172567
172601
172778
173028
173037
173082
173113
173258
173279
173322
173478
173619
173678
173767
173918
174268
174397
174482
174501
174505
174631
174850
174924
174956
175005
175077
175162
175304
175480
175486
175659
175762
175985
176155
176171
176616
176738
176747
176844
176886
177086
177147
177260
177421
177516
177638
178023
178043
178117
178320
178324
178448
178582
178902
179007
179215
179444
179470
179527
179600
179782
179843
180121
180433
181123
181304
181887
181916
181960
182004
182101
182346
182395
182689
182811
183246
183388
183752
183835
183951
183986
184140
184245
184269
184312
184395
184478
184602
184640
184719
185152
185321
185687
186167
186231
186251
186294
186355
187036
187094
187178
187682
187790
187844
187851
187930
188250
188351
188810
188838
188885
188938
189203
189330
189472
189484
189700
189740
189740
189859
189908
189940
190318
190755
190793
191270
191384
191420
191692
191725
191870
192282
192342
192647
192665
192799
192815
193058
193258
193353
193372
193387
193417
193633
193740
194008
194018
194268
194417
194492
194516
194597
194626
194629
195002
195082
195140
195296
195736
196006
196027
196426
196653
196657
196689
196700
196917
197064
197186
197203
197252
197627
197637
197937
198575
198714
199222
199264
200067
200267
200302
200307
200387
200491
200521
200590
200909
200995
201181
201191
201294
201374
201402
201583
201624
201693
202007
202110
202284
202413
202559
202626
202684
203019
203257
203293
203507
203537
203556
203576
203589
203920
203985
204040
204474
204617
204652
205172
205218
205534
205626
205671
205714
205941
205952
206035
206384
206398
206793
206797
206958
207005
207217
207457
207843
207854
208212
208247
208303
208415
208494
208906
209301
209861
210046
210109
210255
210303
210315
210316
210803
210834
210868
210880
210989
211152
211160
211214
211540
211845
212089
212143
212512
212593
212642
212701
213159
213399
214027
214241
214287
214451
214607
215304
215332
215347
215422
215440
215824
216052
216104
216476
216504
216634
216655
216793
217251
217854
218038
218090
218237
218348
218604
219285
219350
219443
219885
220045
220185
220240
220364
220461
220729
220874
220966
221047
221260
221270
221395
221730
221785
222594
222954
223021
223039
223197
223267
223318
223558
223646
223896
224378
224769
224798
224901
224981
225060
225113
225113
225583
225862
225903
225958
226040
226335
226616
226884
227083
227188
227419
228463
228529
228728
228848
228881
229111
229147
229791
229935
230212
230270
230488
230532
231715
232258
232412
232488
232843
232859
232916
233002
233031
233034
233242
234239
234517
234641
234753
234958
235109
235189
235207
235364
235974
236559
237349
238022
239042
239088
240145
240303
240365
240858
240936
241073
241195
241683
241825
241841
241893
242005
242181
242438
242475
242525
242608
243064
243250
243255
243397
243470
243708
243716
243824
243894
244079
244225
244715
244733
244795
244819
244903
244976
245014
245153
245206
245224
245318
245414
245475
245486
245516
246229
246469
246496
246547
246872
247002
247026
247060
247108
247472
247528
247581
247663
247758
248219
248813
248848
249130
249198
249220
249417
249703
249746
249807
249954
250313
250903
251446
251595
252158
252537
253175
253317
253383
254059
254235
254493
254623
254783
255667
255917
256009
256760
256962
257084
257516
257569
257782
258048
258798
259572
259688
259840
260092
260300
260856
261159
261170
261413
261750
262302
262515
262602
262811
263487
263543
263636
263756
263891
264175
264524
264580
264678
264808
264872
265381
265747
265929
266025
266683
266998
267020
267058
267092
267278
267813
269719
269854
270268
270742
271506
273137
273308
273387
273551
273869
275171
275401
276684
276858
277139
277341
277548
277624
277839
278327
278932
279406
280027
280133
281274
281372
281885
282044
282298
282318
282421
282656
282757
282880
283123
283373
283374
283430
284664
285163
285470
286097
286373
287112
287593
289108
289590
289682
289841
290054
290167
290361
291399
291636
291998
292365
294302
294812
294855
295193
296031
296813
297267
297619
298091
298402
298409
298590
298654
299559
299920
299994
300817
300872
301138
301583
301669
301973
301975
302747
303065
303225
303341
303543
304710
305101
305871
306187
306241
306436
306927
307003
308011
308428
309389
311342
311507
311521
311607
311822
312022
312230
312628
313740
314851
315106
315792
316676
317095
317342
318013
318295
318331
319773
320445
320485
321471
321534
321660
322487
322584
322839
322983
323841
323891
324063
324153
324195
324920
325329
326016
326043
326221
327205
327457
327568
329053
331438
331626
331736
331765
332576
333894
336272
337047
337092
337631
337746
339719
340621
342015
344221
344448
344689
345963
347251
348004
348349
348969
349759
349922
350486
350516
352849
354417
357461
357701
357880
358762
359375
359604
360792
360963
361651
365152
366945
367623
368909
370396
371163
372042
372331
373980
376922
378825
383365
384316
386570
386738
387934
388834
389509
390034
391039
392148
393358
393925
393975
395183
395363
396138
396161
396243
398720
399084
399365
399475
401738
402687
402844
403026
411236
412202
412893
413437
413706
414978
416457
417913
418206
419786
419966
421084
422991
423962
425886
429070
429415
431538
433729
437284
438536
441769
442249
447380
449584
451269
454742
460753
461614
462576
469751
473612
487286
503848
504394
504880
511079
561287
