0
0
14
139
197
202
243
429
457
500
914
950
983
1123
1156
1316
1329
1343
1363
1373
1400
1485
1577
1701
1735
1765
1873
1895
1931
1978
2071
2090
2145
2227
2275
2410
2431
2440
2450
2591
2723
2956
3117
3130
3193
3232
3355
3420
3598
3726
3732
3745
3885
3927
3974
4080
4166
4226
4252
4269
4420
4421
4457
4513
4561
4617
4825
4836
4836
4887
4923
5057
5110
5156
5205
5310
5359
5385
5402
5467
5483
5526
5639
5648
5664
5768
5808
5819
5909
5966
6171
6197
6224
6277
6400
6447
6466
6520
6574
6597
6640
6651
6700
6711
6942
6965
7115
7159
7273
7338
7377
7475
7477
7598
7712
7729
7797
8032
8053
8091
8127
8187
8223
8358
8475
8502
8524
8532
8540
8574
8651
8800
8881
8942
8942
9029
9029
9037
9048
9071
9176
9189
9300
9431
9456
9510
9529
9614
9620
9640
9700
9734
9793
9803
9838
9860
9868
9949
9956
10026
10084
10109
10171
10238
10291
10305
10386
10570
10573
10643
10659
10671
10682
10808
10812
11023
11185
11201
11251
11315
11374
11516
11593
11690
11700
11739
11761
11838
11904
11933
11946
11968
12002
12009
12011
12087
12159
12177
12234
12245
12288
12370
12375
12383
12392
12404
12409
12410
12439
12477
12492
12573
12595
12742
12850
12859
12910
12917
12934
13049
13087
13091
13239
13296
13315
13360
13438
13474
13486
13557
13603
13728
13805
13821
13832
13846
13850
13941
14076
14375
14547
14563
14613
14713
14753
14766
14770
14778
14888
14919
14955
14959
15173
15187
15223
15279
15322
15484
15514
15569
15578
15670
15780
15784
15831
15832
15844
16013
16086
16127
16169
16200
16306
16328
16371
16462
16506
16582
16829
16951
17136
17185
17290
17300
17434
17447
17495
17599
17709
17729
17748
17795
17830
17832
17870
17922
17989
18001
18179
18196
18214
18309
18369
18525
18539
18575
18617
18622
18647
18674
18680
18750
18761
18848
18921
18966
18983
19008
19027
19049
19072
19099
19204
19244
19248
19252
19275
19558
19847
19912
19949
19976
20052
20136
20218
20224
20284
20337
20409
20479
20484
20581
20647
20704
20705
20770
20844
20857
20908
20921
20954
20967
20982
21057
21084
21161
21227
21270
21327
21475
21527
21560
21578
21888
21900
22177
22230
22326
22351
22373
22631
22664
22679
22753
22778
22814
22819
22853
22871
22873
22929
22972
23147
23188
23291
23452
23529
23529
23530
23570
23624
23729
23758
23808
23829
23851
23859
23900
24001
24120
24201
24203
24254
24265
24266
24310
24335
24342
24347
24356
24390
24437
24542
24628
24732
24746
24764
24775
24843
24862
24865
24942
25009
25151
25154
25228
25239
25417
25448
25481
25491
25506
25717
25733
25744
25835
25869
25876
25948
26078
26346
26475
26475
26499
26503
26530
26582
26634
26714
26805
26809
26851
26930
27041
27156
27168
27387
27433
27461
27560
27572
27865
27883
27887
28029
28034
28050
28109
28124
28125
28139
28144
28241
28260
28313
28349
28358
28363
28477
28533
28628
28666
28718
28736
28742
28836
28890
28919
28932
28963
29007
29010
29015
29049
29085
29143
29230
29387
29434
29438
29461
29552
29609
29626
29639
29676
29679
29737
29810
29895
29917
30121
30157
30241
30471
30474
30533
30551
30691
30720
30764
30823
30837
30840
30849
30882
30966
31019
31075
31087
31096
31206
31311
31364
31412
31462
31551
31669
31693
31693
31710
31731
31739
31832
31843
31917
31922
32028
32092
32122
32170
32312
32376
32378
32387
32395
32626
32640
32645
32748
32750
32857
32918
32925
33008
33051
33082
33112
33114
33136
33204
33282
33284
33294
33410
33434
33436
33486
33535
33571
33840
33840
33871
33895
33935
33959
34042
34263
34417
34446
34448
34521
34559
34560
34560
34710
34768
34793
34884
34976
35024
35072
35091
35147
35148
35153
35275
35302
35316
35351
35379
35507
35735
35809
35860
35866
35983
36025
36034
36067
36134
36217
36442
36548
36621
36717
36722
36782
36831
36942
36972
36977
37066
37256
37359
37421
37734
37748
37773
37877
37896
37966
38001
38092
38105
38147
38201
38244
38348
38524
38610
38695
38728
38733
38782
38921
38951
39049
39078
39152
39226
39248
39322
39458
39497
39522
39597
39603
39647
39787
39824
39828
39865
39873
39891
39959
40088
40092
40182
40210
40236
40252
40357
40413
40435
40458
40593
40631
40685
40710
40713
40713
40722
40793
40838
40902
40973
41018
41024
41058
41124
41153
41208
41334
41677
41695
41776
41780
41885
42059
42140
42146
42151
42174
42223
42257
42278
42305
42392
42517
42693
42773
42827
42881
42883
42904
42976
42985
43011
43141
43192
43248
43302
43358
43380
43404
43687
43692
43911
43957
44135
44139
44184
44201
44273
44416
44468
44479
44485
44554
44586
44690
44712
44743
44803
45007
45083
45089
45130
45284
45299
45374
45385
45426
45454
45471
45545
45652
45712
45721
45765
45792
45802
45921
45946
45966
46195
46206
46235
46308
46337
46343
46345
46353
46475
46518
46527
46595
46636
46786
46869
46879
46894
46982
47126
47133
47144
47177
47247
47345
47450
47663
47718
47779
47786
47838
47935
47943
47959
47983
47988
48093
48108
48165
48179
48224
48242
48253
48379
48419
48498
48544
48770
48791
48848
48889
48925
49038
49042
49137
49180
49209
49305
49320
49335
49439
49492
49683
49700
49705
49749
49774
49846
49878
49913
49914
50107
50244
50262
50421
50422
50464
50523
50918
50960
51035
51047
51056
51079
51079
51089
51143
51195
51233
51261
51293
51356
51411
51519
51553
51688
51719
51729
51801
51823
51942
51943
52092
52244
52290
52290
52294
52343
52463
52834
52854
52870
53021
53223
53240
53251
53279
53425
53442
53463
53556
53558
53575
53578
53590
53615
53626
53795
53806
53878
54056
54083
54143
54162
54297
54353
54573
54583
54624
54722
54740
54766
54780
54860
54911
55057
55087
55163
55218
55245
55247
55276
55421
55466
55540
55570
55609
55768
55789
55862
55875
55877
55900
56020
56044
56094
56128
56246
56354
56389
56455
56478
56503
56563
56820
56882
56883
56910
56980
56995
57072
57085
57216
57444
57506
57644
57931
58001
58032
58052
58054
58078
58123
58279
58294
58401
58454
58498
58499
58607
58646
58657
58663
58687
58756
58822
58963
59092
59170
59265
59349
59559
59669
59708
59751
59781
59792
59876
59940
60004
60026
60332
60341
60385
60449
60538
60588
60649
60732
60787
60810
60850
60872
60914
60953
60959
60981
61119
61156
61157
61166
61306
61454
61484
61494
61515
61736
61821
61857
61934
61957
62047
62084
62151
62205
62226
62232
62283
62325
62536
62572
62626
62670
62939
62953
63007
63072
63142
63293
63445
63468
63488
63504
63516
63568
63579
63630
63648
63775
63779
63793
63794
63803
63839
63893
63948
63978
64012
64122
64174
64195
64311
64360
64376
64412
64444
64493
64564
64580
64590
64619
65024
65130
65193
65198
65264
65325
65477
65541
65567
65579
65690
65785
65787
65816
65866
65906
65982
65988
66029
66160
66215
66361
66362
66461
66470
66550
66558
66650
66750
66766
66832
66872
66884
66914
67075
67131
67132
67204
67231
67239
67324
67356
67363
67512
67518
67611
67614
67668
67687
67721
67874
67951
67978
68068
68182
68207
68313
68327
68389
68521
68760
68760
68772
68791
68814
68824
69042
69213
69282
69347
69434
69522
69635
69641
69796
69808
69878
70026
70106
70112
70206
70283
70324
70509
70535
70655
70662
70691
70726
70797
70937
70939
70958
70982
70993
70994
71086
71137
71139
71243
71317
71321
71325
71388
71639
71639
71797
71974
72028
72108
72151
72289
72328
72433
72456
72468
72492
72550
72652
72674
72738
72741
72997
73006
73077
73102
73126
73312
73418
73573
73629
73646
73823
73826
73900
73991
74074
74401
74406
74418
74481
74495
74568
74582
74687
74747
74848
75041
75087
75152
75210
75233
75326
75437
75534
75539
75559
75607
75696
75773
75786
75884
75898
75975
75984
76031
76034
76122
76145
76381
76407
76457
76525
76601
76691
76727
76739
76783
76823
76826
76846
76873
76927
77041
77075
77085
77119
77177
77230
77275
77417
77426
77507
77545
77779
77954
78023
78245
78245
78298
78601
78605
78621
78630
78780
78933
78969
79070
79167
79167
79232
79236
79236
79291
79322
79329
79362
79391
79409
79497
79538
79685
79910
80148
80236
80239
80253
80290
80298
80350
80407
80414
80586
80599
80625
80679
80709
80730
80844
80969
81077
81177
81189
81326
81535
81627
81639
81668
81771
81822
81889
81892
81892
81897
82096
82282
82311
82413
82430
82497
82694
82699
82700
82790
82794
82800
82927
82942
82950
82969
82974
83001
83020
83209
83220
83384
83462
83535
83642
83687
83744
83748
83882
84003
84011
84094
84118
84138
84187
84198
84331
84349
84390
84418
84450
84466
84713
84749
84833
84835
84956
84971
84978
85091
85134
85272
85277
85282
85562
85613
85649
85749
85833
85857
86114
86175
86192
86205
86226
86263
86345
86374
86410
86435
86525
86534
86567
86580
86654
86717
86765
86814
86829
86899
86966
86971
86991
87038
87113
87134
87269
87275
87284
87311
87382
87508
87525
87597
87614
87708
87763
88026
88097
88117
88356
88717
88815
88871
88890
88961
89028
89094
89151
89442
89538
89708
89840
89877
89897
90028
90109
90379
90420
90455
90521
90784
90895
91038
91049
91052
91087
91120
91192
91254
91264
91483
91518
91628
91674
91843
91903
92002
92038
92042
92108
92222
92449
92455
92509
92539
92691
92697
92723
92828
92854
93343
93546
93688
93840
93843
93889
94216
94236
94257
94467
94480
94633
94746
94947
95009
95218
95266
95285
95318
95378
95458
95588
95842
95986
96115
96129
96302
96337
96468
96694
96711
96808
96917
96950
96964
96972
96983
97106
97190
97209
97395
97461
97568
97637
97807
97850
98120
98126
98199
98206
98304
98389
98403
98516
98560
98564
98638
98756
98797
99012
99117
99173
99211
99604
99679
99688
99704
99799
99809
100031
100333
100464
100499
100636
100650
100663
100782
100863
100922
100955
101036
101085
101175
101249
101376
101409
101658
101691
101699
101719
101767
101805
101974
102035
102052
102096
102137
102151
102162
102204
102240
102420
102500
102683
102744
102955
103088
103326
103422
103540
103630
103633
103696
103777
103818
104199
104245
104287
104307
104410
104470
104473
104654
104666
104685
104767
104853
104940
104958
105217
105318
105415
105477
105482
105506
105515
105723
105820
105853
106005
106035
106077
106105
106126
106300
106366
106654
106749
106910
106919
106920
106931
106993
107035
107061
107131
107143
107295
107443
107463
107777
107796
107844
107920
107981
108032
108045
108186
108219
108285
108373
108484
108728
109205
109314
109424
109437
109561
109666
109804
109842
109867
109936
109943
109980
110142
110199
110334
110456
110462
110498
110507
110585
110597
110619
110724
110791
110826
110881
110948
110973
111057
111079
111107
111140
111288
111370
111417
111451
111490
111537
111629
111788
111855
111950
111959
112060
112109
112207
112234
112270
112308
112318
112364
112389
112420
112621
112688
112719
112796
113310
113361
113511
113523
113530
113534
113538
113557
113636
113674
113680
113785
113808
113826
113904
113930
114062
114196
114214
114236
114241
114264
114356
114435
114469
114615
114915
114958
114984
115012
115052
115054
115292
115340
115403
115474
115535
115540
115559
115953
116014
116046
116109
116121
116189
116247
116468
116611
116661
116784
116819
116919
117018
117052
117243
117253
117373
117395
117406
117431
117451
117460
117523
117597
117769
117939
117962
117966
118001
118024
118029
118042
118053
118186
118194
118400
118454
118699
118775
118862
119030
119032
119182
119221
119260
119312
119353
119389
119419
119509
119545
120010
120234
120264
120304
120368
120469
120515
120767
120773
120798
120864
120950
121213
121403
121508
121531
121541
121588
121790
122021
122302
122491
122580
122580
122617
122684
122690
122880
122892
122952
122981
123077
123131
123164
123204
123215
123333
123361
123518
123545
123554
123560
123873
123913
124098
124135
124168
124340
124512
124622
124673
124714
124774
124823
125117
125209
125255
125323
125440
125493
125498
125560
125605
125636
125769
125944
125971
126097
126127
126355
126553
126596
126700
126807
126963
126965
127072
127201
127284
127371
127494
127530
127680
127886
127939
127975
128002
128172
128209
128314
128366
128385
128428
128465
128498
128537
128712
128730
129028
129101
129391
129556
129590
129682
129702
129705
129754
129789
130035
130092
130305
130373
130408
130435
130571
130670
130719
130719
130756
130979
131068
131254
131358
131397
131635
131713
131714
131778
131975
132080
132174
132409
132415
132447
132560
132654
132673
132731
132753
132803
132830
133013
133205
133402
133458
133518
133523
133601
133644
133752
133789
133801
134090
134137
134170
134192
134208
134224
134236
134373
134468
134500
134506
134733
134758
134787
134790
134805
134940
134970
134989
134990
135083
135277
135333
135366
135428
135625
135651
135778
136064
136127
136225
136241
136498
136521
136560
136877
137035
137157
137251
137325
137385
137600
137618
137624
137802
137811
138269
138458
138463
138487
138705
138901
139311
139390
139528
139556
139589
139727
139745
139840
139849
140072
140092
140118
140142
140411
140568
140639
140648
140651
140769
140773
140917
141008
141051
141091
141222
141245
141553
141726
141732
141779
141940
142032
142052
142066
142116
142333
142366
142580
142606
142619
142666
142731
142995
143259
143264
143366
143388
143399
143503
143754
143819
143909
143914
144011
144117
144166
144224
144235
144301
144399
144540
144616
144810
144965
145072
145084
145459
145528
145624
145635
145665
145682
145998
146234
146322
146399
146482
146715
146770
147013
147057
147072
147119
147182
147281
147306
147516
147567
147711
147757
147837
147885
147945
148098
148128
148144
148250
148275
148381
148859
148952
149010
149040
149052
149172
149253
149308
149470
149830
149846
149886
149893
150225
150296
150470
150543
150561
150565
150751
150917
150981
151087
151286
151467
151664
151801
151828
152070
152195
152240
152584
152605
152636
152645
152733
152904
153085
153156
153166
153168
153380
153825
153832
153835
154028
154150
154193
154233
154354
154379
154433
154445
154581
154664
154692
154723
154828
154879
154978
154978
155043
155211
155515
155525
155586
155630
155805
155806
155900
156004
156008
156035
156189
156260
156415
156705
157025
157116
157279
157318
157343
157618
157764
157829
157951
158053
158182
158342
158538
158540
159195
159219
159306
159323
160251
160263
160266
160275
160388
160419
160452
160454
160485
160536
160569
160641
160670
160829
160968
161039
161089
161115
161127
161192
161427
161432
161452
161455
161531
161651
161720
161739
161797
162149
162443
162834
163006
163195
163257
163296
163354
163450
163521
163573
163686
163883
163995
164077
164135
164161
164211
164382
164486
164532
164561
164723
164897
164988
165171
165377
165443
165452
165514
165675
165811
165873
165953
166217
166360
166459
166662
166715
166760
166911
166972
167008
167495
167544
167549
167574
167631
167724
167749
167908
167973
168028
168034
168069
168095
168425
168746
168924
168999
169313
169436
169453
169521
169658
169766
169779
169906
169909
169981
169987
170023
170128
170183
170370
170573
170665
170669
170704
170971
170979
171095
171125
171663
171923
171934
172260
172341
172342
172395
172489
172655
172806
172820
172892
172929
173298
173322
173627
173714
173763
173812
174178
174284
174414
174588
174792
174993
174997
175229
175300
175346
175372
175496
175948
176206
176219
176271
176379
176484
176484
176498
176592
176599
176623
176666
176735
176823
176943
177037
177190
177303
177379
177424
177812
177847
177998
178086
178501
178888
179011
179219
179229
179291
179437
179506
179697
179735
179744
179875
180050
180060
180200
180212
180522
180664
180857
180901
180916
181042
181160
181293
181556
181621
181689
181756
181810
181836
181887
181944
182175
182177
182287
182398
182420
182810
182813
183105
183154
183533
183631
183643
183667
183872
184098
184243
184248
184348
184542
184781
185121
185158
185202
185255
185361
185645
185750
185839
186247
186260
186367
186727
186786
186803
186822
187014
187262
187498
187936
188005
188114
188127
188306
188777
188988
189024
189143
189161
189613
189778
189951
189984
190371
190465
190534
190577
190745
190901
190986
191086
191670
191854
192168
192408
192500
192510
192567
192783
192880
192890
192909
193135
193219
193265
193320
193507
193868
194347
195067
195085
195133
195592
195783
195903
196541
196739
196978
197043
197264
197318
197528
197535
197641
197746
197912
198526
198681
198843
198990
199525
199765
199862
199879
200114
200314
200441
200526
200551
200656
200808
201098
201330
201402
201434
201505
201513
201533
201971
202053
202338
202718
202794
202853
202867
203259
203369
203407
203712
203811
203875
204099
204129
204226
204288
204446
204568
204641
204998
205082
205084
205269
205449
205450
205474
205876
205984
205996
206250
206522
206887
206944
207036
207103
207155
207353
207571
207593
207912
207977
208246
209509
209825
209865
210117
210426
210737
210899
210983
210993
211245
211277
211514
212760
212808
213091
213113
213178
213361
213463
213478
213546
213747
213871
214038
214090
214195
214237
214351
214470
214531
214635
215597
215761
215789
215948
215992
216027
216193
216437
216451
216675
216890
216962
217031
217766
217824
217920
217941
217961
218159
218280
218283
218839
219115
219302
219475
219656
219808
220068
220111
220234
220302
220577
221073
221098
221223
221233
221363
221403
221408
221464
221955
222176
222212
222501
223378
223390
223626
223679
223693
223927
224140
224493
224506
224509
224556
224601
224785
225157
225257
225784
225975
226074
226080
226230
226527
226530
226675
226768
227006
227073
227153
227304
227438
227515
227875
227955
227981
227992
228666
228852
228885
229415
229524
229572
229718
229954
230109
230136
230295
230301
230581
230611
230628
230689
230818
231022
231116
231462
231702
231817
231951
232126
232518
232689
232710
232756
232788
232952
233490
234193
234264
234274
234768
235100
235414
235488
235646
235687
235959
236131
236456
236518
236631
236688
237123
237714
237785
237989
238141
238474
238508
238942
239902
240394
240400
240518
240598
240757
240873
241005
241187
241423
241769
242072
242141
242345
242362
242384
242386
242864
242868
243293
243334
243385
243582
243629
243664
243792
243836
243847
244076
244295
244539
244618
244761
244792
245814
245966
246065
246146
246429
246631
246873
246883
246987
247043
247214
248069
248129
248401
248404
248410
248433
248522
248527
248898
249061
249092
249271
249782
249887
250092
250341
250652
250991
251289
251509
251976
252565
252978
253037
253082
253133
253217
253248
254085
254355
254619
255021
255140
255165
255306
255356
255523
255938
256542
256640
256905
256910
256972
257243
257243
257273
257285
257559
257628
258376
258427
258798
259045
259378
259390
259412
259777
260096
260431
260478
260905
261405
262161
262203
262655
262675
262690
263271
263365
263494
263763
264471
264872
265011
265081
265421
265902
266061
266325
266374
266704
266839
267812
268090
268279
268765
268845
269032
269435
269532
269549
270416
270503
270770
270903
270955
270975
271048
271552
271845
271877
271940
272369
272554
272586
272798
272974
273062
273673
273991
274639
274895
275095
276249
276569
277622
277711
277897
278058
278142
278336
278548
278587
278639
278819
278902
279106
279128
279636
279744
280277
280507
280588
280680
281228
281363
282152
282158
282329
284835
285316
285395
285995
286418
287437
287490
287580
287613
287820
288129
288519
288606
288848
289400
289441
290519
290752
291067
291232
291416
291807
292057
292080
292088
292090
292631
293544
293698
293812
294514
294617
295008
295144
295943
296594
296793
297396
297554
297867
297958
298385
298440
298964
299199
299586
299805
300466
300803
300979
301126
302551
302766
303181
303381
303440
304170
304570
305149
305431
305737
306310
306494
306854
307194
307940
308226
309405
309633
310186
310506
310988
311326
311427
311517
311652
312025
312645
312682
312760
313041
314324
314348
314389
314483
315832
316070
316341
317299
318258
318543
318752
319147
319265
319885
321212
322120
322349
323004
323139
323204
323505
323574
323619
323937
324367
324465
324871
325127
325398
325889
325924
327351
327383
327691
328028
328044
328455
328832
328864
329295
329746
330050
331545
331594
332139
332423
333355
333358
334443
334575
334710
334711
334929
335540
335717
336267
336905
337639
338616
338867
338944
338974
339323
339828
340124
340528
341120
341806
342461
343735
343984
345106
345920
345938
347795
348225
348310
348690
348753
350578
350675
351520
351834
352272
353111
353400
353991
355092
355513
355930
358036
358905
359119
360227
360483
362070
363074
363253
363985
364273
364322
365023
367132
367220
367668
367726
369444
369567
370194
370869
372569
375099
375556
376187
378704
380697
380927
384750
387194
387999
391385
393008
394504
394762
395634
395643
400366
401988
405260
409413
410410
410631
412276
418469
419511
423921
424060
424118
424602
425718
426713
427291
427302
427373
428307
432150
433119
436632
438033
439424
440888
441033
441561
444986
451876
453969
454670
457848
462644
466868
477258
480229
483349
484294
490549
492039
493691
516398
520788
526001
526344
529800
561186
575460
618062
641013
642122
