0
0
13
88
106
163
178
282
353
420
448
497
632
660
773
784
825
830
842
889
934
949
999
1022
1027
1058
1067
1104
1176
1286
1291
1314
1322
1323
1579
1677
1716
1719
1753
1758
1944
1961
2002
2065
2123
2197
2221
2294
2344
2345
2419
2427
2462
2469
2494
2520
2540
2600
2613
2615
2667
2675
2724
2838
2850
2966
3014
3049
3099
3148
3153
3203
3229
3263
3300
3308
3406
3438
3446
3501
3504
3512
3523
3659
3666
3670
3718
3813
3825
3854
3873
3882
3914
3937
3997
4136
4143
4203
4207
4302
4333
4409
4416
4442
4481
4562
4634
4654
4726
4864
4872
4908
4929
4947
4977
5140
5163
5348
5455
5486
5502
5528
5578
5580
5664
5667
5685
5701
5718
5746
5802
5845
5853
5991
6060
6112
6131
6136
6189
6229
6235
6283
6326
6336
6338
6518
6530
6554
6594
6733
6763
6853
6884
6917
6930
6949
7056
7076
7142
7181
7195
7207
7227
7228
7264
7570
7622
7639
7672
7733
7844
7851
7858
7901
8022
8027
8117
8137
8159
8165
8176
8204
8212
8227
8244
8245
8254
8293
8358
8412
8421
8639
8648
8671
8894
8923
8982
9040
9104
9163
9167
9169
9173
9226
9237
9351
9400
9474
9528
9613
9631
9632
9722
9725
9751
9752
9784
9792
9792
9845
9921
9995
10054
10152
10227
10360
10482
10558
10742
10824
10847
10876
10896
10947
10983
11000
11004
11145
11169
11204
11214
11464
11464
11469
11547
11625
11636
11762
11764
11792
11798
11820
12039
12047
12108
12110
12124
12151
12226
12257
12258
12371
12423
12507
12511
12562
12604
12657
12681
12725
12861
12930
12980
12998
13029
13044
13076
13087
13124
13189
13216
13232
13259
13297
13313
13336
13343
13353
13391
13419
13471
13631
13645
13653
13668
13690
13705
13727
13739
13740
13853
13869
14020
14083
14185
14206
14249
14451
14462
14468
14489
14513
14640
14694
14716
14739
14762
14791
14792
14818
14918
14945
14985
15040
15055
15101
15227
15229
15318
15544
15600
15677
15696
15712
15808
15815
15850
15854
15888
15917
16045
16170
16223
16267
16321
16357
16389
16440
16444
16487
16489
16544
16565
16777
16838
16883
16907
16910
16916
16931
17012
17077
17110
17223
17258
17291
17451
17458
17472
17480
17524
17561
17563
17609
17615
17725
17906
17907
18072
18078
18132
18184
18195
18247
18249
18259
18327
18330
18361
18448
18499
18507
18618
18621
18753
18810
18891
18926
18931
19005
19012
19079
19138
19149
19201
19255
19326
19372
19386
19392
19397
19418
19543
19568
19688
19853
19895
20057
20065
20065
20080
20098
20106
20115
20301
20347
20432
20457
20465
20619
20819
20896
21082
21145
21161
21181
21278
21315
21421
21861
21974
22035
22107
22121
22130
22246
22361
22362
22500
22560
22579
22618
22622
22736
22795
22803
22835
22858
22917
22949
22950
23018
23058
23079
23182
23274
23280
23346
23360
23504
23552
23579
23617
23618
23618
23682
23795
23857
23928
23969
23983
24137
24168
24207
24219
24228
24314
24347
24365
24369
24402
24428
24442
24476
24500
24552
24606
24655
24740
24755
24873
25020
25109
25127
25309
25356
25391
25564
25641
25661
25686
25712
25844
25852
26036
26110
26164
26255
26267
26292
26331
26400
26440
26574
26617
26634
26637
26662
26680
26764
26764
26794
26886
26888
26922
26937
27007
27025
27029
27102
27121
27141
27147
27199
27326
27347
27422
27434
27461
27463
27505
27560
27561
27590
27630
27749
27836
27841
27844
27859
27960
28020
28106
28220
28222
28287
28312
28319
28391
28452
28465
28481
28523
28537
28567
28617
28740
28787
28790
28905
29058
29093
29104
29119
29123
29331
29563
29599
29612
29709
29770
29774
29823
29823
29861
29941
29984
30064
30083
30171
30285
30425
30436
30468
30533
30550
30600
30616
30648
30667
30725
30780
30811
30845
30868
31142
31163
31206
31264
31412
31501
31542
31557
31561
31609
31677
31798
31806
31808
31809
31819
31845
31857
31907
31963
31994
32141
32213
32270
32290
32310
32365
32377
32396
32420
32454
32520
32603
32786
33022
33094
33100
33110
33187
33232
33245
33263
33322
33352
33380
33493
33514
33519
33582
33613
33655
33682
33694
33733
33764
33791
33800
33829
34107
34144
34268
34294
34330
34335
34433
34442
34527
34551
34707
34864
34879
34886
34945
34946
34957
35085
35163
35193
35210
35229
35230
35318
35323
35336
35378
35444
35499
35522
35704
35726
35847
35885
35919
35923
35948
35954
36004
36116
36133
36162
36173
36214
36242
36315
36414
36451
36454
36458
36764
36836
36955
36989
37101
37143
37194
37200
37222
37259
37355
37405
37433
37447
37548
37593
37643
37739
37839
37992
37999
38115
38198
38243
38406
38427
38524
38536
38566
38579
38597
38640
38696
38721
38728
38795
38916
39017
39049
39107
39136
39176
39261
39329
39388
39391
39412
39428
39503
39615
39641
39684
39790
39823
39828
39921
40207
40215
40229
40286
40391
40484
40486
40493
40499
40575
40583
40593
40603
40624
40716
40718
40722
40752
40823
40974
41039
41062
41113
41127
41192
41440
41451
41459
41540
41548
41670
41721
41745
41768
41861
41884
41903
41951
41988
42016
42024
42136
42149
42160
42207
42278
42294
42313
42342
42396
42398
42485
42516
42550
42583
42614
42709
42737
42829
42863
42892
42924
43037
43126
43126
43138
43279
43281
43370
43442
43500
43508
43549
43600
43607
43608
43612
43733
43767
43819
43854
43877
43925
43996
44045
44065
44147
44164
44221
44239
44270
44341
44433
44439
44515
44519
44579
44581
44718
44729
44782
44825
44844
44853
44900
44996
45060
45149
45184
45225
45354
45418
45461
45480
45483
45498
45528
45554
45557
45591
45750
45853
45856
46089
46133
46170
46301
46356
46374
46407
46431
46439
46481
46565
46660
46847
46859
46968
46973
47035
47145
47160
47267
47473
47477
47517
47654
47698
47847
47894
47915
47966
48006
48043
48098
48316
48327
48441
48448
48494
48593
48612
48615
48616
48639
48674
48720
48849
48859
48893
48915
48926
48956
48961
48972
49000
49012
49013
49032
49037
49056
49103
49171
49314
49400
49432
49483
49518
49520
49568
49626
49722
49750
49801
49839
49840
49881
49885
49927
49930
50109
50161
50286
50330
50491
50516
50666
50671
50699
50710
50798
50847
50870
50944
51008
51260
51324
51328
51377
51489
51584
51615
51657
51726
51732
51760
51771
51797
52017
52092
52102
52239
52319
52381
52414
52437
52439
52484
52517
52585
52604
52937
53040
53048
53059
53101
53155
53177
53478
53480
53530
53587
53601
53607
53670
53933
53993
54074
54078
54211
54227
54330
54379
54390
54442
54487
54859
54907
54982
55045
55165
55262
55272
55414
55415
55420
55499
55519
55627
55762
55790
55813
55848
55870
55891
55960
55971
56026
56032
56048
56143
56194
56228
56416
56494
56599
56697
56736
56787
56852
56887
57023
57063
57106
57131
57134
57136
57183
57183
57351
57352
57353
57382
57522
57552
57600
57648
57674
57745
57757
57778
57797
57817
57867
57872
58006
58025
58140
58142
58148
58199
58223
58247
58258
58284
58317
58327
58392
58478
58492
58500
58637
58662
58685
58702
58724
58758
58851
58989
59017
59034
59064
59162
59171
59176
59177
59260
59292
59423
59439
59488
59949
59970
60017
60037
60191
60223
60263
60376
60446
60503
60548
60580
60722
60731
60760
60781
60801
60851
60909
60944
60948
61001
61017
61025
61065
61107
61112
61164
61284
61285
61292
61356
61365
61398
61450
61605
61630
61648
61653
61716
61761
61780
61842
61849
61860
61931
61959
62071
62075
62138
62171
62284
62305
62336
62369
62437
62452
62520
62607
62860
62895
62951
62972
63028
63039
63048
63057
63221
63228
63329
63398
63443
63468
63470
63511
63511
63529
63613
63642
63689
63762
63767
63807
63921
63947
63987
64022
64049
64076
64099
64123
64257
64320
64335
64338
64415
64474
64484
64624
64760
64817
64854
64988
65137
65246
65325
65326
65406
65406
65411
65421
65466
65496
65543
65613
65622
65684
65696
65737
65747
65751
66085
66272
66333
66410
66412
66444
66551
66590
66681
66711
66763
66784
66840
66851
66905
66920
66932
67043
67064
67110
67164
67304
67493
67816
67884
67895
67901
67963
67990
68017
68022
68074
68102
68121
68263
68377
68436
68608
68681
68717
68766
68831
68861
68888
68897
68941
69124
69329
69348
69356
69357
69358
69364
69383
69501
69852
69968
69989
70001
70159
70207
70239
70258
70295
70338
70361
70395
70477
70488
70564
70600
70603
70782
70861
71091
71099
71133
71166
71262
71270
71316
71343
71453
71458
71627
71726
71801
71841
71891
71911
71936
72031
72047
72087
72115
72191
72315
72398
72433
72507
72526
72540
72540
72590
72592
72723
72778
72830
72898
72990
73045
73307
73373
73428
73461
73514
73642
73687
73693
73725
73790
73930
73966
73992
74009
74051
74111
74117
74134
74161
74167
74213
74504
74530
74548
74573
74606
74639
74774
74795
74797
74907
75101
75217
75238
75442
75652
75669
75730
75969
76181
76223
76229
76427
76462
76566
76659
76700
76711
76759
76770
76773
76865
76880
76904
76916
76942
76964
76997
77070
77219
77230
77236
77392
77396
77423
77438
77477
77496
77641
77781
77782
77830
77846
77991
78008
78115
78281
78310
78416
78459
78506
78760
78874
79065
79122
79191
79199
79296
79401
79587
79770
79822
79830
79847
79939
79965
80001
80127
80223
80280
80368
80373
80418
80511
80546
80552
80562
80630
80716
80926
80932
81128
81136
81178
81237
81262
81296
81481
81483
81548
81570
81597
81648
81656
81689
81855
81877
81921
81924
81980
81987
82044
82047
82188
82243
82408
82442
82491
82609
82616
82661
82673
82704
82722
82762
82840
82894
82934
83021
83040
83211
83255
83266
83277
83515
83563
83666
83812
83881
83979
83983
84025
84029
84141
84315
84417
84595
84619
84727
84826
84848
84856
84947
84987
85060
85063
85144
85154
85248
85368
85400
85504
85579
85611
85883
85912
85919
85945
85984
86013
86043
86114
86120
86130
86351
86453
86462
86484
86518
86528
86809
86923
86957
87050
87259
87330
87501
87577
87673
87873
87917
88020
88041
88043
88120
88309
88392
88419
88458
88589
88604
88630
88678
88708
88835
88899
88939
89018
89056
89081
89082
89084
89187
89200
89202
89238
89348
89466
89507
89566
89587
89625
89727
89736
89828
89949
90062
90072
90127
90172
90219
90264
90310
90430
90435
90439
90454
90497
90553
90628
90793
90809
90885
90910
91029
91114
91148
91155
91237
91297
91339
91494
91509
91569
91591
91614
91635
91648
91744
91926
91941
92001
92042
92104
92120
92150
92280
92483
92520
92587
92674
92708
92717
92751
92818
92832
92981
93007
93138
93148
93227
93304
93336
93368
93409
93538
93613
93674
93704
93709
93918
93944
93974
93975
94199
94231
94282
94307
94326
94357
94441
94517
94542
94607
94619
94664
94788
94925
94980
95098
95265
95478
95568
95589
95618
95709
95729
95884
95886
95888
95909
95920
95991
96015
96018
96117
96132
96161
96241
96366
96476
96795
97008
97093
97113
97208
97270
97332
97359
97362
97387
97427
97468
97534
97553
97559
97563
97661
97687
97693
97703
97799
97878
97888
97952
98034
98125
98149
98182
98221
98286
98324
98472
98490
98571
98599
98698
98767
98851
98869
98873
98896
99022
99255
99467
99485
99533
99590
99600
99744
99841
99843
99935
99961
99983
99997
100009
100043
100146
100155
100208
100285
100376
100563
100602
100629
100633
100674
100691
100849
100952
100959
100966
101149
101410
101458
101500
101552
101609
101611
101619
101667
101759
101807
101868
101892
101904
101909
101956
102077
102196
102200
102240
102405
102465
102466
102483
102613
102623
102812
102834
102838
102878
102917
102987
103086
103437
103513
103660
103767
103812
103906
103950
103992
104051
104065
104225
104298
104398
104434
104442
104589
104593
104597
104615
104668
104803
104910
105029
105096
105103
105151
105158
105271
105343
105374
105554
105596
105599
105687
105757
105825
105928
106004
106007
106044
106193
106228
106260
106443
106550
106610
106630
106675
106779
106818
106906
107000
107023
107068
107201
107294
107297
107375
107438
107537
107620
107732
107734
107747
107766
107785
107803
108202
108211
108216
108299
108299
108318
108339
108467
108485
108499
108668
108710
108835
109125
109208
109322
109551
109686
109745
109906
110174
110287
110357
110433
110446
110494
110539
110554
110827
110940
110985
111031
111063
111108
111130
111159
111177
111197
111219
111249
111295
111309
111315
111396
111426
111520
111746
111791
111907
111911
111921
111941
112059
112083
112158
112200
112429
112446
112479
112544
112550
112599
112652
112709
112831
112887
112946
113068
113200
113300
113355
113356
113357
113360
113372
113379
113548
113625
113643
113789
113829
113983
114182
114381
114455
114473
114645
114684
114781
114785
115005
115363
115493
115686
115715
115862
115898
115919
115945
116023
116094
116116
116308
116314
116335
116579
116668
116807
116829
116845
116901
116927
117020
117114
117241
117258
117263
117321
117328
117356
117478
117546
117556
117576
117583
117640
117749
117772
117829
117949
118063
118074
118098
118102
118144
118264
118270
118527
118552
118599
118693
118697
118923
118967
119073
119086
119106
119120
119194
119561
119573
119834
119859
119914
119989
120001
120017
120103
120124
120226
120439
120606
120834
120933
120941
121038
121072
121133
121173
121255
121359
121472
121532
121586
121702
121709
121868
121983
122174
122344
122354
122706
122778
122909
123067
123072
123166
123298
123467
123524
123552
123595
123650
123703
123746
123843
123847
123905
123917
123956
123968
124052
124232
124358
124381
124398
124501
124586
124604
124755
124770
124975
124995
125167
125180
125306
125349
125387
125441
125473
125491
125599
125686
125744
125760
125889
126177
126308
126477
126478
126490
126671
126672
126689
127012
127093
127101
127104
127211
127382
127391
127636
127684
127708
127763
127791
127907
127909
128014
128058
128097
128117
128169
128350
128453
128467
128660
128665
128764
128809
128849
129037
129091
129116
129189
129201
129235
129246
129485
129493
129539
129776
129790
129793
129898
129933
129980
129981
130345
130361
130365
130486
130505
130526
130610
130678
130809
130853
130855
130880
130939
130980
131023
131244
131517
131693
131827
131847
131861
131926
131960
131964
131987
132080
132187
132247
132283
132394
132609
132644
132691
132722
132747
132791
132957
132960
132976
133024
133062
133145
133146
133430
133599
133810
133961
133981
133990
134019
134125
134202
134243
134326
134457
134609
134684
134734
134768
135010
135105
135136
135191
135238
135449
135775
135837
136041
136078
136330
136337
136355
136355
136431
136474
136586
136602
136636
136702
136824
137007
137013
137153
137290
137411
137524
137575
137587
137691
137702
137758
137852
137855
137880
137891
137923
137924
137997
138017
138090
138115
138302
138424
138600
138659
138722
138935
138981
138991
139146
139185
139324
139480
139564
139612
139673
139702
139839
139903
140113
140178
140207
140276
140302
140324
140354
140405
140561
140626
140693
140725
140775
140882
140959
141042
141159
141191
141511
141738
141936
142007
142604
142780
142800
142922
143024
143062
143177
143278
143359
143440
143542
143632
143752
143828
143834
143837
143911
143914
144073
144215
144229
144307
144422
144428
144444
144542
144610
144711
144742
144799
144829
144869
144886
144888
144943
145028
145055
145190
145212
145263
145370
145670
145780
146029
146126
146234
146280
146401
146421
146552
146563
146610
146664
146669
146744
146752
146862
147074
147097
147107
147404
147406
147536
147713
147789
147898
147921
148135
148157
148173
148217
148231
148485
148661
148716
148787
149218
149259
149277
149316
149452
149541
149573
149650
149695
149968
149982
150035
150288
150319
150427
150522
150768
150785
150944
151134
151187
151231
151259
151311
151405
151437
151444
151524
151696
151737
151806
151925
152027
152054
152078
152119
152269
152298
152302
152318
152335
152594
152631
152670
152823
152986
153093
153103
153135
153140
153268
153330
153337
153382
153427
153630
153684
153735
153925
153957
154186
154296
154610
154646
154724
154823
154856
154906
154926
155037
155132
155142
155721
155774
155774
155863
155874
156047
156282
156315
156336
156337
156487
156519
156603
156670
156676
156714
156778
156841
156874
156917
156934
156951
156967
157307
157433
157711
157855
157887
157972
158032
158149
158167
158217
158256
158335
158492
158505
158529
158530
158551
158611
158664
158834
159099
159111
159188
159284
159309
159379
159521
159615
159747
159932
160194
160223
160317
160345
160362
160424
160451
160537
160538
160719
160781
160794
160828
160986
161133
161263
161431
161563
161773
161872
162112
162136
162158
162539
162640
162789
162831
162997
163113
163118
163208
163299
163358
163803
163891
164125
164170
164274
164358
164406
164450
164763
164771
164783
164866
164866
164984
164990
165135
165280
165352
165389
165419
165795
166198
166216
166229
166500
166556
166712
166786
166815
166917
167032
167063
167102
167240
167292
167360
167380
167391
167478
167478
167515
167534
167535
167555
167616
167624
167626
167699
167743
167823
168074
168200
168227
168233
168541
168723
168924
169130
169154
169259
169409
169552
169695
169739
169909
170037
170050
170093
170103
170115
170416
170457
170483
170512
170598
170602
170606
170618
170630
170706
170994
171069
171088
171124
171152
171183
171188
171211
171387
171544
171600
171625
172025
172028
172091
172103
172271
172403
172762
172819
172939
172984
172998
173208
173224
173229
173423
173456
173477
173660
173672
173744
173764
173823
173927
173929
174041
174125
174357
174375
174388
174479
174532
174570
174637
174960
175001
175219
175300
175567
175661
175702
175725
175904
176337
176484
176533
176614
176759
176924
176933
176954
176955
177006
177239
177307
177340
177418
177543
177772
177808
177867
177943
178071
178163
178240
178313
178582
178723
178771
179072
179328
179450
179455
179586
179693
179818
179865
179974
180013
180266
180272
180384
180429
180567
180600
180747
180770
180780
180805
180897
180936
180937
181088
181094
181175
181199
181205
181208
181292
181491
181603
181760
181795
181851
181894
181946
182062
182110
182283
182291
182448
182472
182636
182640
182852
182902
182982
183044
183115
183173
183443
183444
183513
183620
183665
183726
183890
183961
184016
184050
184175
184205
184305
184341
184547
184840
184873
184927
185053
185129
185210
185350
185363
185385
185411
185504
185606
185723
185766
185793
185939
186003
186034
186173
186313
186519
186701
186771
186783
186826
186927
187063
187078
187087
187219
187261
187339
187437
187565
187591
187876
188262
188396
188476
188541
188563
188804
188820
189011
189103
189145
189203
189309
189411
189476
189774
189783
189887
189984
190193
190289
190335
190446
190497
190525
190788
190850
191014
191016
191070
191346
191475
191645
191694
191702
192316
192509
192564
192649
192804
192972
193092
193101
193199
193396
193397
193891
193983
194123
194147
194152
194225
194384
194435
194454
194562
194741
194846
195051
195120
195685
195699
196885
196903
196916
196933
196947
197019
197113
197120
197164
197305
197413
197415
197427
197799
198074
198212
198379
198511
198546
198609
198630
198843
198944
198961
199074
199199
199363
199555
199779
199977
200054
200353
200374
200601
200629
200743
200820
201225
201298
201461
201622
201639
201776
202199
202252
202684
202895
203216
203233
203392
203461
203525
203617
203896
203969
203996
204190
204254
204380
204672
204685
204777
204980
205130
205247
205541
205689
205712
206120
206148
206183
206231
206262
206414
206815
206890
206935
207298
207461
207535
207827
208223
208480
208495
208846
208849
209520
209741
209870
210045
210112
210151
210257
210444
210521
210688
210743
210831
211377
211440
211600
211612
211612
211644
211706
211791
211964
211984
212239
212248
212362
212398
212484
212594
212667
212747
212781
212976
213025
213049
213113
213501
213537
213682
213730
213892
213918
213932
214085
214160
214318
214354
214616
214776
214802
214988
215061
215173
215198
215279
215349
215486
215652
215728
215787
215803
215986
216532
217058
217149
217206
217234
217251
217368
217452
217596
217695
217722
218054
218602
218665
219018
219039
219186
219293
219457
219469
219557
219909
219919
219927
219988
220474
220607
220802
220893
220978
221473
221775
222078
222084
222114
222138
222935
222977
223143
223221
223657
223807
223843
223998
224436
224449
224553
224721
224751
224771
224911
225044
225079
225104
225406
225970
226029
226101
226423
226564
226599
226702
226948
226960
227005
227244
227507
227528
227540
227741
228152
228304
228323
228391
228423
228459
228588
228613
228751
229034
229093
229138
229206
229620
229623
229721
229983
230451
230506
230508
230835
230895
231031
231242
231799
232022
232062
232167
232180
232188
232415
232880
232995
233142
233233
233354
233372
233620
233847
234214
234367
234520
234546
235322
235410
235421
235515
235519
235786
235966
236101
236236
236290
236378
236498
236596
236792
236927
237001
237204
237277
237537
237641
237827
238030
238032
238447
238470
238491
238586
238692
238769
238833
238865
239010
239017
239109
239438
239844
240315
240569
240684
240909
241057
241175
241332
241353
241413
241683
241708
241753
242570
242701
243324
243456
243517
243544
243743
243893
243967
244406
244473
245148
245352
245939
246484
246606
246906
247412
247599
247613
247635
247726
247884
248263
248592
248658
249221
249428
249620
249745
250263
250355
250449
250516
250878
250927
251102
251119
251186
251222
251477
251485
251850
251898
251964
252637
252723
252972
253114
254091
254194
254286
254344
254523
254773
254858
255323
256278
256295
256427
256460
256813
257029
257243
257448
257686
257923
258167
258272
258295
258529
258559
258566
258659
258762
258810
259185
259188
259275
259751
259887
259921
260486
260755
260836
260992
261016
261197
261198
261629
261807
261932
261977
262219
262221
262631
262755
263197
263223
263665
263917
264894
265159
265638
265663
265997
266206
266373
266550
267002
267638
268015
268777
269021
269394
269525
270159
270360
270751
270774
270780
271011
271056
271093
271145
271219
271375
271836
271969
273272
273306
273336
273426
273704
273805
274324
274442
274517
274733
274988
275142
275265
275375
275384
275713
275845
275849
275999
276055
276222
276368
276395
276469
276590
277003
277164
277211
278499
279749
279879
279919
280231
280288
280363
280429
280471
280607
280762
281989
282175
282591
282669
283250
283569
283946
284635
285137
285387
285436
286079
286314
286789
287019
287205
287236
287796
288074
288143
288395
289978
290150
290548
290600
290849
291030
291954
292034
292311
292590
293293
295190
295554
297401
297718
297924
298029
298084
299129
299418
299751
300005
300325
300573
301172
301176
302418
302502
303024
303057
303575
303946
304401
304627
304797
305291
305421
305482
306381
306523
307525
308931
309925
310513
310760
310858
311273
311458
311891
312464
313011
313082
313205
315562
315644
315928
315938
316573
316839
318829
318912
318944
320201
320355
321142
321301
321599
322567
324173
324808
324809
325175
326281
326864
326994
327437
327450
327708
328563
329120
329541
329630
330343
330429
330440
331045
332379
334145
334580
334672
334850
335113
335478
335578
336981
337850
338003
338502
339282
340272
340634
340712
341306
342415
342634
343438
344478
344984
345865
347781
348619
349071
349208
349380
353619
354185
354383
354994
355657
356915
357012
357308
357809
359242
360941
360996
363289
366072
366548
368731
369594
370095
370425
371125
372675
373035
375842
376482
377990
379135
380333
381894
382289
384216
385289
385578
386938
389528
389844
391277
391393
392106
393191
394245
395793
395992
396514
400008
401773
404073
404604
405986
407276
408457
408489
410500
410651
411316
411807
414033
415438
416462
417640
419410
419993
420141
420342
420879
421278
423668
424127
424937
425171
428917
431859
434273
437779
439907
444432
445420
448425
450492
450984
455502
458316
459817
474516
476721
477357
480084
483286
485663
486439
489206
490192
491112
493419
502092
503141
504271
506681
509884
510738
511200
521904
523282
538009
540286
543301
548992
558021
558906
566564
571673
584878
636822
