0
0
61
83
153
397
410
415
434
523
525
548
587
657
687
721
731
766
834
939
954
1062
1101
1102
1186
1197
1302
1339
1377
1400
1426
1511
1556
1565
1574
1710
1831
1838
1897
1988
1991
2023
2085
2135
2138
2145
2192
2219
2220
2293
2294
2335
2339
2420
2427
2491
2579
2610
2854
2863
3061
3165
3190
3220
3232
3248
3286
3348
3392
3492
3621
3664
3682
3730
3869
3918
3956
3976
3987
4168
4183
4276
4279
4443
4471
4512
4858
5016
5023
5025
5183
5245
5301
5347
5366
5522
5534
5566
5591
5617
5687
5733
5763
5797
5873
5887
5935
5968
6104
6158
6243
6271
6297
6320
6352
6388
6437
6489
6536
6562
6711
6737
6753
6841
6852
6853
7007
7070
7074
7125
7144
7146
7444
7536
7574
7681
7888
7941
7957
8016
8172
8191
8236
8300
8338
8352
8419
8429
8505
8536
8571
8597
8612
8690
8887
8929
9016
9066
9078
9206
9263
9459
9462
9587
9685
9698
9848
9993
10023
10077
10110
10310
10319
10359
10374
10507
10568
10628
10678
10779
10880
11123
11324
11340
11403
11414
11514
11667
11782
11835
11878
11953
12006
12077
12136
12188
12247
12281
12290
12292
12449
12464
12493
12494
12570
12674
12707
12711
12717
12736
12745
12846
12860
12967
13263
13267
13294
13309
13372
13389
13404
13408
13411
13464
13568
13650
13790
13802
13827
13840
13861
13964
13999
14058
14094
14118
14170
14181
14203
14290
14326
14336
14522
14631
14632
14695
14707
14713
14755
14816
14980
15012
15061
15064
15283
15325
15368
15524
15548
15602
15603
15614
15614
15808
15834
15854
15869
15972
16079
16094
16156
16284
16467
16475
16564
16592
16618
16744
16821
16835
16973
17096
17146
17165
17227
17302
17332
17506
17587
17650
17695
17814
17910
18020
18033
18034
18041
18190
18258
18319
18369
18432
18454
18454
18484
18776
19109
19362
19382
19395
19402
19422
19426
19435
19478
19575
19600
19611
19851
19885
19990
19996
20062
20191
20231
20311
20315
20333
20408
20548
20584
20653
20729
20788
20824
20836
20864
20925
20976
21213
21245
21279
21305
21344
21397
21422
21458
21463
21533
21573
21675
21723
21731
21749
21810
21876
22050
22055
22171
22285
22287
22318
22531
22539
22570
22617
22664
22727
22825
22959
22986
23024
23033
23085
23194
23277
23325
23347
23375
23465
23539
23569
23578
23608
23699
23727
23823
23903
23919
23923
24047
24126
24212
24306
24387
24411
24493
24500
24511
24530
24583
24664
24674
24736
24786
24863
24910
24941
25014
25074
25107
25119
25199
25285
25300
25457
25562
25615
25634
25638
25704
25752
25759
25779
25783
25919
25919
25940
25951
26002
26060
26146
26259
26329
26497
26539
26561
26805
26856
26877
26881
27096
27114
27156
27164
27300
27360
27666
27674
27685
27698
27709
27747
27774
27783
27803
27852
28083
28115
28190
28254
28262
28269
28319
28353
28523
28542
28569
28576
28654
28685
28808
28876
28905
29008
29061
29073
29080
29138
29148
29154
29227
29264
29266
29289
29307
29371
29472
29580
29808
29898
29929
29944
29945
30060
30103
30112
30128
30276
30417
30473
30483
30543
30572
30587
30751
30818
30830
30947
31001
31011
31018
31040
31253
31311
31316
31502
31600
31615
31802
31805
31814
31820
31837
31890
31943
32020
32172
32188
32248
32313
32361
32380
32433
32469
32604
32680
32681
32718
32744
32756
32894
33020
33045
33094
33102
33180
33192
33303
33305
33345
33384
33399
33496
33558
33599
33685
33765
33891
33910
33933
33937
34003
34054
34105
34147
34183
34413
34444
34463
34521
34599
34618
34841
34845
34931
34942
34990
35051
35303
35344
35569
35625
35633
35750
35798
35833
35915
35997
36085
36149
36255
36257
36282
36306
36317
36336
36444
36453
36516
36541
36702
36753
36802
37100
37239
37263
37300
37437
37557
37640
37641
37676
37921
37930
37946
37956
38065
38105
38110
38113
38304
38330
38444
38448
38502
38566
38601
38611
38614
38655
38684
38734
38758
38771
38791
38793
38826
38831
38949
38962
38988
39029
39045
39117
39120
39135
39142
39142
39159
39327
39466
39696
39776
39796
39835
39954
39958
39967
39989
40002
40232
40246
40270
40295
40356
40367
40392
40398
40448
40651
40795
40864
40925
40956
40966
41042
41059
41139
41184
41206
41270
41307
41350
41512
41694
41740
41927
41965
42061
42077
42093
42139
42256
42360
42376
42404
42419
42581
42635
42678
42699
42803
42820
42829
42869
42920
42969
43031
43032
43044
43077
43109
43118
43158
43188
43444
43461
43474
43476
43492
43541
43589
43607
43683
43755
43803
43841
43972
44042
44103
44139
44192
44287
44384
44432
44433
44466
44509
44587
44597
44707
44723
44841
44959
44991
45089
45236
45251
45260
45392
45421
45692
45704
45919
46007
46170
46231
46262
46470
46491
46499
46703
46726
47017
47047
47089
47090
47111
47111
47166
47310
47331
47350
47461
47510
47548
47673
47781
47927
47960
47972
47990
48105
48155
48182
48247
48388
48394
48487
48535
48541
48570
48624
48634
48682
48761
48808
48921
48929
48939
48960
48964
49070
49132
49172
49202
49285
49344
49359
49383
49435
49443
49489
49548
49552
49578
49619
49636
49775
49781
49796
49798
49845
49979
50063
50124
50158
50203
50207
50233
50342
50367
50532
50544
50606
50639
50736
50737
50846
50861
50984
51027
51166
51185
51329
51550
51728
51744
51754
51811
51855
51973
51980
52012
52208
52235
52237
52299
52352
52443
52495
52536
52538
52596
52603
52881
52927
52980
53081
53145
53164
53230
53336
53428
53497
53613
53631
53672
53704
53767
53806
53837
53863
53935
54027
54049
54068
54083
54183
54260
54411
54444
54577
54687
54719
54821
54831
54981
55083
55118
55129
55223
55270
55311
55326
55363
55427
55456
55459
55505
55549
55562
55564
55598
55709
55711
55847
55928
56045
56119
56183
56334
56495
56497
56507
56608
56686
56701
56702
56872
56884
57098
57194
57209
57235
57278
57312
57326
57355
57412
57494
57546
57638
57798
57880
57990
58067
58093
58104
58138
58143
58233
58600
58608
58631
58633
58694
58758
58797
58894
58988
59082
59105
59191
59250
59298
59364
59380
59516
59540
59542
59625
59654
59684
59701
59735
59862
59914
60050
60066
60067
60232
60283
60345
60373
60409
60583
60588
60659
60819
60892
60946
60985
61030
61031
61066
61091
61137
61166
61181
61187
61190
61209
61257
61293
61452
61466
61568
61585
61648
61706
61707
61748
61776
61776
61931
62119
62169
62224
62249
62286
62331
62444
62450
62491
62501
62590
62651
62749
62757
62792
62900
62968
63105
63109
63147
63165
63210
63241
63313
63367
63372
63556
63588
63813
63883
64052
64169
64228
64269
64283
64352
64449
64484
64514
64557
64633
64687
64726
64730
65165
65318
65381
65527
65528
65778
65864
65963
66008
66048
66089
66173
66215
66313
66383
66408
66436
66591
66791
66823
66847
66898
66921
66976
67028
67029
67041
67071
67217
67267
67269
67526
67701
67780
67793
68190
68274
68366
68406
68551
68583
68776
68943
68960
68996
69026
69042
69062
69086
69090
69188
69246
69343
69545
69630
69633
69763
69835
69880
69890
69960
69965
69971
70000
70153
70233
70241
70267
70293
70325
70371
70421
70426
70447
70452
70484
70509
70551
70585
70644
70728
70739
70858
70930
70946
71033
71114
71268
71320
71409
71556
71646
71658
71732
71792
71809
72105
72171
72172
72186
72203
72320
72330
72389
72437
72458
72512
72532
72544
72621
72635
72766
72777
72871
72940
73057
73149
73164
73361
73539
73640
73847
73877
73879
74009
74212
74250
74336
74433
74472
74476
74573
74648
74825
74883
74922
75071
75128
75155
75324
75355
75407
75414
75465
75487
75508
75680
75761
75926
76146
76164
76200
76325
76444
76447
76504
76506
76513
76542
76553
76717
76770
76893
76958
77063
77169
77314
77394
77436
77475
77567
77736
77783
77797
77822
77877
77976
78039
78070
78118
78324
78335
78397
78405
78446
78464
78490
78643
78877
79148
79238
79359
79394
79398
79409
79535
79597
79633
79643
79676
79811
79827
79832
79852
79919
80064
80117
80220
80261
80399
80463
80469
80536
80570
80626
80660
80750
80957
80994
81076
81138
81163
81233
81335
81341
81429
81488
81604
81618
81766
81791
81797
81820
81850
81889
81959
82189
82235
82265
82283
82366
82406
82539
82576
82588
82743
82885
82958
83103
83195
83290
83394
83405
83406
83479
83545
83567
83581
83636
83718
83843
84013
84169
84187
84222
84298
84315
84351
84412
84461
84465
84552
84563
84639
84644
84874
84875
84898
84985
85081
85121
85160
85265
85277
85301
85309
85338
85442
85471
85636
85706
85762
85763
85866
85934
86012
86033
86034
86085
86110
86313
86852
86932
87073
87082
87085
87140
87156
87181
87188
87216
87220
87252
87369
87496
87498
87510
87518
87521
87572
87612
87636
87815
87870
87929
88019
88103
88138
88208
88246
88311
88330
88353
88383
88406
88476
88529
88611
88714
88722
88789
88826
88878
88929
88987
89230
89430
89548
89605
89645
89676
89729
89764
89769
89843
89853
89970
89995
90025
90090
90248
90432
90469
90516
90644
90662
90793
90822
90902
91089
91109
91194
91237
91272
91334
91343
91370
91445
91494
91532
91544
91550
91597
91646
91661
91775
91837
91849
91993
92013
92139
92158
92293
92383
92468
92696
92757
92784
92994
92999
93119
93146
93160
93178
93328
93464
93521
93577
93577
93621
93664
93750
93757
93879
93897
93913
93991
94056
94080
94085
94139
94272
94273
94327
94357
94441
94546
94561
94624
94658
94668
94677
94774
94856
94956
95046
95100
95122
95165
95252
95325
95445
95453
95473
95489
95501
95533
95543
95548
95556
95815
95875
95875
95914
95941
95949
95982
96036
96068
96157
96245
96266
96443
96559
96671
96780
96855
96918
97029
97283
97285
97339
97375
97382
97514
97675
97681
97741
97988
98058
98102
98221
98362
98597
98661
98815
98997
99096
99124
99252
99319
99406
99746
99784
99806
99815
99816
99857
99901
99909
99961
100085
100132
100328
100346
100387
100453
100660
100661
100730
100799
101034
101094
101154
101218
101272
101285
101358
101418
101522
101662
101836
101914
102008
102110
102236
102337
102383
102480
102551
102582
102650
102734
102803
102913
102929
103085
103089
103249
103614
103672
103686
103700
103789
103861
103866
103948
103995
104190
104371
104427
104450
104553
104669
104707
104737
104812
104841
104984
105011
105160
105178
105246
105524
105838
106175
106271
106431
106561
106602
106941
107031
107043
107394
107419
107433
107658
107659
107676
107758
107814
107826
108213
108216
108388
108486
108523
108566
108576
108598
108634
108643
108657
108728
108962
109104
109134
109281
109293
109324
109327
109600
109659
109887
109933
110016
110426
110508
110609
110633
110706
110811
110832
111015
111188
111226
111308
111366
111543
111572
111689
111749
111809
111843
111927
111946
111975
111989
112083
112102
112209
112271
112384
112432
112438
112503
112523
112569
112631
112757
112939
113140
113302
113342
113349
113485
113848
113921
114015
114040
114043
114058
114066
114189
114398
114639
114722
114908
115015
115159
115172
115232
115393
115399
115549
115721
115912
116156
116426
116496
116592
116815
116855
116938
117167
117191
117202
117325
117325
117448
117505
117507
117627
117755
117768
117806
117810
117855
117883
117979
118081
118126
118143
118177
118240
118243
118376
118460
118524
118568
118642
118756
118823
118853
118861
119027
119084
119141
119327
119609
119859
119987
120112
120181
120255
120292
120373
120541
120610
120619
120694
120765
120883
120918
121005
121266
121345
121493
121507
121622
121812
121873
121900
121916
121956
122035
122056
122123
122155
122191
122289
122324
122412
122782
122805
122887
122999
123163
123188
123282
123368
123371
123549
123629
124026
124183
124206
124299
124381
124389
124543
124555
124706
124831
124899
124905
124909
124925
124989
124993
124995
125018
125026
125114
125327
125421
125621
125647
125683
125710
125784
125926
125943
125967
126274
126394
126508
126683
126724
126750
126754
126861
126976
127022
127153
127272
127443
127545
127591
127603
127632
127808
127819
127922
127996
128063
128243
128366
128381
128429
128437
128452
128567
128571
128603
128658
128770
128786
128793
128853
129017
129087
129247
129497
129508
129623
129778
129883
129984
130212
130282
130474
130477
130493
130571
130681
130687
130798
130816
130991
131130
131164
131298
131467
131468
131536
131707
131771
131787
131978
132190
132355
132526
132679
132780
132825
132855
132924
132987
133004
133121
133243
133262
133389
133410
133433
133641
133648
133804
133832
133872
134152
134165
134190
134221
134222
134365
134539
134611
134643
134709
134905
134907
135044
135075
135086
135103
135112
135312
135321
135350
135459
135483
135486
135595
135880
135951
135967
136265
136394
136473
136549
136627
136645
136708
136856
136868
136887
136944
136958
137010
137318
137409
137439
137448
137551
137830
137839
137839
137922
138052
138119
138130
138140
138170
138219
138221
138297
138415
138613
138624
138762
139131
139162
139466
139487
139492
139752
139800
139881
139881
140157
140326
140349
140419
140444
140453
140497
140499
140536
140585
140673
140729
140783
140842
140911
141083
141109
141241
141253
141284
141372
141400
141642
141675
141729
141784
141803
141821
141984
142010
142198
142246
142301
142460
142747
142776
142974
142981
142995
143569
143813
143834
143887
144002
144351
144381
144457
144544
144600
144643
144724
144746
144990
145139
145237
145325
145425
145695
145918
146131
146193
146205
146311
146323
146462
146811
146824
146926
147252
147253
147297
147447
147469
147553
147576
147898
147902
148051
148077
148254
148482
148527
148980
149187
149199
149365
149489
149532
149563
149577
149615
149956
149993
150025
150124
150226
150254
150472
150474
150577
150602
150681
150712
150814
151197
151217
151217
151423
151517
151673
152242
152434
152600
152631
152755
152936
153060
153104
153105
153205
153218
153288
153299
153370
153460
153816
153823
153886
154001
154098
154644
154706
155024
155426
155548
155684
155775
155866
155919
156068
156099
156486
156504
156510
156610
156659
156758
156980
157127
157186
157216
157275
157309
157409
157421
157473
157648
157680
157707
157797
157860
157911
157920
157940
157944
157994
158008
158016
158099
158280
158425
158544
158568
158569
158668
158784
159055
159062
159105
159152
159312
159421
159528
159552
159634
159889
159970
160064
160071
160109
160201
160314
160552
160570
160678
160782
160805
160833
160977
161256
161369
161409
161455
161598
161844
161915
161918
162064
162197
162428
162454
162483
162572
162588
162590
162602
162634
162979
163047
163179
163229
163491
163524
163649
163716
163758
163789
163906
163944
164426
164483
164647
164678
164687
164781
164878
165026
165193
165252
165271
165520
165536
166169
166468
166487
166498
166514
166550
166664
166807
166924
166948
167049
167364
167572
167713
167798
167834
167849
168100
168527
168655
169006
169128
169187
169224
169662
169689
169756
169865
169973
170065
170173
170256
170260
170302
170354
170408
170460
170946
171097
171288
171362
171390
171421
171449
171465
171541
171568
171578
171605
171644
171963
171970
172053
172277
172400
172586
172986
173070
173188
173431
173510
173528
173563
173625
173705
173741
173986
174268
174448
174504
174637
174675
174915
174940
175321
175354
175515
175573
175750
176488
176526
176714
176795
176894
176925
177165
177364
177663
177762
177765
177929
178408
178466
178507
178528
178562
179267
179268
179323
179712
179730
179813
179919
180111
180178
180188
180206
180227
180237
180504
180513
180983
181024
181029
181079
181090
181332
181787
181843
182209
182296
182383
182483
182629
182680
182708
182915
182967
183128
183144
183465
183489
183541
183656
183837
184005
184545
184583
184813
184844
185165
185246
185312
185352
186015
186508
186597
186691
186803
186815
186900
186994
187134
187181
187238
187251
187315
187344
187432
187540
187542
187801
187875
188052
188322
188370
188531
189448
189648
189725
189738
190089
190349
190384
190416
190425
190504
190565
190658
190693
190730
190730
191030
191113
191197
191263
191329
191387
191422
191479
191504
191522
191769
192038
192570
192805
192918
192941
192992
193262
193285
193347
193662
194022
194196
194547
194576
194599
194719
194867
195105
195216
195369
195552
195563
195877
196110
196130
196205
196283
196322
196365
196764
197283
197474
197567
197803
197870
197900
198125
198553
198593
198718
198910
199012
199043
199222
199288
199501
199623
199841
199910
199957
199968
199976
200277
200551
200588
200601
200608
200882
201099
201357
201435
201728
201967
202178
202266
202326
202533
202562
202590
202815
203018
203040
203084
203470
203794
204254
204495
204567
204595
204647
204730
204831
204935
204964
205181
205325
205547
205752
205998
206129
206258
206420
207049
207060
207080
207175
207187
207894
207921
207973
208245
208318
208501
208637
208818
208883
210070
210120
210224
210314
210479
211018
211182
211342
211416
211970
211994
212111
212116
212704
212782
212793
212874
213250
213312
213421
213469
213599
213610
213663
213709
214452
214455
214747
214821
214855
215367
215469
216128
216223
217201
217471
217605
217699
217973
217981
218307
218574
218843
218960
219001
219077
219113
219150
219265
219539
219654
219657
219849
220120
220367
220584
220623
220629
220689
221082
221302
221311
221369
221403
221569
221617
221702
221746
221843
221873
222169
222532
222698
222818
222854
222992
223060
223389
223519
223612
223686
223892
223899
223917
224753
224991
225505
225757
225882
225982
226082
226091
226270
226425
226430
226730
227070
227194
227260
227379
227449
227528
227601
227617
228304
228384
228883
228886
229148
229680
229940
229961
230176
230289
230307
230554
230707
230939
231056
231430
231684
231936
232182
232217
232581
232645
232702
232773
233444
233564
233807
234120
234315
234393
234611
234684
234840
235081
235496
235574
235725
235734
235992
236315
236349
236450
236529
236790
237149
237169
237244
237492
237527
237541
237799
237933
238395
238548
238841
239023
239660
239686
239859
240005
240124
240141
240235
240235
240742
241013
241098
241305
241578
241581
241710
241849
241853
241854
241999
242042
242069
242328
242350
242528
242608
243191
243547
243615
243804
244226
244412
244476
244628
244774
244945
245512
247008
247147
247177
247201
247243
247281
247303
247350
247370
247378
247414
247494
247517
247606
247675
247847
247974
248116
248322
248342
248663
249286
249328
249370
249628
249677
249820
249859
250557
251520
251717
251731
251956
251998
252217
252325
252581
252859
253071
253474
253751
253763
253794
253852
254255
254431
255014
255364
256144
256262
256272
256515
257012
257040
257290
257869
258112
258226
258287
258379
258452
258522
259309
259316
259357
259438
260071
260256
260307
260407
260661
260868
260891
261095
261100
261263
261291
261779
262458
262570
262772
262901
262922
263125
263540
263724
264171
264334
264721
264760
265620
265740
265879
266639
266722
266832
266898
266919
266935
267170
267358
267637
270048
270156
270872
272045
272109
272376
273069
273089
273419
274888
274903
275127
275158
275486
276440
276486
276587
276839
277010
277372
277742
277806
277913
278260
278805
279516
279676
280060
280919
281187
281242
281252
281851
282709
283408
284377
284587
285222
285558
285717
286095
286253
286757
286812
287067
289247
289732
289742
290076
290241
290466
290785
292276
292658
292750
292935
293102
293204
293477
293867
294202
294732
294833
294893
295361
296218
296414
296551
297389
297753
297819
298121
298663
298817
299036
299131
299601
300224
300229
300536
302054
302221
302240
302661
303212
303221
303286
303508
303762
304057
304943
305239
305335
305435
305633
305696
305696
305756
305775
305824
305967
306032
307081
308018
308155
308470
308512
309126
309328
309803
310083
310143
310731
311121
311856
312697
312736
313087
313392
313691
314438
314486
314828
314987
315031
315463
315880
316542
316665
316845
316880
317131
317577
318028
318248
318294
318478
318596
319580
320567
322116
322173
322209
322394
323548
323668
324046
324339
325775
326804
326893
327493
328313
328992
329017
329924
330226
330717
331177
331200
331314
331666
331752
332186
332191
332954
333588
333730
334359
334367
334552
334831
335397
336122
336157
336940
339566
339737
340234
340311
341288
341561
341667
341716
342263
343520
344025
346123
346137
346459
346705
346883
347692
350089
350750
353564
354959
355093
355134
355647
356049
356312
356488
357272
357276
357673
359247
359360
359683
359935
360393
361881
361961
361970
362232
363091
363167
364202
364501
365073
365973
366214
366615
367911
368135
370400
371662
372540
372819
374261
376035
380169
381341
381505
381848
382119
382274
382344
384403
384982
386122
386544
387405
387809
387902
388448
390119
390715
391211
391634
391688
391702
391860
394011
394671
396760
399243
399883
400547
401008
401334
402695
404386
406626
407583
412208
413954
414183
414426
414900
415106
415240
416565
417886
420439
420955
421065
421870
424109
424249
425654
430877
432028
433097
434542
437432
437784
438236
447198
450239
450439
454394
459812
461554
463747
465227
474448
476454
477120
479503
481691
483885
490857
491177
491681
493255
495086
496937
497989
507492
509903
512054
513655
523682
538701
541706
543184
545354
567066
567111
574906
587062
600582
603003
605042
639484
