0
0
78
97
117
124
182
223
280
326
503
513
592
651
718
718
762
782
864
898
948
988
1012
1020
1099
1138
1166
1280
1287
1360
1394
1440
1443
1447
1459
1462
1477
1489
1520
1557
1560
1566
1690
1816
1822
1833
1902
2007
2013
2019
2028
2040
2062
2077
2121
2170
2234
2255
2356
2386
2407
2445
2450
2466
2540
2586
2638
2722
2850
2889
2961
2990
3108
3122
3218
3299
3451
3456
3558
3626
3679
3680
3843
3925
3946
3965
4068
4177
4190
4436
4492
4492
4492
4496
4508
4617
4665
4682
4794
4857
4940
4945
4967
4989
4991
5019
5050
5062
5063
5124
5155
5157
5175
5302
5352
5429
5448
5454
5538
5606
5638
5690
5712
5718
5730
5790
5819
5852
5921
5967
5976
6002
6075
6097
6118
6123
6217
6273
6274
6345
6388
6395
6425
6469
6595
6617
6676
6680
6763
6784
6794
6838
6849
6895
6905
7017
7064
7069
7166
7206
7227
7276
7296
7304
7338
7357
7390
7393
7420
7426
7473
7491
7567
7605
7621
7645
7700
7795
7824
7872
7878
7881
7887
7929
7981
8000
8013
8021
8021
8024
8043
8136
8150
8188
8190
8245
8277
8303
8319
8339
8341
8361
8373
8376
8396
8511
8520
8529
8630
8690
8726
8733
8818
8916
8956
8998
9015
9139
9164
9206
9207
9207
9213
9236
9248
9260
9361
9369
9387
9413
9435
9441
9462
9470
9477
9586
9655
9792
9812
9841
9951
9998
10019
10025
10094
10150
10273
10299
10301
10332
10353
10402
10458
10472
10485
10491
10534
10534
10608
10640
10734
10750
10839
10927
10994
11022
11048
11175
11178
11361
11400
11402
11487
11538
11542
11579
11618
11622
11627
11721
11725
11833
11891
12008
12048
12072
12079
12224
12228
12279
12392
12409
12444
12567
12604
12613
12625
12723
12812
12832
12864
12909
12945
13011
13011
13055
13055
13086
13113
13139
13164
13165
13184
13233
13250
13281
13296
13307
13323
13323
13324
13375
13379
13405
13437
13647
13665
13702
13762
13809
13811
13824
13848
13906
13927
14018
14035
14067
14107
14135
14155
14195
14204
14206
14225
14250
14265
14272
14272
14288
14317
14330
14339
14340
14355
14361
14403
14419
14552
14582
14718
14759
14831
14895
14944
14973
15107
15147
15192
15288
15320
15343
15353
15397
15412
15487
15494
15511
15552
15859
15861
15868
15917
16009
16033
16063
16128
16173
16175
16225
16259
16301
16302
16367
16465
16477
16547
16615
16626
16705
16736
16783
16820
17024
17045
17065
17097
17195
17206
17258
17272
17355
17362
17363
17373
17442
17521
17572
17575
17615
17675
17681
17765
17776
17788
17811
17850
17948
17991
18078
18101
18127
18189
18218
18224
18232
18271
18285
18294
18336
18375
18388
18409
18580
18616
18733
18741
18799
18844
18867
18952
19020
19034
19074
19114
19131
19143
19257
19280
19294
19302
19399
19425
19437
19518
19546
19570
19577
19598
19657
19660
19724
19741
19805
19809
19922
19967
19984
20021
20034
20259
20282
20299
20352
20450
20472
20488
20531
20546
20583
20589
20640
20665
20667
20765
20767
20786
20790
20797
20905
20910
20918
21031
21247
21276
21277
21287
21363
21377
21384
21404
21421
21460
21502
21509
21514
21538
21558
21684
21700
21707
21760
21779
21796
21799
21800
22000
22022
22071
22083
22128
22160
22248
22285
22332
22367
22458
22482
22491
22498
22539
22576
22587
22592
22644
22671
22704
22928
23029
23056
23079
23116
23169
23194
23211
23232
23245
23260
23262
23305
23311
23321
23336
23347
23366
23399
23406
23481
23501
23523
23593
23594
23666
23700
23761
23815
23950
24088
24131
24203
24227
24228
24258
24325
24353
24363
24385
24426
24546
24575
24690
24758
24833
24896
24910
25011
25094
25132
25140
25298
25316
25336
25336
25338
25347
25432
25473
25578
25737
25764
25813
25868
25876
25927
25947
25975
26026
26073
26104
26179
26264
26284
26311
26510
26723
26734
26742
26831
26839
26864
27032
27087
27151
27241
27266
27281
27284
27338
27499
27511
27511
27574
27598
27677
27682
27823
27845
27867
27959
28012
28024
28037
28066
28073
28086
28112
28126
28172
28194
28430
28452
28519
28583
28611
28681
28683
28730
28754
28836
28843
28896
29009
29014
29037
29056
29074
29173
29239
29252
29257
29273
29283
29420
29646
29760
29768
29847
29881
29934
29951
29961
29985
29987
30029
30039
30084
30095
30291
30317
30419
30423
30425
30446
30473
30570
30604
30626
30647
30673
30713
30743
30770
30776
30782
30823
30841
30897
30947
30998
31089
31089
31103
31148
31152
31242
31418
31419
31426
31429
31556
31580
31661
31746
31808
31851
31864
31913
32197
32217
32223
32237
32324
32329
32403
32412
32479
32568
32569
32645
32663
32785
32815
32828
32845
32902
32909
32979
33067
33187
33207
33238
33256
33309
33556
33605
33717
33758
33763
33763
33791
33872
33889
33939
34035
34036
34045
34074
34079
34138
34186
34247
34274
34289
34304
34317
34318
34333
34351
34371
34471
34481
34573
34680
34699
34707
34738
34820
34845
34890
34900
34913
34986
35055
35169
35187
35206
35215
35247
35247
35372
35376
35436
35494
35496
35515
35530
35571
35608
35662
35724
36008
36041
36088
36113
36149
36152
36181
36191
36263
36287
36305
36403
36410
36428
36504
36526
36597
36808
36829
36905
37003
37057
37099
37119
37202
37259
37264
37371
37373
37394
37394
37411
37432
37489
37516
37598
37620
37634
37646
37680
37683
37689
37707
37743
37748
37771
37812
37817
37843
37876
37894
37948
37991
37992
38036
38074
38096
38108
38143
38201
38222
38224
38436
38460
38522
38549
38586
38610
38636
38684
38797
38899
38961
38970
39078
39133
39150
39267
39287
39330
39377
39596
39624
39635
39702
39804
39845
39898
39919
39989
39991
40055
40058
40073
40093
40110
40138
40181
40197
40219
40270
40280
40299
40346
40355
40379
40397
40455
40466
40711
40770
40808
40885
40904
40984
41136
41174
41280
41296
41391
41541
41583
41697
41725
41784
41879
42003
42013
42081
42121
42173
42211
42239
42257
42308
42394
42458
42478
42487
42492
42522
42562
42568
42569
42574
42585
42665
42696
42756
42825
42852
42877
42933
42986
43034
43049
43065
43070
43110
43124
43143
43146
43243
43244
43446
43491
43497
43513
43656
43677
43684
43699
43746
43751
43759
43767
43886
43949
44013
44075
44089
44135
44139
44172
44225
44300
44321
44327
44366
44421
44494
44529
44589
44659
44682
44689
44888
44897
44929
44948
45081
45250
45283
45286
45337
45345
45346
45362
45372
45456
45462
45465
45577
45601
45610
45651
45651
45677
45744
45827
45882
45894
46037
46077
46090
46109
46114
46135
46166
46201
46202
46331
46378
46379
46422
46549
46636
46667
46701
46720
46912
46920
46956
46974
47054
47054
47298
47363
47379
47402
47413
47492
47545
47641
47727
47796
47815
47847
47980
48064
48182
48203
48256
48281
48290
48353
48433
48453
48469
48483
48630
48674
48709
48726
48733
48742
48750
48760
48798
48809
48809
48815
48816
49142
49143
49163
49178
49184
49198
49203
49205
49215
49288
49330
49391
49440
49503
49842
49882
49887
49953
49967
50083
50100
50131
50189
50280
50300
50303
50308
50394
50410
50611
50629
50630
50640
50647
50700
50725
50739
50758
50759
50776
50823
50907
50927
50942
50944
50947
50953
50997
51134
51267
51271
51401
51412
51599
51612
51640
51642
51680
51707
51770
51774
51811
51890
51904
51936
51979
51993
52001
52040
52075
52089
52103
52118
52221
52284
52396
52432
52453
52456
52565
52576
52671
52698
52701
52821
52835
52862
52871
52967
52976
52980
52981
53113
53127
53150
53188
53241
53277
53309
53316
53334
53384
53559
53571
53647
53650
53662
53704
53710
53754
53773
53852
53874
53908
54005
54024
54038
54040
54041
54044
54045
54195
54202
54262
54304
54359
54392
54411
54441
54508
54531
54562
54618
54650
54657
54694
54724
54773
54841
54901
54955
54962
54989
55026
55027
55115
55138
55168
55171
55210
55211
55215
55256
55273
55331
55343
55374
55492
55493
55526
55557
55609
55624
55732
55887
55893
55930
56027
56161
56169
56176
56241
56242
56305
56312
56322
56347
56363
56417
56494
56533
56542
56579
56656
56688
56700
56964
57032
57107
57113
57171
57191
57366
57410
57481
57485
57500
57561
57564
57655
57700
57850
57868
57916
57919
57926
57954
58035
58040
58082
58103
58155
58185
58190
58245
58255
58297
58321
58323
58338
58351
58403
58410
58431
58472
58553
58580
58590
58637
58748
58823
58911
58930
59000
59068
59096
59122
59131
59152
59154
59194
59224
59281
59295
59355
59414
59490
59491
59634
59639
59715
59738
59869
59907
59915
59936
60010
60015
60052
60101
60161
60210
60224
60244
60246
60282
60408
60446
60466
60505
60508
60570
60591
60592
60666
60683
60741
60763
60782
60785
60818
60858
60869
60958
60980
61000
61024
61086
61129
61147
61222
61231
61236
61247
61276
61301
61346
61402
61407
61464
61655
61672
61678
61695
61758
61760
61775
61827
61867
61900
61958
61960
61960
61972
62027
62054
62145
62197
62211
62391
62402
62411
62550
62566
62594
62642
62667
62691
62717
62745
62775
62831
62863
62906
62937
63021
63133
63152
63187
63190
63216
63222
63300
63311
63315
63390
63397
63404
63565
63683
63700
63733
63746
63776
63779
63784
63898
63941
63988
64041
64042
64313
64367
64421
64422
64450
64543
64619
64671
64679
64721
64785
64933
64942
64958
65117
65316
65360
65370
65386
65430
65549
65786
65789
65818
65827
65833
65891
65948
65998
66065
66226
66237
66267
66310
66345
66423
66462
66497
66539
66542
66728
66747
66770
66780
66801
66809
66847
66878
66881
66970
66975
66977
67056
67089
67131
67184
67304
67359
67373
67379
67385
67427
67560
67677
67703
67710
67750
67802
67810
67812
67858
67862
67900
67994
67997
68050
68059
68073
68074
68109
68112
68186
68200
68267
68274
68349
68403
68430
68440
68448
68558
68603
68630
68674
68708
68840
68875
68933
68941
68993
69015
69045
69108
69158
69164
69223
69273
69358
69367
69373
69545
69587
69673
69681
69739
69845
69855
69891
70040
70047
70179
70182
70247
70253
70276
70369
70440
70497
70537
70538
70642
70728
70763
70816
70856
70948
70954
71198
71202
71226
71300
71419
71445
71597
71651
71730
71734
71750
71765
71804
71841
71860
71902
71923
71974
72055
72373
72412
72437
72453
72538
72638
72651
72690
72695
72712
72757
72762
72808
72943
72993
73102
73121
73121
73127
73153
73186
73244
73285
73319
73327
73342
73357
73385
73413
73421
73422
73422
73437
73476
73489
73508
73536
73622
73689
73699
73739
73740
73767
73780
73793
73833
74000
74028
74070
74076
74111
74161
74180
74181
74337
74361
74371
74397
74444
74450
74505
74517
74538
74543
74566
74584
74585
74779
74789
74838
74878
74889
74897
74939
74993
75009
75039
75149
75183
75414
75436
75481
75591
75598
75647
75695
75838
75842
75904
75991
76062
76074
76083
76112
76131
76165
76192
76231
76334
76337
76381
76500
76518
76600
76633
76655
76715
76797
76875
76885
77112
77155
77165
77261
77328
77346
77356
77365
77380
77385
77420
77504
77507
77514
77566
77663
77753
77790
77802
77881
77886
77952
77962
78000
78019
78081
78156
78182
78202
78285
78300
78312
78314
78426
78562
78603
78615
78735
78744
78765
78772
78794
78837
78849
78912
78950
78999
79106
79148
79153
79171
79221
79230
79231
79236
79349
79352
79447
79594
79643
79681
79742
79785
79790
79793
79834
79848
79881
79960
80057
80075
80106
80144
80274
80275
80297
80320
80421
80483
80502
80621
80623
80683
80710
80719
80751
80804
80858
80874
80946
80975
81036
81077
81171
81175
81211
81266
81315
81331
81371
81419
81420
81450
81452
81491
81497
81531
81543
81550
81551
81607
81613
81650
81778
81832
81870
81883
81919
81968
82116
82153
82156
82231
82250
82271
82353
82420
82583
82645
82661
82708
82734
82749
82778
82816
82816
82913
82950
82956
82974
83087
83141
83193
83210
83327
83331
83389
83406
83543
83609
83664
83720
83766
83815
83863
84062
84350
84397
84488
84500
84526
84539
84611
84612
84768
84814
84889
84996
84998
85008
85011
85067
85127
85159
85291
85370
85406
85487
85518
85521
85556
85621
85627
85748
85765
85776
85810
85851
85933
86048
86134
86148
86168
86252
86274
86372
86451
86483
86570
86622
86738
86740
86756
86792
86808
86848
86901
87071
87098
87106
87141
87202
87222
87232
87237
87248
87255
87273
87424
87431
87470
87474
87522
87527
87533
87538
87564
87617
87808
87812
87833
87906
87914
87934
88023
88023
88033
88148
88179
88257
88290
88306
88334
88339
88364
88409
88480
88559
88659
88678
88687
88714
88756
88766
88871
88916
88939
88964
88967
89025
89044
89137
89196
89201
89384
89406
89414
89457
89643
89709
89816
90039
90111
90216
90249
90253
90259
90288
90357
90391
90605
90696
90746
90799
90841
90870
90980
91069
91124
91177
91181
91199
91232
91239
91328
91377
91404
91462
91481
91516
91559
91591
91733
91820
91912
91947
91988
91999
92004
92060
92061
92069
92185
92187
92190
92231
92258
92261
92267
92340
92388
92452
92480
92524
92542
92574
92744
92844
92862
92886
92889
93028
93117
93156
93159
93160
93289
93320
93357
93395
93482
93489
93510
93539
93564
93597
93616
93690
93788
93932
94041
94047
94062
94094
94110
94126
94157
94163
94183
94189
94213
94220
94309
94385
94441
94442
94506
94625
94749
94846
94893
94966
94982
95008
95025
95085
95109
95128
95129
95147
95216
95329
95340
95343
95428
95545
95602
95610
95613
95754
95761
95764
95785
95808
95989
96187
96221
96260
96300
96366
96482
96595
96805
96809
96950
96953
97015
97016
97017
97035
97167
97193
97235
97237
97259
97267
97477
97486
97493
97637
97814
97842
97846
97853
97936
97955
97958
97976
98002
98052
98062
98074
98081
98081
98098
98101
98114
98219
98305
98318
98342
98389
98428
98457
98498
98593
98807
98900
98929
98942
98983
99013
99020
99225
99248
99263
99338
99440
99537
99559
99609
99615
99708
99980
100061
100092
100095
100106
100122
100126
100188
100235
100278
100283
100312
100325
100388
100495
100572
100605
100662
100680
100690
100713
100797
100861
100907
100993
101130
101272
101288
101395
101406
101426
101430
101631
101673
101735
101753
101785
101855
101936
101983
101984
101987
102082
102088
102093
102198
102216
102218
102262
102424
102437
102584
102593
102616
102721
102773
102803
102874
102947
103020
103078
103090
103107
103155
103200
103291
103338
103411
103457
103492
103628
103655
103676
103789
103806
103903
104034
104042
104054
104056
104098
104130
104134
104200
104238
104240
104304
104360
104372
104595
104616
104634
104725
104739
104775
104811
104849
104859
104924
104961
104973
105003
105032
105062
105262
105276
105467
105510
105703
105848
105865
105919
105943
105971
105975
106371
106374
106459
106500
106655
106700
106744
106745
106914
106965
107120
107129
107313
107321
107356
107505
107534
107539
107607
107648
107699
107722
107755
107774
107834
107875
107913
107918
107960
107999
108032
108039
108057
108124
108126
108146
108364
108364
108372
108381
108426
108476
108550
108686
108748
108748
108779
108801
109045
109151
109214
109344
109392
109395
109451
109594
109647
109662
109690
109697
109797
109803
109855
109888
109912
109926
109968
109976
110072
110167
110173
110345
110385
110386
110415
110515
110536
110660
110696
110736
110814
110824
111084
111146
111207
111244
111249
111267
111275
111294
111335
111391
111437
111604
111777
111803
111849
111855
111866
111879
111889
111897
111901
111922
111966
112044
112062
112121
112147
112183
112229
112273
112283
112288
112297
112353
112384
112612
112680
112743
112758
112920
112997
113001
113040
113075
113123
113149
113154
113170
113274
113327
113418
113432
113469
113470
113485
113563
113586
113610
113641
113729
113887
113892
114034
114068
114069
114216
114312
114371
114382
114411
114494
114572
114572
114660
114743
114780
114783
114802
114827
115012
115055
115069
115079
115202
115261
115307
115338
115465
115568
115660
115729
115827
115905
116044
116072
116109
116132
116137
116152
116168
116312
116342
116361
116451
116672
116742
116786
116858
116924
116939
116971
116973
117020
117051
117073
117176
117352
117413
117461
117495
117620
117807
117908
117932
118029
118182
118185
118203
118241
118280
118290
118300
118420
118421
118513
118541
118660
118667
118722
118785
118942
118947
118970
119045
119048
119118
119136
119146
119151
119166
119337
119423
119510
119562
119580
119584
119597
119673
119706
119842
119874
119977
120035
120087
120119
120134
120232
120277
120307
120328
120342
120423
120492
120642
120663
120693
120712
120758
120886
121024
121263
121318
121387
121407
121413
121437
121480
121624
121632
121660
121693
121731
121791
121867
121887
121890
122003
122031
122073
122122
122301
122425
122733
122747
122787
122799
122801
122827
122830
122925
122958
123053
123078
123164
123244
123288
123350
123355
123579
123624
123793
123810
123917
123973
123974
124308
124321
124368
124379
124454
124469
124477
124512
124624
124642
124888
124893
124936
125048
125071
125092
125101
125158
125192
125234
125244
125274
125283
125332
125406
125503
125556
125680
125762
125862
125967
126050
126072
126124
126143
126176
126238
126307
126498
126515
126554
126680
126717
126721
126778
126818
126878
126997
127001
127030
127091
127205
127209
127358
127390
127465
127610
127649
127709
127812
127837
127869
127938
127976
128063
128076
128109
128148
128218
128278
128289
128329
128341
128414
128455
128542
128547
128580
128599
128681
128681
128685
128705
128717
128726
129069
129157
129172
129189
129204
129325
129374
129463
129633
129710
129726
129735
129772
129778
129841
130103
130345
130353
130381
130387
130399
130458
130594
130630
130656
130706
130747
130852
130881
131015
131179
131208
131268
131309
131330
131438
131441
131477
131647
131702
131814
131920
131925
132021
132051
132096
132121
132199
132368
132466
132537
132713
132786
132792
132880
132890
133021
133174
133178
133183
133217
133245
133374
133390
133434
133507
133514
133515
133534
133535
133600
133639
133938
133946
133954
133964
134022
134041
134262
134270
134311
134459
134538
134568
134617
134643
134738
134753
134785
134827
134898
134953
134999
135026
135054
135056
135212
135235
135250
135299
135365
135425
135501
135513
135524
135550
135568
135573
135614
135722
135748
135749
135824
135873
135889
136069
136106
136289
136339
136358
136531
136551
136580
136638
136679
137031
137186
137312
137383
137385
137591
137617
137626
137638
137747
137750
137772
137772
137808
137828
137973
138081
138104
138124
138152
138237
138291
138389
138492
138496
138516
138590
138640
138703
138806
138884
138904
138910
138912
138924
138945
138962
138979
138995
139305
139313
139458
139521
139754
139761
139784
139827
139981
140017
140094
140121
140148
140194
140201
140234
140512
140528
140560
140580
140640
140649
140769
140927
140950
140958
140962
140972
141008
141012
141051
141065
141272
141289
141292
141328
141335
141381
141392
141404
141424
141593
141610
141714
141867
141952
141991
142004
142058
142116
142222
142238
142240
142414
142416
142752
142763
143034
143043
143067
143093
143136
143243
143244
143267
143287
143316
143339
143380
143566
143614
143723
143798
143804
143816
143819
143841
143875
143880
144084
144109
144126
144126
144144
144170
144318
144336
144473
144501
144547
144558
145258
145281
145545
145552
145657
145978
146041
146072
146125
146237
146254
146290
146332
146601
146609
146697
146706
146730
146799
146862
146934
147065
147117
147183
147258
147281
147351
147476
147561
147591
147632
147653
147699
148001
148076
148077
148102
148167
148215
148274
148291
148291
148337
148560
148591
148784
148835
148918
148956
149137
149237
149255
149260
149266
149396
149398
149438
149491
149492
149493
149688
149864
149917
150021
150154
150242
150275
150339
150399
150423
150440
150461
150483
150580
150600
150613
150617
150619
150677
150732
150739
150820
150833
150940
150951
150978
150992
151016
151023
151029
151034
151035
151142
151235
151426
151431
151452
151499
151531
151663
151663
151792
151813
151913
151978
152043
152055
152156
152157
152333
152390
152480
152538
152579
152631
152634
152783
152860
152941
152949
153011
153042
153059
153301
153339
153402
153567
153667
153724
153744
153797
153914
153930
153954
153975
154019
154024
154115
154255
154314
154359
154427
154535
154539
154563
154580
154598
154623
154665
154975
155131
155374
155403
155614
155630
155923
156027
156138
156144
156318
156381
156406
156440
156461
156470
156647
156660
156833
156926
156946
156965
156969
156989
157105
157182
157206
157315
157329
157458
157481
157566
157630
157692
157693
157916
157978
158015
158050
158112
158113
158249
158255
158279
158661
158664
158713
158777
158863
159082
159086
159091
159110
159155
159165
159388
159479
159557
159593
159593
159837
159918
160034
160039
160164
160215
160416
160420
160493
160509
160557
160770
160786
160792
160975
161035
161098
161273
161304
161372
161403
161468
161505
161508
161569
161622
161661
161672
161675
161757
161797
161805
161865
161874
162121
162190
162194
162239
162240
162292
162355
162371
162378
162428
162533
162619
162695
162796
162996
163032
163150
163161
163197
163199
163219
163359
163381
163432
163572
163574
163577
163709
163868
163895
163929
164340
164389
164430
164609
164632
164720
164768
164803
164997
165027
165068
165179
165214
165359
165750
165796
166028
166129
166302
166330
166394
166403
166416
166496
166497
166621
166985
167158
167229
167260
167291
167316
167335
167349
167424
167455
167532
167582
167637
167699
167705
167773
168074
168163
168330
168333
168383
168393
168409
168462
168466
168476
168585
168701
168750
168803
168822
168872
168894
168918
168932
168935
169004
169083
169194
169368
169434
169456
169710
169734
169808
169823
169920
169997
170084
170093
170123
170289
170329
170371
170802
170887
170950
171079
171130
171294
171385
171399
171625
171748
171795
171804
172134
172215
172221
172224
172489
172697
172733
172826
172983
173355
173538
173833
173835
173851
173863
173885
173930
174038
174106
174146
174212
174223
174293
174619
174822
174840
174970
175422
175455
175465
175551
175902
175911
175956
175966
176123
176222
176243
176262
176404
176556
176581
176701
176906
176914
176981
177092
177128
177147
177161
177179
177207
177257
177425
177500
177501
177560
177565
177667
177758
177805
177902
177907
177923
178035
178055
178079
178298
178344
178420
178430
178468
178616
178722
178803
178922
179041
179057
179080
179105
179148
179153
179183
179235
179283
179335
179420
179424
179509
179544
179564
179625
179686
179977
180025
180057
180127
180438
180465
180477
180613
180650
180674
180686
180753
180889
181260
181431
181703
181707
181802
181814
181934
182018
182093
182452
182548
182603
182655
182725
182829
182907
182974
183007
183013
183038
183101
183293
183497
183497
183518
183528
183610
183897
183911
184061
184083
184130
184169
184215
184293
184371
184377
184380
184411
184537
184695
184704
185132
185189
185450
185543
185663
185703
185823
185835
186124
186430
186908
186945
187067
187158
187192
187245
187293
187594
187635
187748
187969
188070
188158
188213
188353
188454
188559
188907
188941
188966
189045
189077
189204
189210
189234
189319
189380
189460
189490
189667
189818
189973
190084
190161
190339
190384
190408
190428
190455
190513
190542
190628
190882
190959
191028
191036
191203
191256
191361
191410
191606
191703
191912
192050
192278
192285
192320
192362
192363
192368
192391
192609
193045
193204
193362
193413
193504
193548
193591
193763
193843
193947
193952
194136
194267
194326
194335
194345
194386
194451
194595
194606
194737
194758
194844
195042
195066
195260
195421
195492
195674
195717
195768
195787
195804
195868
195908
196001
196121
196240
196338
196520
196581
196609
196737
196999
197062
197108
197169
197211
197457
197590
197642
197663
197723
197791
197801
197936
198038
198338
198512
198638
199009
199491
199535
199601
199752
199945
199992
200109
200112
200126
200146
200149
200160
200183
200360
200479
200494
200524
200625
200842
200948
201027
201111
201164
201177
201196
201400
201843
201858
201880
201882
201922
201927
202268
202404
202510
202793
202848
202885
203201
203385
203460
203572
203581
203609
203755
203867
203892
203997
204203
204242
204476
204482
204494
204562
204608
205026
205076
205220
205482
205525
205893
205899
206010
206172
206231
206256
206289
206347
206361
206595
206839
207199
207226
207290
207376
207451
207664
207693
207971
208091
208126
208230
208608
208610
208748
208844
208925
209019
209397
209481
209618
209717
209815
209822
209891
209923
209983
209986
210293
210455
210512
210559
210862
210901
210911
210949
210999
211292
211328
211509
211568
211574
211692
211796
211816
211959
212223
212417
212445
212449
212471
212487
212494
212575
212593
212656
212884
212887
213022
213056
213169
213303
213358
213425
213631
213764
213771
213875
213904
213942
214178
214265
214287
215015
215437
215728
215754
215849
216035
216094
216161
216236
216241
216269
216366
216441
216825
216903
216946
217054
217060
217368
217427
217551
217885
217965
218119
218190
218268
218337
218416
218430
218467
218738
218803
219328
219493
219695
219732
219869
219936
220086
220467
220601
220659
220662
221117
221344
221447
221463
221770
221914
222114
222213
222443
222450
222646
222804
223122
223160
223314
223373
223550
223765
223904
224235
224250
224354
224385
224610
224717
225202
225338
225354
225413
225511
225598
225793
225809
225895
225982
225988
226015
226017
226236
226350
226676
226688
227025
227027
227204
227378
227457
227526
227622
227797
227806
227829
227897
228103
228270
228433
228569
228620
228690
229107
229189
229195
229321
229386
229686
229897
230190
230371
230396
230414
230434
230858
230873
231177
231313
231468
231620
231717
231777
231851
231926
232138
232293
232307
232814
232840
232885
233237
233320
233383
233491
233498
233647
233653
233895
233966
233970
234256
234442
234464
234544
234680
234724
235178
235201
235317
235327
235670
236175
236272
236600
236656
236777
236922
236925
236942
237327
237585
237609
237660
237668
237802
237982
237986
238022
238113
238244
238294
238644
238719
238862
239003
239146
239157
239238
239283
239844
239887
239890
240095
240414
240855
241143
241354
241466
241769
242000
242075
242101
242145
242236
242423
242798
242840
243055
243849
243868
244044
244090
244153
244256
244349
244651
244685
244695
244748
245165
245315
245315
245478
245645
245734
245755
246460
246807
246882
247000
247639
248179
248282
248400
248553
248682
249562
249754
249925
250007
250035
250083
250185
250622
250848
251095
251120
251149
251291
251364
251401
251525
251697
251807
252000
252100
252231
252301
252408
252419
252771
252838
252859
253100
253495
253637
253694
253828
253883
253933
253942
254058
254092
254128
254492
254630
254773
254819
254988
255099
255180
255221
255915
256102
256302
256332
256503
256542
256815
257058
257119
257126
257181
257731
257942
258469
258564
258626
259031
259110
259202
259401
259476
260125
260328
261128
261904
261946
262213
262262
262835
262996
263261
263391
263595
263801
263852
263938
263957
264144
264145
264265
264294
264566
264634
265059
266107
266245
266782
266902
267031
267094
267095
267327
267456
267508
267637
267820
268068
268343
268577
268680
268700
268996
269049
269141
269471
269513
269601
269637
269811
270278
270442
270557
270730
271025
271061
271142
271710
272130
272185
272260
272422
272431
272476
272507
272543
272580
272785
272915
273007
273035
273283
273439
273576
273630
273831
273835
273839
274207
274267
274280
274396
275009
275184
275296
275521
275645
275985
276316
276801
276840
276868
276978
277049
277245
277555
277671
278177
278305
278409
278472
278655
280187
280283
280655
280852
280933
281042
281086
281280
281322
281735
281770
281942
282257
282351
282432
282630
282842
283011
283159
284563
284570
284598
284758
285148
285358
285944
286332
287382
288140
288447
288526
288566
288931
289102
289337
289407
289789
289810
290016
290656
290733
290787
290793
290798
291191
291265
291933
291971
292379
292428
292473
292774
292896
293111
293847
294028
294305
294716
295180
295622
295931
296203
296734
296798
297144
297225
297428
298671
298776
298976
299030
299230
299404
299762
300344
300348
300815
300909
301010
301231
301300
301382
301388
301553
301872
302294
302525
302568
302887
303057
303412
303922
304773
305221
306171
306446
306589
306957
307672
307691
307972
308324
308338
308902
309306
309428
309778
309806
309884
310147
310222
310472
310475
310914
311114
311798
312523
312599
312633
313309
314139
314219
314366
314591
314737
314947
315045
315090
315242
315309
315832
315906
316012
317263
317338
317937
318018
318424
319098
319120
319460
319486
319717
319776
320090
320392
321549
321597
322463
322936
322990
323602
323760
324293
325240
325519
326001
327812
327921
328226
328609
330400
330456
330915
331042
331892
331990
332171
332490
332728
332925
332929
333337
333960
334453
335548
336014
336743
337069
338223
340195
340202
340291
341204
341308
341476
341585
341752
341802
341826
341897
342196
342573
342721
342965
343026
343289
344357
345127
345444
345487
345703
345792
346357
346381
347198
347923
348162
348162
348202
348367
348494
348625
349859
350501
351695
351872
352244
352840
352896
353063
353330
353517
353755
354753
354912
355373
355705
356646
356873
356996
357672
358192
358697
359089
359160
359219
361609
361706
362658
363334
363625
364119
364141
364553
366291
366308
367912
368816
369537
369691
369729
370154
371129
371251
371421
372197
372607
372677
372799
374037
375616
376693
377248
378247
378248
378436
380252
380280
383216
384207
385393
385560
387243
387315
387712
389832
390349
390538
390829
391110
392219
393312
393406
394250
394720
394945
397413
399599
400651
400939
402177
402267
403671
404527
404575
408051
408715
409651
410098
410120
411882
415085
416346
418164
418967
420030
421240
421694
425514
425653
427049
428064
428810
429851
429950
430997
432301
432519
434247
436338
437432
438661
439537
440353
440515
440753
441685
442237
447914
450642
453769
453937
456296
460111
467308
470195
470264
470447
470653
473887
477076
477428
477566
482488
498942
504422
510201
510456
511085
512932
521617
521809
535521
538856
539050
539091
554139
556818
575644
