0
0
31
138
208
253
318
361
362
384
437
509
563
645
716
788
856
871
875
888
908
938
995
995
1011
1018
1023
1030
1031
1103
1135
1595
1627
1723
1744
1748
1836
1973
2060
2101
2163
2319
2392
2518
2670
2711
2924
2943
3054
3067
3105
3225
3348
3354
3492
3503
3525
3555
3664
3676
3816
3990
4135
4162
4206
4284
4411
4449
4670
4990
5041
5048
5086
5154
5223
5257
5297
5436
5462
5485
5646
5746
5885
6009
6092
6161
6210
6224
6306
6313
6409
6453
6523
6524
6648
6671
6682
6767
6933
6944
7077
7160
7284
7289
7298
7433
7473
7615
7623
7636
7666
7767
7793
7934
8041
8109
8139
8151
8153
8156
8159
8314
8492
8515
8550
8626
8653
8656
8783
8893
8973
8991
9029
9037
9046
9106
9171
9280
9410
9706
9790
9913
9961
10068
10101
10122
10186
10272
10318
10456
10466
10479
10495
10548
10664
10736
10843
10923
11091
11115
11174
11238
11276
11407
11434
11519
11643
11655
11693
11731
11766
11786
11836
11852
11875
11945
11977
12098
12106
12155
12200
12243
12271
12280
12410
12455
12459
12480
12509
12612
12621
12625
12636
12704
12707
12811
13018
13034
13070
13107
13222
13274
13277
13346
13606
13639
13666
13883
13911
13944
13951
13962
13967
14077
14191
14218
14277
14337
14411
14451
14513
14529
14803
14829
14831
14879
14893
14934
15065
15083
15162
15365
15508
15699
15946
16177
16240
16309
16311
16441
16472
16632
16647
16687
16695
16711
16714
16760
16785
16847
16883
16918
16934
17065
17141
17366
17439
17473
17589
17741
17804
17927
17931
17998
18039
18089
18163
18285
18338
18388
18429
18489
18524
18542
18567
18587
18604
18721
18758
18770
18911
18948
18949
19110
19122
19130
19360
19548
19598
19619
19710
19721
19765
19865
19902
19909
19917
20021
20117
20172
20229
20234
20519
20563
20568
20743
20752
20831
20842
20975
20987
21005
21066
21125
21219
21254
21303
21304
21308
21313
21421
21616
21631
21643
21653
21688
21875
21902
22032
22038
22083
22191
22274
22321
22380
22468
22480
22561
22590
22605
22646
22687
22718
22828
22865
22892
22896
22906
22936
22976
22993
23006
23338
23389
23471
23538
23568
23641
23902
23937
24049
24168
24184
24249
24281
24317
24322
24335
24611
24739
24764
24809
24863
24928
24980
25009
25062
25293
25319
25443
25764
25766
25808
25814
25834
25866
25922
25982
26070
26083
26119
26167
26237
26238
26279
26417
26456
26463
26483
26518
26589
26622
26663
26744
26881
26925
26946
27204
27211
27366
27404
27455
27580
27668
27731
27809
27815
27903
27950
28040
28057
28072
28072
28081
28211
28230
28368
28452
28475
28577
28672
28934
29051
29055
29159
29238
29378
29394
29402
29491
29496
29572
29641
29722
29776
29782
29794
29912
29973
30061
30082
30131
30154
30179
30496
30570
30643
30688
30843
31002
31065
31089
31174
31265
31394
31533
31660
31669
31902
31925
32161
32199
32276
32330
32360
32408
32425
32437
32489
32509
32522
32827
32872
32890
33007
33024
33077
33135
33201
33336
33666
33716
33810
33879
34017
34058
34066
34129
34143
34150
34151
34203
34376
34410
34483
34627
34655
34694
34709
34738
34762
34777
34893
35033
35097
35299
35351
35375
35501
35552
35555
35570
35584
35735
35809
35855
35950
35960
35964
35999
36031
36066
36265
36358
36488
36705
36993
37085
37174
37205
37325
37349
37370
37473
37588
37608
37613
37741
37745
37974
38211
38267
38391
38432
38437
38704
38853
38866
38893
38931
38973
39058
39060
39138
39139
39170
39311
39473
39721
39797
39924
39929
39986
39995
40021
40051
40130
40174
40189
40200
40340
40437
40488
40586
40731
40768
40942
40964
41042
41046
41090
41157
41211
41240
41273
41380
41468
41547
41675
41746
41854
41883
41957
42078
42473
42491
42549
42668
42723
42744
42883
43002
43507
43509
43591
43634
43637
43680
43952
44140
44140
44333
44360
44445
44447
44464
44528
44542
44544
44570
44651
44746
44839
45013
45025
45108
45170
45242
45490
45501
45517
45521
45547
45581
45669
45685
45785
45786
45845
45860
45869
46033
46169
46324
46379
46392
46398
46463
46487
46495
46679
46681
46791
46954
47046
47066
47085
47388
47409
47410
47418
47435
47443
47447
47487
47517
47664
47722
47815
47865
47937
47970
47992
48038
48093
48183
48226
48350
48456
48727
48767
48812
48855
48888
48933
48972
48980
48990
49004
49106
49185
49395
49451
49569
49585
49690
49729
49859
50084
50113
50202
50306
50355
50390
50461
50696
50716
50965
50992
51016
51044
51189
51220
51259
51350
51416
51461
51540
51668
51756
51796
51819
52050
52138
52172
52177
52186
52231
52244
52469
52508
52854
52916
52967
52984
53026
53040
53123
53229
53239
53460
53600
53617
53684
53759
53846
53890
53892
53935
53963
53981
54100
54182
54328
54357
54384
54415
54432
54467
54476
54485
54497
54598
54934
55016
55039
55062
55191
55291
55323
55327
55377
55402
55455
55573
55703
55721
55753
55812
56140
56255
56400
56443
56532
56636
56718
56813
56873
56966
57078
57124
57222
57224
57280
57297
57377
57377
57424
57450
57559
57614
57702
57738
57931
57961
57963
58003
58072
58515
58526
58563
58586
58753
58775
58879
59034
59090
59199
59257
59445
59495
59601
59642
59659
59702
59752
60034
60095
60174
60309
60441
60540
60547
60564
60565
60629
60724
60768
60882
60929
60955
60974
60977
60991
61061
61091
61278
61401
61429
61593
61666
61732
61732
61804
61941
61955
61969
61975
62041
62081
62137
62191
62427
62663
62671
62686
62737
62740
62762
62929
63005
63044
63080
63250
63291
63311
63364
63451
63668
63672
63799
63868
64071
64231
64234
64427
64437
64472
64566
64710
64755
64802
64984
65104
65177
65207
65419
65451
65531
65559
65585
65684
65813
65861
65951
66045
66207
66242
66277
66307
66422
66449
66618
66770
66898
66916
67005
67040
67086
67102
67114
67185
67267
67368
67512
67544
67732
67803
67828
67898
67925
68068
68085
68286
68394
68439
68569
68587
68726
68767
68822
68847
68935
68963
69013
69291
69370
69546
69630
69745
69753
69897
69904
69982
69995
70019
70050
70083
70110
70246
70253
70394
70395
70414
70480
70523
70548
70556
70578
70598
70650
70694
70779
70810
70871
70879
70917
70931
71112
71211
71357
71364
71425
71592
71630
71714
71801
71864
71878
71881
71895
71979
72064
72127
72131
72141
72176
72282
72366
72491
72585
72603
72721
72757
72804
72812
72849
72850
72905
72921
73007
73015
73067
73132
73165
73268
73341
73344
73434
73438
73461
73505
73579
73621
73743
73758
73946
74000
74109
74193
74293
74399
74468
74542
74769
75027
75030
75033
75096
75349
75399
75419
75600
75644
75646
75788
75808
75856
75904
75909
75978
76185
76362
76388
76458
76612
76678
76770
76852
76869
76885
76987
77040
77066
77141
77173
77214
77276
77287
77305
77498
77521
77595
77682
77793
77798
77824
77911
77934
78019
78166
78235
78237
78364
78615
78732
78751
78832
78948
79086
79111
79138
79449
79482
79489
79589
79781
79782
79958
80012
80037
80052
80073
80168
80271
80295
80329
80370
80388
80389
80442
80476
80540
80600
80606
80757
80854
80946
80958
80990
81174
81196
81223
81348
81407
81417
81765
82255
82292
82361
82366
82504
82548
82611
82623
83094
83235
83328
83401
83488
83501
83509
83569
83638
83667
83725
83746
83759
83875
84003
84038
84118
84138
84212
84270
84279
84297
84425
84465
84731
84774
84786
84799
84865
84936
85081
85201
85256
85269
85292
85333
85342
85397
85480
85636
85640
85860
85895
85956
86095
86131
86170
86258
86360
86404
86608
86611
86618
86903
86997
87094
87139
87307
87384
87458
87491
87530
87538
87624
87675
87725
87731
87916
87972
88054
88108
88192
88234
88323
88373
88554
88566
88661
88733
88811
88897
88955
89052
89068
89160
89272
89446
89644
89698
89764
90056
90062
90124
90207
90241
90278
90282
90581
90770
90913
91000
91067
91109
91229
91262
91292
91374
91452
91486
91522
91584
91622
91706
91773
91910
91927
92094
92201
92247
92315
92456
92462
92517
92539
92693
92717
92769
93397
93412
93419
93685
93700
93711
93715
93883
94081
94089
94288
94301
94370
94404
94427
94442
94496
94515
94523
94598
94627
94661
94788
94788
94880
94939
95041
95202
95278
95468
95651
95782
95915
96038
96054
96232
96278
96296
96379
96459
96465
96491
96665
96806
96816
96838
96881
96916
97150
97341
97473
97491
97512
97573
97711
97730
97751
97756
97810
97890
97934
98038
98101
98105
98212
98290
98488
98537
98560
98568
98590
98693
98694
98807
98866
99347
99600
99684
99812
99820
99846
99855
99958
100138
100208
100290
100505
100633
100638
100865
100866
100983
101028
101039
101065
101110
101121
101182
101359
101400
101410
101553
101715
101727
101912
101943
101979
102054
102319
102354
102530
102736
102838
102986
103083
103090
103108
103148
103175
103245
103450
103562
103672
103790
103916
103948
104024
104052
104112
104127
104235
104243
104372
104516
104538
104565
104651
104811
104881
104995
105100
105120
105300
105375
105500
105670
105674
105716
105878
105900
105912
105925
106033
106046
106071
106632
106691
106866
107199
107403
107428
107441
108060
108122
108129
108169
108174
108271
108450
108508
108652
108750
108762
108980
108983
109217
109263
109315
109343
109396
109436
109485
109531
109598
109698
109785
109943
109972
110236
110270
110287
110303
110319
110474
110774
110811
110816
111139
111259
111496
111565
111565
111674
111740
111823
111832
111889
111963
112270
112275
112307
112316
112459
112914
112962
113068
113162
113207
113772
113915
114156
114158
114283
114318
114402
114642
114669
114764
114824
114874
114922
114981
115263
115290
115330
115387
115406
115538
115585
115594
115609
115719
115849
115895
116037
116081
116161
116234
116240
116744
116817
116978
117025
117113
117123
117446
117466
117608
117640
117665
117673
117744
117774
117857
118024
118071
118152
118172
118337
118456
118525
118647
118667
118727
118856
118880
118910
118918
118981
119034
119085
119163
119213
119305
119475
119653
119809
119891
120035
120104
120106
120133
120149
120167
120212
120288
120310
120345
120380
120446
120723
120784
120896
120915
120948
121083
121158
121338
121339
121576
121578
121590
121618
121661
121680
121804
121882
122042
122063
122169
122295
122464
122620
122661
122804
122846
122847
122877
122919
122950
123041
123325
123441
123495
123570
123677
123705
123729
123776
123787
123899
123979
123994
124057
124107
124184
124190
124242
124250
124431
124502
124513
124540
124673
124742
124868
125074
125171
125207
125446
125473
125600
125669
125970
125972
126121
126167
126169
126502
126586
126902
127152
127158
127360
127421
127511
127566
127748
127789
127856
128166
128170
128236
128297
128751
128817
128900
128965
129003
129219
129223
129303
129391
129447
129820
129942
129971
130000
130082
130263
130468
130674
130710
130725
130730
130830
130893
130933
131137
131186
131353
131641
131653
131694
131741
131805
131812
131823
131876
131915
132053
132342
132508
132509
132509
132773
132892
132961
133015
133124
133174
133252
133559
133641
133712
133743
133755
133888
134015
134025
134081
134119
134306
134306
134391
134531
134568
134656
134752
134791
134839
134946
135052
135085
135088
135128
135148
135154
135770
135790
136104
136280
136359
136455
136544
136828
136832
136922
136983
137210
137346
137348
137436
137571
137735
137847
137936
137942
137973
138066
138127
138271
138301
138729
138791
139126
139343
139427
139448
139510
139549
139590
139824
140050
140086
140283
140375
140665
140667
140709
140869
140950
140951
141032
141206
141269
141586
141597
141738
141971
142285
142381
142416
142477
142490
142534
142616
142731
142733
142745
142787
142809
142881
142908
142918
142929
143021
143025
143254
143506
143514
143542
143789
143883
144113
144114
144332
144361
144371
144372
144515
144551
145051
145159
145262
145416
145570
145580
145754
145825
145904
145914
145953
146152
146493
146505
146637
146757
146783
146831
146973
147298
147482
147599
147634
147825
147843
147908
148031
148512
148628
148763
148951
149056
149090
149376
149514
149567
149604
149651
149683
149734
149769
150115
150265
150474
150542
150798
150836
150851
151077
151325
151332
151592
151789
151817
151822
152048
152077
152107
152454
152508
152594
152613
152941
153113
153137
153244
153274
153309
153696
154034
154058
154099
154209
154309
154363
154376
154393
154402
154422
154465
154517
154592
154637
154681
154692
154697
154743
154867
154872
154920
155092
155120
155434
155623
155741
155750
155766
156146
156268
156321
156378
156723
156771
157173
157246
157306
157358
157934
158030
158341
158365
158473
158547
158580
158758
159408
159461
159670
159737
159834
159894
159960
160191
160312
160466
160557
160634
160665
160690
160721
160726
160811
160977
161115
161200
161677
161754
161762
161858
161922
162554
162712
163187
163506
163810
163834
163912
163935
164179
164424
164521
164526
164610
164765
165129
165152
165414
165639
165956
166093
166115
166139
166193
166370
166509
166623
166626
166652
166870
166945
167245
167409
167450
167485
167492
167630
167637
167766
167813
168158
168222
168306
168430
168437
168501
169243
169281
169358
169473
169557
169620
169680
170031
170068
170087
170131
170247
170288
170307
170376
170616
170670
170718
170860
170863
171092
171195
171205
171304
171380
171783
171806
172293
172309
172323
172339
172390
172629
172700
172877
172942
172968
173091
173266
173325
173506
173763
173793
173873
173953
174043
174214
174530
174623
174704
175073
175094
175766
175776
175980
176165
176282
176413
176632
176772
176854
177090
177429
177464
177925
178029
178633
178635
178865
178969
178995
179281
180036
180136
180226
180299
180382
180417
180438
180839
180863
180912
180975
181028
181081
181111
181289
181681
181703
182088
182164
182270
182735
182796
182939
183111
183195
183421
183598
183659
184029
184066
184291
184352
184477
184827
184854
184931
185121
185708
185758
185937
185986
186036
186090
186214
186508
186596
186796
186818
187240
187319
187358
187589
187715
187814
187835
188390
189069
189116
189574
189852
190094
190183
190227
190266
190466
190621
190734
190801
190806
191268
191535
191593
191720
192225
192301
192379
192399
192411
192436
192736
192770
193042
193068
193277
193380
193422
193436
193450
193692
193789
193863
193916
194178
194200
194220
194866
195055
195401
195840
195974
195986
196153
196548
196630
197110
197112
197328
197392
197396
197484
197557
197613
197647
198304
198531
198695
198741
198848
199090
199128
199128
199310
199344
199361
199525
199550
199726
199735
199802
199874
200206
200226
200395
200449
200850
201518
202150
202314
202370
202472
202478
202963
203104
203454
203611
203769
203868
203924
203939
203991
204156
204332
204413
204702
204878
204879
205082
205108
205153
205324
205350
205672
205841
206012
206039
206146
206240
206344
206456
206575
206597
206657
206985
207201
207254
207677
207729
208066
208116
208385
209092
209171
209240
209646
209698
209738
209860
209965
210076
210237
210241
210300
210444
210457
210643
210696
210787
210880
211043
211117
211255
211509
211747
212288
212350
212493
212578
212685
212755
213009
213026
213556
213586
214139
214241
214260
214268
214609
214632
214702
214941
215476
215775
215831
216176
216840
216871
217073
217236
217505
217550
217554
217619
217784
217835
217913
217988
218403
219440
219608
219825
219988
220788
220792
220934
220947
220956
221145
221212
221402
221499
221501
221739
222177
222388
222413
222515
222896
223050
223352
223514
223603
223889
223914
223965
224302
224375
224468
224738
224986
225008
225061
225199
225358
225430
225462
225718
225722
225730
225805
225935
225964
225997
226090
226830
226887
227053
227223
228693
228733
228838
228885
229093
229300
229616
229940
230015
230099
230743
230746
230769
230789
230828
230831
231058
231306
231938
232073
232384
232484
232876
233004
233185
233652
234015
234450
234672
234704
234946
235204
235225
235372
235418
235418
235910
236005
236600
236866
236922
237701
237829
238112
238320
238366
238713
238731
238950
239185
239380
240195
240395
240645
241201
241401
241700
242221
242645
243049
243510
243708
243730
244258
244445
244834
244997
245283
245595
246000
246497
246938
247031
247301
247494
247501
247646
247957
248132
248442
248804
249827
249891
250132
250968
251016
251241
251268
251606
252004
252180
252365
252639
253294
254197
254375
254417
254686
254978
255705
255707
255783
257142
257178
257238
257303
257941
258036
258169
259533
259816
260061
260065
260322
260398
260863
261215
261355
261872
262317
262502
262648
262655
262806
263170
264171
264292
264302
264353
265073
265442
265582
265887
266034
266071
266714
266995
267277
267665
268082
268341
268359
268763
269728
270112
270212
270495
270834
270835
271247
271437
271774
272346
273029
273092
273180
273511
273671
273866
273983
274541
274692
274721
275391
275451
275646
275865
276514
277822
278144
278364
278969
279233
279908
280134
280182
280307
280643
280950
281085
281951
282006
282229
283904
284016
284730
285287
285848
287068
287807
288080
289346
289396
289650
289853
290011
290183
290320
290421
290497
291581
291743
291956
292311
292404
292592
292686
294268
294756
295101
295207
295340
295759
295917
295925
296043
296788
296829
297189
298404
299022
299326
300042
300128
300724
301869
302427
303256
303585
303834
305669
305998
306244
308093
308255
308874
309289
309732
310300
310387
310511
311232
311828
311894
312306
313140
313312
313366
313397
314334
314449
315142
315414
315522
316383
317325
317949
318675
319410
320458
322695
323075
323451
323546
324250
324379
324613
324954
325754
327219
327401
327737
328010
329649
330067
330247
331370
332136
332423
332504
333042
333539
333928
334103
334187
334367
336299
336852
337135
337447
337890
338976
339270
339620
340901
340951
340990
341203
341736
341738
342519
342789
343327
344591
345513
346466
349321
349458
350250
351805
351873
352666
353575
353976
355068
355666
356384
357395
358434
358636
359142
361642
362284
365118
365349
367510
367617
372342
373118
374639
374868
376827
377573
378550
380317
380455
380712
380998
381407
381766
381785
383649
385738
385777
386086
391128
397181
398799
399313
406616
410343
410412
413307
414286
418021
419100
420397
424625
426296
427422
429014
431474
435837
438438
444056
444268
445056
448939
450988
451117
456658
458056
464094
465818
472456
474572
475949
477657
481490
490830
491643
495163
500788
505867
510184
518612
523531
531147
542045
567819
570232
572070
653438
