0
0
10
80
90
237
238
279
358
371
517
581
603
645
704
769
809
844
864
869
896
916
931
998
1049
1058
1094
1303
1327
1384
1485
1637
1657
1678
1770
1790
1879
1986
2016
2055
2096
2197
2202
2252
2285
2327
2341
2341
2496
2552
2565
2626
2627
2759
3000
3323
3343
3717
3786
3845
3858
3960
3985
4027
4193
4254
4361
4464
4513
4569
4638
4651
4668
4780
4809
4863
4869
5002
5009
5020
5026
5041
5099
5150
5199
5270
5296
5353
5398
5468
5472
5543
5592
5628
5847
5942
6188
6241
6310
6392
6458
6481
6733
6742
6774
6842
6950
7054
7056
7066
7087
7107
7124
7240
7300
7442
7475
7579
7681
7707
7717
7814
7869
7882
7910
7948
8094
8121
8221
8294
8505
8573
8590
8596
8651
8695
8718
8727
8792
8815
8912
8914
8933
9061
9155
9189
9192
9329
9388
9450
9461
9475
9508
9539
9720
9734
9758
9868
10075
10241
10259
10264
10494
10698
10729
10732
10794
10831
10849
10881
10959
11002
11116
11134
11273
11320
11376
11432
11687
11719
11754
11834
11859
11919
11935
12036
12078
12104
12250
12331
12341
12357
12433
12437
12459
12523
12637
12681
12724
12841
12871
12927
12944
13021
13054
13141
13227
13407
13513
13535
13691
13708
13709
13748
13798
13816
13880
13911
13916
14016
14126
14129
14146
14239
14392
14425
14553
14580
14590
14647
14653
14858
14863
14920
14924
15053
15060
15129
15131
15155
15251
15376
15541
15582
15854
16034
16085
16186
16226
16380
16383
16488
16516
16582
16663
16666
16708
16785
16820
16885
16949
17055
17100
17109
17139
17186
17192
17192
17251
17321
17375
17425
17470
17498
17535
17576
17681
17862
18139
18150
18190
18315
18326
18353
18644
18804
18874
18966
18994
19021
19237
19314
19356
19885
19932
19974
20181
20217
20305
20379
20499
20504
20509
20510
20547
20646
20735
20771
20852
20924
20973
21028
21093
21094
21147
21256
21262
21318
21585
21676
21703
21715
21807
21820
21820
21957
21964
21975
22156
22175
22440
22541
22582
22731
22734
22787
22832
23003
23032
23076
23114
23150
23153
23199
23331
23400
23418
23434
23491
23757
23897
23959
24098
24115
24421
24437
24495
24537
24569
24803
24876
24975
24983
25094
25146
25192
25192
25318
25604
25628
25637
25683
25881
25906
26024
26203
26222
26311
26394
26466
26602
26613
26640
26692
26698
26736
26840
26894
26902
26967
27035
27039
27104
27711
27854
27926
27932
27967
27980
27996
27998
28006
28046
28075
28149
28167
28206
28254
28264
28345
28356
28489
28505
28553
28593
28735
28862
28944
29107
29130
29184
29256
29307
29609
29710
29857
29906
29921
29962
29985
30129
30336
30399
30431
30575
30862
31036
31127
31132
31147
31288
31307
31395
31505
31522
31535
31633
31676
31871
31913
31930
31933
31948
32026
32186
32272
32331
32489
32514
32581
32622
32625
32732
32880
33009
33085
33174
33176
33187
33240
33306
33333
33386
33463
33518
33528
33599
33884
33943
33949
34086
34110
34156
34163
34175
34269
34381
34440
34463
34542
34567
34631
34680
34701
34706
34885
34924
34988
35044
35183
35200
35278
35320
35355
35358
35376
35400
35417
35452
35503
35576
35581
35671
36331
36333
36405
36468
36492
36504
36525
36567
36632
36917
37011
37013
37027
37143
37191
37434
37462
37850
37889
37989
38009
38050
38160
38219
38260
38265
38399
38414
38430
38434
38475
38498
38547
38648
38687
38735
38848
38876
38881
38915
38928
38952
38957
39020
39114
39124
39469
39491
39512
39566
39598
39603
39674
39735
39782
39808
39813
39953
40177
40204
40270
40291
40336
40365
40394
40521
40545
40732
40805
40878
41154
41216
41284
41448
41451
41582
41677
41739
41793
41874
41898
41975
41983
42064
42153
42159
42182
42212
42225
42675
42689
42696
42859
42893
42925
42955
42971
43009
43032
43052
43194
43204
43958
44056
44160
44350
44373
44461
44495
44506
44562
44638
44656
44680
44744
44839
44897
44919
45014
45025
45112
45258
45371
45526
45528
45638
45801
45966
46382
46462
46466
46478
46580
46695
46800
46913
46963
47010
47147
47178
47205
47260
47306
47389
47418
47449
47528
47548
47610
47616
47624
47715
47830
47895
48003
48044
48054
48076
48103
48120
48148
48156
48169
48176
48186
48437
48575
48800
49041
49078
49335
49420
49523
49580
49608
49683
49738
49999
50001
50182
50386
50558
50583
50587
50804
50852
50927
50993
51049
51083
51189
51267
51275
51420
51464
51724
51761
51907
52297
52309
52345
52562
52597
52699
52793
52942
52951
52966
53076
53299
53455
53507
53569
53704
53743
53752
54108
54150
54395
54660
54724
54774
54783
54903
54906
54936
54982
55060
55083
55105
55265
55382
55431
55454
55577
55614
55633
55754
55784
55865
55887
55945
55975
55983
56140
56386
56451
56454
56491
56533
56569
56577
56594
56611
56752
56765
56845
56882
56900
56943
57106
57108
57111
57161
57200
57251
57313
57912
58067
58095
58387
58397
58572
58691
58730
58785
58821
58950
59092
59193
59516
59543
59586
59601
59714
59762
59881
59923
59934
59981
59994
60054
60165
60179
60203
60221
60313
60435
60605
60840
61071
61097
61153
61219
61289
61306
61408
61421
61439
61565
61623
61670
61920
62158
62253
62266
62338
62339
62382
62444
62510
62543
62554
62597
62683
62701
62732
63010
63076
63283
63401
63454
63576
63658
63958
64091
64262
64289
64365
64704
64849
64873
64980
65101
66372
66428
66436
66594
66873
66997
67218
67248
67338
67591
67762
67838
67845
67931
68197
68271
68316
68399
68406
68415
68452
68461
68537
68584
68619
68732
68771
68811
68939
69012
69012
69092
69301
69444
69777
69869
69929
69956
69984
70224
70240
70273
70350
70365
70412
70426
70442
70495
70510
70655
70658
70863
70878
70961
71436
71588
71621
71654
71695
71888
71947
71969
71992
72068
72312
72455
72500
72650
72808
72868
72887
72988
73006
73105
73150
73249
73253
73354
73531
73621
73781
73831
73884
74185
74314
74378
74480
74601
74799
74912
74945
74953
74974
75171
75248
75272
75525
75583
75614
75705
75756
75792
75884
75893
75909
76031
76393
76459
76637
76659
76814
76840
76947
77206
77240
77266
77320
77364
77447
77478
77507
77534
77546
77561
77585
77793
77871
77890
78048
78441
79160
79164
79206
79305
79576
79619
79653
79681
79718
79787
79791
79917
80001
80016
80071
80111
80124
80295
80414
80441
80452
80568
80570
80657
80691
80857
81080
81306
81451
81630
81642
81732
81779
81816
82073
82080
82108
82162
82175
82196
82239
82427
82498
82537
82567
82847
83180
83286
83307
83616
83685
83863
83980
84023
84107
84183
84199
84285
84445
84530
84807
84831
84901
85117
85174
85180
85265
85330
85334
85359
85398
85524
85544
85651
85725
85980
86066
86094
86225
86254
86334
86359
86469
86711
86854
86983
86997
87203
87451
87556
87731
87840
87955
87958
87973
88072
88291
88292
88458
88553
88619
88717
88966
89141
89149
89334
89376
89525
89578
89621
89655
89773
89808
89848
89962
89985
90028
90042
90113
90210
90290
90314
90319
90392
90437
90473
90515
90722
90978
91030
91052
91054
91307
91413
91509
91527
91528
91572
91706
91713
91779
91834
91914
91978
92107
92138
92142
92147
92276
92348
92374
92489
92659
92849
92972
92989
93176
93653
93794
93807
93966
94142
94152
94228
94440
94539
94832
94906
95118
95142
95170
95214
95267
95307
95410
95465
95589
95596
95674
95707
95750
95876
95902
96038
96100
96124
96139
96224
96628
96864
97454
97474
97533
97555
97715
97810
97895
98061
98187
98231
98426
98575
98613
98793
98812
98863
98917
99028
99261
99407
99427
99703
99956
100040
100186
100196
100202
100214
100229
100507
100589
100833
101492
101690
102052
102057
102139
102352
102494
102771
103089
103378
103522
103777
103789
104038
104129
104260
104261
104374
104443
104556
104616
104679
104751
104764
104794
104929
105001
105012
105118
105160
105310
105539
105816
105937
106109
106233
106257
106295
106373
106403
106473
106606
106808
106866
106919
106957
106974
107008
107039
107169
107286
107615
107782
107836
107902
107955
108229
108418
108422
108432
108647
108709
108768
108798
108919
109396
109583
109886
110226
110575
110623
110667
110892
110904
110951
111006
111032
111140
111406
111504
111506
111676
111880
112065
112161
112163
112164
112303
112387
112411
112536
112652
112769
112770
113089
113159
113231
113633
113681
113776
113852
114024
114051
114065
114072
114091
114113
114225
114340
114421
114459
114663
114668
114828
114833
114952
115043
115047
115288
115294
115400
115598
115735
115746
115907
116002
116053
116086
116219
116425
116773
116982
117010
117116
117203
117262
117489
117511
117561
117568
117671
117732
117775
117796
117835
117848
117972
118215
118266
118531
118877
118887
118900
118983
119016
119083
119326
119545
119839
120051
120079
120165
120182
120364
120605
120647
120717
120752
120806
120814
121012
121120
121163
121172
121211
121237
121318
121680
121707
121739
121786
121877
121995
122067
122213
122483
122687
122908
123498
123523
123523
123656
123939
124153
124160
124367
124450
124749
124798
124935
125470
125512
125702
125799
125927
126016
126165
126511
126513
126590
126711
126783
126888
127053
127074
127078
127090
127154
127302
127304
127311
127433
127475
127698
127731
127735
127749
127787
127890
128005
128046
128071
128177
128201
128239
128269
128521
128761
129177
129293
129694
129724
129743
129872
130095
130237
130338
130413
130454
130515
130566
130704
130896
131008
131079
131214
131319
131422
131558
131591
131591
131625
131772
131913
131921
131928
131954
132045
132330
132484
132926
133447
133504
133642
133858
133992
134041
134128
134247
134503
134634
134661
134676
135089
135092
135112
135142
135419
135424
135482
135509
135556
135689
135755
135849
136046
136082
136161
136392
136399
136588
136947
136958
136997
137088
137148
137190
137632
138181
138460
138499
138567
138647
138709
138710
138847
138922
138978
138984
139095
139118
139329
139639
139663
139672
139806
140044
140170
140176
140600
140726
141128
141437
141450
141470
141549
141605
141799
141928
142384
142473
142699
142825
142836
142993
143060
143094
143863
144166
144266
144377
144395
144695
144712
144805
144884
144923
144944
145155
145226
145280
146170
146290
146449
146618
146668
147237
147518
147524
147852
147920
147974
148480
148663
148805
148829
149012
149200
149223
149590
149680
150009
150082
150088
150200
150204
150317
150333
150349
150378
150395
150950
151046
151294
151524
151984
152030
152062
152094
152118
152559
152591
152625
152923
152966
153056
153164
153445
153638
153794
153853
154129
154205
154509
154581
154905
154912
154985
155141
155273
155305
155363
155382
155441
155533
155884
156079
156156
156497
156499
156627
156646
156656
157134
157161
157169
157171
157242
157354
157538
157672
157688
157705
157715
157758
157848
157849
157926
158353
158382
158469
158561
158607
158794
158873
159075
159219
159238
159514
159533
159560
159822
159832
159848
160015
160120
160258
160271
160279
160291
160358
160397
160426
160458
160571
160724
161288
161298
161356
161663
161691
161703
161723
162122
162172
162187
162509
162579
162752
163067
163081
163145
163402
163421
163441
163546
164145
164153
164208
164239
164276
164379
164399
164431
164559
164884
165061
165088
165164
165322
165466
165566
166035
166142
166225
166427
166815
166968
167006
167111
167126
167333
167609
167819
168060
168069
168100
168772
168805
168813
169233
169365
169533
169556
169803
169863
170189
170356
170489
170827
171177
171289
171456
171548
171567
171605
171711
172044
172136
172183
172768
172845
172882
173092
173554
173594
173645
173648
173740
174101
174142
174231
174361
175099
175439
175760
175792
175861
175895
176193
176551
176764
176801
176961
176989
177314
177559
177799
178076
179340
179735
180357
180398
180600
180710
180822
180861
181149
181590
181620
181895
182027
182165
182351
183124
183431
183776
183921
183940
184292
184475
184518
184524
184552
184640
184690
185042
185573
185780
185957
186350
186355
186481
186518
186898
187382
187487
187593
187697
187717
187725
187802
187881
187963
188013
188870
189111
189113
189202
189337
189588
190002
190231
190485
190635
190684
190805
191118
191402
191445
191501
191661
191712
191762
191783
191821
191865
192485
192682
193074
193214
193511
193706
193876
193881
194367
194668
194823
194832
194929
195164
195438
195526
195560
195610
196098
196226
196571
196808
196818
197010
197106
197200
197462
197625
197843
198011
198057
198250
198276
198487
198768
198781
198855
199103
199549
199896
200071
200569
200603
201017
201141
201520
201747
201921
202318
202597
202599
202702
202929
203039
203803
204061
204178
204269
204278
204299
204490
204614
204617
205512
205665
206002
206740
206902
207046
207192
207304
207375
207588
207717
207732
207773
208007
208110
208247
208407
208712
208769
208831
209012
209212
209395
209493
209924
210391
210474
210921
210956
211093
211247
211474
211904
211929
212593
212639
212866
213128
213451
213486
213722
214144
214457
215330
215335
215372
215978
216283
216802
216893
217370
217435
217441
217456
217569
217606
217676
217804
217852
218191
218878
218916
220077
220209
220531
221065
221067
221132
221446
221472
221778
222259
222473
222929
223114
223617
223673
223899
224577
224816
225113
225116
225170
225326
225376
226249
226277
226624
226920
227048
227250
227636
227921
228199
228293
228583
228836
229376
229596
229705
229804
230562
230583
230690
230776
231431
231504
231971
231984
232188
232226
232583
232690
233175
233297
233442
233566
233691
234810
234888
234955
235285
236464
236733
236898
237957
238126
238312
238624
238728
239522
239808
239890
239894
239996
240056
240597
240687
240937
240961
241019
241147
241716
242045
242076
242137
243736
244254
244298
244738
245190
247088
247100
247606
247963
248568
249997
250213
250216
250864
250966
251025
251576
251577
251605
251950
252227
252558
252948
252989
253207
253236
253753
253877
254123
254143
254952
255649
256086
256355
256903
257157
260838
261143
261447
261588
262005
262177
262283
262295
262769
262935
263140
263523
263642
263979
264223
264289
264356
264677
264736
265868
265925
266891
266977
267039
267273
268189
268462
268553
268655
270273
270391
270540
270621
271731
271844
271962
272564
272809
272960
273671
273881
274006
274384
275413
275514
275992
276385
276549
276683
276761
277114
277259
278858
279483
280158
280569
281770
281902
283576
283815
284008
284221
284887
286751
287473
288692
289196
289528
289594
289710
291045
291305
291904
292703
292785
293783
293967
294042
294548
294945
295001
295332
296287
297279
298075
298413
298934
299254
299463
299636
299902
300261
300740
301083
301472
301618
301797
302341
302693
303102
306841
307417
308194
309662
309755
309768
310291
310314
311429
311541
312377
312408
315641
316211
317446
317892
319077
319178
319661
319794
320630
321887
322289
322459
327045
327525
327596
327789
327987
329194
329521
329666
329798
330065
330134
330711
331815
331934
334349
335226
335254
335399
336080
337970
338835
341400
342286
342585
344183
344366
344594
345780
345848
346905
349448
350882
351922
351943
352793
353402
353561
353706
353892
354194
355510
356088
356115
356513
357358
357953
360084
361317
361362
362358
363125
363799
365848
365857
367358
371169
371954
371984
372474
377700
378308
378373
378987
379151
379258
379507
382118
382489
389369
391054
400081
402160
404427
407413
409749
416488
418349
418428
423951
423972
424251
427082
430431
430519
435501
439958
443135
444794
447275
451131
455013
459829
465910
468131
483181
486514
488986
490904
492324
502838
505293
507043
508187
536014
544591
552108
597988
