0
0
43
96
136
195
245
247
421
426
427
461
495
496
548
585
606
624
697
818
848
968
975
977
994
1126
1130
1130
1132
1217
1258
1272
1296
1426
1438
1470
1481
1691
1699
1702
1772
1773
1808
1828
1847
1861
1872
1874
1900
1989
2010
2021
2054
2106
2117
2126
2129
2164
2181
2229
2445
2510
2546
2573
2576
2590
2669
2757
2821
2856
2947
2977
3096
3168
3191
3211
3266
3287
3317
3424
3481
3518
3519
3528
3573
3578
3607
3618
3640
3669
3776
3887
3888
3909
3942
4029
4048
4075
4127
4168
4231
4282
4365
4365
4370
4438
4446
4487
4499
4509
4523
4552
4555
4641
4654
4697
4703
4707
4727
4744
4818
4857
4883
4907
4979
4984
5091
5112
5149
5186
5190
5234
5305
5325
5399
5412
5427
5441
5451
5488
5541
5569
5647
5702
5716
5753
5865
5872
5898
5926
5966
6009
6045
6217
6288
6334
6401
6411
6447
6460
6485
6517
6527
6551
6555
6712
6737
6791
6833
6880
6929
7043
7087
7137
7150
7209
7246
7286
7366
7431
7486
7550
7560
7567
7635
7645
7655
7666
7687
7712
7773
7781
7928
7975
8034
8059
8081
8169
8173
8260
8454
8495
8567
8573
8585
8622
8670
8744
8768
8778
8851
8996
9016
9040
9083
9092
9139
9142
9162
9176
9180
9181
9205
9229
9250
9252
9255
9267
9325
9351
9365
9392
9396
9414
9416
9478
9540
9612
9682
9685
9692
9730
9745
9761
9911
9930
9955
10095
10149
10166
10180
10193
10200
10420
10429
10455
10475
10506
10606
10666
10680
10723
10725
10752
10772
10922
10957
10959
11033
11063
11073
11079
11097
11110
11131
11263
11324
11385
11419
11465
11470
11626
11635
11698
11841
11847
11963
11980
12265
12335
12360
12387
12454
12519
12551
12583
12641
12645
12725
12735
12760
12795
12841
12845
12857
13073
13101
13112
13140
13172
13221
13264
13306
13508
13534
13577
13591
13612
13727
13772
13800
13825
13846
14041
14090
14131
14136
14148
14323
14372
14384
14386
14446
14458
14541
14558
14576
14610
14675
14695
14706
14758
14956
15003
15057
15145
15214
15316
15334
15377
15384
15498
15546
15680
15694
15727
15797
15808
15819
15946
15947
15948
15999
16029
16034
16125
16133
16156
16185
16194
16196
16205
16259
16323
16352
16366
16395
16404
16473
16481
16488
16518
16723
16754
16757
16772
16775
16802
16831
16847
16863
16894
16983
16986
17013
17027
17062
17071
17102
17120
17243
17381
17384
17388
17418
17447
17455
17561
17614
17654
17684
17704
17734
17785
18030
18046
18051
18100
18104
18124
18201
18331
18338
18413
18523
18558
18559
18563
18747
18748
18767
18797
18828
18830
18938
18954
19012
19057
19086
19136
19160
19167
19185
19225
19237
19272
19295
19303
19341
19386
19547
19547
19750
19769
19808
19872
19875
19876
19956
20088
20106
20108
20117
20152
20166
20188
20193
20255
20360
20378
20380
20420
20492
20609
20758
20780
20791
20879
20894
21027
21055
21111
21112
21119
21180
21202
21211
21228
21303
21357
21433
21466
21482
21509
21509
21561
21562
21570
21603
21634
21725
21741
21776
21785
21842
21886
21887
21904
21928
21929
21935
21943
21975
21988
22036
22091
22093
22109
22216
22259
22270
22342
22359
22451
22523
22523
22545
22594
22613
22614
22620
22622
22650
22726
22767
22863
22882
22930
22932
22965
23027
23053
23076
23082
23094
23139
23142
23149
23150
23266
23279
23287
23307
23346
23396
23536
23538
23583
23598
23738
23761
23824
23831
23866
23877
23890
23935
23989
23990
24031
24063
24068
24126
24172
24180
24238
24258
24292
24309
24322
24327
24348
24384
24395
24400
24403
24408
24439
24451
24530
24629
24644
24667
24700
24741
24742
24802
24906
24948
24964
24973
24999
25016
25080
25102
25123
25160
25216
25249
25328
25401
25496
25497
25522
25528
25766
25774
25821
25899
25989
25995
26029
26197
26199
26299
26343
26522
26546
26573
26610
26710
26714
26732
26758
26798
26868
26898
26915
27016
27021
27086
27087
27126
27222
27235
27301
27306
27327
27369
27433
27446
27482
27548
27570
27652
27673
27691
27755
27786
27972
28124
28200
28227
28227
28239
28363
28424
28474
28479
28588
28640
28693
28711
28729
28734
28767
28796
28827
28844
28856
28897
28937
29055
29086
29125
29169
29259
29281
29356
29381
29418
29467
29565
29629
29651
29746
29770
29776
29805
29836
29853
29899
29903
29966
30028
30064
30101
30140
30216
30313
30318
30342
30356
30377
30559
30585
30702
30715
30731
30822
30824
30920
30935
30989
30996
31062
31167
31322
31357
31380
31395
31415
31486
31492
31576
31680
31723
31789
31791
31881
31953
32001
32085
32286
32306
32313
32313
32341
32420
32549
32552
32574
32642
32658
32752
32795
32901
32972
33025
33051
33053
33091
33149
33237
33340
33342
33367
33386
33447
33469
33502
33538
33554
33606
33721
33724
33731
33766
33962
34014
34021
34058
34089
34106
34212
34234
34246
34273
34325
34395
34507
34541
34569
34583
34591
34606
34624
34636
34643
34738
34802
34827
34993
35016
35022
35106
35109
35192
35205
35226
35250
35273
35333
35452
35517
35526
35538
35609
35802
35816
35818
35852
35861
35867
35934
35939
35950
35963
35975
36001
36027
36243
36279
36281
36291
36303
36325
36362
36425
36446
36473
36491
36514
36529
36612
36612
36649
36696
36715
36723
36726
36742
36749
36895
36985
37027
37032
37034
37078
37085
37100
37151
37167
37216
37261
37328
37394
37450
37476
37533
37569
37575
37588
37676
37701
37859
37961
37964
38012
38032
38061
38078
38229
38364
38407
38450
38483
38537
38577
38621
38632
38633
38698
38705
38712
38720
38837
38957
38996
39012
39042
39097
39110
39114
39128
39196
39220
39272
39323
39333
39386
39439
39499
39594
39718
39719
39739
39748
39765
39786
39808
40024
40031
40041
40053
40063
40161
40172
40174
40213
40215
40247
40261
40265
40301
40309
40450
40501
40593
40668
40701
40747
40958
41022
41041
41075
41089
41111
41150
41217
41219
41323
41334
41345
41400
41456
41480
41499
41549
41613
41616
41647
41670
41699
41737
41770
41774
41794
41808
41825
41830
41915
41969
42040
42044
42054
42056
42068
42086
42092
42131
42210
42231
42412
42423
42464
42570
42588
42717
42771
42777
42849
42906
42961
43022
43081
43109
43260
43266
43286
43394
43461
43471
43471
43614
43716
43740
43759
43793
43807
43815
43840
43846
43879
43942
43951
43964
44000
44031
44068
44145
44181
44217
44232
44260
44386
44394
44397
44470
44500
44581
44627
44669
44746
44774
44812
44826
44839
44865
44951
44962
45015
45066
45116
45136
45191
45208
45212
45468
45479
45516
45613
45621
45654
45662
45719
45737
45931
46004
46021
46041
46075
46106
46148
46168
46234
46280
46309
46569
46588
46601
46609
46732
46791
46812
46860
46868
47001
47025
47029
47057
47336
47388
47436
47487
47512
47524
47528
47551
47578
47635
47753
47792
47831
47856
47895
47910
47927
48097
48150
48176
48216
48233
48275
48288
48481
48539
48570
48617
48638
48661
48723
48733
48746
48806
48846
48913
48944
48990
48998
49009
49044
49084
49181
49257
49260
49310
49359
49378
49401
49451
49466
49478
49522
49547
49648
49782
49919
50039
50100
50170
50172
50188
50222
50228
50273
50281
50293
50315
50336
50412
50493
50505
50526
50551
50571
50643
50723
50784
50853
50860
50921
50956
51118
51125
51135
51163
51257
51260
51270
51380
51386
51439
51462
51489
51490
51609
51613
51651
51711
51753
51853
51901
51960
51987
52027
52089
52216
52219
52251
52266
52284
52359
52377
52458
52473
52592
52597
52617
52679
52690
52696
52819
52927
53001
53014
53038
53181
53194
53264
53269
53279
53297
53342
53356
53373
53381
53451
53473
53486
53527
53549
53652
53660
53667
53672
53683
53751
53793
53846
53888
53894
53919
53961
54002
54014
54062
54088
54160
54313
54402
54406
54473
54492
54530
54542
54586
54617
54645
54666
54789
54797
54924
54967
55032
55091
55284
55342
55399
55409
55476
55486
55489
55556
55628
55659
55661
55662
55672
55735
55748
55758
55818
55930
55963
55998
56037
56045
56085
56103
56191
56349
56416
56538
56547
56551
56561
56562
56599
56599
56635
56736
56747
56812
56815
56823
56963
57023
57071
57085
57135
57171
57269
57270
57369
57386
57390
57394
57400
57407
57447
57451
57504
57533
57563
57576
57578
57617
57700
57710
57729
57834
57861
57884
57930
57975
58005
58048
58066
58078
58099
58182
58224
58228
58248
58258
58321
58326
58409
58433
58455
58563
58574
58716
58762
58927
58961
59003
59003
59050
59051
59104
59115
59140
59169
59171
59242
59297
59318
59321
59354
59359
59366
59380
59396
59406
59426
59442
59450
59585
59593
59605
59670
59696
59707
59762
59767
59805
59807
59813
59826
59856
59868
59898
59902
60006
60007
60119
60160
60190
60229
60398
60444
60496
60507
60522
60559
60566
60574
60694
60729
60761
60834
60840
60863
60924
60941
60991
60998
61043
61064
61100
61137
61141
61380
61481
61537
61606
61621
61692
61758
61774
61783
61817
61865
61922
61941
61972
61984
62001
62074
62089
62115
62118
62303
62333
62490
62498
62704
62721
62729
62731
62790
62794
62836
62859
62942
63028
63080
63088
63155
63173
63262
63332
63333
63354
63389
63486
63513
63631
63681
63689
63733
63768
63814
63826
63846
63863
63997
64037
64037
64061
64106
64111
64132
64137
64146
64166
64363
64424
64430
64435
64477
64509
64523
64529
64530
64532
64727
64743
64836
64944
64946
64949
65058
65058
65086
65134
65160
65183
65236
65260
65372
65390
65393
65459
65498
65516
65534
65597
65606
65607
65866
65892
66031
66058
66091
66096
66229
66292
66295
66318
66416
66480
66485
66506
66529
66568
66577
66582
66622
66635
66668
66690
66713
66731
66753
66775
66790
66980
66999
67006
67045
67073
67155
67330
67390
67424
67472
67525
67607
67734
67768
67771
67788
67844
67946
68018
68023
68050
68072
68127
68137
68204
68239
68247
68261
68307
68320
68373
68381
68386
68398
68497
68570
68574
68638
68662
68722
68724
68747
68865
68900
68916
68994
69006
69076
69093
69129
69267
69341
69347
69350
69395
69611
69638
69972
70070
70101
70137
70146
70222
70284
70291
70322
70393
70396
70404
70473
70549
70592
70614
70633
70640
70687
70688
70696
70864
70898
70909
70959
70961
71043
71056
71069
71078
71100
71121
71134
71209
71281
71282
71283
71377
71487
71492
71493
71509
71555
71559
71562
71679
71710
71719
71741
71766
71767
71928
71941
71954
71975
72019
72022
72051
72083
72109
72163
72203
72204
72355
72416
72481
72498
72530
72539
72667
72702
72741
72775
72832
72840
72849
72867
72919
72966
73025
73093
73193
73217
73239
73459
73536
73548
73607
73633
73675
73687
73715
73782
73791
73911
73940
73981
74017
74045
74066
74071
74073
74148
74177
74212
74247
74348
74419
74427
74559
74613
74643
74685
74698
74717
74749
74785
74831
74847
74929
74938
74962
74993
75135
75147
75172
75240
75451
75463
75598
75662
75679
75681
75718
75735
75745
75810
75859
75935
76004
76089
76110
76172
76275
76296
76303
76305
76316
76442
76503
76726
76751
76815
76816
76890
77039
77059
77070
77082
77096
77134
77139
77221
77388
77627
77913
77914
77929
77978
78089
78187
78199
78214
78226
78280
78395
78416
78445
78509
78550
78581
78598
78599
78788
78867
78872
78994
79011
79144
79192
79275
79369
79452
79471
79502
79506
79518
79542
79569
79713
79727
79838
79866
79924
79960
79974
79994
80022
80024
80041
80089
80105
80111
80173
80248
80263
80329
80395
80551
80566
80750
80750
80810
80818
80921
80938
80992
81033
81075
81087
81098
81167
81168
81192
81269
81330
81458
81600
81604
81633
81677
81698
81771
81802
81844
81873
81874
81907
81940
81979
82027
82040
82095
82264
82321
82335
82442
82469
82499
82577
82676
82772
82800
82807
82848
82881
82890
82891
82895
83107
83147
83174
83209
83260
83300
83384
83415
83455
83481
83503
83518
83550
83603
83629
83639
83729
83782
83842
83854
83891
83894
83937
84009
84085
84087
84186
84227
84233
84241
84301
84392
84441
84456
84475
84491
84555
84720
84725
84749
84819
84899
84998
85158
85221
85255
85262
85333
85436
85486
85493
85573
85630
85633
85728
85854
85938
86006
86099
86100
86106
86121
86157
86167
86422
86529
86555
86626
86704
86794
86838
87054
87071
87075
87109
87121
87159
87179
87210
87248
87259
87264
87293
87308
87309
87311
87354
87364
87367
87375
87381
87456
87473
87605
87709
87742
87744
87799
87818
87886
88005
88069
88221
88289
88312
88430
88550
88554
88560
88670
88689
88772
88977
89058
89130
89294
89310
89502
89529
89611
89641
89722
89777
89856
89863
89954
90082
90088
90098
90144
90155
90191
90237
90242
90287
90332
90346
90399
90401
90492
90579
90696
90719
90813
90889
90899
90935
90972
91015
91076
91121
91137
91153
91176
91300
91352
91372
91386
91445
91492
91539
91545
91569
91588
91595
91613
91653
91806
91875
91878
91949
91949
91952
91953
91959
91969
92064
92073
92131
92224
92234
92298
92301
92316
92351
92372
92395
92416
92505
92607
92730
92732
92976
92991
93055
93089
93094
93160
93161
93250
93267
93274
93301
93364
93410
93424
93430
93464
93476
93490
93555
93649
93746
93749
93762
93766
93836
93889
94001
94043
94108
94208
94272
94289
94413
94446
94483
94515
94537
94582
94648
94707
94738
94757
94796
94860
94899
94927
95027
95027
95143
95181
95203
95204
95219
95244
95270
95384
95456
95656
95668
95723
95826
95856
95859
96090
96091
96096
96233
96247
96266
96316
96338
96354
96397
96414
96435
96458
96500
96530
96655
96921
96986
97041
97196
97223
97262
97370
97439
97552
97580
97618
97709
97729
97901
97921
97992
97998
98042
98165
98228
98230
98258
98319
98381
98386
98407
98484
98565
98605
98620
98715
98751
98775
98910
98943
99090
99096
99148
99239
99297
99357
99409
99478
99498
99506
99550
99565
99573
99698
99719
99826
99905
99919
99975
99979
100000
100005
100257
100313
100334
100414
100525
100592
100598
100679
100701
100742
100801
100857
101002
101056
101099
101170
101210
101251
101266
101300
101324
101340
101377
101392
101453
101467
101498
101554
101616
101631
101652
101661
101852
101865
101888
101932
102005
102248
102253
102294
102394
102448
102457
102511
102773
102911
102918
102982
103023
103083
103158
103179
103199
103249
103287
103407
103475
103554
103576
103576
103598
103621
103654
103655
103677
103776
103778
103851
103876
103924
104055
104094
104141
104162
104167
104185
104205
104240
104278
104350
104395
104467
104486
104496
104597
104612
104644
104751
104792
104836
104857
104865
104915
104989
104998
105004
105048
105072
105142
105171
105209
105327
105395
105400
105484
105503
105522
105620
105737
105925
106073
106075
106620
106661
106669
106678
106724
106745
106947
107014
107059
107171
107295
107306
107417
107447
107460
107522
107646
107726
107796
107832
107834
107848
107873
107931
107935
107949
108028
108066
108134
108165
108214
108269
108343
108433
108586
108613
108634
108634
108704
108743
108767
108841
108847
108903
108923
109127
109129
109496
109511
109566
109786
109838
109843
110029
110046
110154
110161
110165
110294
110303
110320
110339
110366
110408
110453
110498
110521
110546
110586
110660
110684
110921
110930
111106
111152
111232
111252
111269
111314
111325
111422
111464
111526
111540
111710
111776
111799
111802
111993
112205
112240
112399
112501
112503
112511
112568
112596
112615
112699
112711
112829
112838
112890
112915
112960
113034
113046
113106
113157
113181
113341
113361
113503
113736
113738
113800
113818
113981
113983
114014
114041
114049
114120
114143
114164
114168
114300
114303
114423
114511
114554
114732
115034
115094
115154
115185
115225
115343
115404
115407
115468
115504
115557
115618
115630
115642
115686
115705
115721
115730
115743
115802
115916
115968
116197
116203
116228
116254
116257
116304
116311
116315
116390
116391
116542
116622
116635
116862
116912
116962
117037
117054
117102
117159
117169
117181
117223
117254
117269
117380
117404
117513
117555
117585
117694
117701
117709
117987
118024
118079
118172
118231
118351
118465
118493
118494
118590
118865
118881
118952
119110
119118
119179
119193
119346
119360
119368
119561
119564
119681
119683
119714
119720
119723
119739
119764
119950
120035
120085
120089
120190
120242
120255
120268
120276
120277
120286
120334
120356
120410
120419
120429
120644
120692
120797
120930
120983
121094
121240
121290
121297
121341
121343
121374
121447
121502
121573
121602
121653
121657
121700
121859
121943
122011
122050
122303
122439
122459
122557
122736
122758
122766
122912
122965
122986
122996
123030
123130
123174
123356
123460
123482
123618
123639
123641
123735
123917
124017
124044
124260
124288
124338
124531
124939
124986
125090
125120
125127
125233
125248
125288
125316
125353
125517
125587
125612
125619
125729
125777
126015
126116
126158
126248
126279
126344
126561
126564
126625
126648
126720
126744
126749
126757
126808
126821
126822
126827
127039
127124
127343
127361
127452
127476
127521
127569
127591
127598
127709
127795
127797
127835
127869
127936
127944
127949
128100
128178
128209
128369
128415
128450
128503
128571
128647
128751
128774
128826
128887
129076
129086
129208
129211
129220
129229
129302
129343
129393
129411
129496
129498
129554
129624
129657
129695
129725
129884
129912
129965
129992
130037
130050
130265
130299
130360
130389
130392
130489
130502
130530
130531
130593
130596
130680
130734
130776
130777
130874
130900
131005
131016
131108
131108
131111
131124
131169
131223
131243
131397
131424
131512
131597
131602
131805
131839
131847
131927
131939
132100
132138
132301
132349
132368
132452
132613
132615
132653
132678
132791
132852
132862
132883
132928
133005
133029
133203
133254
133395
133709
133718
133747
133754
133820
133883
134011
134028
134095
134101
134247
134290
134332
134686
134689
134815
134848
134906
134913
135044
135064
135082
135216
135226
135262
135276
135312
135331
135375
135379
135523
135530
135570
135579
135609
135683
135745
136165
136190
136267
136283
136316
136330
136383
136510
136605
136747
136791
136828
136881
137032
137067
137141
137145
137220
137227
137278
137288
137304
137346
137375
137499
137572
137709
137716
137853
137894
137896
137901
138007
138030
138047
138171
138214
138360
138379
138399
138425
138560
138652
138720
138727
138839
138846
138909
139018
139087
139166
139391
139446
139546
139606
139629
139733
139796
139861
139891
140005
140007
140065
140131
140296
140333
140505
140613
140644
140670
140730
140746
140900
140941
140982
140995
141020
141097
141098
141122
141163
141171
141214
141297
141313
141584
141600
141623
141738
141839
141926
141959
141981
142155
142216
142217
142228
142378
142534
142594
142597
142763
142764
142791
142848
142879
142901
142902
142939
142944
143032
143073
143237
143258
143391
143421
143688
143701
144273
144433
144439
144512
144552
144887
145010
145034
145206
145228
145253
145311
145398
145476
145489
145671
146016
146071
146088
146222
146273
146297
146316
146322
146370
146636
146835
146993
147045
147098
147119
147142
147194
147208
147240
147262
147293
147490
147513
147565
147597
147691
147758
147859
148030
148033
148050
148279
148280
148352
148402
148462
148807
149005
149070
149494
149801
149831
149888
149892
150050
150207
150248
150262
150276
150281
150313
150411
150434
150454
150475
150477
150518
150609
150779
150892
150954
150956
151037
151046
151053
151111
151149
151180
151271
151299
151373
151390
151397
151432
151610
151642
151702
151705
151762
151774
151847
151862
151881
151923
151942
151977
152008
152057
152162
152257
152398
152450
152478
152525
152565
152581
152595
152735
152847
153122
153175
153255
153309
153453
153458
153562
153574
153575
153676
153692
153718
153800
153848
153926
153990
154081
154099
154119
154172
154173
154211
154408
154497
154505
154522
154525
154604
154643
154800
154861
154869
154924
154969
154971
154985
155122
155136
155136
155223
155288
155321
155475
155496
155518
155615
155680
155861
155894
155939
155956
155984
156300
156429
156434
156507
156530
156551
156561
156704
156740
156827
157184
157249
157331
157391
157393
157467
157488
157668
157699
157800
157878
157923
157937
157984
158060
158352
158460
158527
158690
158758
158857
159022
159042
159185
159238
159239
159340
159479
159626
159822
159909
160020
160039
160334
160394
160493
160566
160597
160635
160748
160799
160984
160995
161019
161157
161244
161254
161351
161460
161659
161692
161968
162038
162091
162181
162217
162348
162378
162394
162568
162615
162655
162826
162858
162990
163017
163131
163202
163235
163556
163605
163646
163652
163653
163719
163878
163910
164064
164177
164201
164206
164250
164293
164365
164379
164500
164543
164695
164724
164768
164884
164964
165029
165079
165244
165272
165421
165453
165720
165734
165798
165919
165959
165962
165967
166095
166279
166836
166855
166897
167086
167101
167182
167242
167247
167348
167407
167610
167680
167719
167777
167804
167854
167885
167901
167962
167976
168030
168093
168157
168326
168332
168341
168398
168518
168613
168647
168816
168840
168933
168976
168998
169012
169020
169134
169387
169393
169419
169485
169647
169895
169946
170081
170097
170147
170160
170246
170461
170605
170833
170858
170860
170904
170935
170941
170988
171134
171151
171152
171210
171373
171375
171522
171531
171566
171629
171946
172081
172156
172336
172396
172408
172628
172679
172815
173089
173089
173207
173245
173476
173638
173654
173656
173686
173770
173804
173816
173875
173904
174043
174101
174291
174336
174360
174392
174433
174506
174513
174604
174773
174827
174902
175159
175208
175277
175328
175332
175346
175438
175707
175741
175786
175825
175888
176012
176016
176061
176181
176281
176868
176960
177049
177072
177100
177109
177113
177314
177355
177372
177472
177628
177687
177917
177920
178024
178049
178124
178194
178258
178441
178477
178658
178728
178763
178766
178879
178993
179095
179103
179122
179138
179149
179185
179401
179413
179435
179453
179618
179886
180014
180083
180095
180196
180209
180216
180391
180414
180430
180560
180646
181006
181206
181439
181610
181650
181691
181728
181751
181832
181966
181986
182135
182367
182381
182422
182733
182748
182796
182889
183007
183139
183169
183393
183540
183540
183893
183916
183930
184034
184088
184438
184454
184487
184688
184889
184921
184942
185275
185430
185537
185686
186054
186166
186227
186313
186344
186406
186750
186763
186850
186899
187071
187216
187302
187337
187375
187496
187595
187657
187724
187774
187871
188068
188133
188184
188244
188292
188337
188420
188572
188677
188807
188869
188900
189018
189140
189221
189261
189757
189780
189919
190090
190113
190153
190314
190365
190400
190525
190725
191014
191035
191123
191200
191296
191304
191417
191420
191427
191512
191623
192021
192100
192177
192217
192219
192255
192744
193251
193903
193908
194138
194244
194427
194814
194890
194953
195013
195090
195231
195434
195540
195639
195753
195968
196346
196361
196391
196532
196556
196602
196624
196630
196639
196756
196913
197113
197147
197210
197211
197242
197262
197420
197449
197510
197559
197579
197606
197683
197994
198267
198279
198333
198340
198374
198406
198444
198445
199054
199083
199119
199244
199291
199721
199922
200081
200156
200184
200190
200322
200396
200416
200560
200647
200875
200946
200953
201157
201164
201190
201430
201555
201571
201621
201898
201914
201962
202049
202071
202247
202302
202325
202357
202489
202506
202522
202551
202660
202714
202733
202791
203197
203381
203393
203510
203529
203776
203853
204035
204051
204223
204244
204320
204363
204477
204478
204536
204636
204658
204843
205020
205021
205116
205138
205440
205616
205676
205790
205798
205968
205988
206103
206146
206150
206287
206381
206440
206529
206544
206574
206632
206832
207327
207331
207350
207419
207835
207876
207908
208336
208494
208573
208593
208608
209053
209069
209471
209675
209762
209927
210040
210234
210374
210465
210557
210651
210852
210950
210974
211000
211049
211180
211374
211587
212058
212174
212350
212389
212568
212581
212594
212832
212914
213310
213403
213450
213473
213514
213787
213836
214023
214219
214278
214438
214458
214623
214847
214975
214988
215010
215101
215303
215344
215793
215814
215893
215938
216114
216238
216401
216519
216535
216573
216578
216676
216682
216727
216769
216771
216914
216936
216946
216961
217028
217326
217695
217781
217884
218038
218086
218302
218618
218705
218713
218939
219100
219206
219218
219378
219512
219610
219674
219852
219869
220004
220070
220168
220191
220314
220442
220696
220744
220893
220978
220982
221094
221355
221464
221532
221565
221666
221848
221923
221949
221971
222315
222320
222629
222752
222924
223033
223077
223178
223393
223407
223534
223567
223735
223779
223814
223856
223894
224570
224769
224845
224854
224979
225009
225072
225113
225124
225242
225299
225611
225700
225775
225879
225898
226135
226198
226199
226272
226286
226291
226399
226443
226575
226603
226671
226719
226832
227037
227288
227434
227445
227507
227753
227817
227952
228055
228151
228180
228351
228474
228729
228931
229060
229200
229207
229395
229510
229849
229996
230235
230280
230503
230551
230708
231225
231243
232147
232262
232286
232334
232369
232540
232584
232912
233221
233578
233584
233698
234146
234494
234810
235182
235492
235529
235642
235857
235963
236117
236179
236235
236406
236594
236950
236999
237347
237434
237447
237630
237882
237949
237973
237982
238028
238190
238503
239148
239158
239260
239276
239292
239533
239672
239774
239951
240152
240348
240391
240404
240659
240678
240814
240865
240959
241069
241443
241504
241516
242043
242191
242239
242273
242372
242385
242585
242686
242893
243036
243250
243287
243398
243431
243732
243887
243896
243911
243935
244102
244127
244247
244318
244382
244406
244531
244539
244552
244573
245216
245320
245385
245408
245411
245824
246125
246138
246339
246343
246386
246835
247560
247608
248014
248016
248184
248262
248265
248593
248593
248764
248913
248914
249509
249542
249620
249682
249753
249761
249928
249949
250067
250346
250537
250560
250716
250850
251088
251268
251282
251566
251569
251914
252281
252313
252336
252499
252531
252533
252647
252659
252712
252736
252741
252871
253041
253140
253515
253633
253637
253646
253747
253765
254122
254319
254400
254643
254964
255037
255043
255586
255749
255891
256015
256196
256215
256307
256822
256963
257281
257605
257645
257918
258311
258796
258928
259017
259117
259374
259625
259978
260209
260214
260351
260498
260590
260857
261023
261033
261081
261216
261306
261340
261466
261574
261696
261744
261769
262056
262094
262129
262148
262160
262203
262750
262892
263201
263338
263507
263644
263646
263653
263827
264107
264114
264142
264534
264684
264749
264869
265083
265176
265237
265306
265306
265351
265493
265738
265986
266295
266789
267228
267373
267495
267729
267783
267975
268009
268150
268287
268301
268439
268600
268604
268692
268730
268789
268903
268984
269162
269328
269389
269491
269682
269685
269749
269913
270254
270363
270701
270863
270964
270991
271103
271274
271298
271401
271570
271689
271734
272144
272374
272799
272863
273102
273319
273335
273609
273702
273947
274277
274280
274481
274501
275029
275356
275758
276048
276231
276445
276529
276626
276856
277026
277262
277687
278277
278442
280147
280215
280452
280945
281387
281419
281635
281652
281956
282100
282153
282176
282848
283005
283061
283120
283233
283412
283651
283701
284004
284836
285146
285192
285247
286253
286615
286757
286911
287253
287379
287995
288074
288793
288880
289342
289370
289931
290091
290200
290228
290373
291074
291140
292030
292077
292356
292647
292788
293320
293511
293732
295445
295585
295967
296006
296479
296663
296698
296711
296845
297006
297335
297429
297465
297591
298204
298246
298267
298382
298470
298710
299080
299081
299308
299556
299882
300365
300799
300889
301383
301451
301500
301686
301896
302817
303291
303307
303837
304250
304621
305021
306020
306073
306215
306447
306542
306630
307310
307771
307789
307948
307963
308221
308876
309219
309470
309519
309922
309949
309954
310089
310119
310547
310910
311006
311112
311777
312314
312663
312798
313033
313244
313328
313539
313582
313771
313917
314355
314799
314998
315196
315406
316617
316891
316986
317873
318080
318330
318852
318891
319244
319348
319704
320114
320316
320683
320882
320925
321088
321112
321193
321283
321343
321541
321557
321576
321920
322127
322497
322659
322751
323001
323687
324196
324333
324880
325082
325234
325370
326026
326199
327179
327380
327461
327478
327525
327885
328272
328361
328667
328997
329024
329201
329207
329570
330047
331180
331182
331205
331316
331603
331887
331964
332002
332405
333499
333584
333974
334064
334241
334668
334931
334953
335006
335067
335216
335233
335906
336198
336383
337076
337150
337297
338047
338591
338692
338929
339146
339862
339883
340812
340844
341508
342552
343964
344459
344980
345802
346160
347108
347500
348003
348178
348335
348759
349077
349807
350008
350126
350171
350882
351134
351807
352247
352610
352934
353173
353752
353769
354186
354245
355201
355294
355696
355916
355950
356046
356363
357435
357692
359171
359564
359650
359731
359932
360314
360430
360538
361062
361085
362265
362315
362715
363858
364284
364613
365558
366101
366323
366407
366683
366921
368480
368639
370752
370870
371061
371582
372155
372765
373833
373943
374850
375007
376726
377428
379256
379546
381356
382558
382817
383327
383718
383835
384015
384148
384183
385452
385614
387167
387493
387729
388049
388498
390359
392386
393511
393716
393749
394440
394526
395675
396653
397885
399085
400243
400668
402478
403522
406832
407380
407494
407900
408143
410190
410496
411081
411340
411974
413009
413038
413603
415033
415129
417127
418220
418711
418814
419304
419307
419469
420189
420358
424123
424990
425438
425441
426481
427144
427372
427905
428436
429272
429408
429563
430100
430645
431250
431567
435112
437455
438169
439192
441985
442068
443926
447473
447579
450709
451589
451708
452182
452725
457500
457726
460156
460746
461376
471622
473241
473960
475396
476613
476830
482487
483949
485182
486675
487446
489947
493746
496882
498937
499779
500273
508185
510252
511085
511309
514140
520513
523222
523475
530302
545370
549311
555408
555956
559442
566907
569081
582051
627675
633003
635858
748886
