0
0
13
59
64
70
81
84
174
178
184
185
271
341
343
424
489
508
529
545
674
681
708
715
794
841
891
930
994
1050
1055
1075
1115
1180
1255
1288
1311
1363
1383
1424
1475
1485
1500
1550
1553
1586
1595
1612
1632
1654
1674
1711
1724
1751
1756
1773
1821
1844
1907
1955
2088
2116
2161
2163
2181
2250
2267
2289
2290
2336
2367
2384
2403
2442
2493
2576
2577
2617
2655
2841
2844
2875
2930
2938
2944
3031
3049
3087
3092
3093
3093
3096
3154
3223
3232
3244
3259
3297
3341
3357
3440
3461
3562
3706
3782
3806
3862
3910
3930
3938
3950
4070
4122
4136
4149
4193
4323
4330
4347
4350
4367
4421
4422
4445
4450
4464
4471
4480
4514
4560
4775
4818
4822
4848
4857
4899
4940
4950
5004
5068
5094
5139
5173
5232
5284
5306
5371
5416
5443
5452
5458
5484
5514
5618
5645
5702
5758
5777
5823
5872
5938
5948
5949
5955
6018
6031
6057
6160
6169
6183
6208
6249
6251
6292
6306
6363
6393
6425
6539
6545
6554
6580
6749
6775
6891
6932
6953
6986
7001
7058
7096
7110
7184
7235
7287
7288
7456
7459
7465
7521
7533
7554
7607
7639
7643
7684
7699
7729
7796
7915
7984
7986
8006
8051
8055
8073
8096
8097
8113
8214
8241
8278
8347
8479
8528
8561
8597
8607
8627
8691
8700
8739
8773
8788
8799
8858
9059
9160
9202
9220
9236
9239
9275
9311
9410
9424
9500
9567
9618
9642
9745
9751
9852
9942
9966
9971
9984
10004
10055
10157
10165
10196
10286
10290
10345
10393
10466
10478
10534
10641
10701
10706
10738
10885
10906
10909
10932
11109
11114
11144
11175
11224
11257
11275
11314
11362
11502
11535
11566
11607
11651
11754
11824
11857
11866
11916
11967
12104
12145
12172
12217
12249
12339
12365
12405
12428
12440
12475
12512
12559
12564
12577
12605
12666
12679
12691
12699
12727
12783
12804
12846
12946
13017
13140
13160
13160
13222
13237
13274
13353
13353
13374
13406
13425
13468
13506
13518
13520
13522
13588
13620
13676
13677
13769
13807
13824
13856
13915
13949
14004
14115
14378
14477
14496
14505
14532
14641
14701
14744
14787
14917
14933
14939
15066
15112
15208
15212
15252
15316
15354
15437
15440
15448
15464
15471
15484
15497
15608
15636
15677
15749
15750
15799
15801
15807
15852
15917
15933
15999
16014
16044
16049
16171
16172
16187
16335
16348
16385
16406
16447
16463
16467
16470
16480
16518
16524
16563
16620
16620
16694
16884
16906
16949
17047
17049
17082
17115
17132
17348
17388
17392
17475
17477
17631
17658
17686
17738
17759
17887
17969
17999
17999
18031
18042
18047
18066
18077
18087
18131
18246
18259
18324
18368
18384
18529
18571
18604
18634
18771
18798
18825
18860
18860
18932
19045
19074
19097
19153
19179
19202
19230
19263
19337
19352
19369
19426
19438
19459
19483
19505
19597
19649
19686
19847
19876
19891
19892
19938
19941
19960
19964
20053
20058
20086
20088
20129
20177
20186
20196
20226
20377
20401
20474
20483
20630
20646
20680
20698
20783
20805
20861
20895
20923
20937
21011
21086
21094
21096
21116
21159
21191
21208
21209
21225
21227
21294
21388
21393
21396
21422
21474
21481
21504
21541
21620
21705
21706
21707
21719
21746
21842
21857
21882
21913
22049
22064
22132
22191
22193
22205
22256
22382
22463
22470
22508
22526
22536
22537
22540
22617
22645
22658
22698
22704
22729
22729
22759
22840
22852
22894
22920
22961
23156
23179
23205
23233
23315
23370
23456
23490
23608
23635
23651
23684
23805
23806
23823
23862
23881
23915
23937
24028
24066
24067
24123
24139
24148
24153
24165
24201
24204
24251
24300
24302
24334
24422
24480
24484
24536
24583
24635
24691
24714
24745
24750
24803
24836
24885
24942
24960
25009
25094
25118
25121
25134
25136
25139
25182
25187
25235
25287
25398
25406
25549
25559
25587
25616
25628
25691
25879
25906
25970
25995
26006
26028
26071
26082
26118
26122
26122
26258
26302
26310
26337
26350
26374
26388
26396
26642
26719
26725
26807
26854
26857
26890
26911
26943
26985
26996
27041
27059
27098
27101
27198
27285
27321
27380
27398
27516
27539
27546
27639
27666
27680
27724
27751
27758
27772
27901
27910
28015
28250
28294
28312
28325
28350
28436
28480
28487
28501
28557
28578
28603
28611
28664
28667
28716
28773
28818
28935
28936
28974
28974
29155
29156
29225
29232
29272
29386
29475
29494
29620
29820
29869
29950
30044
30069
30172
30182
30203
30257
30261
30310
30319
30340
30346
30356
30410
30441
30474
30475
30489
30502
30551
30597
30615
30745
30746
30774
30796
30884
30905
30981
31067
31203
31239
31256
31267
31304
31345
31354
31408
31427
31450
31642
31661
31707
31721
31768
31796
31892
31895
31914
31928
31935
31975
32056
32067
32070
32074
32087
32089
32113
32328
32336
32413
32449
32449
32454
32461
32489
32510
32556
32572
32599
32612
32634
32704
32754
32762
32779
32791
32811
32818
32830
32837
32842
32942
32958
32970
33024
33031
33053
33060
33090
33091
33110
33144
33176
33181
33191
33202
33272
33272
33278
33297
33344
33375
33387
33396
33411
33480
33542
33711
33722
33811
33833
33851
33964
33972
33998
34000
34001
34079
34196
34244
34299
34473
34510
34567
34610
34637
34637
34660
34678
34710
34782
34793
34805
34879
34880
34962
35056
35059
35194
35201
35210
35313
35334
35338
35354
35424
35562
35649
35696
35819
35885
35902
35906
35933
35953
35974
36013
36029
36030
36035
36043
36093
36100
36229
36397
36398
36421
36534
36543
36645
36653
36661
36676
36697
36743
36796
36880
37013
37031
37037
37054
37057
37085
37119
37128
37192
37290
37305
37332
37347
37367
37371
37378
37395
37450
37491
37492
37593
37623
37628
37684
37689
37712
37724
37769
37801
37823
37875
37900
38001
38008
38017
38026
38180
38182
38188
38236
38322
38365
38444
38465
38504
38568
38588
38721
38770
38867
38958
38991
39118
39150
39172
39238
39329
39403
39439
39554
39573
39580
39584
39608
39649
39659
39665
39737
39824
39833
39879
39884
39923
39928
40019
40036
40044
40147
40164
40165
40229
40442
40535
40577
40586
40601
40635
40958
40965
40997
41009
41112
41147
41202
41239
41241
41242
41265
41311
41331
41341
41371
41377
41414
41429
41433
41482
41498
41562
41574
41578
41655
41662
41862
41881
41896
41970
41985
42035
42044
42081
42089
42104
42229
42318
42399
42405
42475
42481
42498
42526
42530
42538
42559
42619
42729
42742
42761
42815
42832
42995
42997
43052
43056
43085
43086
43145
43268
43321
43421
43433
43509
43552
43567
43614
43630
43667
43672
43733
43735
43808
43842
43861
43865
43919
43921
43932
43977
44006
44008
44009
44028
44036
44078
44085
44088
44109
44132
44135
44166
44187
44197
44217
44263
44300
44316
44321
44344
44377
44384
44400
44401
44404
44445
44445
44450
44459
44495
44536
44574
44584
44606
44612
44617
44618
44633
44643
44697
44706
44725
44795
44890
44988
44993
44996
45030
45102
45109
45145
45173
45189
45199
45384
45401
45406
45424
45552
45692
45707
45752
45770
45774
45816
45848
45859
45881
45920
45930
45963
45966
46004
46031
46046
46111
46151
46330
46477
46523
46561
46607
46674
46677
46705
46728
46748
46758
46822
46871
46871
46899
46979
46998
47089
47137
47161
47216
47237
47323
47570
47586
47603
47637
47644
47674
47688
47690
47715
47828
47846
47874
47882
47889
47895
48021
48036
48113
48192
48291
48320
48328
48331
48368
48442
48502
48549
48629
48640
48776
48786
48792
48793
48809
48822
48980
48995
49079
49180
49217
49258
49285
49417
49485
49517
49541
49602
49647
49669
49783
49910
49935
50004
50020
50029
50123
50129
50151
50169
50173
50225
50254
50275
50321
50350
50353
50385
50449
50532
50544
50559
50568
50574
50617
50679
50813
50995
51029
51167
51231
51257
51269
51312
51414
51428
51436
51504
51527
51552
51570
51579
51649
51662
51672
51689
51718
51721
51761
51788
51795
51803
51818
51838
51861
51862
51903
51974
52008
52011
52314
52400
52416
52438
52549
52571
52654
52680
52720
52829
52941
52942
52989
53145
53160
53170
53301
53408
53496
53510
53585
53603
53641
53651
53684
53719
53788
53868
53898
53917
53971
54005
54024
54031
54084
54188
54351
54352
54428
54591
54611
54648
54670
54672
54699
54736
54882
54889
54892
54918
54928
55005
55026
55121
55137
55180
55186
55263
55370
55375
55376
55418
55561
55614
55699
55701
55724
55768
55880
55958
56009
56049
56068
56259
56263
56268
56295
56343
56383
56392
56491
56492
56520
56639
56644
56678
56682
56723
56807
56815
56816
56818
56870
56907
56932
56971
57029
57034
57055
57110
57126
57219
57230
57315
57670
57727
57731
57780
57797
57890
57943
57944
57950
57950
57958
58000
58016
58058
58128
58134
58202
58212
58330
58493
58496
58541
58629
58663
58712
58785
58793
58820
58868
58912
58914
58981
59001
59123
59127
59141
59143
59240
59241
59261
59298
59344
59361
59401
59551
59568
59583
59610
59638
59697
59707
59710
59740
59873
59912
59929
60067
60180
60236
60263
60271
60556
60578
60592
60626
60646
60656
60668
60676
60767
60781
60787
60846
60858
60876
60958
60964
61110
61132
61138
61275
61281
61295
61352
61397
61537
61541
61643
61724
61738
61740
61759
61772
61779
61848
61885
61893
61900
61923
62001
62005
62057
62065
62076
62176
62286
62303
62474
62509
62529
62619
62640
62647
62752
62782
62794
62877
62897
62907
63117
63127
63137
63179
63199
63276
63291
63395
63455
63568
63663
63691
63706
63747
63879
64100
64106
64113
64126
64126
64186
64268
64309
64436
64450
64603
64677
64700
64717
64764
64837
65052
65085
65128
65146
65188
65212
65252
65257
65261
65319
65327
65455
65521
65536
65570
65598
65698
65820
65834
65841
65848
65851
65852
65882
65976
66013
66097
66114
66122
66145
66147
66197
66481
66508
66679
66694
66772
66807
66880
66923
66935
66993
67019
67075
67090
67097
67148
67156
67219
67357
67363
67434
67449
67486
67492
67518
67539
67551
67646
67674
67761
67763
67841
67949
68034
68037
68184
68209
68282
68335
68377
68503
68515
68567
68602
68624
68630
68657
68678
68705
68765
68774
68786
68796
68874
69071
69105
69183
69285
69367
69375
69403
69464
69479
69490
69525
69551
69598
69641
69642
69718
69778
69858
69875
69875
69919
70015
70029
70067
70111
70136
70174
70280
70288
70295
70323
70474
70543
70549
70681
70694
70807
70814
70826
70839
70893
70952
71051
71085
71087
71206
71289
71291
71319
71332
71380
71550
71602
71631
71645
71722
71744
71793
71861
71870
71920
71960
72018
72092
72160
72167
72342
72402
72470
72495
72497
72543
72546
72569
72683
72708
72713
72735
72810
72819
72828
72911
73043
73081
73153
73188
73305
73330
73331
73416
73505
73543
73550
73599
73666
73695
73743
73841
73850
73893
73932
73971
74013
74022
74138
74195
74226
74281
74398
74404
74450
74467
74503
74585
74608
74637
74681
74726
74787
74871
74995
75014
75017
75039
75139
75217
75279
75284
75339
75360
75400
75425
75442
75453
75485
75496
75508
75577
75644
75658
75682
75863
75878
75961
75978
76010
76059
76215
76220
76248
76277
76288
76358
76364
76375
76397
76444
76532
76563
76570
76578
76654
76672
76706
76725
76773
76850
76856
76915
76929
77005
77042
77042
77059
77064
77068
77180
77231
77258
77403
77443
77509
77541
77548
77564
77817
77856
77870
77912
77922
77941
78101
78141
78149
78287
78301
78322
78338
78367
78371
78434
78518
78561
78580
78650
78681
78700
78713
78741
78752
78770
78778
78785
78829
78831
78953
78964
79015
79035
79139
79257
79267
79274
79288
79297
79387
79500
79537
79542
79545
79645
79714
79716
79805
79806
79853
79961
80001
80047
80187
80230
80280
80287
80310
80392
80431
80454
80471
80476
80531
80557
80572
80587
80590
80666
80672
80732
80801
80869
81043
81134
81172
81251
81308
81368
81452
81490
81527
81633
81844
81847
81902
82025
82102
82131
82149
82324
82573
82587
82635
82653
82737
82762
82880
82931
82950
83156
83190
83369
83369
83410
83448
83479
83479
83641
83662
83706
83756
83757
83862
83870
83945
84129
84204
84234
84251
84378
84405
84440
84449
84569
84576
84579
84651
84707
84740
84828
84927
84964
84999
85155
85160
85223
85248
85286
85288
85303
85482
85575
85696
85723
85750
85814
85842
85852
85858
85876
85900
85919
85919
85962
86047
86151
86166
86186
86208
86221
86256
86336
86394
86400
86628
86762
86791
86810
86904
86906
86987
87023
87086
87101
87292
87326
87430
87488
87569
87652
87713
87750
87800
87819
87830
87854
87854
87900
87918
87919
87933
87974
87990
88011
88022
88063
88075
88126
88185
88254
88317
88417
88451
88473
88542
88562
88629
88652
88695
88835
88886
88959
88987
89018
89054
89101
89127
89154
89194
89240
89369
89378
89453
89531
89764
89788
89859
89941
89942
89983
90240
90368
90376
90439
90507
90511
90527
90604
90643
90667
90737
90801
90811
90863
90921
90944
90949
90989
91160
91163
91165
91224
91253
91292
91319
91323
91395
91441
91658
91709
91735
91758
91839
91917
91981
92064
92077
92124
92175
92218
92237
92282
92287
92416
92420
92433
92482
92512
92576
92581
92591
92625
92757
92829
92837
92854
92944
93009
93025
93045
93074
93101
93324
93366
93409
93426
93429
93486
93639
93696
93808
93842
93855
93952
93962
94063
94103
94237
94402
94410
94414
94421
94513
94599
94608
94661
94676
94722
94821
94943
94945
95032
95187
95234
95265
95290
95335
95478
95635
95732
95871
95931
95941
96009
96202
96240
96260
96270
96277
96312
96353
96360
96469
96508
96520
96538
96719
96763
96774
96777
96810
96831
96850
96929
96945
97024
97061
97072
97081
97235
97388
97396
97397
97484
97512
97577
97635
97821
97830
97979
98004
98076
98156
98196
98244
98276
98320
98372
98408
98424
98466
98484
98553
98572
98587
98760
98797
98843
98934
98935
98966
99021
99038
99065
99084
99127
99250
99296
99400
99449
99518
99536
99672
99680
99762
99776
99803
99973
100242
100281
100308
100411
100537
100538
100645
100778
100780
100797
100849
100868
100886
100933
100948
100957
100968
101035
101039
101066
101206
101207
101227
101371
101400
101470
101584
101600
101685
101735
102022
102092
102114
102183
102190
102294
102315
102397
102449
102488
102595
102655
102707
102761
102822
102856
102978
103114
103118
103120
103135
103212
103294
103381
103420
103459
103538
103564
103587
103600
103658
103764
103768
103773
103782
103846
103850
103886
103893
103912
103920
103933
103949
103975
103978
103992
104000
104060
104172
104201
104231
104263
104343
104352
104363
104382
104402
104425
104461
104630
104799
104834
104857
104902
105028
105157
105165
105257
105267
105380
105458
105516
105535
105542
105553
105609
105617
105779
105792
105868
105908
105957
106022
106176
106193
106298
106460
106701
106746
106783
106971
106974
107021
107028
107267
107289
107476
107611
107614
107663
107666
107751
107805
107834
107926
107961
107976
108201
108269
108342
108360
108411
108415
108451
108489
108601
108632
108665
108709
108839
108930
108957
108967
109003
109028
109049
109067
109078
109086
109093
109112
109132
109139
109224
109266
109360
109408
109447
109644
109667
109711
109742
109773
109806
109850
109852
109919
109926
110029
110039
110048
110086
110129
110173
110311
110328
110403
110507
110581
110650
110652
110840
110866
110873
110883
110890
110977
111035
111179
111212
111292
111308
111407
111417
111443
111511
111560
111675
111730
111846
111889
111905
111916
111937
111941
111982
112086
112124
112282
112325
112356
112386
112413
112416
112423
112442
112457
112574
112625
112631
112667
112706
112708
112770
112809
112864
112869
112913
112995
113016
113062
113064
113152
113158
113215
113244
113371
113470
113613
113685
113730
113948
113959
114161
114296
114303
114325
114347
114475
114489
114518
114645
114814
114883
114885
114891
115086
115149
115226
115265
115282
115304
115449
115454
115484
115567
115579
115751
115793
115898
116071
116087
116138
116200
116223
116225
116287
116368
116430
116511
116527
116583
116900
116995
117200
117201
117208
117247
117266
117330
117378
117405
117424
117605
117620
117692
117757
117760
117849
117920
117930
118010
118177
118212
118236
118384
118487
118510
118702
118719
118792
118818
118830
118891
118927
118928
118945
118970
119083
119132
119152
119274
119288
119373
119701
119769
119798
119875
119897
119945
119952
120043
120062
120157
120223
120242
120272
120296
120323
120331
120597
120649
120809
120824
120834
120869
120957
120977
121056
121140
121152
121213
121289
121445
121470
121490
121540
121548
121568
121590
121654
121660
121691
122030
122285
122311
122346
122387
122498
122567
122657
122710
122752
122778
122823
123149
123183
123456
123485
123606
123615
123649
123669
123675
123721
123745
123775
123785
123793
123944
123952
124013
124158
124171
124183
124639
124646
124768
124910
124953
125085
125092
125120
125345
125353
125404
125407
125499
125525
125567
125604
125624
125671
125871
125981
126002
126018
126045
126074
126145
126206
126224
126271
126280
126451
126534
126581
126600
126902
127020
127049
127064
127119
127202
127268
127282
127343
127416
127472
127609
127770
127866
127915
127922
127978
128023
128123
128127
128224
128283
128426
128633
128658
128803
128899
129107
129123
129124
129151
129233
129248
129260
129264
129323
129335
129357
129421
129448
129492
129498
129502
129574
129701
129729
129820
129828
129882
129964
130020
130050
130142
130150
130310
130452
130514
130598
130641
130657
130742
130746
130754
130917
131018
131032
131141
131151
131175
131261
131364
131535
131557
131779
131794
131903
131947
131950
132076
132157
132373
132402
132414
132422
132685
132772
132917
132957
132963
132983
132988
132999
133015
133029
133048
133091
133108
133115
133174
133280
133357
133407
133415
133477
133544
133559
133613
133621
133716
133795
133803
133808
133871
133876
133980
133980
134015
134016
134090
134118
134268
134282
134349
134383
134394
134493
134501
134596
134663
134699
134771
134810
134862
134871
134933
134942
135020
135047
135049
135082
135085
135092
135101
135195
135236
135248
135250
135287
135345
135419
135474
135573
135595
135654
135750
135844
136000
136021
136078
136104
136159
136181
136225
136259
136313
136450
136707
136790
136819
136911
136947
136980
137040
137048
137122
137142
137203
137258
137264
137269
137277
137402
137436
137556
137587
137656
137745
137760
137761
137763
137778
137798
137957
137981
138020
138070
138111
138375
138538
138633
138786
138808
138823
138876
138946
138989
139016
139136
139166
139209
139233
139400
139480
139534
139567
139586
139679
139726
139728
139841
139915
139925
139956
139968
140120
140184
140304
140329
140343
140378
140516
140548
140616
140620
141018
141050
141065
141276
141278
141434
141563
141628
141862
141971
142101
142143
142195
142298
142316
142354
142393
142541
142618
142672
142795
142842
143094
143101
143182
143218
143289
143454
143492
143516
143697
143718
143876
144004
144033
144053
144140
144164
144165
144225
144347
144468
144676
144757
144905
144951
144992
145142
145178
145209
145528
145618
145728
145750
145869
145894
146022
146080
146223
146248
146385
146394
146574
146642
146730
146904
146980
147024
147205
147326
147491
147539
147738
147747
147827
147887
147957
148006
148025
148156
148164
148167
148263
148353
148389
148454
148497
148524
148609
148627
148634
148764
148870
148911
148968
149207
149365
149379
149473
149479
149498
149600
149604
149616
149668
149694
149812
149818
149822
149954
150024
150332
150335
150345
150364
150432
150509
150569
150674
150689
150806
150912
151119
151127
151139
151212
151265
151361
151526
151625
151654
151722
151748
151977
152026
152082
152083
152133
152369
152576
152579
152586
152753
152867
153007
153042
153105
153324
153361
153363
153551
153667
153689
153708
153768
153777
153851
153882
153947
154018
154061
154085
154146
154218
154273
154392
154393
154519
154620
154625
154626
154632
154741
154833
154926
154931
155017
155187
155202
155212
155216
155223
155345
155355
155427
155499
155539
155592
155757
155787
156027
156236
156419
156516
156558
156732
156961
157231
157283
157449
157511
157617
157673
157793
157855
157883
157975
158009
158067
158144
158305
158480
158804
158865
158908
159040
159132
159277
159338
159355
159366
159373
159403
159523
159532
159575
159585
159736
159759
159829
159931
160002
160011
160138
160223
160304
160335
160365
160404
160517
160584
160586
160610
160642
160914
161005
161040
161083
161085
161129
161155
161216
161294
161376
161628
161712
161808
161889
161963
162063
162066
162156
162240
162390
162638
162806
162954
162972
163059
163278
163405
163432
163536
163542
163731
163788
163953
163964
164023
164094
164269
164366
164527
164568
164804
164866
165152
165194
165268
165348
165377
165477
165529
165553
165657
165896
165934
166024
166181
166236
166301
166327
166670
166696
166749
166841
166980
167001
167045
167063
167094
167318
167334
167337
167360
167423
167429
167451
167565
167701
167742
167766
167898
167972
168067
168075
168103
168123
168133
168156
168158
168243
168292
168296
168305
168391
168716
168722
168736
168755
169030
169033
169108
169311
169329
169338
169492
169510
169523
169610
169714
169744
169764
169929
170050
170224
170243
170374
170429
170446
170471
170543
170555
170653
170763
170774
170886
171026
171134
171137
171141
171164
171178
171189
171272
171292
171413
171536
171561
171578
171765
171804
171811
171926
171941
171959
172014
172221
172222
172234
172329
172465
172483
172594
172613
172669
172705
172772
173111
173211
173440
173611
173720
173754
173795
173984
174226
174324
174507
174802
174901
175019
175250
175513
175748
175904
176196
176253
176266
176268
176634
176646
176777
176801
176819
176865
176926
176987
177194
177219
177282
177391
177403
177414
177475
177583
177601
177733
177741
177768
177785
177834
177880
177904
178049
178096
178255
178312
178502
178820
178928
179014
179228
179245
179290
179371
179451
179469
179525
179585
179595
179602
179716
179753
179795
179838
179927
179959
180057
180089
180239
180258
180350
180399
180502
180520
180593
180645
180671
180805
180855
180906
180928
180978
180985
181099
181152
181234
181453
181462
181538
181543
181601
181642
181733
181838
182089
182169
182338
182454
182592
182626
182632
182929
182936
183092
183223
183256
183270
183460
183595
183647
183655
183757
183764
183802
183842
183913
184029
184057
184126
184187
184225
184334
184421
184463
184470
184564
184731
185117
185151
185250
185332
185438
185509
185605
185706
185808
185838
185951
186001
186035
186064
186218
186225
186583
186827
187081
187283
187310
187367
187459
187683
187697
187807
187854
187979
188046
188072
188114
188132
188212
188337
188370
188521
188639
188794
188830
188913
189154
189413
189548
189551
189617
189674
189702
189751
189815
189956
190093
190317
190336
190346
190460
190536
190542
190767
190819
190878
190884
190940
191052
191063
191112
191180
191347
191467
191525
191745
191745
191768
191792
191824
191902
192025
192068
192166
192453
192461
192533
192540
192914
193002
193096
193143
193352
193429
193450
193454
193569
193581
193640
193644
193710
194137
194215
194240
194343
194562
194688
194689
194720
195054
195068
195231
195416
195468
195475
195978
196059
196177
196280
196473
196567
196582
196690
196797
196897
196949
197254
197406
197437
197577
197814
197815
197871
197997
198016
198081
198111
198169
198175
198398
198461
198500
198663
198816
198827
199045
199081
199181
199223
199226
199854
199897
199974
200026
200071
200240
200336
200381
200387
200585
200674
200764
200835
200884
200990
201065
201405
201498
201508
201522
201680
201724
201910
202003
202079
202085
202218
202424
202570
202822
202866
202902
202953
203270
203572
203730
203772
203926
204016
204041
204102
204189
204207
204280
204469
204530
204538
204594
205045
205153
205332
205392
205404
205440
205475
205649
205773
206170
206353
206518
206589
206671
206792
207184
207207
207382
207387
208113
208471
208726
208771
208839
208941
209180
209221
209350
209447
209524
209710
209922
209939
209974
209985
210006
210096
210171
210361
210426
210535
210629
211221
211330
211341
211413
211433
211506
211527
211577
211750
211798
211977
212116
212193
212202
212745
212913
212921
213026
213150
213280
213433
213500
213768
213921
213925
213945
214183
214226
214314
214405
214434
214497
214626
214676
214831
215181
215309
215739
215801
216005
216116
216473
216596
216636
216637
216845
217080
217083
217442
217500
217604
217612
217617
217871
217882
218102
218558
218631
218642
218740
218760
218816
218899
219087
219140
219304
219427
219468
219558
219586
219639
219722
219802
219965
220131
220156
220248
220400
220403
220450
220489
220502
220619
220758
220802
220808
220824
220830
220848
221048
221096
221410
221527
221594
222013
222348
222449
222467
222497
222742
222786
222921
222950
222955
223322
223522
223557
223651
223973
224167
224210
224343
224765
224848
224924
225073
225079
225240
225267
225714
225743
225856
225915
225991
226156
226395
226498
226813
226943
226977
227062
227098
227182
227196
227313
227389
227545
227722
228099
228159
228280
228386
228477
228990
229046
229247
229273
229462
229797
229812
229885
230088
230118
230139
230170
230433
230473
230553
230573
230929
231019
231069
231078
231327
231705
231715
231736
231958
232006
232380
232474
232538
232891
233046
233078
233098
233143
233232
233368
233388
233480
233511
233559
233726
233765
234089
234864
235089
235116
236001
236011
236095
236115
236122
236290
236326
236480
236592
236645
236793
236804
237192
237447
237528
237706
237919
238019
238116
238534
238643
238816
238818
239558
239673
239683
239916
240015
240088
240138
240308
240392
240422
240573
240731
240923
240997
241141
241634
241724
241764
241853
241886
241894
242356
242468
242609
242869
243003
243071
243356
243383
243415
243784
244814
245004
245054
245063
245195
245593
246072
246446
246521
246578
246601
246795
246887
246947
247063
247128
247342
247561
247562
247718
247741
247872
248054
248135
248453
248631
248695
248795
248880
248938
249037
249108
249191
249356
249432
249631
249717
249759
249879
249892
249986
250296
250441
250803
250931
250946
250979
250993
251034
251195
251290
251301
251422
251436
251667
251811
252193
252355
252625
252634
252736
252765
253067
253099
253511
253581
253584
253698
253882
253909
253937
253996
254039
254202
254258
254476
254549
254731
254746
254951
254959
255072
255088
255279
255298
255551
255633
255880
255964
256298
256691
257371
257414
257932
258495
258675
258860
258932
258978
259222
259659
259747
259915
259939
260196
260197
260227
260742
260786
260799
260935
260975
261002
261096
261405
261416
261500
262024
262037
262083
262930
263370
263489
263619
263629
263876
264069
264551
264814
265268
265669
265725
266000
266068
266129
266199
266601
266641
266773
266919
267452
267808
268201
268322
268327
268482
268706
268815
268971
269464
269882
269902
270012
270116
270337
270499
271027
271164
271272
271359
271483
271597
271638
271872
271937
272734
272738
272759
272827
273982
274635
274644
274676
274747
275369
275952
276026
276598
276947
277569
278058
279024
279625
279908
279998
280104
280108
280474
281119
281220
281527
281988
282169
282514
282833
283155
283256
283276
283373
283599
283797
284040
284119
284429
284601
284960
285075
285408
286072
286118
286125
286170
286637
286813
286896
286912
287697
287757
287861
288115
288528
288852
288976
289568
290534
290599
291028
291074
291171
291948
292063
292311
292628
292731
292878
293091
293652
293858
294258
294519
294642
294723
294964
295331
296003
296048
296827
297363
297521
297719
297959
298163
298796
299119
299169
299399
299613
299813
299872
300055
300229
300395
300485
300700
300881
301132
301629
301683
302078
302288
302311
302862
302922
303098
303304
303359
303393
303665
303698
304546
304927
304998
305004
305122
305124
305437
305778
305820
306737
306766
306908
307071
307154
307180
307732
307846
308188
309300
309370
309762
310509
310644
310987
311181
311212
311282
311992
312229
312757
312922
312983
313349
313995
314326
314378
315026
315154
315343
316665
316839
316899
316920
317480
317538
317856
317952
318003
318017
318162
320161
320390
320800
321006
321832
322142
322268
322494
322521
323285
323349
324041
324113
324777
324812
324847
325190
325285
325292
325650
325712
326359
326773
326797
327359
327801
328370
328799
328810
329145
329235
329968
330707
330759
331070
331610
332569
332778
333024
333348
333581
333590
333633
333678
334454
334592
334716
334819
334939
335289
335292
336225
336414
336430
336616
336991
337070
337249
338008
338189
338368
339502
339888
341067
341074
341339
341368
341842
342993
343270
343700
343803
343872
344622
344867
345234
345434
345767
346005
346121
346224
346704
347154
347386
348130
348769
348897
349798
350019
350080
350879
350940
351517
351575
352133
352188
352415
353524
353667
353842
353982
354659
355784
356215
356276
356472
357770
357818
358699
358929
359554
359784
359788
359866
360419
361870
363222
363477
364309
364349
364985
365047
365265
365334
365383
365452
365666
365871
367327
367441
367811
368093
368264
368860
369256
369827
370227
370424
370555
371093
371394
372412
372537
372706
373642
373671
373696
373789
374516
375201
375364
375458
376013
376171
376633
377618
378099
378151
379323
379370
379446
380177
380180
381069
381762
382336
382710
383104
383225
384417
385076
385146
387053
388619
389134
389389
389506
392284
392319
392479
392487
393900
395034
396257
396533
397237
400765
401105
402341
402654
404507
404620
405864
407179
407792
410972
411997
413307
413548
415595
418806
418901
420613
420871
421296
421503
421593
421878
421884
421899
421954
421999
422505
424129
425724
426361
426413
426940
428981
429019
429136
430567
433826
433927
434649
435780
437034
437361
437425
441313
441633
443783
444400
445056
447665
447980
448075
448305
451579
454286
456499
464212
465005
468243
471314
475449
476898
476952
477445
478129
480911
487363
487975
491996
497823
506766
506979
510402
511180
516629
516919
524570
525828
526927
535625
540820
548379
575414
