0
0
15
62
96
259
284
285
294
295
386
391
442
463
501
541
577
667
717
741
878
880
903
988
988
1009
1012
1101
1108
1131
1303
1342
1385
1390
1527
1541
1542
1659
1729
1786
1841
1854
1886
1968
2034
2036
2067
2098
2151
2287
2371
2392
2414
2414
2541
2565
2570
2598
2600
2636
2667
2721
2759
2844
2927
2956
2966
3003
3031
3063
3198
3254
3261
3285
3302
3312
3329
3329
3337
3358
3461
3525
3655
3671
3745
3762
3844
3906
3935
3945
4029
4091
4101
4111
4183
4186
4265
4361
4390
4442
4471
4508
4521
4558
4569
4593
4659
4720
4740
4812
4855
4873
4890
4911
4976
4988
5010
5025
5034
5036
5124
5155
5177
5180
5207
5217
5258
5325
5350
5359
5382
5478
5485
5672
5699
5724
5731
5755
5803
5877
5941
5957
5963
6008
6011
6082
6095
6107
6119
6134
6158
6160
6163
6267
6305
6309
6323
6324
6331
6417
6428
6436
6443
6449
6516
6527
6546
6551
6576
6627
6657
6697
6782
6788
6796
6806
6864
7096
7099
7126
7142
7242
7273
7362
7406
7480
7502
7508
7531
7533
7554
7626
7665
7752
7772
7826
8017
8050
8056
8096
8100
8239
8259
8277
8312
8338
8349
8384
8432
8436
8448
8491
8537
8557
8573
8635
8641
8643
8654
8654
8690
8768
8771
8795
8957
8990
8994
9064
9069
9078
9107
9156
9244
9275
9380
9382
9384
9440
9458
9461
9511
9615
9617
9672
9758
9781
9813
9819
9852
9867
9883
9924
10095
10123
10152
10189
10210
10227
10294
10316
10409
10451
10472
10533
10538
10546
10582
10666
10714
10721
10849
10861
10869
10924
10956
10963
11074
11085
11145
11225
11242
11395
11412
11412
11528
11534
11611
11686
11738
11756
11787
11796
11966
11975
11987
11987
12026
12094
12120
12196
12213
12264
12273
12330
12369
12461
12554
12572
12594
12612
12617
12641
12723
12729
12790
12808
12815
12845
12878
12917
13063
13067
13085
13128
13145
13166
13218
13238
13246
13334
13412
13417
13422
13486
13488
13505
13529
13559
13564
13625
13719
13744
13795
13838
13912
13923
13965
13966
14052
14055
14063
14113
14122
14159
14163
14221
14290
14425
14433
14452
14478
14514
14664
14728
14786
14874
14917
15094
15123
15143
15203
15221
15284
15322
15332
15346
15349
15359
15373
15399
15474
15521
15578
15597
15649
15665
15668
15677
15681
15683
15738
15739
15787
15851
15966
15970
15971
16061
16080
16095
16115
16146
16157
16160
16173
16190
16200
16247
16252
16256
16293
16362
16372
16533
16551
16647
16692
16707
16713
16716
16716
16773
16801
16814
16864
16885
16889
17027
17064
17090
17148
17211
17244
17313
17327
17353
17375
17467
17485
17502
17549
17556
17568
17617
17742
17832
17898
17989
17996
17997
18058
18060
18093
18114
18171
18222
18228
18256
18338
18398
18491
18585
18638
18693
18727
18760
18810
18811
18839
19207
19218
19239
19249
19276
19294
19368
19373
19404
19405
19420
19439
19555
19590
19591
19686
19836
19839
19896
20042
20059
20141
20154
20205
20280
20394
20407
20412
20417
20430
20440
20459
20521
20527
20536
20550
20553
20587
20599
20608
20633
20664
20664
20713
20714
20820
20825
20844
20848
20969
21029
21049
21067
21075
21097
21150
21155
21169
21200
21238
21261
21312
21362
21400
21444
21498
21499
21511
21539
21582
21639
21646
21722
21841
21874
21919
21932
22032
22079
22134
22173
22242
22312
22317
22412
22420
22436
22488
22494
22507
22519
22528
22582
22598
22629
22694
22741
22891
22924
23052
23059
23063
23257
23260
23272
23302
23308
23313
23398
23454
23479
23482
23523
23549
23639
23699
23769
23986
24009
24012
24023
24097
24150
24153
24154
24173
24221
24291
24321
24585
24602
24605
24605
24616
24651
24677
24677
24748
24839
24859
24952
25009
25036
25038
25047
25054
25059
25071
25135
25156
25162
25350
25573
25593
25729
25836
25870
25936
25939
25972
25974
26014
26109
26181
26190
26226
26253
26274
26274
26274
26380
26417
26475
26478
26609
26653
26675
26684
26766
26773
26773
26798
26843
26872
26921
26929
26995
27005
27018
27033
27052
27180
27217
27254
27254
27353
27360
27366
27434
27453
27468
27535
27561
27586
27597
27599
27615
27650
27672
27678
27720
27724
27857
27936
27938
27946
27960
28045
28050
28117
28131
28235
28267
28352
28406
28415
28445
28485
28522
28524
28548
28559
28640
28719
28758
28763
28800
28827
28863
28874
28882
28897
29020
29186
29226
29274
29293
29332
29353
29387
29402
29416
29427
29440
29517
29597
29602
29647
29692
29728
29921
29963
29974
30067
30093
30128
30142
30193
30313
30345
30408
30455
30455
30468
30556
30590
30597
30619
30645
30668
30691
30717
30735
30770
30770
30980
31130
31224
31243
31254
31260
31313
31318
31381
31492
31497
31536
31633
31769
31795
31875
31908
31921
32005
32006
32030
32087
32125
32366
32393
32415
32429
32534
32649
32658
32675
32678
32693
32731
32749
32912
32916
32931
32939
33044
33156
33168
33197
33205
33250
33463
33471
33492
33508
33533
33567
33612
33674
33680
33698
33721
33748
33762
33836
33879
33918
33933
33970
33980
34078
34088
34168
34169
34201
34292
34388
34574
34617
34642
34662
34667
34699
34712
34831
34966
35048
35086
35167
35174
35288
35299
35322
35379
35491
35520
35526
35541
35606
35669
35706
35890
35953
35990
36001
36008
36015
36041
36072
36073
36080
36104
36107
36122
36149
36153
36185
36219
36223
36285
36353
36357
36358
36374
36394
36402
36404
36407
36474
36494
36523
36554
36614
36619
36629
36657
36806
36809
36862
36892
36894
36944
36972
36997
37095
37116
37161
37193
37208
37252
37257
37372
37468
37495
37535
37536
37548
37575
37625
37663
37725
37771
37777
37800
37817
37864
37865
37901
37906
37995
38017
38118
38285
38341
38432
38554
38560
38671
38760
38767
38891
38900
38945
38988
39036
39038
39094
39112
39148
39265
39330
39334
39411
39440
39448
39495
39510
39634
39654
39665
39739
39767
39826
39888
39923
39980
39999
40028
40040
40111
40141
40237
40244
40250
40280
40285
40288
40300
40316
40331
40360
40378
40429
40450
40495
40499
40529
40536
40544
40585
40600
40688
40711
40777
40796
40844
40847
40875
40947
40950
40992
41024
41073
41136
41181
41187
41211
41311
41363
41499
41555
41602
41606
41637
41653
41668
41722
41750
41755
41782
41788
41798
41807
41812
41813
41923
41946
41982
42041
42060
42066
42223
42334
42419
42479
42514
42514
42516
42530
42576
42640
42710
42791
42805
42811
42851
42894
42897
42901
42926
42926
43016
43025
43026
43088
43116
43183
43199
43278
43332
43367
43384
43385
43420
43433
43492
43553
43580
43603
43615
43668
43690
43712
43820
43836
43872
43885
43983
43987
44039
44070
44082
44137
44147
44180
44188
44188
44196
44219
44238
44323
44328
44340
44352
44409
44431
44481
44505
44508
44581
44670
44719
44762
44952
44987
45035
45075
45092
45146
45355
45449
45489
45582
45595
45638
45648
45695
45781
45893
45944
45971
46178
46217
46265
46568
46580
46598
46606
46679
46745
46813
46827
46833
46848
47066
47080
47091
47155
47234
47239
47247
47262
47292
47339
47381
47452
47507
47538
47548
47574
47579
47610
47664
47682
47989
48021
48085
48088
48196
48207
48220
48293
48317
48327
48350
48359
48380
48387
48391
48410
48541
48577
48578
48621
48626
48699
48726
48737
48741
48749
48759
48795
48808
48817
48857
48882
48986
49019
49110
49168
49304
49314
49402
49412
49414
49467
49598
49640
49835
49837
49851
49913
49954
49954
50000
50000
50014
50147
50195
50197
50203
50207
50220
50223
50243
50255
50363
50453
50575
50695
50700
50778
50801
50812
50935
51003
51007
51142
51207
51247
51266
51360
51436
51465
51471
51502
51611
51656
51665
51693
51775
51783
51858
51868
51877
51926
51932
51972
51977
52009
52094
52096
52126
52202
52367
52376
52439
52453
52535
52540
52562
52589
52589
52650
52671
52767
52778
52864
52918
52993
53112
53128
53141
53287
53329
53427
53448
53498
53559
53621
53669
53742
53787
53790
53844
53968
53980
54095
54156
54186
54245
54283
54314
54319
54337
54339
54466
54478
54487
54487
54490
54502
54685
54720
54723
54723
54740
54927
54953
54978
55055
55069
55098
55135
55173
55205
55323
55397
55407
55539
55614
55677
55693
55730
55747
55778
55802
55845
55910
56015
56033
56034
56052
56098
56121
56152
56160
56205
56211
56258
56330
56397
56432
56445
56552
56648
56678
56744
56747
56844
56912
57023
57047
57066
57141
57160
57173
57202
57241
57273
57319
57353
57417
57422
57479
57480
57497
57561
57603
57652
57658
57664
57710
57799
57812
57829
57850
57854
57854
57861
57867
57877
57906
57976
58027
58054
58074
58149
58159
58172
58191
58208
58247
58272
58423
58458
58508
58614
58621
58635
58661
58686
58709
58770
58780
58845
58849
58892
58942
59073
59106
59124
59130
59132
59182
59192
59212
59217
59274
59282
59335
59563
59580
59625
59744
59757
59771
59802
59814
59991
60075
60102
60222
60261
60355
60456
60472
60504
60518
60631
60633
60680
60708
60717
60745
60758
60793
60815
60859
60867
60896
60958
61006
61011
61135
61163
61183
61230
61244
61247
61249
61250
61340
61364
61367
61372
61392
61446
61528
61528
61570
61577
61745
61765
61794
61822
61858
61886
61901
61946
61951
62201
62245
62284
62290
62381
62390
62392
62401
62405
62489
62545
62590
62628
62696
62781
62781
62788
62849
62866
62867
62872
62877
62902
62946
62958
62967
63064
63135
63174
63256
63346
63485
63486
63496
63589
63658
63662
63663
63681
63731
63790
63838
63855
63931
63988
64095
64120
64153
64198
64209
64272
64313
64326
64331
64401
64438
64446
64476
64538
64563
64615
64652
64751
64910
64925
64993
65037
65146
65175
65206
65209
65449
65497
65531
65566
65568
65616
65637
65714
65746
65764
65843
65844
65887
65957
66003
66265
66268
66299
66340
66366
66447
66465
66480
66598
66620
66641
66701
66729
66771
66831
66872
66885
66964
67039
67045
67102
67130
67171
67179
67340
67432
67449
67493
67501
67563
67602
67630
67669
67707
67776
67954
67986
68030
68044
68075
68082
68126
68131
68178
68266
68398
68408
68432
68537
68555
68559
68620
68664
68675
68695
68745
68880
68898
68974
69065
69095
69123
69129
69153
69170
69280
69301
69312
69343
69374
69429
69445
69501
69529
69560
69571
69724
69728
69808
69852
69867
69869
69926
70023
70070
70086
70130
70186
70354
70438
70454
70575
70595
70595
70613
70627
70670
70700
70720
70788
70827
70835
70862
70862
70864
70899
70972
71050
71061
71156
71203
71245
71286
71293
71390
71415
71457
71519
71765
71773
71863
72265
72314
72332
72339
72438
72522
72575
72592
72618
72620
72621
72634
72685
72758
72787
72789
72833
72840
72897
72976
72988
73073
73154
73181
73215
73221
73309
73332
73361
73464
73468
73498
73617
73635
73726
73912
73958
73970
74026
74057
74083
74099
74103
74133
74171
74173
74175
74222
74299
74309
74327
74378
74385
74410
74480
74490
74534
74671
74756
74797
74840
74868
74897
74909
74916
74938
75050
75088
75090
75131
75338
75350
75405
75450
75457
75530
75663
75668
75683
75868
75879
75939
75957
76001
76005
76037
76082
76120
76188
76373
76431
76463
76551
76583
76629
76634
76807
76810
76852
76887
76891
76977
76991
77005
77012
77038
77078
77085
77143
77178
77226
77293
77307
77308
77310
77348
77350
77528
77559
77583
77620
77627
77633
77713
77766
77768
77866
77907
77916
77987
78048
78053
78068
78069
78145
78171
78173
78179
78217
78251
78317
78377
78401
78505
78574
78687
78701
78721
78750
78784
78821
78826
78843
78890
78913
78964
78992
79022
79146
79238
79301
79376
79440
79513
79558
79603
79684
79697
79717
79738
79746
79772
79860
79878
79955
80014
80215
80231
80268
80271
80284
80287
80321
80356
80376
80397
80473
80553
80583
80588
80609
80680
80793
80837
80912
80929
80982
80990
81031
81035
81039
81099
81160
81179
81180
81202
81252
81253
81288
81290
81319
81337
81360
81422
81451
81515
81652
81760
81789
81823
81827
81831
81948
81984
82076
82190
82302
82328
82525
82537
82629
82662
82712
82728
82819
82961
82981
83074
83123
83163
83286
83323
83374
83436
83436
83442
83454
83464
83518
83552
83685
83701
83760
83843
83906
83918
83953
84112
84167
84198
84210
84228
84326
84359
84460
84479
84532
84563
84574
84585
84604
84626
84759
84760
84777
84896
84920
84984
85049
85061
85116
85188
85228
85233
85247
85370
85556
85578
85614
85668
85695
85697
85735
85776
85784
85814
85818
85819
85976
85998
86003
86049
86274
86291
86336
86339
86366
86394
86591
86649
86652
86728
86754
86817
86818
86843
86870
86882
86920
87103
87143
87152
87175
87176
87214
87220
87238
87279
87300
87315
87404
87486
87504
87581
87590
87625
87682
87686
87710
87772
87806
87822
87898
87938
87953
88003
88004
88034
88040
88056
88063
88162
88206
88215
88241
88251
88259
88368
88410
88425
88560
88589
88589
88644
88670
88771
88861
88910
88928
89004
89194
89420
89496
89519
89532
89738
89768
89789
89898
89912
89919
89935
89965
89978
90004
90185
90204
90256
90283
90383
90386
90419
90500
90512
90533
90537
90836
90953
91019
91058
91087
91114
91175
91404
91457
91511
91529
91577
91584
91622
91650
91692
91722
91751
91756
91774
91832
91894
91918
91963
91969
92064
92169
92190
92245
92313
92340
92343
92364
92479
92582
92619
92672
92741
92776
92783
92856
92888
93021
93055
93145
93327
93382
93392
93394
93411
93436
93453
93557
93560
93594
93639
93642
93672
93677
93678
93700
93730
93755
93791
93830
93862
93863
93903
93983
94002
94012
94014
94016
94034
94135
94265
94268
94285
94305
94428
94495
94506
94596
94599
94629
94641
94661
94701
94728
94742
94807
94826
94831
94904
95007
95018
95019
95074
95139
95175
95195
95196
95212
95285
95371
95383
95418
95440
95612
95614
95616
95638
95650
95655
95685
95771
95844
95888
95935
95962
95973
96027
96085
96129
96149
96206
96223
96382
96419
96432
96508
96530
96779
96781
96785
96821
96850
96902
96933
96984
96990
97070
97189
97202
97276
97346
97639
97646
97669
97712
97721
97806
97906
98092
98110
98119
98165
98250
98255
98326
98379
98501
98522
98542
98629
98634
98638
98655
98660
98666
98703
98712
98717
98733
98739
98760
98787
98829
98837
98855
98891
98926
98984
99037
99039
99368
99393
99397
99426
99447
99472
99476
99539
99608
99707
99709
99742
99761
99780
99850
99851
99901
99935
100010
100019
100023
100061
100131
100230
100295
100299
100392
100474
100494
100496
100605
100611
100682
100738
100896
100927
100949
101006
101068
101095
101121
101123
101272
101302
101443
101447
101530
101611
101695
101730
101754
101868
101898
101921
101931
101985
101997
101999
102080
102119
102153
102165
102337
102362
102638
102681
102768
102808
102986
102998
103061
103077
103138
103171
103175
103261
103363
103379
103402
103478
103513
103518
103657
103677
103693
103730
103761
103776
103825
104010
104062
104142
104181
104191
104220
104337
104337
104368
104398
104444
104472
104528
104542
104640
104641
104794
104795
104800
104868
104872
104945
104963
104979
105020
105048
105123
105133
105387
105421
105536
105562
105568
105594
105615
105638
105696
105830
105887
106046
106134
106157
106176
106188
106200
106217
106260
106319
106419
106532
106544
106735
106802
106835
106958
107174
107210
107235
107254
107355
107383
107428
107466
107491
107507
107514
107575
107622
107704
107771
107807
107894
107895
108036
108341
108359
108430
108509
108567
108579
108604
108609
108648
108693
108708
108728
108819
108839
108858
108861
109022
109050
109135
109152
109351
109353
109406
109421
109473
109527
109567
109622
109625
109646
109671
109737
109754
109792
109798
109803
109887
109925
109960
109964
109970
109987
110134
110291
110432
110513
110527
110590
110636
110736
110742
110920
110974
111013
111053
111110
111186
111223
111226
111442
111505
111517
111523
111549
111612
111613
111628
111681
111684
111696
111699
111750
111811
111865
111996
112120
112120
112122
112134
112136
112221
112225
112407
112436
112503
112514
112522
112584
112649
112654
112669
112695
112708
112714
112720
112910
112915
112933
112942
112969
113010
113011
113065
113131
113153
113189
113260
113355
113400
113418
113419
113510
113574
113591
113684
113695
113882
113887
114022
114146
114242
114277
114320
114334
114349
114466
114487
114489
114489
114521
114536
114605
114713
114833
114839
114909
114995
115014
115201
115401
115464
115465
115514
115607
115845
115878
115977
116018
116124
116130
116334
116417
116477
116482
116647
116701
116744
116922
116963
117043
117103
117129
117224
117281
117300
117337
117367
117377
117482
117514
117591
117621
117695
117708
117729
117823
117835
117881
117973
117978
118043
118135
118157
118168
118168
118173
118177
118195
118246
118257
118341
118367
118425
118479
118507
118615
118618
118672
118883
118893
118956
118966
118980
119052
119071
119140
119192
119377
119405
119459
119573
119592
119605
119705
119843
119930
119931
119944
120180
120288
120297
120357
120383
120524
120680
120683
120684
120688
120745
120769
120779
120901
120971
121029
121100
121103
121106
121171
121184
121199
121234
121246
121259
121328
121351
121372
121382
121482
121527
121683
121725
121766
121836
121841
121864
121927
121977
122016
122082
122192
122230
122272
122313
122322
122396
122581
122665
122666
122712
122715
122817
122833
122934
123112
123132
123227
123254
123390
123416
123483
123525
123612
123634
123676
123686
123769
123770
123786
123802
123860
124163
124180
124240
124266
124375
124452
124684
124705
124837
124844
124949
124955
125009
125011
125037
125042
125049
125127
125182
125270
125317
125366
125535
125629
125746
125777
126101
126600
126604
126650
126670
126727
126758
126759
126830
126977
127076
127137
127231
127328
127527
127568
127647
127656
127712
127787
127849
127917
127933
127937
127956
128100
128147
128154
128173
128176
128212
128217
128221
128426
128443
128541
128546
128657
128695
128708
128768
128801
128906
128984
129103
129368
129421
129615
129627
129911
129947
129986
129995
130054
130070
130122
130138
130317
130349
130416
130487
130513
130590
130618
130646
130660
130727
130797
130837
130856
130868
130918
130939
130954
130990
131092
131141
131206
131233
131302
131385
131453
131545
131585
131598
131692
131713
131798
131887
131932
131999
132035
132121
132151
132153
132161
132200
132397
132408
132411
132519
132671
132722
132803
132852
132982
133017
133265
133326
133361
133437
133460
133522
133679
133789
133850
133905
134049
134084
134097
134211
134272
134364
134376
134422
134436
134507
134512
134526
134529
134616
134658
134674
134737
134775
134912
134957
135045
135110
135132
135159
135202
135392
135479
135807
135830
135845
135849
135871
135968
135972
136079
136251
136253
136287
136347
136364
136376
136445
136465
136593
136619
136648
136707
136721
136765
136820
136938
136994
137202
137369
137387
137599
137655
137712
137737
137752
137810
137938
138008
138017
138127
138211
138245
138252
138284
138560
138803
138867
138943
138953
138979
139021
139027
139204
139215
139253
139357
139419
139509
139668
139797
140096
140137
140144
140219
140278
140344
140377
140418
140444
140601
140614
140732
140765
140809
140819
140858
140919
141108
141151
141163
141226
141289
141541
141548
141708
141737
141753
141803
141880
141906
141917
141958
142018
142087
142138
142194
142248
142310
142388
142414
142479
142576
142680
142681
142706
142806
142865
142900
142920
142967
143003
143092
143120
143184
143276
143296
143308
143344
143376
143416
143443
143480
143483
143484
143673
143725
143763
143784
143795
143878
144135
144136
144206
144366
144405
144467
144616
144667
144728
144866
144887
145014
145081
145333
145344
145507
145740
145763
145793
145887
146241
146355
146376
146469
146520
146524
146551
146742
146882
146885
146927
147012
147202
147254
147255
147280
147405
147481
147490
147595
147600
147679
147681
147699
147717
147787
147812
147855
147896
147919
147990
148055
148365
148420
148430
148503
148552
148555
148729
148742
148821
148822
148863
148923
149028
149076
149086
149177
149282
149332
149553
149588
149595
149596
149645
149653
149900
149918
150010
150135
150153
150265
150279
150407
150575
150617
150680
150709
150719
150851
150869
150924
150983
151068
151119
151391
151640
151807
151830
151905
151978
151979
152108
152157
152245
152279
152317
152336
152429
152474
152474
152482
152587
152598
152704
152706
152739
153017
153019
153140
153292
153300
153321
153324
153427
153474
153509
153557
153621
153648
153722
153866
153916
153944
153988
154039
154044
154099
154154
154198
154207
154272
154355
154455
154570
154605
154652
154657
154658
154928
154962
155261
155477
155569
155588
155826
155938
156018
156122
156172
156248
156316
156347
156492
156556
156580
156650
156662
156800
156882
156883
156921
157094
157160
157233
157320
157327
157352
157406
157428
157483
157607
157662
157669
157833
157836
157933
157997
158012
158058
158069
158143
158190
158201
158237
158351
158379
158491
158544
158557
158692
158721
158751
158769
158832
159097
159099
159375
159450
159631
159884
159964
160190
160320
160511
160555
160757
160887
160902
160984
161005
161074
161172
161210
161228
161539
161748
161756
161827
161869
161883
161884
161891
161951
161987
162377
162529
162615
162642
162845
163079
163133
163144
163270
163423
163440
163493
163506
163521
163652
163732
163767
163806
163807
163866
163903
163947
163957
164076
164155
164169
164217
164227
164253
164385
164462
164530
164560
164682
164686
164739
164776
164850
164910
164951
164953
165020
165030
165262
165312
165375
165384
165467
165557
165614
165663
165864
165938
165987
166014
166048
166103
166177
166185
166209
166266
166274
166462
166463
166510
166618
166756
167108
167190
167236
167276
167288
167472
167492
167498
167653
167703
167756
167915
168240
168259
168285
168582
168693
168707
168740
168766
168944
168965
169012
169052
169145
169240
169383
169389
169400
169472
169517
169528
169614
169618
169665
169838
170019
170051
170158
170186
170199
170313
170321
170329
170356
170543
170600
170770
170772
170825
170956
170990
171044
171054
171078
171151
171333
171350
171378
171468
171483
171593
171599
171676
171898
171909
171999
172033
172109
172134
172158
172349
172368
172560
172594
172778
172827
173077
173117
173172
173227
173520
173553
173632
173691
173706
173718
173755
173956
173976
174002
174067
174136
174331
174370
174380
174388
174575
174626
174706
174795
174827
174830
174901
174963
174980
175188
175247
175383
175474
175528
175537
175864
175874
175991
176008
176099
176118
176207
176260
176310
176438
176509
176528
176561
176605
176634
176644
176646
176747
176991
176995
177008
177036
177083
177151
177201
177213
177248
177330
177369
177444
177485
177584
177622
177729
177850
177902
177916
177938
178010
178091
178255
178427
178500
178519
178567
178777
178794
179072
179171
179230
179245
179260
179276
179408
179730
179906
179975
180039
180044
180066
180135
180311
180315
180334
180386
180404
180564
180639
180661
180768
180908
180959
180968
181037
181073
181112
181195
181236
181401
181516
181559
181577
181750
181773
182345
182351
182385
182634
182647
182700
182782
182855
182863
182974
183095
183101
183210
183401
183414
183484
183504
183551
183566
183677
183706
183764
183846
183865
183927
184051
184100
184184
184276
184287
184362
184403
184504
184505
184528
184610
184703
184750
184767
184836
184904
184915
185184
185266
185484
185489
185526
185531
185599
185941
186053
186141
186145
186317
186337
186419
186432
186592
186644
186689
186706
186712
186918
186962
187102
187124
187157
187177
187200
187245
187315
187488
187553
187564
187597
187703
187899
188009
188240
188251
188275
188410
188511
188663
188726
188746
188876
188896
188980
189165
189378
189455
189476
189522
189546
189676
189764
189778
189779
189812
189968
189990
189999
190010
190033
190044
190127
190181
190233
190321
190589
190627
190696
190827
190832
190865
190890
191209
191231
191359
191478
191557
191625
191885
191954
192060
192090
192232
192271
192325
192408
192443
192493
192591
192657
192747
193068
193092
193133
193165
193388
193441
193520
193545
193562
193625
193630
193715
193838
193948
193977
194191
194273
194284
194349
194352
194695
195600
195625
195702
195782
195863
195886
195896
195986
195988
196015
196417
196444
196568
196578
196696
196926
196935
197117
197185
197337
197509
197511
197670
197689
197837
198077
198114
198288
198347
198546
198638
198816
198896
198905
198922
198982
199070
199110
199116
199132
199186
199381
199417
199687
199966
200003
200076
200202
200212
200215
200242
200363
200368
200421
200743
200940
200953
200964
200985
201104
201142
201213
201279
201335
201519
201541
201586
201731
202090
202144
202205
202329
202361
202365
202413
202423
202564
202729
202778
202840
202861
202862
202916
202921
203209
203302
203347
203439
203522
203614
203665
203808
203877
203941
203990
204003
204158
204331
204389
204410
204486
204760
204778
204815
204927
204956
204994
205310
205603
205624
205678
205680
205718
206007
206034
206070
206137
206204
206269
206301
206418
206432
206455
206589
206782
206830
206882
207077
207085
207127
207156
207192
207199
207277
207336
207383
207569
207605
207777
207884
208160
208262
208286
208406
208506
208532
208568
208699
208900
208916
208923
208977
209036
209039
209156
209541
209622
209676
209754
209776
209961
209989
210009
210108
210137
210200
210479
210543
210625
210637
210703
210820
210898
210900
210937
210951
211040
211076
211272
211282
211325
212034
212113
212441
212482
212489
212501
212535
212580
212708
213022
213101
213177
213267
213592
213758
213766
213797
213879
214004
214005
214139
214173
214229
214494
214558
214667
214685
214720
214755
214759
215267
215305
215344
215616
215839
216032
216488
216499
216562
216778
216814
216818
217136
217164
217343
217499
217684
217730
217865
218240
218259
218318
218686
218840
218894
218946
219278
219346
219462
219723
219784
219861
219963
220020
220125
220247
220334
220371
220380
220542
220570
220623
221142
221312
221382
221389
221487
221501
221521
221529
221627
221885
221975
222050
222285
222458
222462
222595
222678
222784
222851
223145
223201
223434
223454
223483
223489
223612
223766
223941
224119
224186
224393
224431
224632
224700
224754
224883
224991
225067
225106
225113
225232
225290
225299
225342
225347
225456
226150
226164
226167
226310
226392
226450
226670
226957
227165
227190
227375
227662
227808
227891
228048
228087
228128
228129
228278
228445
228690
228750
228855
228923
228927
229056
229150
229220
229350
229454
229840
229901
229913
230068
230099
230313
230389
230460
230485
230516
230703
230800
231076
231353
231455
231690
231729
232274
232297
232550
232754
232937
232973
233055
233328
234013
234048
234110
234146
234154
234159
234178
234223
234226
234292
234305
234433
234488
234713
234820
235154
235316
235340
235343
235350
235542
235660
235712
235980
236054
236062
236324
236400
236769
236828
236889
236937
236982
237037
237252
237340
237488
237873
237968
238036
238095
238454
238500
238503
238727
238785
239101
239144
239191
239388
239602
239898
240029
240173
240185
240336
240766
240773
240777
241058
241199
241249
241357
241365
241385
241744
242033
242161
242277
242390
242545
242688
242700
242731
242752
242774
242790
243251
243345
243631
243666
243676
243813
243855
243880
243898
243959
244294
244378
245214
245227
245456
245643
245988
246118
246757
247048
247170
247391
247456
247608
247649
247921
248010
248246
248410
248594
248656
248660
248983
249310
249369
249518
249579
249610
249811
249989
250294
250611
250631
250693
250780
250811
250908
251535
251676
251794
251794
251897
252036
252141
252231
252345
252363
252403
252497
252528
252590
252669
252687
252847
252954
253412
253417
253771
253833
253866
253903
254139
254146
254156
254624
254666
254773
254802
254926
255224
255600
255657
255798
256508
256625
256639
256814
256907
256995
257252
257300
257575
257847
257975
258519
258631
258723
259323
259802
260228
260261
260430
260511
260648
260676
260736
260940
261045
261149
261465
261480
261499
261650
262214
262280
262506
262678
263228
263332
263471
263620
263745
264021
264212
264272
264301
264455
264558
264577
264610
264629
264883
265443
265483
265486
266020
266068
266539
266599
266779
266988
267412
267434
267853
267860
268160
268466
268646
268728
268989
269026
269802
269815
269964
270369
270492
270512
270552
270593
270649
270801
270930
270969
271299
271308
271569
271770
271967
272422
272567
272693
273104
273144
273437
273513
273813
274331
274471
274649
274695
275268
275317
275529
275695
275728
276036
276116
276402
276802
277301
277435
277480
277492
277705
277706
277721
277777
278233
278610
278729
278828
278853
279238
279358
279939
280143
280242
280740
280812
281081
281242
281534
281960
281998
282008
282069
282331
282346
282348
282449
283292
283324
283353
283572
283677
284030
284036
284370
284828
284989
285426
285442
285535
285586
285727
286236
286373
286421
286575
286610
286644
287124
287223
287295
287365
287461
287478
287507
287671
288337
288993
289095
289470
289500
289578
289983
290142
290276
290287
290646
290856
291017
291018
291141
291351
291590
292283
292300
292307
292454
292761
292939
293197
293280
293313
293373
293467
293469
293514
293817
294109
294188
294206
294904
295132
295224
295621
295703
296033
296318
296436
296570
296637
296751
296833
297039
297353
297441
297470
297706
299102
299243
299425
299453
299468
299491
299890
300402
300411
300530
300836
301290
301325
301382
301719
302191
302241
302456
302481
302702
302812
303098
303417
303654
303708
303761
304529
304668
304726
305017
305064
305159
305537
305725
306093
306329
306519
306601
306777
307302
307408
307415
307675
307709
307825
308318
308332
308492
308562
308647
308694
309058
309176
309557
309714
309755
310373
310423
310616
311349
311603
311708
312128
312200
312433
312907
313077
313366
314040
314071
314200
314222
314411
314871
315803
315907
316007
316374
316480
316854
317592
317682
318852
319129
319494
319968
320139
320153
320213
320644
320715
320843
321180
321364
322166
322255
322287
322358
322560
323071
323407
323820
324402
324552
324842
325126
325359
325535
325559
326456
326514
326694
326873
326987
327388
327810
327834
328253
328331
328598
329959
330348
330478
331782
332175
332385
332468
332944
333112
333402
333586
333856
334912
335073
335082
335146
335728
336235
336677
337189
337717
338979
339370
340081
340322
340393
340559
340597
340656
341911
342595
342627
343055
343650
343741
344120
344135
344779
345078
345491
345570
345670
345689
345912
346172
346205
346274
346523
347589
347755
348263
348417
348834
349088
349715
349877
349941
350591
350776
351058
351877
352049
352253
352383
352444
352654
353245
353311
353750
353805
354620
354781
354875
355649
355953
356726
358120
358141
358591
359506
359598
360537
360606
360687
361775
362033
362428
362748
363581
364352
365691
365775
365974
366635
367048
367387
367707
369028
369148
369162
370452
371423
371985
372973
373633
374211
374353
374431
374608
374750
376157
376292
376715
377312
377447
377584
378419
378982
379723
380667
381069
382053
382069
382117
382234
382434
383626
383821
384390
386226
386542
387202
387999
388177
389053
390059
392218
395398
395917
396625
397265
397504
397606
398060
398062
398445
399149
399391
400198
400361
401577
401866
405868
406942
408557
409762
409823
410267
412223
413305
415694
416076
419618
420051
420536
420906
421273
422044
423349
424144
425091
425388
428480
429777
430160
433130
439902
441872
442125
442132
442301
447739
449993
451595
452130
453259
454173
456485
456997
458778
459191
459871
460454
460757
463095
463999
465334
467106
471679
479677
482719
488227
490155
490716
490740
494308
495815
497464
498067
500747
501911
506519
508256
510207
517887
524486
529688
533252
538124
544948
553996
556599
581900
589445
593263
604862
607141
619711
650018
