0
0
80
97
137
280
295
326
351
357
439
525
557
698
741
744
753
810
925
926
1065
1097
1142
1169
1240
1254
1262
1323
1328
1345
1443
1503
1576
1616
1756
1759
1834
1985
2073
2139
2142
2175
2213
2276
2419
2431
2503
2551
2629
2650
2709
2747
2906
2919
3008
3013
3075
3206
3213
3217
3248
3304
3315
3375
3437
3478
3570
3763
3777
3857
3947
3953
4054
4065
4104
4170
4171
4301
4314
4350
4383
4389
4422
4671
4786
4824
4856
4885
4944
4986
5140
5331
5412
5470
5500
5502
5504
5574
5692
5799
5854
5858
5964
6059
6214
6221
6249
6255
6272
6437
6498
6525
6549
6670
6708
6725
6811
7118
7119
7132
7134
7167
7179
7213
7227
7467
7487
7494
7529
7530
7606
7606
7618
7839
7839
7848
7875
7978
8046
8095
8242
8256
8323
8330
8350
8495
8770
8785
8918
8936
9103
9162
9194
9225
9245
9253
9277
9332
9364
9403
9404
9438
9445
9532
9613
9637
9639
9669
9725
9778
9798
9824
9952
9958
10000
10213
10234
10257
10259
10260
10361
10480
10498
10832
10854
10907
10958
10969
11039
11043
11089
11115
11176
11189
11539
11568
11577
11642
11675
11677
11767
11785
11832
11848
11850
11881
11983
11984
12046
12086
12099
12114
12137
12168
12176
12212
12235
12250
12259
12282
12295
12334
12368
12388
12477
12525
12570
12738
12765
12850
12926
13006
13009
13019
13028
13146
13194
13207
13270
13274
13304
13371
13407
13613
13665
13675
13757
13769
13775
13819
13851
13855
13862
14064
14104
14219
14287
14348
14359
14410
14560
14621
14646
14731
14810
14847
14852
14867
14872
14883
14930
14934
14938
14996
15053
15068
15075
15130
15191
15222
15228
15357
15365
15375
15379
15412
15421
15430
15473
15505
15527
15548
15551
15552
15584
15624
15668
15722
15812
15877
15968
16011
16234
16262
16284
16358
16479
16581
16584
16713
16727
16735
16789
16797
16873
16910
16963
17000
17015
17042
17099
17127
17173
17194
17234
17238
17248
17259
17361
17364
17369
17412
17432
17473
17475
17503
17510
17525
17550
17568
17615
17643
17649
17666
17764
17796
17808
17895
18038
18044
18081
18089
18202
18234
18239
18264
18374
18478
18490
18510
18598
18610
18621
18630
18677
18681
18853
18893
18953
18980
19018
19057
19093
19113
19213
19260
19336
19356
19430
19482
19493
19531
19597
19602
19739
19752
19856
19871
19904
20042
20086
20206
20283
20297
20344
20355
20357
20383
20405
20498
20558
20570
20587
20610
20656
20729
20963
20973
21141
21191
21192
21195
21268
21601
21741
21816
21822
21957
22035
22116
22170
22184
22202
22244
22296
22341
22430
22446
22613
22737
22758
22761
22792
22841
22859
22958
23035
23076
23109
23182
23250
23302
23311
23448
23602
23617
23640
23659
23682
23848
23966
23969
24071
24335
24419
24478
24626
24874
24996
25086
25101
25127
25286
25304
25536
25803
25823
25837
25858
25939
25961
25991
26094
26115
26120
26132
26198
26368
26376
26523
26525
26541
26550
26629
26655
26808
26827
26898
27032
27034
27040
27044
27063
27170
27234
27271
27282
27331
27340
27372
27394
27395
27406
27524
27536
27539
27713
27856
27877
27878
27927
27940
27961
27963
27964
28007
28017
28195
28356
28367
28509
28567
28598
28682
28687
28700
28724
28798
28806
28922
28954
28967
28969
28995
28998
29004
29095
29182
29218
29265
29330
29423
29440
29441
29490
29873
29885
29932
29939
29967
30005
30238
30284
30576
30710
30788
30816
30819
30846
30862
30886
30897
30946
30949
31009
31016
31050
31083
31129
31207
31229
31260
31279
31285
31295
31323
31389
31478
31485
31500
31575
31601
31616
31623
31625
31684
31792
31919
32135
32141
32159
32256
32282
32317
32322
32384
32522
32541
32614
32657
32658
32743
32844
32854
32904
32909
32925
32941
32976
33003
33015
33038
33059
33069
33098
33118
33133
33167
33167
33203
33311
33317
33400
33452
33457
33485
33540
33574
33672
33693
33706
33708
33763
33824
33837
34056
34080
34092
34110
34129
34198
34238
34256
34339
34368
34442
34443
34444
34466
34532
34616
34738
34746
34781
34782
34864
34937
34982
35035
35047
35065
35117
35144
35210
35241
35816
35856
35905
35960
35983
36036
36293
36377
36408
36432
36443
36503
36557
36630
36644
36752
36758
36760
36899
36993
37042
37087
37126
37225
37229
37322
37329
37391
37399
37413
37474
37482
37483
37495
37507
37566
37653
37707
37801
37845
37863
37912
37926
37981
38059
38065
38104
38238
38361
38383
38594
38645
38648
38677
38701
38863
38903
39027
39059
39176
39189
39200
39235
39252
39273
39421
39433
39848
39849
39903
40083
40120
40245
40248
40256
40266
40271
40308
40426
40481
40497
40507
40608
40676
40688
40703
40897
40956
41007
41096
41177
41208
41260
41386
41441
41472
41517
41541
41546
41550
41556
41577
41701
41710
41713
41974
42044
42096
42355
42483
42596
42693
42810
42885
42900
42918
42978
42989
42992
43026
43136
43141
43340
43369
43408
43460
43629
43717
43763
43817
43855
43868
43956
43958
44001
44037
44071
44097
44097
44170
44191
44325
44345
44362
44406
44462
44652
44654
44897
44906
44909
44939
44987
44991
44999
45012
45049
45109
45147
45174
45536
45541
45575
45600
45613
45614
45668
45679
45956
45989
46003
46067
46116
46146
46186
46314
46338
46473
46534
46637
46651
46700
46774
46980
47137
47222
47245
47305
47355
47449
47461
47536
47575
47627
47632
47636
47740
47740
47741
47787
47839
47905
47934
47948
48072
48163
48191
48263
48300
48416
48424
48485
48507
48512
48547
48557
48567
48674
48681
48814
48889
48895
48919
48920
49038
49054
49103
49204
49221
49285
49300
49445
49509
49705
49716
49746
49802
49823
49928
50100
50142
50195
50215
50286
50397
50417
50577
50594
50603
50604
50644
50679
50721
50877
50898
50974
51126
51299
51356
51389
51490
51501
51544
51590
51630
51708
51759
51841
51985
51989
52161
52197
52449
52458
52517
52531
52574
52653
52656
52707
52890
53032
53101
53133
53249
53337
53374
53390
53513
53536
53545
53688
53710
53755
54054
54085
54104
54138
54252
54273
54441
54553
54718
54790
54897
54969
55106
55141
55277
55302
55362
55421
55481
55550
55563
55563
55717
55752
55862
55943
56083
56170
56196
56281
56545
56618
56619
56655
56683
56701
56742
56778
56788
56814
56898
56955
57045
57228
57270
57276
57328
57338
57364
57377
57429
57548
57570
57633
57674
57691
57694
57701
57735
57811
57870
57912
57975
57976
58004
58069
58082
58095
58132
58147
58178
58181
58350
58478
58495
58545
58572
58699
58809
58830
58949
59032
59097
59168
59251
59283
59389
59535
59574
59639
59984
60028
60058
60177
60244
60348
60393
60425
60464
60489
60605
60632
60645
60671
60707
60781
60855
60883
60915
60920
60994
61059
61126
61238
61243
61264
61269
61303
61386
61447
61453
61571
61577
61623
61830
61937
61942
61965
61982
62013
62050
62057
62084
62106
62182
62199
62261
62345
62345
62372
62621
62680
62703
62732
62918
62921
62926
62999
63025
63182
63217
63217
63230
63494
63539
63584
63616
63621
63741
63748
63768
63827
63842
63905
63988
63992
64107
64199
64245
64249
64279
64291
64319
64326
64379
64502
64512
64557
64576
64606
64640
64668
64694
64699
64701
64708
64901
64909
64955
65115
65207
65320
65338
65450
65614
65645
65704
65726
65814
65865
65923
65937
65958
66008
66023
66064
66079
66331
66342
66352
66362
66419
66470
66471
66503
66687
66708
66768
66837
66871
66907
67044
67078
67106
67119
67146
67210
67227
67398
67506
67575
67704
67786
67789
67863
67961
68125
68144
68157
68169
68284
68300
68308
68354
68378
68401
68443
68550
68583
68617
68635
68744
68751
68766
68865
68976
68982
68982
68995
69085
69101
69120
69163
69413
69460
69504
69553
69621
69656
69789
69794
69811
69875
70306
70446
70452
70477
70491
70623
70683
70853
70891
70900
70967
70981
70982
71179
71404
71550
71660
71704
71775
71828
71890
71915
72047
72117
72126
72173
72175
72208
72250
72274
72277
72278
72332
72373
72401
72535
72588
72635
72708
72762
72815
72846
72864
72909
72912
72962
72973
72980
73012
73034
73074
73125
73135
73168
73273
73299
73496
73715
73940
73959
74113
74183
74243
74283
74362
74370
74371
74391
74422
74462
74475
74477
74479
74637
74689
74741
74774
74801
74958
74990
75090
75123
75173
75215
75233
75288
75353
75519
75661
75699
75702
75712
75859
75937
75991
76051
76198
76234
76238
76393
76506
76590
76655
76662
76828
76879
76936
76957
76997
77027
77083
77124
77282
77290
77320
77354
77383
77442
77444
77454
77477
77478
77551
77580
77617
77812
77818
77824
77832
77891
77922
77925
77962
77966
77993
78025
78026
78041
78149
78175
78353
78482
78503
78551
78599
78757
78763
78766
78783
78805
78826
78829
78840
78870
78913
78916
78927
78933
78971
79015
79017
79030
79033
79047
79082
79085
79234
79253
79254
79263
79352
79360
79369
79781
79783
79789
79793
79834
79879
79928
80162
80261
80269
80273
80281
80300
80404
80748
80755
81058
81199
81301
81531
81540
81603
81771
81813
81867
81940
81956
82012
82086
82102
82186
82277
82312
82408
82441
82595
82606
82701
82847
83023
83074
83133
83399
83452
83476
83513
83531
83557
83557
83593
83702
83722
83756
83803
83944
84143
84183
84213
84310
84407
84419
84455
84505
84569
84617
84678
84705
84725
84880
85083
85320
85324
85414
85486
85655
85685
85689
85836
85958
86149
86244
86249
86339
86351
86543
86779
86847
87086
87195
87268
87283
87389
87423
87465
87475
87679
87706
87726
87747
87766
87826
87872
87937
87952
87992
88159
88217
88218
88294
88359
88387
88539
88624
88879
88896
89208
89417
89581
89614
89636
89907
90074
90278
90468
90793
90864
90957
90973
91080
91349
91360
91405
91664
91712
91722
91735
91873
91877
91917
91920
92002
92098
92100
92152
92169
92174
92458
92506
92579
92614
92786
92806
92845
92846
93136
93141
93160
93205
93282
93371
93485
93559
93633
93640
93733
93777
93781
93862
93951
94090
94135
94154
94291
94294
94319
94371
94461
94494
94556
94632
94640
94660
94694
94785
94788
94814
94815
94849
94870
94958
94975
94978
95015
95090
95209
95227
95310
95343
95358
95365
95418
95419
95469
95488
95528
95650
95655
95738
95756
95930
95982
96228
96262
96407
96423
96458
96467
96493
96544
96609
96697
96716
96721
96800
96804
96904
97003
97103
97228
97371
97386
97469
97601
97636
97666
97692
97776
97967
97971
98065
98093
98115
98227
98496
98541
98649
98681
98775
98793
98855
98995
99103
99140
99449
99711
99734
99775
99931
99942
100062
100071
100104
100296
100306
100378
100472
100499
100548
100582
100636
100707
100738
100739
100792
100948
100970
101057
101289
101442
101794
101802
101990
102016
102100
102123
102133
102135
102153
102178
102202
102267
102351
102612
102623
102700
102795
102920
103077
103222
103500
103567
103587
103589
103591
103659
103802
103873
103894
103920
104003
104030
104109
104128
104132
104148
104193
104235
104255
104263
104264
104326
104426
104459
104579
104650
104783
104820
104894
104924
105113
105114
105160
105249
105291
105403
105430
105432
105602
105657
105775
105912
105952
106053
106054
106120
106175
106648
106721
106741
106761
106881
106925
106954
107007
107110
107188
107213
107430
107563
107634
107638
107712
107798
107798
107856
107889
107895
107937
107989
108108
108139
108495
108723
108782
108812
109012
109026
109066
109198
109217
109298
109300
109361
109435
109464
109683
109833
109975
110115
110217
110345
110349
110472
110490
110556
110560
110776
110780
110839
110881
110959
111010
111054
111072
111181
111244
111313
111429
111462
111473
111492
111660
111773
111798
111858
111964
111973
112000
112016
112047
112083
112098
112128
112142
112252
112252
112340
112420
112423
112432
112691
113006
113047
113228
113276
113300
113340
113348
113428
113455
113635
113671
113809
113895
113919
114167
114208
114211
114212
114213
114257
114283
114333
114342
114496
114639
114652
114735
114831
114873
114962
114991
114998
115120
115170
115273
115329
115373
115376
115431
115487
115538
115540
115668
115767
115828
116027
116078
116121
116173
116174
116269
116394
116488
116696
116925
117082
117138
117267
117312
117417
117465
117498
117860
117877
117927
118010
118059
118129
118172
118184
118233
118304
118306
118395
118451
118495
118518
118697
118742
118976
119009
119042
119212
119284
119315
119346
119432
119464
119476
119611
119735
119771
119800
119813
120040
120100
120185
120191
120195
120258
120291
120302
120338
120368
120368
120438
120484
120638
120647
120785
121062
121128
121305
121615
121625
121644
121796
121837
121929
122005
122023
122043
122080
122237
122263
122310
122350
122431
122626
122692
123008
123026
123070
123212
123214
123237
123529
123553
123647
123692
123752
123822
123835
124196
124230
124248
124314
124325
124501
124570
124723
125019
125118
125229
125436
125459
125594
125768
125805
125832
126066
126241
126388
126653
126967
126986
127037
127084
127097
127114
127148
127218
127231
127282
127381
127417
127794
127898
127934
128069
128072
128151
128220
128311
128333
128382
128397
128401
128411
128504
128521
128652
128801
128881
128902
129055
129174
129178
129263
129363
129557
129579
129668
129728
129775
129809
129941
129987
129989
130000
130017
130024
130138
130212
130305
130515
130538
130631
130722
130853
131036
131100
131128
131164
131192
131279
131587
131734
131768
131768
131811
131859
131878
132225
132307
132374
132380
132533
132581
132797
132849
132853
132893
132936
132964
132965
133110
133149
133198
133199
133289
133404
133488
133610
134045
134251
134358
134391
134413
134605
134627
134628
134706
134719
134817
134940
134945
135347
135371
135540
135776
135935
136034
136123
136188
136251
136501
136533
136682
136694
136703
136829
136897
136935
136974
137087
137146
137152
137257
137433
137440
137578
137584
137658
137660
137675
137917
138059
138079
138114
138119
138317
138397
138465
138481
138511
138524
138538
138641
138804
138847
139078
139233
139743
139902
140076
140086
140121
140158
140259
140430
140765
140792
140934
141102
141448
141646
141669
141806
141892
142012
142059
142069
142364
142384
142733
142773
142887
142903
142947
143455
143566
143598
143638
143660
144045
144070
144117
144169
144203
144268
144283
144320
144439
144587
144690
144828
144895
144911
144949
145056
145077
145104
145203
145204
145247
145261
145305
145633
145896
145929
145993
146037
146171
146317
146461
146508
146581
146654
146667
146706
146752
147383
147385
147693
147713
147754
147816
147887
148103
148178
148417
148445
148728
148764
148785
148790
148841
148910
149227
149323
149531
149612
149642
149817
149855
149954
150066
150130
150465
150567
150611
150630
150732
150783
150783
150994
151132
151141
151269
151321
151333
151482
151566
151566
151588
151605
151611
151640
152096
152126
152187
152215
152310
152387
152444
152528
152613
152859
152989
153151
153690
153707
153775
153801
153814
154105
154198
154292
154380
154516
154597
154702
154894
154911
155026
155232
155241
155345
155374
155440
155454
155515
155564
155633
155878
156101
156265
156274
156285
156319
156684
157020
157048
157084
157190
157209
157220
157280
157292
157313
157466
157518
157528
157530
157797
157893
157989
158231
158335
158336
158431
158474
158563
158666
158813
158853
158878
159042
159113
159650
159651
159712
159798
159844
159931
159960
160204
160487
160562
160743
160774
160917
161000
161059
161148
161184
161275
161301
161437
161638
161651
161836
161948
162170
162181
162210
162249
162350
162373
162527
162529
162537
162682
162927
162970
163024
163056
163138
163165
163169
163547
163583
163610
163682
163841
164076
164103
164169
164175
164262
164365
164414
164460
164543
164609
164631
164716
164770
164842
164906
165144
165221
165429
165726
165877
165905
166147
166211
166240
166656
166831
166867
166869
167040
167188
167539
167804
167821
167967
167996
167997
168006
168090
168592
168634
168716
169041
169655
170164
170168
170300
170523
170617
170643
170646
170740
170970
171053
171091
171098
171395
171561
171705
171799
171861
172159
172179
172204
172241
172267
172312
172399
172652
172707
172917
172925
173060
173082
173124
173186
173331
173361
173424
173495
173665
173699
173719
173873
174118
174157
174411
174428
174668
174717
174727
174992
175012
175038
175066
175081
175358
175986
176041
176264
176337
176440
176532
176595
176685
176722
176910
176953
176986
177116
177459
177676
177774
178120
178161
178343
178393
179441
179560
179707
179961
180008
180096
180111
180367
180467
180476
180628
180806
180842
181185
181360
181493
181550
181751
181795
182166
182286
182351
182357
182414
182512
182572
182648
182742
182780
182864
182908
182914
182932
182988
183008
183346
183595
183597
183872
183950
183963
183997
184127
184284
184466
184590
184943
184952
185210
185257
185439
185490
185490
185557
185799
186133
186164
186187
186425
186474
186487
186646
186740
186858
186913
187093
187109
187111
187143
187157
187246
187376
187513
187527
187553
187769
187942
188006
188178
188269
188440
188586
188826
188985
189210
189394
189450
189629
189666
189863
189869
189917
189948
189980
190113
190145
190258
190280
190311
190372
190753
190845
191087
191181
191328
191615
191707
191870
191914
192033
192054
192106
192152
192359
192621
192970
193021
193153
193489
193649
193683
193996
194028
194183
194224
194383
194756
195073
195166
195180
195217
195327
195572
195710
196215
196331
196382
196576
196676
196884
197069
197092
197407
197416
197670
197856
197929
198081
198293
198312
198440
198485
198489
198784
198979
199611
199671
199758
199939
200089
200170
200250
200326
200470
200480
200719
200770
200867
201279
201359
201494
201757
201967
202233
202274
203007
203081
203090
203221
203251
203259
203545
203612
203697
203807
203993
204499
204575
205096
205105
205150
205185
205381
206023
206051
206107
206398
206419
206527
206546
206631
206727
206742
206744
206759
206945
207138
207433
207529
207599
207751
207772
207808
207928
208329
208333
208486
208621
208636
208752
208864
209047
209431
209628
209737
209787
210025
210123
210501
210560
210587
210696
210800
210806
210914
211656
211828
211837
212232
212434
212638
212701
213155
213293
213349
213370
213460
213759
213763
213791
213982
214537
214774
214925
215344
215701
215894
215940
216095
216287
216587
216733
217077
217154
217236
217317
217374
217388
217751
217805
218065
218567
219312
219438
219559
219575
219591
219847
220061
220152
220454
220605
220723
220908
220949
221204
221456
221462
221605
221633
221656
221732
221977
222024
222747
223658
223781
224384
224482
224556
224600
224688
224829
225354
225653
225910
226145
226185
226413
226654
226715
226715
226735
226805
227185
227337
227400
227402
227583
227667
227709
227921
228340
228353
229278
229356
230525
230684
231018
231050
231232
231329
231393
231432
231515
231619
231815
231970
232057
232339
232363
232467
232755
232972
233141
233213
233497
233540
233749
233774
233824
234119
234354
234879
235592
235781
236184
236186
236569
236614
236682
236706
237130
237189
237304
237558
237597
237639
237692
237927
238053
238167
239334
239549
239616
239758
240060
240100
240351
240631
240693
241036
241191
241226
241644
241831
241848
242083
242122
242297
242299
242383
242794
242832
242987
243126
243139
243264
243405
243574
243604
243684
244473
244517
244866
245061
245069
245090
245716
246114
246219
246440
246462
246801
246936
247089
247333
247707
248070
248613
248689
249001
249024
249754
250562
250808
251439
251529
251594
251740
251889
252584
253508
253586
253595
253824
254406
254531
254540
254557
255044
255728
255799
256073
256236
256383
256470
256584
256722
256763
256778
256908
257019
257056
257239
257478
257733
258013
258187
258214
258375
258723
258838
259491
259659
259766
260119
260164
260283
260494
261096
261118
261931
262584
262839
262943
262964
263326
263549
263814
263938
264683
265034
265306
265613
265793
267513
267913
268087
268180
268336
268465
268549
268908
269365
269463
269861
269999
270237
270693
271866
272095
272731
273567
273652
273684
274381
274906
275139
275341
275400
275419
275564
275893
276260
276303
276382
276872
277129
277258
277553
278089
278181
278772
278801
279165
279282
279547
279607
279878
280734
280967
281327
281342
281793
281811
282144
282269
282470
282503
282576
282930
283357
283717
283898
284432
284493
284924
285144
285755
285883
285885
286153
286454
286941
286945
287117
288125
288799
289043
289115
289184
290094
290097
290150
290315
290768
290914
291166
291335
292846
293208
293217
293253
293428
293727
293864
294790
294816
295130
295335
295934
296739
297199
297554
297669
297810
297922
298284
298920
299438
299769
300020
300070
300271
300485
300623
300967
301164
301169
301434
301911
301928
302009
302099
302244
302592
303164
303450
303592
303709
303832
304007
304863
305300
305358
305363
306866
307081
307148
307374
309302
309603
309772
309833
310158
310896
311239
311659
311960
312027
312961
313130
313147
313169
313949
314046
314212
316923
318011
318416
318438
318627
319606
319637
319698
319952
320671
321308
322038
322570
322576
324231
324685
325145
326624
326702
326935
326980
327403
327686
327718
329000
329107
330202
331047
331351
331954
332049
332615
332918
333333
333637
335536
335713
335800
336259
336348
336466
337344
338787
338945
339373
339831
340079
340337
340842
341442
341756
342101
342331
342590
345868
346194
346399
346819
348774
349164
349306
349852
350138
350957
351108
351847
351988
352138
352625
353823
354468
354744
355790
355883
356048
356683
357368
358988
359855
360788
361414
361650
362797
363032
365009
365009
365065
365520
365687
366175
367205
367643
368228
368425
369532
370220
370934
372008
372059
372941
373308
374838
375034
375506
376541
376827
377595
377950
380092
381721
381791
381887
384142
385272
385424
386086
386733
388961
390950
391619
392462
395802
396046
396362
399867
403178
403767
404850
405963
406218
407546
409079
411452
412783
413584
413680
414317
415481
416886
417552
418515
421084
423391
424890
425671
430993
433132
433715
435054
435193
436802
438762
438879
438893
440193
441448
441946
443023
451302
455041
457866
458636
459441
467642
476026
484015
484898
488496
493920
495380
495432
498311
498386
506026
514445
514818
515429
527841
534133
549118
555936
562390
568389
579990
587024
613375
629833
