0
0
6
69
123
180
395
460
461
465
576
604
685
729
756
812
825
857
887
924
1019
1080
1112
1124
1199
1218
1229
1281
1363
1373
1561
1769
1825
1844
1927
1931
1961
1977
2005
2112
2164
2166
2169
2177
2199
2225
2244
2303
2329
2465
2524
2609
2660
2713
2721
2734
2785
2789
2799
2889
2946
3066
3144
3146
3236
3263
3279
3346
3486
3506
3532
3597
3598
3739
3823
3826
3832
3916
3918
3934
3955
4052
4083
4201
4203
4217
4223
4270
4436
4463
4504
4520
4533
4595
4650
4653
4669
4727
4750
4780
4801
4845
4951
4991
5034
5130
5226
5266
5331
5469
5493
5504
5648
5714
5895
5896
6068
6073
6141
6142
6186
6221
6226
6352
6358
6360
6426
6585
6600
6650
6768
6792
6860
6862
6871
7038
7050
7059
7139
7255
7346
7446
7461
7466
7480
7539
7655
7657
7683
7810
7861
7870
7875
7907
7980
8075
8121
8212
8264
8312
8497
8499
8584
8594
8714
8780
8804
8857
9039
9059
9103
9138
9153
9189
9280
9386
9397
9416
9431
9463
9483
9486
9514
9628
9675
9723
9736
9812
9919
9966
10010
10070
10122
10234
10244
10269
10308
10424
10427
10538
10587
10703
10724
10803
10805
10823
10851
11020
11061
11117
11174
11226
11286
11293
11425
11426
11445
11474
11522
11531
11593
11616
11670
11754
11803
11818
11821
11825
11911
11989
12007
12026
12047
12095
12110
12138
12193
12199
12222
12382
12385
12405
12407
12499
12505
12541
12595
12598
12626
12702
12786
12815
12827
12837
12952
12982
12985
13046
13081
13082
13137
13236
13237
13270
13277
13434
13442
13453
13513
13556
13592
13592
13618
13627
13647
13649
13808
13909
13953
13961
13998
14083
14238
14335
14392
14401
14460
14470
14528
14571
14659
14765
14821
14823
14844
14871
14919
14939
14980
14989
15075
15092
15153
15246
15253
15267
15300
15415
15420
15518
15522
15562
15564
15629
15650
15669
15681
15699
15860
15905
15922
15930
15935
15968
15985
16184
16305
16358
16376
16396
16540
16601
16608
16667
16707
16769
16880
16979
16981
17064
17084
17115
17115
17207
17209
17215
17231
17286
17309
17403
17423
17485
17488
17528
17656
17694
17794
17925
18011
18031
18045
18146
18225
18312
18525
18591
18620
18685
18687
18760
18796
18933
18970
18974
19067
19094
19119
19123
19179
19192
19252
19252
19263
19267
19334
19363
19413
19427
19468
19569
19598
19609
19611
19625
19637
19679
19679
19696
19741
19816
19832
19846
19848
19879
19894
19935
20019
20134
20208
20317
20404
20497
20610
20673
20716
20756
20760
20827
20890
20963
21030
21050
21066
21078
21102
21103
21170
21215
21260
21307
21320
21380
21399
21487
21494
21568
21619
21620
21660
21684
21695
21738
21769
21842
21916
21922
21967
22047
22098
22112
22184
22213
22232
22301
22302
22314
22400
22564
22680
22693
22722
22741
22748
22774
22775
22805
22807
22831
22897
22935
22985
23012
23040
23126
23180
23218
23256
23305
23311
23342
23352
23448
23453
23531
23538
23551
23602
23602
23606
23630
23768
23846
23980
24143
24150
24236
24283
24316
24354
24381
24385
24427
24454
24463
24574
24622
24640
24699
24748
24805
24827
24855
24862
24916
24982
25009
25018
25019
25059
25089
25166
25229
25236
25251
25256
25316
25365
25426
25454
25489
25509
25513
25516
25538
25550
25606
25672
25722
25763
25782
25819
25829
25882
26063
26082
26110
26112
26156
26178
26265
26277
26300
26316
26379
26389
26416
26481
26499
26778
26875
26911
26954
27076
27146
27165
27313
27413
27429
27463
27561
27564
27585
27605
27691
27704
27708
27832
27879
27895
28023
28034
28051
28069
28099
28119
28164
28199
28242
28260
28278
28281
28373
28414
28488
28509
28523
28586
28592
28593
28775
28835
28848
28930
28975
29121
29167
29203
29205
29209
29245
29338
29371
29386
29456
29457
29490
29496
29504
29600
29665
29671
29673
29679
29707
29745
29813
29945
29978
29985
30026
30114
30181
30198
30216
30267
30285
30285
30305
30324
30329
30331
30430
30442
30466
30504
30524
30542
30577
30583
30660
30716
30773
30844
30858
30928
30969
30970
30983
30986
31006
31007
31011
31021
31031
31031
31044
31063
31101
31176
31250
31268
31375
31416
31509
31518
31529
31719
31960
32020
32071
32128
32135
32170
32191
32217
32237
32323
32347
32379
32409
32429
32442
32546
32646
32723
32735
32822
32878
32925
32972
33060
33073
33183
33335
33414
33464
33507
33673
33876
33895
33946
34012
34057
34154
34167
34213
34233
34342
34443
34480
34679
34682
34719
34784
34809
34945
35023
35045
35315
35349
35492
35494
35498
35569
35751
35755
35757
35782
35806
35832
35837
35888
35906
35923
36077
36139
36182
36203
36303
36373
36451
36504
36566
36590
36614
36616
36691
36695
36710
36722
36791
36812
36858
36947
37096
37149
37185
37212
37232
37255
37331
37343
37388
37437
37477
37499
37543
37548
37652
37681
37691
37706
37708
37808
38036
38090
38112
38119
38124
38148
38151
38171
38214
38261
38303
38322
38354
38377
38403
38439
38454
38462
38491
38525
38567
38600
38612
38655
38661
38784
39085
39093
39110
39284
39312
39325
39372
39468
39523
39556
39562
39569
39628
39674
39679
39695
39708
39731
39845
39884
39955
40039
40048
40066
40091
40144
40170
40173
40206
40249
40361
40368
40425
40443
40547
40668
40770
40833
40913
40990
40999
41040
41116
41122
41132
41192
41290
41418
41426
41450
41474
41509
41532
41675
41679
41743
41750
41830
41885
41937
42084
42093
42095
42177
42195
42311
42386
42400
42433
42506
42672
42681
42716
42717
42804
42891
42966
43019
43149
43154
43162
43175
43193
43324
43354
43397
43464
43512
43564
43604
43615
43683
43829
43832
43835
43930
43963
43990
44005
44022
44062
44087
44126
44192
44275
44438
44691
44691
44729
44836
44892
45139
45150
45163
45177
45190
45276
45319
45418
45554
45554
45561
45741
45744
45794
45851
45944
46052
46053
46056
46190
46224
46229
46263
46274
46290
46329
46413
46426
46429
46496
46540
46558
46580
46627
46709
46823
46892
46971
47038
47093
47096
47130
47199
47309
47336
47353
47553
47561
47651
47681
47698
47723
47734
47781
47953
48030
48062
48063
48087
48217
48250
48362
48384
48389
48396
48408
48412
48473
48489
48496
48546
48561
48568
48583
48586
48622
48623
48679
48771
48772
48863
48904
48911
48967
48992
49048
49074
49081
49095
49105
49194
49210
49224
49232
49277
49334
49357
49376
49382
49433
49488
49585
49604
49696
49706
49792
49802
49806
49833
49918
50141
50162
50203
50237
50303
50383
50454
50529
50569
50585
50604
50680
50698
50734
50952
50973
50987
50992
51042
51066
51122
51141
51240
51244
51255
51263
51281
51295
51313
51343
51389
51397
51485
51610
51615
51737
51804
51816
51827
52117
52226
52287
52301
52325
52327
52426
52457
52468
52701
52779
52862
52866
52879
52903
52908
52969
53080
53187
53211
53337
53401
53590
53614
53641
53704
53728
53800
53861
53979
54051
54052
54101
54108
54130
54177
54191
54215
54331
54347
54354
54509
54515
54602
54614
54637
54828
54945
54983
55022
55039
55179
55187
55201
55240
55362
55451
55522
55885
55980
56028
56054
56081
56134
56161
56462
56463
56468
56488
56570
56587
56603
56642
56661
56667
56680
56723
56791
56893
56899
56987
57013
57036
57055
57127
57178
57237
57259
57390
57413
57441
57464
57502
57538
57597
57675
57722
57786
57855
57924
57930
57984
58184
58216
58224
58334
58349
58435
58470
58500
58572
58592
58592
58618
58620
58679
58695
58705
58725
58745
58767
58809
58868
58985
59050
59069
59097
59118
59122
59206
59223
59274
59278
59420
59499
59530
59575
59590
59597
59615
59683
59754
59789
59814
59861
59916
60029
60099
60113
60114
60141
60159
60183
60221
60274
60362
60370
60614
60771
60800
60908
60926
60928
60954
61029
61050
61062
61067
61068
61102
61121
61224
61282
61327
61379
61435
61544
61663
61695
61772
61780
61787
61793
61801
61904
61920
61965
62164
62205
62301
62368
62393
62459
62591
62722
62727
62735
62735
62771
62843
62884
62984
63006
63045
63164
63301
63403
63443
63460
63542
63570
63684
63705
63777
63827
63851
63872
63902
63906
63917
63952
63980
63992
64003
64042
64048
64062
64104
64159
64281
64299
64315
64324
64343
64347
64453
64520
64549
64655
64727
64743
64752
64852
64865
64915
64940
65128
65145
65146
65150
65214
65237
65258
65297
65328
65332
65342
65492
65505
65538
65550
65599
65623
65678
65708
65724
65738
65786
65814
65824
65833
65859
65979
66009
66064
66170
66280
66420
66442
66459
66536
66703
66750
66808
66952
66992
67008
67027
67083
67091
67093
67134
67209
67236
67251
67427
67562
67598
67675
67736
67751
67768
67784
67785
67816
67865
67982
68028
68064
68293
68319
68347
68389
68441
68469
68506
68590
68623
68649
68688
68709
68724
68747
68767
68862
69094
69110
69212
69241
69314
69375
69583
69679
69707
69919
69986
70076
70098
70216
70231
70358
70412
70450
70465
70485
70505
70536
70556
70562
70702
70708
70825
70842
70845
70952
71156
71248
71355
71428
71483
71566
71606
71645
71670
71687
71965
72026
72031
72048
72117
72125
72196
72221
72327
72404
72451
72532
72545
72545
72574
72590
72625
72632
72652
72657
72660
72896
72982
73029
73072
73085
73292
73527
73528
73534
73542
73571
73592
73609
73624
73638
74050
74062
74076
74109
74140
74218
74238
74349
74354
74454
74563
74570
74575
74604
74641
74648
74726
74790
74980
74989
74992
75090
75108
75181
75187
75193
75199
75231
75273
75280
75284
75367
75390
75444
75533
75779
75823
75883
75896
75920
75966
76060
76228
76229
76299
76315
76398
76475
76521
76629
76660
76662
76683
76728
76779
76780
76804
76806
76871
76884
76895
77030
77036
77061
77212
77217
77277
77434
77492
77570
77694
77745
77771
77781
77855
77868
77935
77974
78064
78084
78101
78229
78263
78308
78319
78329
78454
78467
78497
78674
78762
78917
78943
78980
79024
79052
79094
79126
79204
79220
79304
79308
79326
79437
79513
79518
79628
79707
79730
79853
79916
80045
80061
80211
80357
80389
80570
80593
80611
80616
80653
80754
80776
80815
80837
80863
80933
81110
81127
81151
81184
81200
81333
81379
81470
81587
81800
81817
81818
81848
81860
81974
82138
82163
82240
82316
82349
82389
82482
82493
82576
82607
82763
82801
82838
82842
82935
82949
82999
83023
83048
83129
83183
83214
83221
83259
83275
83361
83401
83513
83519
83594
83668
83794
83797
83849
83874
83898
83904
83913
83923
84142
84152
84331
84337
84406
84466
84491
84495
84571
84649
84663
84671
84682
84753
84802
84856
84895
84920
85004
85116
85172
85188
85316
85328
85405
85507
85544
85554
85609
85803
85882
85893
85940
85940
85943
86039
86279
86325
86342
86359
86362
86493
86578
86797
86811
86853
86980
87027
87067
87197
87298
87579
87787
87800
87816
87938
87950
88101
88105
88152
88300
88419
88488
88541
88553
88651
88658
88680
88714
88890
88911
88956
88976
89080
89088
89089
89124
89163
89356
89569
89587
89676
89697
89701
89735
89797
89858
89907
89932
89948
89968
90010
90018
90096
90115
90175
90189
90210
90224
90289
90419
90424
90492
90524
90541
90657
90671
90719
90759
90760
90981
91173
91293
91321
91464
91485
91495
91608
91696
91725
91753
91758
91779
91890
92061
92107
92113
92189
92190
92231
92255
92370
92445
92449
92462
92528
92637
92704
92719
92968
92999
93106
93191
93282
93354
93395
93491
93519
93604
93667
93731
93814
93906
93996
94028
94032
94097
94173
94225
94233
94383
94438
94494
94553
94571
94573
94651
94769
94776
94898
94905
94927
94958
94959
95046
95046
95317
95338
95402
95452
95457
95588
95630
95644
95648
95657
95827
95846
95847
95870
95951
95953
95973
95985
96059
96165
96199
96218
96257
96320
96391
96405
96480
96604
96698
96793
97074
97094
97266
97386
97403
97412
97454
97462
97488
97529
97651
97734
97737
97780
97797
97939
98034
98044
98125
98144
98277
98294
98296
98309
98467
98634
98649
98659
98721
98788
98822
98870
98895
98939
99099
99174
99353
99367
99381
99401
99404
99552
99556
99611
99636
99646
99668
99775
99824
99910
99943
100035
100198
100204
100229
100265
100410
100694
100836
100870
100955
101008
101069
101093
101145
101390
101438
101452
101616
101730
101736
101750
101755
101786
101810
101901
101953
101996
102020
102022
102050
102177
102248
102343
102353
102495
102555
102566
102606
102796
102801
102942
102964
103007
103109
103242
103267
103335
103375
103425
103436
103476
103535
103579
103627
103644
103649
103656
103774
103799
103881
103888
103958
104054
104079
104083
104198
104289
104346
104369
104384
104406
104458
104475
104507
104553
104736
104753
104899
104959
104994
105139
105165
105182
105229
105300
105318
105382
105635
105651
105654
105710
105749
105757
105848
105852
105880
106007
106054
106116
106128
106156
106216
106236
106419
106469
106499
106589
106593
106640
106692
106788
106850
106895
106902
106927
106995
107001
107023
107042
107061
107090
107138
107203
107428
107501
107567
107613
107628
107710
107761
107802
107825
107827
108056
108155
108234
108259
108462
108564
108615
108816
108989
108993
109033
109130
109145
109152
109163
109272
109642
109687
109737
109886
109949
110013
110021
110257
110376
110436
110461
110501
110540
110616
110666
110686
110691
110726
110816
111032
111040
111206
111312
111337
111379
111478
111521
111558
111558
111564
111676
111698
111714
111753
111776
111790
111894
111954
111989
112002
112048
112121
112149
112191
112199
112201
112211
112229
112330
112487
112531
112565
112573
112612
112628
112742
112946
112947
113074
113130
113157
113169
113274
113316
113336
113504
113520
113586
113834
113895
113908
113935
114015
114056
114097
114116
114190
114270
114375
114521
114526
114692
114918
114995
115130
115200
115285
115312
115340
115415
115438
115530
115535
115540
115545
115652
115661
115667
115696
115758
115898
115948
116032
116042
116046
116083
116114
116216
116296
116818
116950
117013
117042
117120
117162
117290
117394
117569
117591
117593
117609
117628
117633
117732
117780
117790
117930
118029
118129
118381
118423
118482
118538
118584
118588
118833
118943
118998
119136
119243
119377
119431
119549
119554
119661
119693
119706
119790
119807
119821
119833
119908
119918
119981
120011
120037
120571
120591
120708
120745
120790
120839
120859
120863
120922
120951
121089
121249
121314
121345
121368
121559
121580
121683
121693
121839
121886
122038
122045
122103
122145
122165
122235
122258
122306
122362
122371
122422
122452
122484
122629
122659
122681
122826
122850
122897
122913
123013
123064
123092
123109
123110
123133
123183
123204
123240
123273
123639
123867
123962
123977
124022
124132
124140
124237
124362
124436
124552
124623
124959
125007
125313
125339
125343
125404
125405
125425
125441
125498
125628
125725
125971
126083
126200
126220
126237
126317
126488
126513
126515
126686
126686
126696
126730
126818
126826
126888
126983
127004
127169
127172
127182
127240
127250
127427
127450
127507
127581
127605
127640
127762
127770
127791
127821
127826
128077
128108
128137
128264
128282
128302
128372
128576
128588
128607
128712
128795
128994
129032
129045
129058
129099
129147
129283
129312
129314
129323
129570
129720
129953
130061
130078
130179
130204
130214
130393
130452
130470
130536
130581
130628
130786
130890
131111
131123
131177
131200
131214
131254
131259
131424
131468
131572
131675
131692
131700
131701
131771
131789
131799
131800
131942
132023
132055
132102
132234
132333
132345
132356
132432
132472
132476
132488
132664
132721
132727
132745
132797
132828
132921
132998
133269
133309
133424
133474
133544
133550
133675
133752
133834
133879
134117
134166
134260
134262
134265
134438
134466
134516
134567
134598
134700
134790
134873
134886
134908
135037
135070
135164
135242
135266
135285
135378
135509
135562
135622
135746
135784
135833
135841
135996
136028
136080
136084
136199
136228
136373
136392
136411
136415
136561
136651
136693
136719
136745
136762
136778
136805
136882
136927
137063
137151
137157
137235
137266
137346
137486
137498
137542
137616
137735
137755
137861
137880
137987
138009
138190
138248
138254
138286
138310
138345
138358
138362
138382
138566
138637
138682
138702
138723
138745
138758
138967
139022
139058
139191
139256
139377
139381
139407
139528
139619
139669
139867
139878
139911
139958
139961
139992
140201
140323
140597
140691
140771
140875
140883
141048
141059
141084
141190
141397
141505
141635
141683
141729
141767
141867
141926
141962
142000
142004
142032
142065
142074
142087
142090
142231
142274
142293
142339
142478
142484
142552
142595
142652
143096
143147
143293
143337
143384
143452
143580
143634
143725
143747
143752
143884
143916
144133
144153
144261
144558
144633
145062
145195
145203
145261
145305
145387
145393
145431
145645
145652
145799
145847
146064
146124
146133
146235
146343
146760
146798
146810
146847
146850
146878
146878
146966
146980
146994
147003
147092
147109
147159
147174
147176
147271
147413
147463
147477
147738
147972
147974
148078
148133
148344
148550
148647
148755
148777
148819
148885
148985
149153
149239
149268
149308
149435
149579
149666
149804
149923
149979
150147
150187
150242
150272
150299
150379
150392
150465
150574
150620
150740
150762
150936
151054
151173
151196
151241
151332
151537
151571
151671
151853
152054
152220
152484
152565
152589
152661
152726
152815
152925
153450
153575
153612
153672
153720
153767
153844
153850
153903
153913
153960
154048
154325
154461
154516
154551
154632
154790
155101
155174
155258
155373
155376
155391
155395
155765
155832
155913
155940
156221
156514
156564
156838
156867
156871
156916
156995
157103
157134
157391
157487
157799
157813
157843
157941
157990
158129
158151
158327
158367
158543
159147
159264
159463
159651
159661
159682
159708
159761
159766
159779
160164
160193
160213
160224
160441
160442
160684
160690
160722
160791
160793
160826
160848
160862
161496
161612
161687
161866
162057
162118
162123
162148
162180
162240
162387
162401
162402
162432
162455
162578
162599
162981
163239
163247
163331
163404
163440
163757
163776
163913
164137
164166
164221
164541
164666
164731
164745
164937
165197
165209
165272
165305
165431
165510
165540
165825
165929
166394
166436
166457
166472
166561
166647
166650
166871
166877
167051
167095
167106
167221
167262
167331
167480
167670
167860
167931
168085
168138
168143
168214
168241
168385
168573
168643
168761
168932
168995
169230
169307
169698
169921
169964
170214
170361
170397
170518
170540
170743
170878
170908
171137
171170
171374
171400
171428
171498
171506
171671
171810
171837
171860
172041
172111
172124
172444
172464
172669
172688
172789
172844
172891
173058
173106
173284
173417
173451
173504
173548
173684
173834
174190
174225
174722
174773
174842
174960
174992
175082
175104
175108
175211
175214
175373
175914
175993
176169
176219
176219
176491
176588
176679
176723
176951
177019
177035
177048
177296
177570
177644
177696
177723
177863
178029
178195
178407
178562
178681
178816
178865
179082
179148
179172
179683
179724
179942
180122
180239
180244
180748
180843
180903
180919
181108
181139
181184
181383
181854
182192
183137
183259
183268
183370
183434
183662
183704
184008
184038
184054
184081
184133
184177
184307
184363
184548
184607
184743
184829
184965
185178
185497
185604
185791
185809
185895
186008
186086
186119
186157
186257
186346
186356
186529
186541
186616
186672
186820
186949
186953
186992
187082
187249
187319
187410
187430
187602
187634
187635
187748
187796
187852
187854
188186
188195
188290
188323
188382
188470
188574
188638
188878
188976
189059
189116
189264
189287
189299
189467
189696
189739
189867
190451
190458
190715
190731
190825
190921
191208
191239
191343
191525
191563
191597
191643
191817
191853
192081
192099
192278
192284
192352
192369
192473
192478
192483
192503
192749
192749
192826
193068
193396
193413
193447
193504
193527
193573
193595
193612
193702
193790
193870
194019
194043
194076
194353
194359
194490
194509
194539
194643
194869
194975
195175
195349
195574
195840
195853
195871
196167
196378
196524
196764
196796
196797
196818
196842
196888
197001
197036
197132
197221
197322
197365
197367
197447
197529
197536
197702
197836
197924
197972
198093
198141
198281
198555
198565
198780
199065
199140
199223
199302
199396
199442
199498
199750
200159
200169
200181
200234
200452
200953
201016
201101
201103
201150
201151
201190
201225
201399
201476
201516
201553
201810
201982
202013
202048
202340
202435
202456
202717
202722
202923
202935
203065
203537
203590
203648
203921
203926
203968
203981
203988
204065
204282
204482
204579
204580
204624
204634
204652
205094
205191
205368
205433
205547
205582
205608
205733
205799
205929
206083
206310
206378
206457
206486
206490
206674
206747
206757
206858
206863
207011
207062
207237
207337
207373
207406
207430
207467
207811
208023
208107
208222
208299
208299
208520
208732
208749
208797
208827
208831
208843
208970
209188
209487
209534
209638
209646
209813
209985
209998
210189
210386
210508
210581
210778
210815
210838
210847
210923
210987
211043
211121
211129
211295
211451
211953
212048
212115
212157
212536
212607
212741
212747
212993
213123
213404
213510
213555
213774
213932
214370
214462
214507
214549
214558
214718
215038
215188
215502
215698
216523
216780
216854
216874
216948
217156
217203
217414
217736
217837
218102
218172
218300
218322
218468
218594
218609
218750
218786
218941
219401
219562
219562
219611
219683
219916
219949
220027
220249
220528
220931
221177
221392
221442
221447
221477
221698
221852
221886
222172
222185
222208
222438
222740
222947
222990
223041
223485
223566
223700
223852
223860
224002
224127
224139
224154
224336
224427
224739
224820
225121
225432
225576
225589
225652
226184
226234
226467
226697
226764
226773
226781
226819
226868
227227
227561
227611
227611
227621
227660
227871
227997
228010
228142
228347
228350
228438
228597
228636
228718
228782
228863
228964
229584
229743
230076
230077
230204
230678
230713
230819
230905
230907
230962
231144
231246
231361
231534
231615
231750
232342
232376
232440
232507
232576
232597
233013
233066
233282
233451
233470
233549
233686
233782
233851
233982
234163
234183
234302
234669
234764
234832
235008
235049
235135
235250
235259
235264
235397
235656
235739
235800
236016
236125
236199
236241
236819
237014
237323
237490
237630
237690
237861
237886
238238
238355
238454
238464
238696
239053
239120
239124
239140
239214
239505
240225
240479
240494
240587
240614
240749
240818
240866
241012
241302
241310
241376
241434
241452
241471
241480
242182
242374
242541
242574
242670
243430
243714
244266
244548
244635
244688
244705
245394
245766
245858
245878
245940
245993
246768
246942
247450
247646
247684
247698
247913
247998
248082
248264
248385
248401
248431
248837
249055
249147
249508
249512
249788
250019
250354
250389
250748
250882
251000
251395
251531
251659
251847
251855
252000
252260
252289
252758
253219
253353
253490
253730
254430
254565
254717
254840
254939
255526
255560
255821
256424
257523
257610
257769
258026
258047
258399
258538
258799
258893
259456
259740
259745
259775
259786
259935
260024
260317
260421
260482
260542
260937
260984
261192
261471
262192
262281
262379
262639
262657
262884
263035
263367
263531
263727
263887
264189
264195
264339
264538
264628
265151
265233
265329
265805
266165
266272
266347
267616
267698
267710
267857
267998
268528
269164
269397
269780
269817
269940
270511
270551
270576
270934
271018
271641
271690
272117
272138
272150
272416
272796
272988
273049
273073
273508
274055
274876
275345
275982
276037
276071
276243
276265
276545
277252
277512
278005
278436
278673
278680
278743
279281
279296
279756
279809
280111
280222
280550
280620
280628
280671
280777
281117
281276
281452
281553
281821
282069
282116
282276
282439
282532
283512
283564
283599
283799
284977
285228
286130
286178
286842
287254
287352
287370
287711
288088
288441
288608
289024
289218
289234
290144
290281
290342
290650
291075
291150
291254
291301
291510
291860
292003
292229
292312
292452
292576
292596
293016
293450
293538
294089
294682
294720
294799
295275
295578
295792
295849
295952
296274
296412
296466
296562
296736
297334
297868
298684
298972
299811
300044
300420
300462
300735
301082
301498
301980
302260
302620
303221
303252
303321
303374
303707
304178
304336
304471
304753
305032
305169
305217
305553
306066
306132
307057
307118
308137
308163
308482
308821
309336
309344
309740
309759
309777
309786
309854
309905
310102
310150
310256
310272
310452
310530
311028
311250
311266
311542
312180
312249
312999
313021
313730
313765
313976
314465
314687
314709
314850
314924
315998
317125
318481
318622
318838
319284
319905
319939
320381
320408
320631
321129
321973
322423
322439
323189
323271
324381
324399
324842
325668
325802
326530
327493
328293
328353
328579
328622
329488
330272
331053
331172
331412
331518
332597
332661
332712
332967
333043
334132
334155
334450
335731
337901
338101
338386
338437
338487
338837
338979
339731
339790
339798
340034
340407
341677
342799
342847
343305
343592
343664
343864
345127
345387
346266
347029
347113
347122
347452
348393
348459
349090
349355
350113
351844
352685
353849
355813
357100
357968
358562
359138
359400
359776
360708
360783
361047
361458
362000
362928
363659
363932
364007
364828
365520
366466
367041
367278
367465
369369
370277
371402
371872
371999
372321
372710
372714
373260
374168
374192
374768
375025
375411
377796
378470
378545
381229
381253
385555
386524
387146
388664
388816
389892
391268
394048
394070
394616
395656
397842
398921
400356
401645
402671
402805
405338
406559
408081
408437
410029
411634
411904
413805
414051
414979
416825
419375
421139
422070
424850
427093
429819
431375
434544
436962
440157
441396
443414
444930
448432
453912
456072
458404
460826
461449
462438
469707
469828
474212
474611
478256
479998
480985
484856
488018
490815
500428
502258
502801
527552
532143
556563
558212
560525
576385
