0
0
29
78
136
171
197
202
262
324
431
506
535
537
649
701
715
758
760
812
842
883
1078
1138
1141
1228
1295
1302
1347
1462
1477
1484
1523
1532
1643
1694
1755
1884
1965
2022
2027
2034
2094
2113
2169
2214
2275
2321
2360
2362
2368
2382
2428
2445
2477
2506
2546
2584
2596
2604
2608
2649
2652
2748
2782
2860
2882
3007
3011
3139
3182
3222
3268
3268
3283
3466
3466
3550
3724
3781
3842
3858
3892
3912
3913
3968
3976
4067
4071
4091
4150
4372
4373
4512
4545
4548
4563
4613
4665
4675
4693
4731
4736
4739
4755
4784
4859
4874
4909
4910
5033
5106
5128
5163
5163
5253
5264
5425
5497
5554
5561
5566
5575
5651
5715
5735
5737
5773
5800
5829
5830
5863
5865
5873
5877
5900
5909
5984
6055
6078
6198
6242
6291
6494
6499
6574
6590
6746
6874
6964
7129
7254
7304
7320
7403
7415
7441
7447
7460
7465
7479
7492
7567
7590
7607
7620
7642
7669
7714
7882
7967
8050
8082
8106
8139
8198
8455
8507
8508
8508
8628
8650
8838
8858
8904
9014
9045
9144
9178
9186
9303
9341
9357
9475
9509
9568
9601
9622
9627
9693
9739
9743
9758
9940
9961
9974
10050
10140
10283
10298
10361
10431
10533
10575
10620
10663
10684
10739
10831
10846
10854
10858
10866
10978
10994
11000
11053
11058
11066
11095
11123
11137
11171
11195
11209
11400
11409
11450
11479
11482
11502
11521
11675
11722
11779
11833
11837
11887
11927
11989
12027
12192
12218
12264
12286
12416
12417
12424
12500
12519
12696
12705
12768
12887
12909
12914
12922
12989
13068
13078
13123
13151
13254
13278
13327
13442
13533
13585
13709
13734
13735
13807
13866
13886
13900
13976
14047
14145
14145
14245
14337
14361
14493
14494
14499
14499
14695
14716
14731
14851
14858
14864
14885
14969
14991
15027
15142
15193
15202
15211
15225
15253
15296
15491
15585
15617
15692
15762
15781
15801
15898
16128
16204
16223
16233
16325
16334
16393
16418
16477
16484
16517
16528
16570
16635
16712
16756
16778
16802
16809
16865
16925
16935
16980
17029
17074
17174
17195
17300
17316
17420
17439
17525
17550
17560
17586
17596
17649
17664
17668
17705
17784
17795
17806
18017
18073
18076
18095
18104
18157
18190
18353
18403
18452
18608
18657
18683
18868
18902
18961
18967
18993
19002
19017
19135
19185
19187
19206
19219
19284
19353
19372
19470
19497
19552
19611
19751
19764
19935
19941
19952
19959
20046
20049
20103
20107
20174
20190
20297
20306
20312
20501
20518
20570
20732
20872
20894
20908
20915
21003
21128
21166
21220
21276
21310
21311
21315
21345
21356
21360
21378
21506
21584
21606
21641
21652
21678
21693
21737
21751
21875
22003
22033
22039
22138
22142
22283
22293
22403
22423
22533
22559
22578
22584
22629
22700
22731
22854
22858
22895
22957
22964
23035
23054
23072
23161
23219
23241
23248
23446
23468
23532
23542
23555
23559
23586
23616
23646
23673
23717
23831
24116
24136
24218
24242
24266
24318
24320
24333
24376
24470
24481
24503
24574
24596
24607
24683
24692
24697
24736
24779
24783
24888
24976
24987
25097
25098
25110
25256
25262
25293
25340
25353
25487
25491
25593
25731
25826
25836
25902
25907
25959
25993
26240
26277
26283
26283
26524
26632
26744
26783
26784
26817
26882
26890
26976
27036
27095
27188
27327
27383
27447
27491
27549
27623
27835
27919
27945
27985
28008
28046
28147
28197
28229
28333
28398
28436
28512
28653
28704
28739
28922
29063
29114
29158
29194
29206
29221
29236
29241
29353
29375
29392
29393
29409
29519
29525
29541
29576
29586
29602
29625
29660
29732
29742
29747
29790
29820
29825
29868
30075
30122
30213
30231
30239
30251
30278
30397
30452
30525
30552
30577
30592
30598
30609
30630
30663
30663
30743
30788
30862
30873
30893
30940
30944
31159
31173
31222
31254
31285
31468
31545
31632
31650
31656
31673
31763
31837
31902
31959
31975
32048
32162
32177
32199
32205
32271
32317
32364
32392
32433
32541
32551
32650
32691
32692
32729
32757
32827
32871
32975
33092
33137
33149
33164
33326
33431
33446
33529
33561
33563
33597
33652
33740
33763
33767
33779
33801
33839
33862
33905
33988
33999
34009
34012
34015
34055
34125
34277
34279
34300
34377
34533
34587
34611
34652
34698
34788
34807
34815
34864
34973
34988
35022
35081
35191
35201
35229
35367
35403
35459
35558
35577
35667
35669
35703
35755
35785
35796
35839
35871
35951
36009
36015
36109
36200
36217
36274
36304
36346
36685
36689
36772
36790
36793
36814
36918
36973
37017
37080
37105
37129
37135
37208
37266
37341
37373
37385
37488
37612
37652
37681
37720
37720
37732
37815
37822
37879
37956
37976
38058
38063
38194
38276
38288
38347
38428
38530
38552
38558
38561
38589
38628
38690
38698
38783
38828
38945
39027
39097
39162
39246
39322
39452
39533
39563
39607
39615
39644
39655
39656
39741
39785
39897
39989
40040
40180
40215
40273
40295
40358
40465
40480
40527
40597
40608
40668
40725
40805
41051
41061
41074
41164
41256
41294
41302
41382
41392
41415
41523
41549
41705
41741
41759
41762
41806
41871
41877
41911
41950
41988
42013
42030
42052
42070
42150
42188
42197
42223
42227
42241
42250
42257
42311
42358
42362
42388
42388
42428
42442
42443
42546
42558
42588
42601
42601
42637
42660
42712
42714
42744
42779
42805
42861
42873
42891
42902
42935
42961
43014
43021
43034
43090
43099
43172
43236
43398
43408
43469
43479
43503
43524
43668
43743
43753
43772
43913
43928
43991
44012
44100
44162
44267
44318
44329
44383
44417
44447
44602
44703
44742
44771
44816
44863
44889
44971
44972
44975
45077
45109
45109
45196
45213
45235
45256
45328
45392
45498
45513
45562
45563
45584
45694
45722
45725
45747
45787
45824
45831
45931
45992
46093
46099
46235
46240
46277
46335
46391
46401
46483
46557
46561
46593
46719
46724
46729
46742
46766
46783
46891
46913
46932
46939
46991
46994
47043
47073
47075
47119
47126
47165
47195
47239
47258
47344
47440
47462
47493
47552
47578
47607
47620
47640
47676
47691
47733
47787
47841
47846
47919
48117
48121
48133
48186
48211
48277
48320
48343
48371
48393
48434
48470
48507
48572
48643
48654
48676
48917
48952
48993
49034
49046
49055
49145
49222
49370
49393
49429
49659
49685
49694
49766
50009
50075
50113
50165
50298
50434
50466
50519
50576
50633
50668
50678
50722
50795
50824
50966
51010
51065
51179
51197
51317
51319
51334
51344
51401
51417
51581
51659
51665
51671
51696
51697
51746
51779
51807
51937
51939
51946
51946
51970
51974
51994
52006
52137
52143
52147
52205
52231
52350
52426
52533
52535
52560
52569
52581
52615
52674
52745
52990
53159
53159
53181
53202
53245
53439
53653
53762
53763
53806
53822
53911
54053
54062
54168
54232
54234
54401
54403
54519
54551
54567
54649
54665
54747
54840
54850
55076
55079
55134
55170
55171
55178
55241
55256
55291
55296
55313
55376
55381
55400
55415
55440
55443
55501
55604
55615
55840
55850
55856
55956
55984
56027
56257
56262
56265
56329
56537
56718
56933
57006
57040
57126
57239
57281
57296
57300
57305
57348
57436
57466
57548
57573
57585
57624
57637
57716
57736
57755
57821
57863
58044
58285
58356
58471
58531
58558
58684
58762
58788
58826
58830
58919
58945
58947
59020
59029
59201
59213
59235
59278
59332
59446
59450
59476
59483
59515
59597
59666
59771
59808
59874
59884
59948
60045
60090
60159
60164
60174
60241
60294
60361
60376
60456
60481
60597
60604
60611
60643
60839
61018
61042
61198
61276
61294
61329
61518
61549
61568
61637
61746
61747
61756
61783
61801
61866
61912
61956
62008
62057
62086
62210
62216
62241
62361
62458
62683
62800
62839
62861
62893
62977
63055
63072
63119
63198
63233
63284
63352
63375
63401
63431
63437
63440
63545
63571
63613
63819
63857
63861
63866
63956
64013
64031
64084
64122
64135
64159
64175
64266
64273
64291
64311
64418
64423
64428
64511
64566
64601
64618
64629
64673
64678
64693
64747
64759
64760
64800
64825
65086
65111
65145
65160
65186
65190
65202
65203
65212
65260
65271
65368
65461
65599
65607
65620
65693
65744
65763
65782
65824
65939
65969
65969
66116
66191
66211
66454
66459
66490
66516
66640
66688
66718
66771
66797
66883
66929
66945
67048
67155
67211
67456
67502
67503
67574
67582
67642
67655
67660
67791
67819
67834
67896
67900
67972
68072
68181
68363
68415
68469
68494
68501
68535
68561
68597
68613
68647
68662
68671
68675
68769
68803
68812
68871
68875
68889
68973
69020
69039
69109
69150
69163
69356
69403
69451
69645
69676
69696
69745
69769
69805
69811
69980
70049
70104
70261
70261
70265
70278
70426
70475
70509
70513
70558
70639
70768
70774
70870
70879
70916
70919
70953
70967
71059
71068
71105
71227
71321
71359
71506
71577
71658
71686
71733
71748
71766
71851
71881
72061
72214
72217
72230
72319
72511
72542
72555
72696
72722
72866
72878
72901
72918
73031
73081
73182
73227
73262
73323
73488
73524
73556
73635
73650
73710
73750
73751
73927
73939
74082
74094
74132
74183
74186
74361
74484
74503
74538
74622
74633
74666
74704
74891
74925
74957
75020
75022
75200
75289
75341
75344
75358
75444
75467
75575
75751
75855
75865
75985
76211
76225
76267
76386
76448
76467
76633
76640
76657
76760
76766
76923
76964
76974
77014
77184
77185
77338
77454
77529
77578
77627
77678
77701
77734
77835
77920
77969
77972
77978
77984
78020
78027
78072
78075
78138
78142
78233
78336
78480
78496
78498
78577
78684
78708
78735
78736
78742
78804
79196
79260
79272
79288
79311
79375
79425
79448
79572
79638
79671
79684
79695
79766
79800
79852
79878
79939
80156
80160
80176
80256
80316
80326
80446
80456
80481
80499
80503
80530
80560
80591
80687
80737
80794
80966
81025
81127
81238
81381
81399
81495
81496
81549
81573
81616
81628
81690
81725
81839
81868
81930
82028
82068
82138
82284
82306
82317
82395
82459
82552
82675
82696
82890
82955
83037
83079
83133
83160
83203
83331
83354
83438
83455
83523
83525
83546
83593
83646
83778
83832
83844
83848
83868
83951
84050
84063
84065
84188
84190
84190
84215
84227
84280
84468
84546
84578
84629
84724
84948
84952
85018
85030
85087
85175
85217
85417
85570
85630
85708
85827
85837
86002
86003
86051
86217
86242
86307
86373
86393
86420
86557
86719
86890
86915
86921
86960
86981
87022
87145
87287
87301
87384
87386
87471
87516
87517
87644
87706
87749
87849
88149
88267
88300
88330
88375
88399
88459
88462
88485
88498
88528
88537
88629
88753
88815
88882
89016
89043
89100
89117
89136
89188
89199
89241
89426
89436
89437
89497
89554
89627
89691
89768
89787
89841
89993
90041
90061
90148
90256
90464
90512
90567
90585
90706
90725
90780
90802
90821
90852
90922
91082
91254
91258
91269
91350
91384
91489
91625
91681
91742
91860
91946
92055
92089
92109
92110
92232
92249
92261
92271
92396
92433
92438
92453
92466
92539
92551
92552
92554
92601
92639
92729
92752
92788
92874
92894
92920
92921
92931
92989
93233
93243
93268
93339
93344
93455
93562
93611
93642
93652
93687
93699
93821
93852
93946
93948
93952
93997
94023
94038
94060
94087
94159
94207
94224
94278
94355
94454
94467
94507
94560
94693
94725
94766
94914
94933
94972
95052
95078
95121
95151
95306
95315
95416
95494
95606
95693
95775
95838
95861
95933
96053
96144
96322
96641
96877
97050
97171
97260
97299
97375
97446
97501
97538
97556
97594
97617
97683
97689
97739
97770
97774
97839
97870
97991
98139
98342
98344
98500
98509
98661
98725
98993
99027
99057
99117
99167
99232
99484
99702
99712
99861
99869
99879
99966
99977
100058
100243
100341
100346
100390
100447
100525
100530
100740
100751
100837
100852
100903
100958
100987
101058
101059
101118
101355
101363
101444
101456
101905
101989
101994
102112
102171
102209
102264
102348
102521
102551
102585
102588
102904
102908
102977
102993
103043
103152
103157
103171
103173
103181
103224
103319
103348
103428
103635
103673
103694
103866
103914
103938
103974
104024
104052
104093
104204
104231
104275
104361
104370
104424
104503
104783
104915
104980
105027
105057
105068
105150
105256
105298
105354
105376
105453
105602
105641
105694
105707
105907
105953
105954
106160
106307
106417
106450
106585
106620
106647
106655
106779
106801
106808
106851
106974
107007
107019
107052
107142
107235
107245
107264
107318
107334
107395
107423
107623
107667
107709
107739
107902
107931
107988
108053
108058
108064
108182
108317
108453
108647
108680
108726
108873
108899
108968
109088
109297
109306
109393
109403
109583
109616
110098
110130
110175
110208
110216
110274
110305
110355
110418
110505
110682
110754
110792
110821
110946
110964
111014
111022
111149
111158
111415
111424
111450
111450
111457
111479
111666
111667
111690
111714
111757
111790
111790
111804
111814
111832
111877
111886
111967
111974
112131
112205
112346
112390
112408
112411
112548
112567
112575
112632
112634
112809
112834
112879
113010
113142
113205
113239
113272
113293
113325
113613
113730
113905
113922
114029
114060
114135
114188
114240
114340
114408
114418
114432
114461
114495
114545
114593
114637
114646
114673
114721
114736
115162
115171
115210
115239
115336
115553
115582
115649
115696
115896
115922
115990
116067
116281
116362
116419
116601
116781
116828
116884
116900
116912
116931
117015
117052
117070
117098
117144
117150
117252
117309
117318
117509
117520
117576
117592
117598
117619
117636
117646
117676
117709
117709
117730
117757
117889
118012
118097
118152
118276
118289
118290
118321
118347
118388
118420
118442
118546
118562
118615
118625
118661
118677
118760
119007
119009
119104
119109
119152
119284
119426
119473
119490
119680
119729
119747
119818
119840
119855
119886
119932
119979
120112
120175
120272
120417
120482
120482
120495
120535
120628
120758
120796
120803
120852
120875
120890
120908
121131
121171
121182
121184
121218
121246
121269
121292
121330
121385
121426
121465
121466
121472
121813
121850
121987
121988
122120
122155
122369
122458
122631
122683
122787
122805
122894
122960
123254
123262
123349
123356
123367
123400
123488
123506
123541
123571
123660
123735
123874
123953
123963
124053
124059
124340
124345
124412
124456
124478
124486
124569
124615
124701
124730
124807
124839
124871
124911
125070
125088
125126
125254
125373
125485
125526
125606
125704
125917
125947
126022
126177
126200
126218
126282
126403
126461
126626
126686
126751
126896
127051
127058
127203
127321
127360
127446
127531
127587
127594
127598
127846
127852
127883
127943
128049
128141
128160
128345
128380
128417
128462
128492
128599
128906
128926
128934
129094
129153
129239
129271
129314
129528
129632
129749
129752
129916
130150
130194
130203
130673
130705
130747
130826
130841
130857
130904
131038
131109
131131
131182
131346
131425
131440
131562
131589
131890
131957
132069
132071
132073
132301
132325
132572
132667
132698
132709
132740
132882
133291
133450
133497
133531
133698
133808
133826
133969
134065
134076
134146
134334
134357
134371
134403
134420
134447
134600
134623
134764
134774
134916
135090
135317
135333
135343
135603
135705
135711
135767
135810
135841
135862
136055
136186
136205
136385
136395
136560
136573
136659
136764
136856
136877
136949
136984
136989
137024
137200
137258
137358
137385
137473
137501
137640
137642
137696
137796
137805
137880
137884
137921
137933
137961
137999
138194
138199
138236
138331
138400
138409
138488
138500
138770
138837
138999
139174
139188
139334
139338
139362
139551
139572
139704
139817
139947
140053
140088
140283
140394
140421
140539
140610
140726
140890
140980
140987
140992
141014
141222
141268
141449
141514
141631
141634
141718
141719
141735
141787
141930
141952
142003
142008
142052
142086
142105
142249
142255
142349
142569
142582
142709
142748
142785
142796
142838
143020
143025
143136
143143
143189
143331
143421
143437
143804
143887
144062
144066
144122
144226
144239
144284
144297
144429
144443
144459
144574
144621
144627
144789
144872
145069
145201
145294
145346
145354
145419
145498
145633
145741
145745
145767
145970
146345
146470
146540
146630
147125
147163
147287
147377
147404
147424
147536
147795
147986
148030
148041
148071
148095
148107
148169
148388
148544
148546
148660
148709
148749
148754
148852
149041
149160
149534
149633
149652
149681
149723
149729
149763
149841
149847
149857
149883
149983
150030
150193
150262
150286
150368
150435
150435
150563
150596
150651
150750
150844
150991
151085
151128
151222
151282
151295
151319
151439
151706
151765
151860
151883
152038
152040
152145
152191
152251
152281
152425
152439
152569
152574
152629
152762
152887
153032
153189
153240
153309
153373
153489
153537
153538
153587
153721
153763
153802
153819
153839
153905
154004
154146
154148
154176
154281
154343
154462
154510
154597
154712
154766
155088
155184
155202
155212
155319
155415
155482
155542
155543
155554
155979
156080
156288
156344
156646
156708
156824
157104
157159
157387
157411
157570
157663
157723
157793
157914
158019
158096
158163
158179
158216
158220
158244
158299
158336
158362
158537
158618
158719
158724
158730
158742
158798
158923
158973
158981
159549
159816
160245
160262
160406
160556
160597
161082
161164
161208
161250
161263
161376
161509
161512
161567
161658
161706
161724
161766
161792
161909
161991
161996
162262
163150
163240
163334
163528
163575
163582
163652
163670
163740
163771
163838
163952
164361
164377
164410
164456
164566
164598
164795
165175
165446
165521
165639
165755
165769
165922
165981
166008
166051
166075
166542
166557
166722
166753
166821
167112
167120
167172
167182
167208
167468
167524
167717
167724
167815
167864
167906
168270
168278
168323
168384
168568
168862
168888
169066
169333
169529
169549
169692
169697
169702
169769
169806
169812
169815
169862
169866
169901
169931
169952
169980
170020
170023
170060
170140
170268
170289
170444
170730
171167
171223
171326
171820
172070
172098
172101
172141
172200
172367
172591
172612
172714
172775
173199
173449
173602
173752
173869
173946
174227
174483
174494
174507
174579
174792
174818
174934
175031
175307
175444
175446
175508
175572
175810
175815
175832
175933
175940
176266
176476
176572
177053
177139
177496
177610
177737
177814
177971
178032
178065
178339
178373
178402
178486
178697
178859
179057
179154
179209
179295
179302
179397
179542
179555
179600
179649
179666
179766
179856
179886
179906
180043
180149
180165
180679
180812
180899
180957
181025
181146
181219
181410
181535
181650
181685
181745
181748
182038
182210
182385
182442
182642
182742
182803
183258
183305
183770
183894
183895
183932
184014
184023
184112
184206
184294
184389
184503
184658
184691
184864
185082
185132
185164
185457
185490
185615
186007
186161
186203
186239
186550
186572
186674
186689
186729
186859
186928
187001
187134
187149
187185
187508
187678
187765
187800
187931
188368
188414
188496
188835
188888
188908
189181
189366
189431
189434
189626
189821
189873
190015
190222
190338
190373
190404
190419
190445
190466
190481
190718
191172
191428
191497
191564
191650
191672
191895
192044
192494
192552
192742
192763
192913
193071
193307
193353
193414
193522
193591
193674
193926
193929
193963
194011
194223
194411
194528
194646
195138
195220
195379
195383
195508
195882
195930
195945
196123
196197
196594
196817
196836
196888
197196
197251
197269
197295
197359
197563
197655
197818
198230
198233
198635
198648
198861
198863
198960
199172
199216
199269
199508
199943
200012
200098
200101
200193
200226
200341
200411
200574
200671
200794
200981
201109
201155
201166
201199
201558
202228
202239
202284
202417
202425
202446
202564
202714
202720
202925
203001
203020
203064
203172
203202
203204
203409
203713
203714
203715
204097
204159
204186
204202
204226
204412
204448
204583
204873
204939
205061
205072
205579
205600
205631
205703
205729
205890
205911
206005
206425
206489
206905
206935
207077
207088
207101
207264
207412
207415
207487
207680
207691
207891
207909
208146
208425
208747
208902
208989
209095
209157
209470
209520
209637
210111
210215
210235
210246
210286
210444
210482
210499
210621
210633
210672
210732
210948
211433
211551
211567
211911
212063
212218
212289
212435
212438
212508
212615
212684
212710
212724
212770
213290
213394
213509
213576
213860
213887
214095
214123
214492
214621
214688
214806
214945
215280
215350
216049
216442
216581
216727
216767
216808
216956
217004
217046
217121
217190
217297
217309
217574
217685
217916
217948
218120
218224
218279
218468
218517
218604
219223
219432
219469
219512
219825
220180
220184
220428
220446
220469
220788
220912
221113
221339
221454
221485
221823
222134
222294
222343
222439
222518
222532
222661
222780
222837
222975
222984
223008
223083
223131
223425
223431
223515
223540
223617
223655
223681
223686
223695
223719
223823
224099
224250
224617
224637
224856
225057
225134
225353
225692
226087
226199
226393
226396
226458
226485
226540
226682
226731
226798
226951
227092
227144
227223
227329
227342
227605
227609
227992
228105
228195
228291
228406
228719
228793
228947
229441
229619
229666
229689
229699
229727
229916
230010
230151
230393
230572
230579
230928
230997
231254
231364
231421
231956
232199
232215
232245
232403
232512
232538
232541
232550
232643
232670
232933
233126
233150
233244
233294
233573
233654
233777
234134
234167
234350
234407
235546
235821
235912
235936
236015
236358
236468
236476
236553
236566
236678
236928
237046
237245
237289
237330
237603
237684
238248
238482
238598
238651
239313
239578
239754
239958
240299
240417
240832
241716
241773
241793
242091
242327
242439
242472
242552
242675
242680
242687
243031
243116
243138
243235
243244
243292
243523
243524
243712
243760
243774
244425
244566
244742
244749
244819
244855
244882
245010
245013
245204
245293
245590
245796
245988
246066
246473
246560
246820
246945
247115
247313
247399
247425
247781
247858
247861
247979
248129
248151
248346
248800
249065
249705
250005
250154
250180
250284
250524
250577
250722
251784
252003
252335
252719
253272
253618
254444
254582
254940
255142
255481
255707
255812
255900
256210
256722
256773
256944
257002
257085
257105
257247
257324
257711
258074
258363
258890
259098
259113
259130
259279
259326
259386
259685
259765
259809
259883
260022
260058
260161
260211
260348
260457
260543
260564
260591
260684
260707
260882
260946
261508
261599
261704
261913
261938
262045
262116
262367
262504
262649
263036
263157
263163
263945
264006
264008
264055
264411
264457
264808
265076
265096
265183
265277
265498
265954
266174
266365
266391
266583
266607
266879
267128
267177
267454
267555
267672
267940
268209
268556
268587
268640
269002
269348
269432
269885
270616
271189
271290
271384
271610
271793
272333
272577
272667
273422
273436
273598
273605
273685
274258
274382
274481
274544
274791
274810
275021
275550
275583
275763
275977
276408
276547
276551
276644
276836
277452
277660
277833
277869
278146
278963
279018
279121
279141
279806
280012
280220
280924
280924
281546
281663
282043
282054
282058
282190
282438
282527
282547
282586
282742
282817
283375
283404
283597
283677
283765
283781
284215
284279
284990
285149
285150
285502
285540
285859
286948
287136
287474
288490
288874
288953
289254
289291
289836
290301
290399
290460
290989
291467
292432
292449
293616
293709
293901
294370
294446
295054
295105
295119
295909
295915
296424
296663
296736
297300
297511
297706
298193
298774
298844
299428
299932
300500
300868
301488
301715
301762
301806
302418
302628
302674
302782
303468
303562
303767
304075
304175
304467
304685
304702
305489
305670
305796
305906
306052
306118
306454
306609
307086
307116
308086
308251
308963
309035
309098
309564
310405
310446
311106
311529
311798
312503
313375
313376
313464
313483
313785
314819
315141
315435
315484
315959
316672
317758
317864
317955
318646
319129
320325
320340
320466
320674
320878
320978
321956
322283
322791
322841
323036
323491
324403
324720
325593
325713
325813
325842
326005
326088
326854
326934
328074
328096
328532
328904
329016
329102
329124
330598
330823
331043
331279
331731
332438
332761
332818
333028
334187
334455
334766
336036
336643
336897
337295
337322
339988
340685
340832
340874
341860
342191
342420
342506
343124
343319
343963
344164
344635
344973
345195
345279
345397
345912
346376
347340
347349
347864
348170
348195
348614
348681
350490
351881
351964
353516
356073
356880
359575
359960
360214
360413
360485
361203
361507
361957
362379
362607
364908
365815
366535
366711
366918
366950
369647
370930
373841
374287
375219
375567
376198
376318
376333
376526
376937
377319
377712
380096
381130
382139
382175
383932
384418
388151
388337
389389
389788
389887
391178
391589
394766
398196
398675
401160
401996
402360
404521
405168
405797
406010
407000
407493
407720
407805
413454
414040
414372
414466
414582
415262
418204
418932
419998
422075
422375
425388
427609
428550
429292
430252
430254
431059
431387
431623
432453
434974
438208
440661
444144
445735
446536
449404
456019
461435
462290
469076
470353
471860
472305
480297
480821
481381
483101
483845
491072
497615
499676
502342
512037
514983
537499
539223
545193
