0
0
187
364
388
493
532
562
747
935
1028
1046
1083
1130
1176
1233
1262
1334
1369
1529
1568
1633
1701
1758
1772
1999
2004
2115
2138
2151
2159
2417
2433
2443
2487
2523
2524
2556
2628
2637
2654
2657
2689
2847
2877
2895
2958
3119
3161
3227
3248
3302
3360
3378
3429
3493
3511
3516
3558
3594
3635
3884
3906
3907
4015
4027
4045
4185
4204
4205
4378
4427
4518
4589
4599
4635
4740
4771
4830
4881
5010
5011
5139
5146
5183
5390
5444
5509
5549
5596
5614
5620
5867
5929
5955
6005
6074
6286
6458
6556
6597
6661
6716
6780
6803
6863
6929
7045
7081
7093
7177
7226
7361
7459
7688
7710
7774
7858
7872
7974
8028
8093
8219
8515
8642
8732
8753
8796
8829
8831
8947
9026
9124
9158
9188
9355
9482
9656
9671
9768
9774
9777
9823
9899
9920
9926
9969
10007
10104
10135
10202
10322
10360
10381
10481
10556
10733
10821
10860
10947
10960
11020
11140
11223
11326
11433
11593
11640
11668
11724
11724
11849
12086
12092
12203
12207
12263
12273
12405
12446
12460
12503
12522
12604
12635
12653
12662
12720
12794
12799
12834
12890
13047
13195
13273
13293
13381
13405
13446
13451
13460
13526
13668
13785
13786
13860
13928
14077
14321
14432
14468
14676
14731
14752
14874
14921
14955
15220
15249
15309
15330
15340
15451
15533
15585
15594
15613
15732
15835
15864
15931
16179
16300
16377
16429
16454
16508
16603
16617
16676
16853
16911
17029
17036
17295
17296
17336
17397
17452
17518
17545
17551
17602
17710
17890
17980
18050
18150
18170
18223
18261
18306
18312
18327
18338
18438
18446
18566
18601
18602
18621
18652
18659
18661
18664
18774
18824
18896
18937
19144
19171
19285
19374
19386
19387
19405
19409
19451
19457
19508
19630
19880
20109
20113
20156
20194
20243
20303
20343
20354
20384
20555
20583
20600
20659
20972
21070
21079
21114
21333
21334
21393
21408
21466
21577
21769
21786
21853
21881
21987
22086
22097
22169
22175
22327
22342
22398
22433
22460
22508
22534
22570
22787
22788
22794
22896
22898
23027
23051
23053
23162
23261
23271
23341
23347
23398
23457
23496
23504
23527
23527
23541
23698
23805
23839
23890
23948
23973
24101
24299
24324
24392
24431
24497
24524
24553
24667
24685
24724
24826
24826
24837
24848
24880
24942
24966
24984
25273
25287
25305
25342
25355
25356
25398
25519
25602
25604
25655
25737
25783
25892
26018
26455
26620
26647
26733
26897
26967
26994
27351
27368
27394
27489
27490
27490
27646
27694
27806
27842
27863
27875
27880
27994
28033
28042
28091
28194
28210
28282
28286
28305
28351
28416
28417
28532
28536
28572
28640
28755
28757
28767
28784
28811
28856
28859
28869
28929
28952
29034
29068
29098
29129
29148
29193
29239
29317
29323
29385
29447
29530
29615
29667
29718
29729
29750
29797
29900
29958
29970
29970
30019
30082
30086
30093
30100
30249
30263
30290
30387
30522
30527
30552
30579
30661
30681
30786
30834
30916
30938
30958
30979
31074
31128
31226
31263
31289
31341
31589
31591
31631
31825
31890
31909
31918
31924
31967
32020
32056
32117
32220
32445
32498
32538
32763
32782
32795
32800
32851
32858
32948
32979
33055
33060
33150
33166
33166
33241
33257
33340
33402
33423
33533
33542
33544
33606
33653
33808
33904
33940
33959
34038
34093
34109
34213
34278
34319
34593
34724
34833
35052
35066
35103
35121
35170
35194
35293
35465
35577
35635
35635
35651
35810
35936
35958
36276
36297
36445
36453
36512
36542
36608
36611
36614
36638
36667
36852
36978
37041
37155
37159
37308
37386
37442
37473
37677
37750
37773
37789
37798
37880
37981
37986
38079
38089
38139
38168
38205
38325
38409
38427
38444
38447
38449
38474
38550
38570
38658
38694
38737
38875
39111
39203
39266
39322
39389
39392
39457
39492
39572
39646
39655
39678
39698
39801
39846
40035
40075
40413
40435
40441
40462
40560
40569
40624
40628
40629
40773
40913
40959
40994
41001
41051
41123
41182
41204
41257
41266
41502
41582
41719
41732
41753
41768
41775
41858
42044
42385
42446
42565
42576
42605
42625
42647
42659
42689
42721
42732
42760
42801
42830
42982
43087
43131
43207
43279
43459
43476
43616
43680
43801
43846
44022
44091
44116
44152
44159
44160
44304
44418
44574
44666
44732
44769
44842
44879
44931
44978
45046
45048
45054
45082
45368
45389
45427
45455
45490
45667
45739
45834
45887
46018
46075
46085
46103
46136
46385
46438
46485
46672
46838
46858
46881
46942
47007
47034
47039
47092
47122
47170
47197
47223
47379
47387
47414
47464
47493
47506
47709
47938
48088
48096
48396
48407
48463
48502
48607
48715
48769
48801
48809
48815
48843
49085
49116
49255
49347
49389
49390
49458
49513
49543
49606
49657
49668
49715
49847
49909
49927
49967
50008
50048
50067
50069
50235
50322
50339
50341
50355
50365
50513
50517
50597
50650
50686
50788
50788
50869
50921
50928
50944
50957
51015
51048
51058
51072
51161
51353
51353
51356
51429
51509
51553
51623
51765
51807
51922
51944
51946
51961
52042
52087
52126
52161
52265
52268
52287
52344
52365
52397
52604
52670
52749
52839
52988
53019
53026
53069
53095
53211
53321
53343
53414
53524
53625
53737
53765
53946
53972
54061
54087
54102
54196
54211
54213
54314
54345
54347
54356
54495
54520
54579
54585
54680
54711
54814
54826
54902
54903
54906
54929
55022
55030
55151
55244
55271
55295
55378
55427
55438
55673
55749
55822
55867
55876
55879
55990
56065
56086
56142
56214
56360
56365
56404
56406
56644
56748
56846
56853
56874
57002
57012
57051
57121
57208
57240
57375
57418
57426
57427
57489
57530
57538
57622
57743
57775
57864
58074
58114
58141
58221
58417
58571
58661
58740
58749
58758
58950
59152
59274
59344
59363
59607
59610
59612
59619
59758
59802
59815
59863
59916
60009
60045
60079
60084
60096
60107
60231
60279
60429
60567
60581
60614
60773
60832
60942
61094
61102
61333
61552
61570
61570
61595
61651
61698
61710
61750
61918
62050
62082
62161
62406
62435
62509
62557
62573
62633
62724
62728
62819
62999
63141
63226
63245
63290
63353
63392
63493
63637
63762
63809
64042
64058
64079
64192
64208
64214
64228
64275
64331
64360
64367
64512
64530
64587
64588
64631
64674
64705
64785
64939
64972
64996
65033
65147
65192
65206
65420
65471
65522
65546
65549
65581
65643
65723
66000
66105
66314
66339
66358
66385
66395
66451
66512
66574
66630
66644
66712
66810
66856
66887
67007
67169
67175
67254
67302
67422
67438
67513
67549
67594
67640
67757
67772
67830
67882
68006
68261
68275
68303
68321
68321
68373
68389
68435
68459
68743
68983
68998
69085
69086
69100
69141
69152
69198
69254
69371
69427
69429
69470
69614
69634
69758
69863
70078
70097
70188
70322
70323
70346
70539
70572
70576
70584
70622
70649
70940
71005
71063
71067
71118
71291
71335
71410
71480
71837
72054
72070
72102
72274
72280
72289
72296
72323
72381
72551
72745
72833
72946
72968
73089
73146
73173
73226
73229
73502
73520
73522
73528
73529
73536
73543
73566
73621
73711
73733
73836
73988
74109
74160
74226
74231
74302
74420
74532
74638
74688
74811
74917
74943
75030
75066
75174
75195
75253
75379
75526
75576
75666
75749
75786
75886
75903
75976
75985
76059
76146
76151
76254
76467
76615
76668
77008
77033
77072
77078
77155
77177
77334
77335
77493
77547
77580
77641
77655
77660
77804
77855
77917
77990
78015
78028
78372
78406
78495
78584
78603
78636
78647
78729
78852
78909
78976
78998
79388
79394
79479
79853
80109
80237
80237
80253
80292
80342
80671
80782
80959
80976
81011
81088
81176
81322
81431
81544
81577
81626
81655
81987
82122
82134
82145
82180
82255
82262
82304
82324
82349
82364
82498
82576
82709
82756
82822
82892
82944
82947
83025
83164
83375
83413
83475
83483
83534
83552
83620
83797
83979
84001
84091
84305
84494
84504
84659
84685
84765
84847
84864
84922
85002
85027
85099
85300
85349
85472
85554
85720
85732
85798
86076
86082
86119
86165
86207
86242
86370
86429
86438
86506
86519
86631
86693
86701
86727
86819
86832
86952
87031
87073
87116
87135
87244
87370
87487
87522
87538
87541
87565
87631
87737
87801
87921
88081
88233
88256
88423
88428
88444
88592
88656
88670
88700
88725
88732
88808
88881
88906
89091
89173
89382
89437
89464
89610
89621
89717
89742
89948
90073
90163
90221
90233
90353
90393
90684
90823
90839
90956
90968
90988
91066
91100
91156
91312
91434
91513
91634
91648
91650
91812
92021
92129
92134
92146
92375
92411
92546
92573
92609
92737
92821
92839
92998
93019
93111
93210
93405
93459
93652
93685
93718
93984
93984
94063
94137
94205
94259
94338
94384
94435
94526
94679
94701
94753
94954
94965
95322
95474
95478
95560
95623
95675
95739
96034
96108
96120
96143
96189
96250
96507
96511
96611
96659
96691
96722
96792
96799
96901
97048
97131
97147
97149
97187
97278
97365
97371
97372
97420
97714
97904
97954
97965
98170
98210
98305
98376
98413
98470
98704
98704
98981
99043
99144
99387
99427
99469
99633
99945
100032
100069
100082
100104
100120
100155
100238
100257
100306
100484
100499
100527
100734
100850
101011
101099
101175
101288
101737
101773
101802
101829
101841
101960
101968
101987
101999
102001
102220
102226
102240
102272
102293
102373
102435
102477
102535
102698
102747
102968
103246
103337
103551
103700
103745
103786
103787
103872
103884
103905
103942
103971
103991
104076
104211
104240
104263
104376
104594
104774
104795
104822
104932
104950
105005
105119
105176
105309
105396
105424
105553
105782
105847
105953
106038
106048
106277
106282
106312
106408
106440
106700
107224
107253
107254
107392
107504
107679
107830
108047
108051
108079
108163
108695
108854
108858
108900
109024
109037
109167
109332
109335
109461
109486
109617
109775
109826
109853
110353
110521
110620
110835
110977
110987
111103
111145
111169
111299
111340
111484
111500
111649
111710
111813
111855
111987
112013
112102
112146
112325
112349
112501
112614
112762
112805
112809
112847
112960
112968
113029
113034
113255
113361
113868
113995
114012
114034
114209
114370
114628
114660
114692
114800
114833
115082
115095
115133
115211
115241
115337
115353
115405
115409
115452
115640
116092
116105
116277
116324
116403
116405
116422
116680
116939
117124
117204
117229
117259
117393
117897
117974
118150
118156
118250
118329
118344
118375
118564
118613
118730
118864
119039
119200
119205
119337
119450
119467
119757
119926
120014
120034
120383
120484
120554
120615
120691
120713
120733
120753
120782
121023
121227
121269
121324
121332
121444
121537
121814
121828
121908
121977
121977
122297
122562
122589
122593
122619
122662
122743
122853
123202
123377
123416
123481
123537
123539
123694
123699
123830
123893
124000
124343
124367
124471
124492
124658
124817
124996
125082
125199
125233
125305
125379
125612
125757
125904
126327
126390
126420
126444
126510
126546
126635
126946
127175
127254
127271
127354
127383
127453
127511
127566
127587
127634
127680
127681
127712
127739
127921
127947
128190
128204
128244
128346
128363
128915
128976
129248
129328
129333
129444
129536
129745
129775
129957
129979
130121
130258
130346
130369
130455
130483
130498
130554
130614
130692
130744
130810
130879
130899
130923
130931
131219
131250
131270
131403
131483
131530
131536
131559
131605
131720
132033
132341
132352
132516
132634
132685
132718
132799
132972
132982
132985
132987
133035
133124
133222
133237
133460
133594
133841
133938
133940
133964
134002
134008
134180
134220
134282
134451
134889
134968
135204
135238
135391
135517
135741
135757
135821
136069
136115
136229
136272
136465
136638
136866
136940
137067
137080
137463
137905
137952
138081
138096
138109
138188
138224
138472
138515
138570
138656
138708
138851
138864
138921
138923
139088
139097
139241
139392
139483
139532
139545
139667
139716
139796
139821
140047
140104
140203
140602
140731
140900
140906
141057
141284
141297
141326
141358
141499
141558
141638
141676
141960
142002
142219
142245
142322
142385
142405
142471
142543
142579
142648
142709
142828
142949
143001
143003
143093
143205
143290
143322
143517
143846
143871
143878
144085
144178
144211
144309
144657
144674
144705
144770
144867
144958
145063
145086
145091
145111
145210
145233
145368
145391
145402
145593
145653
145782
146095
146241
146386
146494
146637
146704
146709
146721
146852
146854
146993
147045
147066
147123
147132
147166
147218
147256
147292
147342
147378
147638
147783
147820
147932
148043
148256
148403
148425
148426
148474
148595
148616
148685
148691
148877
149007
149195
149242
149552
149739
149833
149861
150018
150054
150113
150113
150209
150296
150498
150599
150608
150721
150997
151016
151214
151384
151434
151517
151532
151593
151730
151904
152112
152138
152460
152721
152948
152991
153164
153167
153200
153347
153356
153509
153566
153839
153860
153972
154041
154263
154305
154486
154490
154799
154801
154850
154880
154918
154956
155058
155081
155158
155209
155247
155407
155421
155657
155701
156126
156131
156286
156359
156602
156801
156838
156854
156869
156924
157056
157284
157710
157744
157760
157817
157846
157883
157945
158050
158330
158381
158729
158746
158865
158977
159002
159218
159350
159352
159468
159963
160095
160151
160263
160392
160408
160510
160625
160631
160639
160741
160752
160990
161000
161018
161176
161281
161322
161376
161475
161511
161749
161750
161772
161970
161997
162148
162181
162414
162474
162494
162507
162516
162707
162998
163010
163155
163244
163255
163375
163555
163820
163954
164040
164193
164255
164292
164406
164426
164429
164534
164718
164719
165291
165502
165686
165896
165910
166148
166179
166411
166702
166955
166993
167258
167260
167395
167693
167727
167753
167978
168025
168075
168120
168125
168196
168213
168263
168539
169030
169034
169146
169237
169289
169480
169520
169593
169655
169815
169845
169928
169933
170077
170139
170156
170931
170966
171034
171156
171160
171681
171759
171777
171993
172430
172586
172711
172937
172937
172943
173349
173474
173503
173558
173585
173616
173754
173818
173835
173892
173926
174092
174130
174222
174361
174752
174779
174834
174872
174879
174901
174974
175139
175140
175165
175442
175648
175903
176257
176306
176551
176605
176835
176894
176911
176978
177011
177379
177560
177665
177735
177788
177878
177885
177912
178077
178184
178358
178631
178639
178811
178870
178894
178952
179023
179204
179378
179503
179701
179872
179881
180042
180270
180464
180872
180880
181028
181065
181210
181593
181673
181816
181952
182116
182267
182397
182573
182579
182752
182758
182951
182987
183139
183426
183574
183624
183638
183642
183852
183870
183945
184019
184124
184200
184564
185029
185155
185333
185557
186385
186398
186625
186741
186796
187001
187593
187732
187936
188056
188460
188741
189162
189368
189385
189471
189712
190037
190358
190361
190386
190436
190962
191054
191088
191160
191173
191180
191353
191360
191549
191607
191642
191675
191801
191854
191979
192036
192038
192085
192217
192421
192874
192885
193085
193123
193179
193283
193648
193676
193684
193703
194039
194124
194165
194310
194329
194471
194660
194720
194862
195010
195028
195261
195765
195991
196033
196262
196444
196631
196819
196833
197132
197189
197410
197500
197508
197563
197811
198043
198185
198218
198319
198559
198918
198928
199126
199253
199359
199379
199483
199502
199836
199893
199998
200118
200198
200323
200406
200473
200490
200869
200903
201108
201384
201494
201632
201715
202187
202651
202735
202795
202992
203258
203315
203457
203749
203785
204003
204165
204219
204635
204746
204917
205222
205314
205374
205701
206115
206260
206408
206591
206743
206911
207200
207232
207386
207622
207737
208036
208072
208153
208245
208289
208509
208531
209038
209079
209089
209306
209391
209540
209653
209690
209722
209756
209862
210210
210222
210273
210319
210439
210476
210529
210674
210681
210762
211103
211166
211336
211367
211596
211817
212032
212191
212329
212685
213435
213451
213489
213518
213658
213682
213774
213782
213820
213992
214096
214492
214804
215150
215237
215252
215474
215744
215763
216342
216347
216427
216547
216583
216614
216650
216668
217037
217066
217487
217647
218059
218066
218116
218122
218182
218615
218653
218953
218987
219085
219595
219914
219965
220344
220369
220502
221060
221145
221357
221388
221402
221496
221563
222382
222984
223048
223291
223315
223322
223324
223324
223673
223789
224078
224085
224143
224256
224439
224519
224560
224750
224943
225397
225669
225673
225716
225846
226129
226271
226822
226874
226952
227144
227394
227508
227519
227767
228176
228808
228826
229178
229985
230351
230514
230597
230709
231686
232233
232372
232492
232535
232581
232624
233153
233305
233478
233690
233850
233907
234147
234270
234313
234505
234779
235400
235489
235602
235667
235762
236187
236338
236725
236751
236813
236836
236843
236948
236996
237023
237128
237710
238012
238223
238234
238857
238886
238897
239275
239499
239557
239771
240081
240194
240220
240264
241414
241504
241725
242130
242139
242434
242448
242479
242701
242786
242882
242907
243360
243369
243369
243738
243826
243850
243858
244160
244262
244927
245140
245187
245341
245506
245755
245886
246233
246263
246718
246830
247090
247107
247431
247771
247905
247974
248412
248422
248567
248798
248954
250293
250300
250549
250601
251033
252128
252261
252627
252858
252945
253097
253239
253278
253290
253629
253724
254331
254466
254613
255031
255220
255592
255633
255966
256209
256244
256323
256423
257400
258369
258432
259420
259812
260006
260424
260436
260541
260770
261027
261041
261487
262158
263058
263074
263398
263738
264037
264047
264350
264746
264853
265221
265871
265972
266463
266842
266845
267009
267133
267225
267248
267274
267507
267822
267967
268753
269186
269208
269494
270169
270390
270508
270513
270550
271168
271209
271637
271675
271956
272178
272616
273312
273437
273718
273823
274268
274574
275339
275412
275773
276006
276122
276257
276334
277107
277384
277396
277741
277964
278929
279387
279606
279968
280037
280482
280613
281805
282310
282328
282551
282849
282934
283007
283223
283681
284002
284650
284683
284998
285741
285899
286001
286806
287276
287320
287631
287693
288004
289417
289974
290131
290285
290334
290983
291085
292504
292599
292700
293002
293047
293449
294017
295293
295489
295814
295873
296059
296100
296573
296887
297072
297387
297668
297670
298567
298760
298979
299085
299246
299386
299920
300154
300898
301279
301766
301807
302205
302425
302436
302800
303071
304648
304892
305226
305284
306520
306618
306637
306644
306868
307049
307303
308160
308183
308962
309487
310170
310394
310878
310952
311303
311772
312226
314012
314086
314226
314322
314355
314553
315021
315280
315702
315870
316198
317276
317467
317585
317855
319330
319541
320356
321123
321708
322746
323327
323428
323713
324922
325196
325286
325613
325635
326099
326503
326891
327025
327804
327905
328484
329143
329394
329578
329871
330497
330604
331019
332341
332492
333109
333511
333839
334290
335119
335182
335421
335424
335627
337153
337739
337942
338497
340078
340774
340916
341574
342096
343091
343306
343466
343890
344838
345425
346549
346752
346799
347634
348046
348873
350310
354256
355082
355103
355603
355630
355673
356221
356716
357187
358270
359743
359886
360718
360941
361266
361729
362191
363018
363033
363227
364043
366293
367239
367289
367753
370298
371284
371545
375579
379478
381802
385004
385417
385540
385637
388989
390907
390961
391113
391956
392846
396572
401513
402146
402820
404058
406608
407827
408424
410111
410295
412127
413530
414733
414950
419030
421442
421872
422743
422853
425622
433368
434268
434775
437631
439076
439451
439686
440087
441815
442844
444447
446703
448162
450601
451578
455621
457540
458446
460128
463658
464660
468709
481095
482033
483376
489615
491755
493436
497456
497467
499319
501573
504116
505128
507384
512604
513059
513826
522734
527320
533542
539016
539935
543277
550311
551270
575613
583629
611376
619608
627194
