0
0
74
75
135
148
217
234
270
292
300
477
501
523
574
972
973
1041
1074
1266
1292
1312
1335
1355
1369
1392
1508
1536
1538
1635
1643
1721
1749
1798
1885
1908
1909
2142
2231
2252
2369
2396
2638
2821
2849
2881
2909
2911
2945
2967
2979
2994
3230
3230
3309
3570
3583
3617
3718
3727
3739
3757
3762
3772
3777
3846
3890
3984
4028
4038
4061
4108
4227
4240
4301
4344
4346
4354
4383
4436
4468
4590
4601
4629
4690
4775
4780
4783
4785
4820
4839
4982
4993
5025
5029
5198
5199
5216
5243
5295
5302
5436
5450
5456
5462
5472
5474
5494
5505
5538
5626
5687
5792
5805
5874
5902
5970
5994
6071
6121
6171
6369
6420
6517
6554
6556
6562
6571
6621
6630
6638
6646
6666
6735
6736
6741
6785
6905
7124
7125
7127
7276
7345
7360
7488
7522
7597
7609
7634
7688
7862
7962
7999
8009
8076
8272
8299
8305
8310
8313
8383
8387
8428
8509
8521
8527
8581
8656
8692
8703
8740
8828
8926
8949
8956
9003
9046
9052
9205
9234
9269
9278
9289
9336
9384
9485
9559
9578
9603
9643
9679
9772
9812
9844
9850
9909
10012
10062
10282
10316
10425
10466
10508
10511
10528
10611
10644
10654
10671
10721
10730
10774
10882
10883
10887
10964
10983
11002
11020
11022
11064
11116
11176
11216
11290
11385
11386
11464
11469
11485
11549
11675
11789
11804
11810
11890
11972
12003
12009
12051
12126
12178
12182
12281
12354
12488
12513
12566
12576
12644
12701
12725
12774
12799
12838
12849
12852
12903
12961
13065
13264
13281
13354
13386
13416
13435
13492
13572
13821
13886
13922
13964
14067
14177
14277
14323
14328
14373
14499
14514
14591
14608
14652
14690
14700
14718
14824
14827
14894
15309
15333
15337
15337
15457
15501
15508
15573
15648
15782
15790
15824
15827
15838
15840
15863
15882
15999
16108
16132
16154
16176
16207
16210
16221
16251
16272
16284
16351
16360
16493
16512
16554
16595
16721
16825
16854
16927
17002
17106
17265
17298
17402
17407
17441
17546
17551
17649
17670
17673
17735
17737
17746
17915
18057
18137
18224
18344
18730
18732
18874
18884
19040
19066
19182
19237
19341
19377
19549
19551
19627
19649
19675
19688
19778
19823
19840
19868
19953
19957
20058
20110
20159
20172
20195
20227
20299
20348
20372
20427
20468
20528
20530
20560
20634
20652
20813
21042
21085
21123
21150
21164
21171
21412
21424
21492
21559
21576
21594
21833
21843
21896
22015
22084
22154
22223
22280
22312
22332
22412
22424
22458
22509
22556
22657
22697
22729
22788
22797
22801
22845
22856
22916
23044
23052
23054
23066
23106
23186
23227
23291
23387
23518
23544
23723
23752
23828
23848
23871
23887
23896
23912
23920
23924
23973
23979
23986
24042
24047
24069
24134
24159
24193
24202
24408
24445
24468
24592
24618
24621
24655
24869
24936
24972
24978
25001
25084
25102
25151
25165
25167
25261
25335
25373
25471
25472
25504
25512
25680
25715
25735
25741
25746
25769
25773
25828
25847
25852
25855
25880
25887
25955
25975
26087
26091
26097
26126
26134
26169
26253
26296
26323
26327
26421
26425
26520
26535
26540
26728
26737
26748
26815
26972
27030
27267
27270
27325
27451
27532
27543
27620
27686
27689
27698
27699
27774
27779
27779
27857
27888
27927
27963
27974
27984
28092
28118
28150
28152
28190
28259
28268
28274
28302
28447
28454
28463
28545
28569
28578
28615
28656
28692
28704
28730
28740
28745
28773
28842
28919
28950
28984
29018
29133
29215
29254
29279
29292
29370
29396
29421
29547
29547
29553
29612
29660
29690
29792
29810
29817
29880
29981
30002
30092
30140
30275
30427
30445
30462
30484
30511
30577
30608
30680
30687
30825
30901
30955
30971
31020
31046
31083
31140
31194
31210
31230
31239
31241
31256
31279
31282
31322
31520
31667
31675
31684
31686
31780
31970
32019
32159
32282
32290
32340
32347
32417
32428
32516
32620
32675
32725
32807
32821
32846
32862
33093
33148
33155
33237
33355
33376
33381
33484
33499
33503
33505
33525
33526
33622
33656
33677
33719
33750
33782
33791
33835
34055
34059
34076
34111
34149
34181
34266
34296
34320
34604
34615
34686
34776
34835
34899
34908
34968
35059
35081
35142
35334
35402
35454
35476
35510
35904
35941
35960
36018
36072
36256
36307
36343
36442
36505
36511
36764
36855
36932
36942
37042
37239
37335
37373
37493
37644
37693
37825
37859
37876
37881
37884
38037
38047
38159
38212
38243
38326
38353
38385
38403
38497
38501
38564
38569
38688
38755
38776
38874
39159
39181
39184
39228
39359
39384
39459
39582
39630
39778
39789
39808
39844
39879
39945
40114
40161
40165
40326
40496
40502
40542
40858
40912
40947
40964
40994
41011
41064
41172
41213
41222
41225
41320
41353
41422
41478
41686
41927
41931
42012
42064
42078
42109
42199
42226
42249
42384
42578
42632
42681
42681
42706
42734
42827
42835
42853
43019
43171
43179
43272
43286
43326
43410
43488
43592
43645
43653
43655
43655
43656
43720
43773
43836
43891
43922
43954
44001
44035
44192
44239
44275
44306
44365
44377
44392
44458
44483
44530
44550
44557
44561
44564
44599
44655
44660
44772
44797
44896
44968
45040
45058
45084
45125
45217
45270
45272
45529
45534
45565
45575
45691
45838
45848
45973
46159
46164
46193
46234
46368
46374
46420
46440
46441
46504
46515
46529
46541
46550
46571
46654
46664
46678
46716
46729
46869
46874
46989
47101
47151
47191
47257
47315
47346
47378
47484
47490
47591
47604
47659
47661
47700
47707
47773
47789
47829
47875
47967
48042
48137
48213
48306
48319
48345
48379
48432
48447
48509
48557
48594
48604
48786
48804
48946
49111
49213
49365
49447
49675
49712
49714
49724
49797
49854
50021
50049
50275
50386
50389
50416
50487
50648
50703
50714
50790
50845
50852
50861
50989
51009
51013
51053
51068
51215
51235
51317
51337
51388
51449
51467
51472
51661
51801
51867
51887
52002
52081
52154
52329
52645
52681
52818
52870
52991
53087
53088
53192
53213
53271
53288
53316
53380
53415
53440
53441
53441
53464
53468
53487
53578
53600
53696
53899
54009
54107
54215
54292
54422
54444
54632
54693
54720
54730
54891
54955
54967
55002
55019
55042
55050
55094
55175
55177
55236
55247
55410
55434
55522
55547
55695
55719
56028
56203
56243
56244
56431
56512
56591
56599
56663
56678
56682
56911
56974
56979
57076
57166
57257
57321
57376
57376
57408
57532
57546
57555
57617
57681
57710
57744
57798
57908
57915
57961
57984
57986
58001
58003
58032
58073
58168
58256
58282
58287
58299
58306
58306
58324
58334
58422
58465
58503
58515
58582
58616
58707
58753
58810
58959
58960
59065
59083
59098
59234
59332
59347
59361
59406
59429
59461
59465
59568
59633
59760
59909
59932
59995
60063
60079
60091
60109
60226
60232
60233
60286
60319
60319
60343
60489
60620
60778
60865
60883
60912
60960
61027
61067
61106
61130
61215
61251
61330
61347
61585
61669
61759
61778
61805
61950
61959
61981
62017
62132
62355
62397
62408
62415
62494
62556
62613
62720
62757
62829
62886
62906
62928
63055
63055
63069
63082
63096
63146
63155
63224
63232
63233
63489
63543
63547
63589
63803
63811
63814
64146
64187
64403
64543
64574
64583
64602
64627
64661
64728
64835
64846
64883
64900
64993
64996
65063
65083
65104
65138
65173
65202
65234
65242
65435
65498
65526
65598
65764
65806
65849
65857
65870
65985
66033
66124
66151
66199
66239
66450
66529
66714
66848
66849
66854
66899
67026
67111
67149
67224
67282
67320
67327
67346
67355
67396
67521
67529
67563
67635
67641
67649
67680
67696
67708
67737
67755
67844
67883
67913
67962
68081
68184
68210
68342
68512
68551
68738
68755
68829
68829
68832
68879
68992
69013
69015
69068
69095
69148
69294
69326
69412
69428
69552
69577
69584
69726
69753
69757
69873
69956
70059
70102
70235
70343
70600
70610
70620
70831
70876
70952
70954
70967
71036
71136
71149
71233
71409
71515
71517
71544
71625
71933
71963
71977
72060
72062
72067
72096
72106
72230
72325
72374
72479
72485
72505
72545
72646
72654
72762
72812
72844
72850
72980
73008
73117
73175
73380
73399
73514
73547
73552
73653
73816
73828
73828
73859
73875
73877
73890
73978
73990
74148
74202
74326
74439
74653
74663
74706
74731
74763
74776
74794
74941
74965
74973
75077
75179
75213
75250
75311
75334
75389
75412
75472
75481
75486
75510
75515
75742
75757
75785
75803
75851
75925
75978
76005
76189
76207
76210
76281
76304
76379
76423
76519
76597
76615
76675
76726
76869
77153
77194
77251
77344
77393
77443
77531
77535
77625
77657
77758
77941
77973
77981
78015
78060
78075
78270
78331
78410
78441
78590
78688
78733
78741
78793
78850
78878
78935
79006
79080
79208
79436
79475
79579
79746
79782
79782
79809
79938
80100
80167
80179
80241
80262
80264
80310
80378
80410
80429
80478
80515
80575
80643
80677
80681
80732
80767
80798
80891
80978
80983
81104
81163
81199
81232
81382
81443
81471
81481
81631
81819
81822
81920
81926
82086
82112
82112
82181
82196
82234
82274
82342
82546
82652
82718
82775
82834
82870
82903
82930
82940
82989
82996
83041
83206
83528
83638
83822
83911
83917
83968
83980
84113
84136
84157
84199
84268
84271
84282
84292
84355
84472
84478
84478
84502
84605
84872
84874
84907
84958
84960
85032
85099
85108
85175
85202
85217
85244
85351
85381
85403
85510
85551
85643
85881
85896
85903
85957
86052
86053
86059
86340
86404
86485
86512
86637
86646
86837
86856
86882
86925
86945
87005
87024
87056
87057
87197
87211
87222
87248
87337
87349
87368
87555
87628
87675
87731
87745
87759
87775
87777
87785
87847
87881
88011
88060
88111
88138
88187
88370
88455
88508
88659
88729
88765
88800
88883
89047
89059
89135
89241
89418
89751
89958
89997
90007
90045
90098
90122
90155
90169
90301
90415
90489
90617
90689
90690
90734
90785
90790
90804
90812
90997
91019
91261
91413
91446
91504
91546
91977
92064
92115
92322
92339
92489
92556
92785
93008
93155
93184
93195
93225
93421
93442
93653
93679
93689
93814
93825
93840
94060
94066
94110
94310
94370
94374
94376
94384
94441
94577
94590
94677
94680
94887
94999
95026
95045
95252
95265
95360
95421
95491
95519
95568
95586
95624
95630
95662
95759
95832
95844
95978
95995
96006
96016
96018
96264
96272
96362
96422
96446
96610
96919
96926
97005
97058
97119
97205
97227
97266
97308
97370
97443
97452
97480
97573
97587
97708
97798
97853
97889
97895
98046
98145
98239
98254
98255
98371
98520
98625
98793
98860
98872
98988
99103
99147
99211
99243
99419
99573
99587
99662
99742
99790
99829
99921
100026
100065
100124
100182
100222
100291
100311
100342
100354
100358
100382
100435
100468
100491
100552
100628
100680
100690
100693
100805
101022
101024
101066
101205
101248
101255
101291
101300
101350
101421
101424
101516
101526
101547
101563
101610
101737
101808
101840
102090
102127
102165
102180
102232
102453
102480
102500
102537
102608
102899
102976
103022
103119
103206
103568
103697
103700
103705
103810
103835
103980
104143
104166
104325
104460
104679
104679
104914
104963
105107
105158
105245
105426
105524
105551
105594
105644
105646
105786
105869
105872
106086
106299
106340
106371
106461
106508
106653
106691
106693
106905
106931
106951
107001
107112
107140
107199
107315
107324
107471
107516
107627
107651
107839
107872
107875
108014
108029
108072
108142
108250
108440
108539
108598
108723
108748
108755
108770
108797
108886
108952
108965
109113
109270
109423
109453
109597
109604
109827
109830
109882
110134
110153
110280
110303
110320
110377
110459
110512
110645
110697
110706
110780
111087
111103
111311
111313
111400
111468
111575
111727
111826
111856
112017
112074
112096
112157
112269
112405
112476
112546
112549
112581
112606
112663
112691
112705
112800
112904
113086
113091
113134
113156
113266
113305
113535
113543
113617
113711
113839
113882
113939
113980
114003
114112
114121
114337
114450
114472
114643
114716
114776
114825
114878
114903
115072
115094
115181
115219
115220
115274
115417
115468
115513
115624
115816
115857
115877
115928
115959
116085
116112
116329
116333
116388
116556
116575
116638
116767
116787
116918
116993
117085
117087
117112
117199
117331
117350
117538
117664
117676
117695
117723
117937
118047
118053
118063
118180
118230
118240
118263
118438
118549
118713
118737
118867
118901
118947
119120
119392
119426
119484
119560
119613
120089
120091
120191
120223
120260
120360
120388
120446
120496
120562
120588
120615
120703
120705
120746
120779
120811
120915
120942
120955
121061
121244
121251
121351
121462
121482
121535
121575
121583
121622
121624
121629
121658
121673
121686
121728
121898
121997
122010
122037
122155
122267
122283
122483
122522
122531
122686
122829
122854
122869
123000
123010
123135
123180
123344
123384
123395
123473
123536
123836
123999
124084
124214
124220
124511
124574
124612
124673
124740
124816
124944
124966
125135
125248
125285
125310
125474
125525
125571
125667
125747
125836
125850
125969
126141
126148
126179
126214
126282
126571
126729
126744
126747
126758
126817
126860
126953
127031
127151
127404
127451
127499
127589
127691
127722
127761
127828
128007
128143
128222
128285
128376
128498
128610
128726
128779
128810
128812
128912
128923
128969
129029
129045
129245
129370
129399
129440
129561
129628
129892
130025
130090
130156
130172
130196
130198
130261
130387
130439
130620
130804
130976
131030
131057
131131
131147
131170
131272
131357
131384
131581
131645
131803
131821
131821
131983
132289
132384
132512
132532
132546
132613
132662
132816
132916
133117
133206
133232
133467
133518
133671
133720
133747
133995
134053
134143
134208
134258
134371
134390
134628
134655
134693
134834
134858
134876
134997
135045
135154
135375
135408
135502
135572
135585
135649
135723
135723
135782
135996
136076
136092
136268
136274
136280
136392
136399
136433
136470
136534
136566
136780
136807
136865
137223
137268
137386
137607
137661
137713
137761
137865
137892
137945
138168
138249
138280
138391
138587
138661
138918
139206
139295
139300
139323
139394
139851
139910
139974
140027
140073
140172
140252
140453
140483
140493
140537
140658
140681
140718
140722
140785
140949
140963
141028
141408
141416
141442
141460
141514
141543
141734
141825
141891
142074
142228
142282
142288
142336
142508
142549
142583
142638
142864
142870
142875
142881
142983
143254
143256
143285
143296
143306
143516
143535
143709
143832
143849
143883
143954
143971
144085
144100
144123
144288
144446
144858
144880
145003
145256
145683
145725
145940
145940
146132
146166
146169
146257
146492
146686
146860
146894
147105
147276
147293
147342
147473
147508
147597
147644
147668
147967
147985
148002
148105
148248
148350
148387
148667
148686
148729
148860
149500
149533
149910
149991
150216
150302
150428
150464
150509
150530
150534
150621
150663
150700
150705
150710
150763
150900
150958
150997
151027
151257
151293
151353
151361
151400
151417
151444
151526
151568
151739
151751
151761
151783
151817
151912
152040
152162
152358
152701
152815
152833
152915
152928
153375
153495
153498
153653
153711
153749
153759
153765
153866
154013
154021
154088
154168
154233
154320
154344
154485
154635
154737
155083
155131
155244
155354
155397
155398
155965
156004
156171
156289
156568
156726
156952
157072
157174
157198
157249
157469
157597
157794
157800
157804
157920
158073
158388
158467
158514
158543
158584
158728
158846
159008
159244
159270
159415
159484
159618
159777
159795
159804
160059
160412
160466
160492
160578
160581
160654
160740
160888
161122
161182
161201
161208
161280
161378
161412
161477
161512
161641
161901
161911
161980
162131
162324
162356
162400
162403
162713
162731
162759
162761
162773
162778
162874
162943
163054
163216
163804
163844
163893
164109
164116
164373
164381
164535
164570
164681
164878
164925
165206
165285
165474
165604
165651
165679
165792
165816
165860
165890
166005
166100
166253
166417
166530
166633
166743
166744
166923
167099
167108
167163
167307
167328
167412
167469
167504
167563
167574
167632
167668
167744
167766
167888
168153
168292
168509
168904
168991
169064
169109
169219
169538
169611
169777
170018
170131
170194
170324
170357
170414
170554
170601
170713
170718
171017
171182
171520
171529
171563
171612
171735
171853
172008
172064
172128
172143
172234
172506
172544
172825
173085
173257
173294
173426
173594
173667
173680
173729
173790
173839
173917
173993
174028
174133
174145
174316
174342
174470
174576
174608
174892
175156
175522
175595
175711
176065
176445
176481
176713
177056
177100
177147
177160
177184
177226
177412
177587
177824
177856
178031
178165
178183
178399
178503
178744
179000
179240
179240
179350
179542
179801
179919
180069
180117
180143
180643
180712
180969
180969
181018
181054
181108
181143
181178
181338
181442
181621
181661
181813
181961
181974
182124
182175
182364
182492
182517
182580
182913
183025
183081
183129
183234
183241
183363
183380
183617
183620
183797
183900
183984
183997
184096
184194
184404
184448
184679
184889
185124
185138
185484
185505
185776
185810
185852
185883
186031
186081
186148
186178
186356
186362
186710
186724
186731
186814
186911
187452
187570
187721
187786
187853
187866
187884
187965
188124
188161
188183
188401
188516
188670
188774
188927
188987
189085
189463
189762
189822
189869
190045
190093
190182
190233
190292
190313
190341
190409
190506
190648
190657
190747
190926
191074
191085
191218
191274
191378
191409
191625
191684
191749
191762
191789
191890
191972
192229
192256
192271
192648
192670
193127
193141
193264
193318
193364
193477
193513
193845
194323
194371
194499
194917
194921
194998
195023
195024
195153
195245
195820
195916
195942
196131
196168
196473
196524
196559
196754
196771
197214
197221
197235
197307
197427
197454
197625
197699
197771
197800
197807
197934
198109
198231
198264
198312
198395
198690
198702
198790
198939
199324
199329
199488
199605
199760
199893
199954
200013
200370
200387
200490
200540
200953
200954
201020
201076
201084
201163
201413
201583
201636
201683
201847
202012
202068
202101
202349
202856
202891
202921
203001
203047
203095
203393
203454
203628
203711
203737
203874
203879
203901
204125
204142
204173
204178
204555
204596
204624
204738
204892
205130
205272
205766
205901
205976
206063
206186
206330
206370
206480
206596
206637
206660
206746
206761
206928
207030
207113
207117
207575
207809
207940
208026
208449
208844
209162
209259
209548
210020
210086
210283
210506
210654
210769
210911
210933
211207
211474
211690
211985
212085
212119
212592
212874
212933
213414
213454
213688
213838
213853
213913
213974
214327
214645
214925
214999
215095
215105
215127
215156
215171
215199
215349
215373
215438
215501
215589
215811
215821
215851
216051
216210
216234
216373
216690
216714
216745
216775
216901
217019
217043
217081
217353
217438
217528
217541
217622
218093
218221
218342
218439
218459
218633
218635
218700
219084
219194
219267
219395
219569
219611
219901
219924
220040
220103
220129
220144
220194
220506
220619
220647
220730
220778
221426
221456
221616
221709
222098
222161
222335
222543
222812
222962
223088
223098
223099
223269
223408
223908
223959
224241
224524
224718
225260
225375
225386
225522
225537
225550
225780
225804
225898
225904
226652
226673
226716
226849
226928
227030
227242
227567
227698
228235
228339
228453
228883
228898
229167
229322
229435
229488
229615
229686
229910
230250
230338
230411
230651
231087
231135
231439
231478
231570
231598
231895
231976
232213
232440
232540
232646
232940
233015
233482
233672
233849
233854
233969
234080
234233
234746
234757
235257
235598
235910
236015
236028
236161
236175
236401
236806
236840
236913
236915
237188
238916
239228
239431
239870
240193
240207
240910
240965
241051
241167
241341
241409
241847
241857
242073
242078
242167
242213
242459
242500
242587
242713
242884
242989
243148
243821
244469
244542
244897
244960
245045
245249
245305
245360
245568
245582
245630
245814
246024
246198
246651
246770
246845
246903
246991
247131
247483
247491
247554
248230
248285
248854
249209
249938
249954
250322
250332
250465
250488
250586
250594
250646
250739
250796
250873
251441
251503
251553
251994
252138
252325
252371
252950
253288
253648
254081
254353
254821
255470
255487
255541
255914
256166
256395
256581
256591
256860
256958
256984
257245
257617
257646
257920
258335
258450
258453
258569
258641
259029
259308
259483
259837
260092
260172
260375
260641
260776
260813
261330
261407
261460
261532
261596
261916
261947
262026
262043
262305
262339
262340
262504
262549
262627
262958
263108
263221
263280
263329
263469
264080
264197
265463
265529
265587
265657
265852
265862
265881
266117
266293
266478
267409
267496
267574
267747
268356
268615
268635
268678
269085
269265
269427
269705
269742
269817
270075
270294
270358
270599
271182
271519
271526
271619
271913
271987
272040
272191
272238
272351
272397
272764
273283
273292
273313
273319
274411
274415
274629
274826
275029
275223
275268
275316
275427
275677
277537
277545
278515
278664
278814
279287
279662
280033
280038
280252
280389
280397
280513
280910
281081
282278
282282
282665
282739
282833
283181
283298
283509
283538
283566
283603
283625
283820
283993
284171
284201
284561
286204
286422
286569
288435
288895
289478
290327
290615
290833
291094
291183
291908
291965
291990
292005
293715
294505
294945
295872
295960
297243
297256
297508
297930
298381
298955
300702
300748
300774
301073
302210
302509
303097
303263
303501
304066
304162
304647
304855
305025
305211
306033
306209
306493
306661
307777
308871
308890
309057
309250
309675
309789
310074
310197
310361
310634
311351
311536
311598
311616
311668
313455
314464
314690
315102
315826
316021
316115
316334
317304
317667
317825
318288
318564
318889
319341
319613
320190
320235
320800
320809
321128
321454
321830
322020
322453
323261
323667
323896
324530
325159
325742
326334
326771
326894
327254
328599
328652
328808
329085
329272
329495
330859
332088
332172
332458
334019
334539
334676
334759
335176
337523
338270
338447
338505
339566
339644
340432
340570
341971
342165
342214
343414
343462
346345
348560
348589
348601
349008
349173
349763
350503
350507
350852
351639
352044
352658
353686
353834
353936
353963
354014
354188
354725
355527
355792
356044
357812
358613
358699
361360
362007
362345
364081
365417
365765
367020
367355
368008
368359
368562
369294
369530
369577
371691
371789
372046
372310
372642
375064
378086
378999
380124
381118
381604
381684
382646
382681
387032
387152
387317
388965
389857
390382
390505
390920
391365
393069
394150
395340
398341
398528
399115
399818
400662
403391
403831
404480
405593
405824
406974
407714
407948
409106
409549
411851
412033
413575
413880
414622
420064
420598
421411
423699
425071
427064
427419
427596
427934
428188
428329
429362
431824
433722
438640
440178
440597
442694
444539
445471
452527
452683
456739
465815
466808
467532
467804
468027
470806
471449
476892
477418
480735
492324
500881
502823
508612
510746
513618
540678
570826
608569
652769
