0
0
67
143
168
188
252
283
329
339
360
429
482
495
537
555
626
632
662
806
878
1034
1101
1177
1182
1190
1203
1235
1240
1266
1346
1382
1534
1719
1783
1860
1873
1965
2002
2070
2151
2166
2194
2465
2469
2485
2521
2549
2551
2606
2615
2681
2721
2820
2878
2887
2892
2923
2971
3056
3069
3467
3507
3619
3754
3886
3923
3989
4025
4062
4063
4074
4108
4127
4130
4166
4203
4307
4309
4453
4481
4541
4616
4666
4677
4694
4697
4909
4932
4957
4997
5145
5196
5457
5577
5583
5657
5757
5798
5806
5914
5923
5958
5988
5994
6169
6199
6290
6399
6411
6450
6600
6724
6729
6765
6837
6945
6962
7042
7077
7085
7366
7382
7548
7683
7785
7818
7828
7829
7892
7894
7933
8103
8303
8523
8614
8658
8659
8676
8754
8803
8859
8862
8878
8928
9011
9200
9255
9258
9260
9291
9311
9334
9400
9411
9423
9477
9544
9620
9666
9847
9855
10005
10029
10109
10131
10334
10428
10616
10959
10988
11045
11099
11100
11163
11167
11281
11335
11390
11470
11509
11511
11528
11604
11612
11696
11773
11813
11836
11892
11893
12026
12061
12125
12173
12188
12371
12390
12428
12471
12477
12512
12514
12539
12627
12665
12665
12681
12755
12764
12904
12954
13015
13181
13264
13337
13356
13366
13468
13478
13618
13665
13809
13813
13934
13963
13979
14082
14118
14129
14279
14319
14333
14474
14525
14621
14723
14732
14743
14890
14907
14907
14911
14932
14932
14945
15067
15210
15260
15268
15418
15488
15566
15598
15689
15697
15708
15787
15873
15886
16029
16105
16188
16270
16277
16316
16319
16351
16436
16460
16508
16514
16529
16559
16642
16650
16707
16728
16761
16802
16805
16816
16891
16932
16978
16994
17042
17105
17165
17191
17210
17265
17597
17598
17605
17609
17625
17685
17771
17912
17996
18099
18139
18207
18301
18311
18594
18652
18778
18814
18829
18862
18896
19151
19161
19178
19303
19340
19359
19482
19523
19527
19562
19656
19703
19720
19732
19752
19756
19805
19880
19927
19944
20021
20044
20092
20101
20189
20227
20253
20337
20347
20484
20509
20530
20567
20568
20582
20688
20716
20761
20900
20943
20983
21077
21106
21219
21249
21263
21344
21373
21465
21522
21597
21708
21806
21817
21874
21976
21987
22023
22122
22124
22186
22200
22231
22294
22311
22378
22623
22787
22856
22889
22973
22994
23055
23057
23120
23127
23177
23214
23217
23289
23306
23307
23318
23388
23446
23648
23653
23696
23701
23745
23871
24048
24089
24268
24347
24370
24396
24464
24467
24607
24652
24777
24790
24838
24875
24975
25090
25100
25239
25261
25269
25312
25337
25366
25508
25513
25528
25529
25646
25691
25697
25732
25783
25817
25872
25884
25937
25946
25971
26249
26267
26311
26337
26354
26355
26378
26405
26451
26516
26623
26672
26710
26787
26826
26855
26863
26911
26979
27033
27050
27089
27114
27145
27444
27487
27500
27553
27603
27630
27684
27811
27811
27835
27889
28018
28059
28076
28121
28190
28214
28393
28404
28491
28525
28526
28555
28784
28859
28963
29015
29072
29134
29199
29244
29338
29351
29435
29445
29570
29652
29704
29833
29932
29992
30023
30130
30254
30444
30644
30679
30707
30873
30914
30971
30975
31061
31072
31087
31131
31159
31222
31334
31400
31450
31464
31509
31519
31616
31617
31660
31700
31796
31866
31975
32048
32118
32210
32234
32260
32442
32500
32531
32681
32709
32726
32741
32768
32835
32871
32875
32877
33031
33081
33081
33265
33336
33341
33368
33466
33501
33529
33560
33649
33681
33681
33797
33825
33842
33903
33933
34028
34051
34094
34116
34134
34241
34326
34442
34522
34584
34666
34752
34761
34777
35000
35011
35017
35035
35134
35151
35158
35158
35280
35322
35419
35432
35518
35527
35640
35661
35747
35779
35936
36035
36052
36097
36232
36340
36373
36381
36414
36545
36601
36679
36832
36889
37031
37203
37205
37207
37340
37361
37393
37421
37422
37443
37608
37760
37792
37857
37921
38066
38118
38130
38167
38247
38320
38332
38410
38473
38570
38622
38711
38725
38748
38771
38786
38810
38856
38859
38863
38866
38869
38879
39051
39106
39169
39171
39267
39291
39299
39404
39554
39556
39607
39789
39816
39834
39909
40067
40193
40266
40362
40364
40465
40486
40580
40584
40610
40668
40704
40729
40732
40796
40939
40972
41114
41269
41359
41407
41423
41465
41478
41510
41513
41670
41683
41695
41740
41876
41909
41962
42034
42130
42137
42191
42199
42281
42369
42480
42662
42675
42787
42840
42902
43066
43118
43151
43165
43195
43242
43314
43376
43428
43494
43557
43582
43787
43790
43835
43847
43909
43937
44123
44132
44314
44420
44461
44491
44517
44802
44872
44959
45052
45224
45295
45338
45471
45527
45876
45955
46027
46109
46251
46252
46295
46334
46529
46593
46609
46662
46790
46993
47056
47265
47307
47597
47599
47621
47810
47818
47915
47927
47957
47965
47989
48021
48029
48035
48071
48104
48113
48195
48201
48489
48562
48691
48696
48710
48716
48736
48755
48823
48867
48935
49004
49192
49261
49294
49367
49393
49463
49505
49594
49673
49728
49803
49846
49856
49882
49907
49917
50001
50062
50093
50160
50280
50322
50324
50331
50340
50346
50397
50422
50523
50607
50642
50686
50722
50793
50813
50843
51036
51122
51148
51237
51320
51340
51376
51377
51401
51515
51758
51766
52071
52140
52189
52245
52384
52704
52716
52788
52806
52914
52953
53033
53061
53134
53135
53193
53257
53316
53404
53629
53643
53669
53747
53790
53792
53796
53909
53999
54147
54217
54265
54281
54381
54385
54398
54408
54445
54496
54524
54550
54572
54605
54659
54760
54773
54836
54871
54904
54955
54967
55010
55082
55088
55160
55302
55384
55416
55505
55651
55764
55836
55952
55966
55968
56000
56019
56099
56273
56376
56490
56493
56561
56666
56710
56754
56767
56776
56865
56884
56915
57060
57139
57180
57233
57291
57330
57408
57433
57560
57611
57778
57798
57861
57864
57930
57965
58101
58170
58175
58191
58196
58218
58259
58358
58476
58532
58533
58752
58808
58882
58931
58957
58998
59001
59016
59133
59134
59181
59199
59214
59251
59318
59412
59419
59425
59459
59592
59855
59917
59940
60018
60054
60175
60251
60265
60273
60298
60339
60459
60561
60617
60687
60937
60937
61023
61107
61108
61112
61139
61168
61204
61254
61385
61499
61603
61656
61720
61803
61807
61901
61913
61999
62156
62163
62180
62182
62287
62456
62490
62517
62539
62542
62544
62547
62606
62867
62877
62939
62974
63063
63252
63335
63435
63501
63638
63654
63655
63694
63735
63923
63934
64040
64042
64233
64237
64260
64344
64462
64494
64504
64546
64553
64567
64567
64670
64752
64773
64815
64847
64926
65097
65168
65215
65289
65369
65409
65415
65439
65534
65726
65812
65851
66037
66105
66126
66202
66216
66229
66276
66459
66465
66514
66526
66539
66562
66568
66677
66681
66682
66745
66794
66941
67064
67132
67151
67170
67193
67284
67336
67408
67419
67465
67474
67573
67741
67970
68025
68157
68192
68193
68248
68264
68267
68320
68345
68369
68403
68407
68426
68568
68642
68725
68739
68826
68857
68894
68916
69004
69066
69094
69255
69324
69399
69412
69489
69517
69580
69584
69614
69700
69793
69799
69810
69815
69855
69937
70080
70234
70328
70345
70420
70536
70599
70607
70635
70664
70735
70742
70979
70983
70985
71056
71118
71427
71555
71692
71721
71742
71744
71836
71858
71958
71961
71974
72004
72032
72043
72066
72084
72161
72278
72375
72424
72457
72538
72621
72636
72648
72874
72921
72937
73035
73142
73188
73209
73222
73298
73320
73355
73371
73378
73379
73527
73806
73877
73888
73925
73927
73942
73988
73988
73997
74028
74154
74321
74507
74514
74524
74577
74592
74616
74741
74772
74876
75045
75048
75243
75269
75288
75472
75582
75631
75641
75785
75869
76130
76233
76281
76305
76308
76491
76511
76554
76665
76725
76758
76849
77283
77294
77416
77505
77675
77723
77872
77894
77908
77921
78051
78184
78227
78238
78344
78345
78438
78471
78549
78630
78634
78693
78729
78757
78814
78912
78997
79025
79027
79116
79120
79155
79305
79370
79434
79451
79467
79528
79571
79604
79697
79724
79881
80185
80209
80311
80370
80490
80503
80610
80681
80783
80909
80957
81019
81023
81142
81331
81366
81369
81381
81434
81468
81515
81567
81691
81817
81827
82061
82062
82081
82184
82213
82299
82446
82693
82812
82885
82912
82982
82995
83060
83281
83401
83483
83496
83502
83633
83641
83776
83836
83876
83896
84042
84079
84099
84153
84169
84270
84286
84306
84470
84480
84481
84525
84581
84670
84708
84721
84948
85144
85203
85325
85409
85420
85728
85752
85853
85874
85906
86002
86016
86171
86252
86253
86381
86426
86607
86647
86812
86887
87004
87042
87059
87073
87129
87197
87219
87227
87249
87353
87356
87388
87412
87431
87488
87638
87661
87741
87770
87827
87938
87938
87981
88317
88373
88383
88437
88487
88554
88674
88717
88725
88726
88771
88835
88836
88838
88927
88951
88988
88998
89002
89119
89192
89203
89418
89650
89657
89725
89765
90050
90114
90156
90208
90211
90375
90512
90628
90670
90692
90734
90808
90837
90889
90981
91091
91136
91145
91211
91471
91501
91524
91528
91529
91535
91565
91636
91651
91914
91956
92167
92270
92328
92331
92496
92503
92543
92592
92596
92656
92815
93101
93312
93459
93477
93495
93529
93611
93716
93796
93847
93870
93909
93929
93989
94199
94299
94418
94427
94511
94571
94647
94674
94695
94719
95030
95078
95144
95145
95479
95535
95538
95566
95647
95675
95681
95773
95865
95919
95929
95940
95972
96034
96100
96113
96123
96149
96171
96180
96190
96200
96232
96450
96537
96673
96855
96896
97067
97072
97076
97079
97083
97099
97207
97314
97445
97488
97517
97535
97608
97791
97893
97919
98180
98226
98391
98441
98455
98493
98607
98730
98788
98966
99057
99069
99143
99254
99324
99397
99470
99683
99794
99963
100455
100494
100760
100775
100835
101232
101310
101319
101337
101344
101359
101417
101490
101495
101497
101779
101841
101851
101929
101941
101978
102204
102232
102234
102267
102545
102852
102876
102885
102908
102926
102942
102980
103073
103151
103159
103210
103284
103285
103299
103310
103340
103407
103441
103533
103616
103627
103650
103652
103708
103768
103777
103806
103833
103857
104032
104278
104334
104475
104530
104582
104646
104746
104766
104781
104846
104919
104927
104937
105129
105261
105313
105327
105663
105765
105781
105812
105837
106008
106112
106244
106338
106426
106502
106613
106842
106854
106902
106995
107006
107080
107205
107240
107277
107343
107394
107681
107684
107685
107788
108020
108022
108022
108070
108077
108164
108191
108228
108232
108276
108373
108448
108463
108560
108586
108597
108599
108670
108688
108698
108790
108822
108848
108885
108887
108999
109104
109175
109242
109306
109572
109682
109686
109861
110115
110119
110193
110272
110330
110383
110403
110659
110669
110689
110738
110738
110743
110782
111156
111166
111184
111372
111648
111749
111763
111849
111876
111917
111921
111959
112119
112144
112228
112361
112378
112380
112440
112494
112546
112565
112712
112834
112954
113133
113295
113375
113415
113519
113564
113610
113655
113731
113733
113801
113816
113907
114029
114066
114085
114149
114194
114290
114319
114349
114415
114593
114654
114828
114863
114980
115085
115148
115283
115394
115459
115519
115558
115611
115705
115716
115755
116120
116543
116620
116737
116749
116790
116865
116872
116973
117064
117278
117661
117665
117818
117836
117871
117876
117899
118071
118105
118214
118255
118330
118332
118337
118349
118362
118370
118381
118420
118428
118462
118467
118626
118641
118746
118770
119107
119114
119177
119204
119388
119398
119479
119620
119651
119724
119754
119921
120027
120131
120256
120396
120407
120409
120444
120539
120554
120643
120718
120815
120869
120947
121059
121147
121283
121353
121409
121475
121561
121636
121644
121861
121894
121909
122063
122138
122139
122152
122261
122280
122447
122458
122597
122781
122788
122828
122850
123149
123212
123254
123392
123438
123608
123808
123859
123942
123949
123970
124058
124233
124297
124328
124480
124612
124641
124708
124924
125001
125049
125076
125112
125170
125190
125346
125362
125385
125401
125453
125456
125676
125698
125721
125974
126064
126076
126331
126852
126876
126932
127063
127120
127177
127194
127198
127335
127371
127454
127589
127623
127685
127689
127690
127706
127719
127720
127735
127778
127795
127812
127821
127871
127979
128022
128206
128212
128252
128274
128282
128625
128702
128731
128740
128778
128994
129019
129170
129775
129828
129871
130007
130034
130126
130264
130281
130301
130315
130336
130517
130612
131117
131206
131247
131258
131314
131380
131707
131732
131737
131759
131817
131934
132035
132084
132124
132147
132236
132253
132389
132411
132417
132472
132580
132738
132769
132879
132926
133019
133133
133521
133740
133784
133841
133910
134041
134048
134283
134314
134487
134572
134603
134686
134922
134983
135012
135027
135151
135294
135318
135389
135926
135985
136111
136323
136454
136600
136619
136626
136706
136855
136944
137083
137097
137777
137836
137992
138309
138470
138535
138601
138715
138801
138862
138970
139246
139386
139691
139692
139960
140039
140078
140134
140192
140378
140568
140599
140646
140658
140674
140889
140940
140959
140978
141313
141504
141523
141643
141729
141734
141911
142116
142141
142257
142470
142545
142576
142979
142995
143001
143079
143428
143512
143646
143657
143920
143937
143959
143972
144004
144058
144209
144262
144321
144417
144445
144602
144922
145034
145046
145060
145137
145269
145300
145473
145474
145510
145591
145680
145944
146258
146318
146395
146492
146678
146696
146756
146861
146889
147005
147056
147109
147380
147481
147587
147802
147837
147847
148001
148010
148024
148063
148093
148106
148148
148353
148409
148418
148420
148511
148553
148575
148702
148958
149086
149165
149182
149303
149463
149476
149530
149570
149666
149695
149717
149790
149848
150086
150090
150294
150299
150311
150363
150540
150581
150879
151225
151233
151260
151369
151400
151641
151819
151854
152044
152104
152394
152404
152598
152699
152732
152911
152958
153047
153065
153138
153184
153186
153379
153668
153681
153773
153906
153958
154021
154174
154338
154654
154656
154799
154833
154881
154967
155330
155949
155977
156282
156321
156535
156553
156701
156813
156867
156872
156928
157016
157208
157213
157226
157436
157545
157562
157574
158018
158132
158163
158191
158416
158499
158563
158674
159067
159130
159244
159563
159840
159897
159900
160041
160122
160280
160582
160790
160917
160946
161154
161268
161459
161501
161665
161784
162116
162236
162481
162574
162639
162750
162830
162910
163122
163307
163468
163530
163551
163641
163674
163684
163792
163867
163872
163945
164143
164320
164544
164723
164746
164953
165467
165522
165818
165987
166096
166177
166498
166646
166802
166898
167039
167184
167223
167305
167353
167478
167635
167950
167987
168289
168635
168677
168692
168745
168855
168940
169190
169266
169425
169551
169617
169682
169848
169898
169999
170052
170341
170372
170386
170430
170566
170618
171127
171366
171803
171983
172065
172131
172407
172418
172494
172569
172602
172787
172804
173107
173153
173156
173257
173312
173430
173484
173593
173699
173977
174026
174448
174625
174630
174642
174682
174773
174810
174831
174878
175038
175343
175446
175799
175799
175812
175839
176051
176098
176300
176308
176357
176630
177001
177125
177386
177433
177535
177571
177633
177806
177904
177955
177986
178076
178106
178166
178345
178445
178996
179534
179735
179861
180133
180149
180357
180610
180734
180760
180851
181048
181062
181252
181284
181365
181782
182112
182167
182312
182493
182715
182800
182912
182924
183021
183054
183054
183081
183168
183195
183556
183628
183950
183986
183998
184017
184421
184432
184482
184714
184757
185065
185096
185101
185149
185307
185396
185605
185608
185693
185734
185955
186237
186330
186365
186374
186630
186706
186799
186863
186887
186909
187106
187152
187252
187253
187499
187641
187696
187701
187728
188014
188076
188552
188694
188869
188916
188944
189172
189273
189559
189901
189950
189977
190045
190096
190212
190247
190592
190633
190639
190669
190736
190791
190882
190947
191367
191481
191524
191568
191632
191802
191823
191840
191865
192074
192134
192151
192650
192690
192691
192760
192983
193226
193420
193578
193628
194160
194498
194614
194787
194791
195133
195176
195314
195463
195733
196058
196255
196631
196635
196811
196815
196818
196943
197014
197149
197526
197583
197726
198175
198242
198246
198273
198302
198360
198449
199314
199429
199601
199684
199815
199835
200078
200117
200166
200175
200331
200695
200700
201344
201438
201604
201839
202240
202350
202530
202985
203056
203190
203254
203320
203400
203450
203520
203561
204322
204680
204947
205026
205378
205638
205646
205816
205893
205931
206222
206316
206465
206921
206979
207414
207474
207506
207515
207593
207612
207706
207823
208171
208272
208452
208596
208806
209479
209487
209598
209950
209994
210365
210430
210809
211226
211283
211601
211631
211698
212077
212309
212410
212447
212571
212634
212878
213079
213160
213192
213353
213596
213756
213787
214174
214669
214783
214861
215079
215179
215380
215440
215466
215993
216028
216102
216132
216471
216580
217044
217716
218655
218960
219265
219417
219648
219692
220564
220627
220647
220964
220995
221061
221117
221138
221166
221390
221775
221950
222097
222183
222296
222512
222775
223006
223020
223303
223310
223367
223371
223487
223594
223754
223973
224104
224111
224391
224760
225072
225511
225877
225890
226949
227504
227784
227904
227970
228150
228211
228600
228787
229034
229115
229594
229719
229805
230043
230297
230356
230529
230601
230755
230955
231052
231160
231429
231442
231557
232036
232061
233061
233080
233203
233622
234068
234266
234924
235159
235308
235652
235726
235865
236237
236296
236536
236914
237050
237239
237418
237891
238138
238182
238894
238926
239118
239119
239666
240014
240148
240182
240326
240329
240419
240855
241071
241243
241266
241339
241618
241921
242037
242154
242335
242422
242563
242734
242845
243058
243149
243304
243592
243965
244213
244214
244292
244560
244703
245000
245474
246605
247011
247099
247180
247207
247249
247265
247661
247666
247694
248193
248799
249278
249436
249529
249685
249897
250059
250127
250187
250280
250282
250317
250531
250896
251178
251455
252267
252279
252388
252492
252758
252862
253123
253240
253315
253354
253801
253964
253998
254303
254534
254745
255147
255212
255440
256164
256342
256552
257313
257554
257944
258500
258558
258586
258729
258786
258933
259284
259828
260140
260682
260792
260837
260868
260986
261398
262235
262261
262398
262407
262468
263173
263342
263786
263867
264298
264837
265139
265322
266426
266534
266616
266898
266918
266941
267348
267769
268459
269213
269297
269469
269676
270303
270724
270777
271143
271325
271543
271545
271649
271688
271710
273601
273841
274381
274753
274989
275187
275554
275841
275855
276005
276852
276879
277027
277343
277435
277490
278755
278825
278928
278949
279538
279656
279994
280603
280867
280902
281079
281521
281704
282410
283061
283331
283489
284148
284532
284872
285016
285186
285369
285544
287597
287655
288688
288726
289427
289513
289804
289879
290641
290672
290944
291845
291873
292860
293134
293482
293848
294792
295351
296448
296560
296874
297159
297257
297880
298087
298673
298829
299508
299609
300042
300288
301196
301419
301516
302713
302769
302817
303001
303417
303708
303712
303784
305030
305279
305308
305374
305789
305872
306191
306241
307722
308379
308417
309592
309742
310012
310160
310281
310338
311341
311429
311482
311762
311975
312016
312059
312184
313129
313671
313829
313950
315108
315187
315354
315362
316322
316779
316849
317004
317029
317841
318185
318325
318572
319624
320080
320312
320504
320616
320735
321096
322275
322470
324038
324227
324648
324780
325266
325714
325859
326008
326271
326309
328000
328886
329911
330134
330268
330498
330609
330961
331902
332955
333203
334198
334477
334836
335151
335757
336136
336388
339571
340123
340143
340203
340847
341328
341926
342139
343992
344075
345107
345683
345767
345890
346248
346598
346677
347628
348231
348237
350689
350751
352678
355299
357254
357680
358846
360506
361309
361798
364287
364532
364649
365343
365578
365687
366808
368487
368773
368967
369252
371063
371074
372799
373827
374269
374343
375734
376930
378192
378618
378947
379257
380632
380672
381553
382664
382721
383230
386318
386397
388771
388881
389287
390220
390683
392940
393409
394183
395090
397887
398322
401055
401366
401491
402584
404298
407387
407985
414090
416694
419649
421139
421329
424420
427169
429861
430827
431499
433418
435134
437740
440023
440755
442510
448645
450000
451514
452905
455354
455983
457494
462054
463556
464254
468310
471547
474915
476395
480230
481283
484421
493947
494760
506506
510906
518682
521656
522036
527417
532210
546387
547803
548510
614537
