0
0
29
81
230
246
321
421
439
464
533
538
551
598
628
679
700
728
897
1004
1017
1034
1036
1075
1169
1236
1255
1317
1468
1627
1643
1685
1765
1768
1788
1864
1904
2040
2127
2155
2257
2277
2407
2510
2544
2607
2640
2668
2819
2873
2989
3001
3035
3161
3239
3256
3400
3421
3515
3596
3610
3647
3690
3728
3827
4034
4073
4203
4507
4668
4680
4909
4930
4944
4950
4964
4979
5030
5045
5065
5116
5151
5189
5266
5289
5324
5346
5397
5399
5446
5607
5657
5665
5699
5765
5934
5972
6084
6167
6178
6347
6425
6458
6557
6593
6599
6664
6705
6779
6824
6877
7029
7029
7045
7051
7071
7107
7119
7320
7458
7459
7468
7518
7700
7744
7815
7846
7932
7975
8016
8016
8096
8135
8235
8275
8395
8409
8441
8458
8497
8567
8582
8626
8626
8688
8803
8819
8847
8974
8980
9174
9197
9282
9294
9338
9352
9438
9456
9500
9547
9583
9682
9687
9745
9803
9849
9973
10312
10537
10861
10906
10906
10909
10927
10975
11227
11243
11294
11444
11446
11504
11510
11537
11573
11590
11650
11655
11732
11840
11855
11936
12095
12143
12158
12220
12337
12341
12412
12543
12560
12599
12599
12910
12926
12959
13224
13224
13359
13420
13459
13535
13609
13655
13702
13746
13755
13892
13925
14154
14230
14291
14394
14410
14433
14460
14473
14571
14665
14669
14769
14921
15054
15060
15114
15276
15290
15390
15538
15612
15670
15671
15819
15852
15856
15876
15885
15892
15970
15976
16009
16124
16134
16156
16166
16204
16241
16250
16270
16286
16319
16463
16486
16506
16718
16726
16817
16826
16872
16969
17264
17269
17339
17413
17463
17528
17613
17694
17764
17765
17770
17874
18088
18142
18173
18179
18208
18234
18260
18349
18368
18472
18473
18665
18767
18919
18971
18977
19023
19069
19094
19161
19163
19195
19412
19445
19574
19600
19635
20110
20124
20178
20321
20440
20441
20486
20505
20513
20521
20589
20624
20797
20807
20817
20876
20894
20996
21109
21134
21289
21334
21380
21431
21436
21503
21651
21756
21770
21860
21897
21935
22052
22053
22064
22117
22122
22184
22264
22306
22309
22330
22369
22419
22446
22455
22554
22572
22595
22597
22708
22709
22824
22868
22888
22933
22939
22959
22960
23012
23073
23153
23160
23309
23324
23334
23337
23435
23498
23532
23558
23613
23671
23685
23761
23791
23828
23993
24056
24155
24171
24265
24322
24475
24520
24569
24740
24747
24948
24981
25039
25075
25083
25093
25115
25170
25193
25209
25270
25344
25436
25548
25551
25684
25787
25838
25928
26111
26201
26211
26238
26402
26464
26506
26516
26662
26663
26675
26785
26849
26974
26984
27156
27244
27303
27336
27378
27615
27658
27693
27859
28004
28005
28042
28112
28120
28153
28263
28285
28297
28301
28337
28404
28616
28655
28674
28763
28770
28830
28875
28922
28949
29016
29062
29211
29331
29398
29426
29437
29473
29545
29577
29782
29951
29972
30029
30173
30214
30301
30351
30374
30430
30455
30455
30592
30625
30635
30889
30979
31131
31313
31322
31339
31395
31403
31431
31461
31558
31613
31633
31648
31971
31975
32020
32129
32152
32186
32199
32225
32238
32243
32350
32418
32466
32467
32547
32606
32749
32850
32985
33019
33101
33152
33168
33230
33369
33452
33521
33534
33581
33627
33673
33826
33946
33959
34095
34110
34116
34135
34287
34393
34464
34666
34715
34837
34860
34899
34938
35031
35057
35105
35143
35144
35184
35221
35298
35307
35313
35385
35421
35471
35557
35723
35737
35749
35767
35832
35923
35942
35990
36013
36145
36244
36259
36316
36334
36335
36360
36507
36556
36563
36568
36645
36767
36786
36790
36829
36900
36901
36972
37121
37162
37184
37237
37241
37294
37333
37611
37615
37692
37727
37757
37840
38059
38094
38115
38182
38364
38404
38721
38789
38877
38970
39104
39198
39254
39328
39374
39383
39419
39563
39625
39784
39801
39875
39880
40034
40298
40417
40492
40502
40585
40686
40722
40830
40846
40887
40889
40935
40976
40998
41082
41139
41167
41200
41224
41271
41307
41514
41543
41570
41596
41623
41663
41818
41886
41984
42168
42273
42453
42493
42616
42634
42694
42723
42858
42874
43024
43102
43107
43109
43185
43308
43390
43477
43481
43580
43609
43616
43642
43664
43697
43756
43796
43878
43901
43932
43962
44054
44139
44148
44171
44351
44358
44363
44363
44487
44487
44490
44540
44596
44688
44770
44778
44853
44865
44879
44913
44970
45262
45309
45450
45462
45468
45561
45565
45566
45666
45691
45726
45763
45877
45982
46005
46032
46039
46066
46228
46247
46303
46329
46398
46428
46504
46588
46591
46594
46725
46994
47028
47161
47293
47502
47505
47513
47557
47592
47727
47756
47821
47855
47883
47958
47984
47999
48166
48210
48225
48276
48371
48588
48679
48757
48784
48917
48951
49012
49144
49184
49308
49345
49371
49434
49438
49465
49645
49647
49665
49749
49751
49754
49826
49849
49853
49894
49917
49968
50025
50034
50095
50112
50165
50331
50463
50528
50597
50648
50834
50904
50914
50975
51047
51061
51070
51134
51147
51171
51172
51282
51289
51294
51329
51537
51654
51731
51741
51758
51796
51817
51862
51873
51962
52021
52022
52103
52119
52125
52153
52246
52404
52470
52475
52566
52573
52662
52771
52807
52920
52976
53012
53208
53213
53266
53287
53332
53409
53574
53616
53617
53753
53787
53912
53916
54050
54113
54162
54326
54378
54413
54526
54552
54603
54631
54648
54784
54850
54867
54959
55255
55488
55530
55556
55627
55630
55720
55723
55757
55787
55861
55879
55884
55887
55924
56082
56083
56240
56270
56361
56412
56458
56490
56519
56535
56618
56678
56754
56907
56914
57118
57148
57240
57318
57320
57321
57515
57536
57683
57694
57865
57876
57890
57973
58038
58097
58120
58144
58233
58245
58391
58394
58408
58430
58485
58532
58590
58603
58905
58949
58977
59057
59132
59203
59206
59410
59412
59463
59471
59764
59783
59903
59950
60014
60038
60065
60129
60188
60218
60301
60305
60318
60364
60391
60547
60547
60620
60666
60675
60840
60874
60901
60934
60958
61030
61100
61173
61266
61325
61333
61359
61437
61452
61526
61742
61761
61786
61838
61865
61936
62059
62217
62222
62253
62333
62649
62758
62818
62977
63073
63100
63191
63340
63421
63436
63640
63733
63758
63776
63845
63874
63885
63897
64114
64215
64226
64415
64426
64532
64641
64642
64752
64848
64862
64870
64928
65085
65235
65291
65339
65367
65379
65632
65733
65746
65912
65918
66041
66042
66075
66244
66253
66456
66487
66510
66549
66552
66589
66702
66965
66971
66994
67018
67041
67111
67131
67141
67179
67220
67235
67364
67436
67479
67519
67574
67604
67606
67751
67803
67944
67950
67951
67975
68080
68135
68217
68261
68294
68336
68408
68502
68560
68578
68644
68667
68687
68705
68711
68875
68886
68934
68948
69127
69132
69137
69240
69300
69670
69677
69884
70123
70285
70370
70429
70441
70498
70551
70556
70639
70672
70690
70707
70715
70836
70900
70906
71036
71071
71110
71173
71189
71256
71437
71472
71495
71577
71778
71885
71964
72051
72064
72076
72083
72130
72185
72523
72579
72656
72749
72779
72821
72954
73208
73251
73267
73287
73301
73313
73412
73418
73471
73517
73679
73689
73743
73752
73898
73996
74068
74211
74232
74353
74414
74418
74470
74474
74560
74620
74621
74728
74781
74839
74860
75089
75155
75233
75330
75698
75843
75873
75875
75886
75952
75982
75992
76038
76095
76468
76561
76685
76700
76840
76899
76926
76976
77185
77206
77358
77450
77599
77839
77847
77891
77946
78046
78133
78146
78180
78236
78271
78329
78350
78388
78485
78677
78761
78767
78862
78977
79042
79147
79172
79251
79271
79331
79332
79479
79560
79875
79889
79994
80002
80056
80059
80161
80177
80284
80291
80296
80357
80358
80468
80521
80714
80716
80921
81011
81015
81017
81019
81111
81277
81326
81330
81377
81446
81578
81729
81736
81783
81783
81793
81862
81906
81935
81935
81953
82079
82125
82200
82210
82277
82402
82430
82471
82486
82541
82583
82763
82982
82994
83002
83085
83113
83171
83245
83291
83308
83385
83425
83457
83543
83643
83663
83705
83754
83829
83867
83949
83960
83989
84071
84113
84138
84147
84178
84189
84288
84330
84430
84442
84444
84505
84650
84975
85177
85228
85242
85296
85433
85468
85476
85608
85701
85729
85876
86010
86065
86066
86091
86094
86111
86146
86193
86265
86359
86398
86427
86479
86537
86555
86555
86740
86757
86837
86943
86956
87038
87082
87090
87144
87188
87194
87205
87251
87520
87654
87702
87713
87724
87831
87844
87855
87920
87933
88156
88285
88507
88582
88637
88650
88665
88686
88734
88800
88805
88872
88926
89019
89189
89329
89444
89484
89795
89867
90009
90103
90147
90259
90268
90325
90338
90366
90439
90555
90673
90719
90777
90875
91000
91047
91060
91087
91108
91238
91260
91306
91328
91360
91439
91456
91575
91591
91644
91687
91719
91754
91757
91808
91823
91961
92105
92113
92205
92214
92317
92349
92360
92425
92553
92852
92889
93080
93208
93231
93249
93728
93737
93739
93840
94104
94276
94473
94566
94616
94662
94826
94833
94931
95013
95036
95154
95282
95305
95509
95836
95900
95990
96077
96209
96320
96354
96433
96573
96675
96709
96831
96924
96926
96977
97043
97045
97171
97227
97410
97439
97459
97501
97528
97580
97624
97920
97967
98160
98161
98177
98244
98269
98272
98326
98351
98487
98542
98596
98606
98692
98950
98958
98982
99159
99171
99183
99269
99477
99755
99769
99975
99996
100102
100175
100427
100601
100702
100742
100766
100791
100845
100912
100914
100925
100988
101001
101053
101105
101188
101234
101304
101347
101362
101642
101723
101764
101795
101827
101829
101829
101882
101954
102078
102110
102219
102222
102418
102462
102488
102634
102712
102965
102980
103017
103135
103167
103190
103232
103370
103541
103571
103742
103867
103942
104044
104053
104099
104152
104374
104393
104411
104633
104842
105013
105085
105165
105261
105375
105513
105708
105761
105957
105965
105982
106001
106210
106233
106322
106335
106404
106484
106523
106532
106558
106621
106675
106710
106814
106830
106852
106911
106948
107077
107159
107257
107361
107430
107601
107646
107665
107782
107810
107837
107941
108108
108114
108231
108304
108411
108459
108479
108494
108604
108782
108785
108790
108801
108817
108818
109070
109128
109269
109346
109392
109718
109793
109852
109980
110174
110200
110268
110329
110355
110373
110501
110520
110521
110533
110550
110636
110838
110936
111078
111090
111167
111241
111299
111467
111698
111760
111834
111956
112019
112247
112332
112355
112404
112430
112571
112597
112672
112702
112718
112841
112879
113214
113220
113328
113339
113552
113629
113629
113786
113853
114044
114101
114166
114215
114222
114238
114323
114333
114398
114487
114557
114587
114589
114616
114672
114706
114807
114815
114906
114945
115366
115421
115435
115637
115691
115838
116194
116249
116434
116512
116949
117223
117293
117331
117382
117464
117894
117938
118076
118100
118150
118272
118280
118288
118315
118481
118500
118590
118692
118847
118913
119075
119079
119161
119225
119430
119474
119493
119597
119601
119608
119737
119758
119784
119933
120098
120328
120333
120342
120402
120499
120637
120651
120701
120830
120881
120896
120937
120965
121154
121296
121394
121506
121683
121843
121861
121864
122112
122127
122233
122291
122390
122400
122680
122687
122845
122922
123013
123347
123370
123442
123551
123650
123672
123716
123820
123945
123978
124253
124494
124555
124615
124784
124796
124887
124991
124997
125030
125155
125171
125199
125294
125361
125528
125648
125785
125794
125859
125866
125994
126007
126301
126380
126396
126453
126523
126707
126860
127023
127034
127232
127234
127235
127266
127275
127817
127864
127876
127973
128095
128190
128269
128504
128561
128648
128697
128701
128734
128741
128775
129010
129043
129169
129199
129276
129370
129426
129453
129525
129604
129665
129684
129918
129984
130041
130071
130138
130387
130900
130975
131076
131214
131321
131324
131333
131339
131361
131397
131534
131588
131607
131695
131723
131757
131775
131793
132099
132154
132258
132262
132291
132547
132617
132645
132646
132718
132854
132949
133088
133301
133310
133431
133758
133844
133878
133880
133938
133943
133956
134236
134251
134376
134430
134579
134688
134800
134814
134888
135026
135065
135438
135506
135647
135724
135759
135774
135823
135933
136008
136040
136076
136115
136199
136207
136232
136273
136471
136477
136502
136552
136754
136796
136944
136988
137176
137247
137283
137343
137416
137418
137639
137646
137646
137907
138047
138153
138155
138158
138219
138304
138566
138642
138681
138911
138925
138952
138956
138982
139002
139017
139058
139082
139138
139407
139482
139509
139620
139622
139647
139735
139754
139894
140045
140094
140127
140326
140334
140815
140833
140860
140914
140968
141096
141193
141313
141390
141395
141399
141462
141567
141694
141818
141961
141991
142402
142536
142555
142679
142823
142906
142914
143045
143273
143377
143499
143594
143601
143612
143632
143719
143787
143825
143923
144030
144303
144310
144347
144354
144355
144496
144727
144906
144951
144962
145028
145064
145065
145130
145496
145622
145673
145719
146047
146549
146552
146777
146902
146980
147025
147097
147212
147398
147504
147629
147685
147693
147734
147771
147833
147848
148091
148381
148501
148537
148787
149171
149308
149317
149481
149564
149846
149933
149942
149987
150159
150170
150272
150400
150435
150531
150698
150722
150734
150761
150975
151067
151153
151209
151265
151284
151387
151540
151703
151785
151949
151973
152063
152109
152125
152218
152247
152338
152419
153024
153118
153182
153198
153358
153364
153474
153664
153665
153771
154014
154017
154027
154066
154145
154155
154281
154476
154644
154713
154854
155154
155169
155359
155389
155517
155682
155742
155744
155775
155863
155983
156047
156118
156135
156216
156390
156469
156479
156509
156552
156661
156919
157014
157161
157339
157342
157667
157722
157731
157766
158307
158352
158368
158380
159046
159074
159248
159286
159484
159678
159839
159963
160057
160141
160287
160502
160680
160810
160867
160887
160972
161141
161183
161317
161388
161547
161620
161656
161759
161763
161882
161914
162080
162506
162616
162648
162652
162757
163015
163173
163227
163376
163557
163785
163908
163986
164249
164250
164283
164329
164354
164418
164461
164524
164704
164951
164965
165168
165207
165384
165536
165847
165849
166092
166148
166237
166397
166680
166849
166884
167098
167112
167171
167221
167222
167324
167368
167644
167782
167828
167917
168379
168519
168576
168713
169006
169151
169367
169805
169828
169973
169994
170035
170057
170257
170293
170330
170379
170645
170732
170739
170928
170971
171058
171090
171136
171283
171304
171320
171531
171561
171911
171927
172170
172362
172639
172679
172699
172756
172758
172937
173218
173271
173386
173495
173574
173601
173662
173690
173759
174192
174695
174779
174785
174875
175012
175118
175145
175383
175644
175797
175910
175970
176039
176096
176582
176585
176620
176688
176823
176851
176997
177436
177442
177468
177715
178014
178199
178414
178691
178844
179021
179027
179045
179113
179536
179555
179587
179636
179895
180064
180126
180302
180420
180455
180489
180999
181123
181163
181221
181230
181265
181406
181424
181550
181566
181668
181807
181817
181928
182215
182280
182321
182451
182475
182596
182599
182803
182926
182938
182947
183091
183115
183250
183379
183389
183489
183581
183675
183727
183791
183802
183814
184000
184052
184166
184185
184300
184432
184863
184953
185074
185679
185846
186287
186327
186561
186855
186984
187314
187529
187573
187755
188038
188065
188585
188599
188675
188706
188845
188925
189148
189609
189906
190425
190534
190537
190544
190652
190870
191003
191100
191205
191260
191294
191295
191502
191561
192003
192267
192293
192664
192768
192795
192873
192877
193028
193150
193223
193457
193468
193686
193855
193880
193897
194262
194263
194478
194659
194693
195065
195287
195309
195466
195526
195700
195956
196129
196140
196639
196783
197094
197289
197483
197494
197570
197642
197812
198301
198339
198670
198840
198897
199376
199914
200174
200208
200288
200402
200556
200807
200977
201214
201329
201421
201493
201553
201861
202156
202349
202452
202457
202674
202690
202710
202994
203024
203081
203169
203230
203260
203268
203301
203402
203541
204192
204377
204404
204562
204793
204799
204965
205816
205817
206491
207158
207502
207696
208130
208800
208900
209007
209333
209404
209573
209687
209803
210212
210420
210481
210501
210551
210591
210661
211267
211349
211380
212112
212300
212505
212722
212809
212946
213580
213754
213934
213975
214248
214307
214690
214878
214899
215392
215442
215719
215891
216343
216505
216884
216891
217044
217216
217435
217435
217647
217691
217709
217892
217909
218177
218281
218321
218434
218512
218555
218809
219285
219286
219395
219455
219497
219590
219750
219982
220169
220234
220612
220723
220806
221656
221873
222058
222402
222842
222937
223182
223712
223914
224036
224037
224167
224199
224407
224506
224604
224623
224685
224755
225259
225284
225508
225855
226013
226674
226900
227016
227088
227550
228191
228239
228498
228594
228634
228683
228736
229003
229225
229255
229311
229532
229996
230230
230275
230477
230524
230840
230896
231107
231214
231243
232541
232713
232787
233103
233216
233510
233977
234332
234988
235138
235639
236042
236169
236829
236833
237159
237233
237449
237539
237633
237872
238722
238730
238771
239098
239258
239282
239612
239693
239802
240014
240281
240527
240686
240778
241750
242023
242186
242269
242413
242655
242765
242899
243210
243619
243764
243769
243932
244142
244242
245007
245049
245322
245487
245574
245577
245608
246077
246286
247073
247513
248116
249174
249270
249344
249839
249881
249907
250188
250350
250440
250482
250820
250864
251268
251321
251407
251968
252073
252078
252174
252197
252346
252444
252627
253665
253701
253794
253981
254034
254343
254521
254545
254756
254978
255179
255185
255255
255419
255531
255561
255573
255717
256127
256231
256826
257002
257377
257902
258083
258204
258859
258976
259867
260627
260910
261385
261392
261739
261758
261785
262353
262540
262784
262808
262908
263163
263857
264039
264153
264182
264264
264580
264843
264932
264983
265145
265152
265709
266286
266930
267141
268620
268832
269105
269754
269905
270302
270909
270934
271007
271297
271597
271714
271810
271956
272177
272823
272975
273272
273290
273485
273723
274274
275659
275827
275834
276329
276775
276786
276883
277131
277728
277738
277897
278067
278147
278167
278573
278626
278950
279314
279412
279676
279882
280077
280453
281230
281834
283771
283771
283887
284122
284143
284400
284686
284709
284733
284856
285510
286200
286678
286745
286936
287007
287092
287968
288021
288303
288344
288358
288696
289180
289609
290382
290531
290624
290755
290833
290888
290904
291565
291603
291704
293045
293191
293647
293760
293779
293848
293977
294999
295252
295288
295617
295625
296033
296110
296446
296521
297318
297377
297666
297747
298096
298370
298627
299091
299306
299610
299741
299929
300514
300524
302003
302132
302199
302606
302705
304026
304921
305265
305998
306857
307077
308424
308445
308971
309726
309852
311217
311233
311566
311889
312150
312267
312870
313026
313099
314450
314896
315075
315261
315546
315893
316722
319042
319743
320012
320059
320161
320491
321421
321696
322379
322852
323060
323330
323339
323544
323632
325141
325400
325566
326958
328266
328305
328617
328820
329411
329924
330777
330801
331438
332050
332066
332155
333101
333545
333884
334791
334820
335490
336012
336761
337265
337415
337769
337920
338862
339731
339884
340782
341397
341797
341964
342029
342064
344602
346370
347285
349027
349432
351378
351891
352034
354107
355361
355533
355602
356164
357158
357260
358060
358288
358614
359585
361861
363008
366658
366876
367015
367489
368632
369484
372368
373145
373361
374081
376912
376919
377228
378016
379930
380349
380483
380947
382552
385164
385632
386140
389517
389735
393466
393648
394339
395199
398027
398245
398308
398631
399942
403210
404377
405721
407096
407833
410519
412602
413008
417084
417187
421888
423285
424003
424537
427922
430775
431427
431780
432879
434906
436500
437770
439700
442265
444325
449128
452362
454488
461629
466096
467951
468042
468430
476889
484121
490873
493871
496114
502870
519416
521109
524235
526283
528841
534817
