0
0
73
131
162
217
282
428
459
489
537
707
852
865
926
951
1077
1163
1374
1425
1517
1677
1693
1705
1738
1769
1784
1786
1792
1792
1822
1842
1912
1959
1963
1964
2006
2072
2110
2165
2180
2183
2261
2273
2400
2422
2424
2499
2548
2690
2717
2767
2769
2816
2825
2935
2952
2962
3050
3143
3162
3202
3271
3331
3426
3543
3573
3610
3648
3712
3712
3719
3730
3790
3929
4072
4295
4304
4336
4368
4372
4462
4491
4503
4586
4619
4664
4704
4737
4742
4785
4843
4913
5053
5126
5173
5243
5279
5315
5499
5618
5626
5662
5778
5809
5882
5893
5945
6085
6182
6195
6215
6240
6249
6250
6340
6344
6392
6462
6490
6515
6641
6891
6897
6905
6970
7016
7212
7275
7356
7390
7468
7556
7631
7661
7802
7826
7832
7870
7870
7880
7934
7954
7957
7959
8148
8261
8304
8317
8518
8553
8586
8715
8736
8753
8761
8767
8872
9163
9179
9331
9503
9525
9600
9601
9638
9702
9748
9761
9765
9851
9859
9872
9898
9962
9976
9980
10053
10054
10055
10243
10279
10333
10438
10456
10463
10469
10508
10547
10548
10662
10674
10679
10856
10951
10978
10982
11005
11107
11188
11188
11198
11492
11689
11731
11844
11953
11960
11964
12151
12170
12191
12247
12263
12330
12354
12379
12418
12465
12484
12541
12657
12695
12697
12704
12753
12868
12892
12927
12985
13037
13212
13382
13412
13503
13646
13694
13723
13745
13828
13879
13944
13962
14043
14044
14071
14073
14131
14251
14352
14489
14570
14624
14700
14773
14783
14850
14907
14909
14987
15033
15064
15159
15165
15179
15261
15345
15502
15605
15624
15648
15656
15808
15855
16025
16048
16059
16086
16091
16134
16192
16194
16369
16427
16456
16490
16524
16711
16713
16814
16826
16911
16940
17021
17093
17104
17116
17236
17238
17322
17346
17479
17493
17579
17614
17678
17787
18003
18032
18057
18137
18148
18165
18231
18277
18357
18383
18445
18625
18651
18667
18668
18670
18723
18741
18765
18832
18997
19019
19025
19049
19058
19139
19176
19195
19309
19402
19413
19420
19753
19755
19805
19926
19927
19931
20015
20080
20122
20179
20185
20186
20195
20267
20382
20407
20426
20475
20514
20522
20588
20636
20724
20764
20816
20901
20914
21033
21090
21114
21294
21307
21533
21671
21673
21695
21698
21723
21788
21817
21859
22246
22255
22315
22355
22364
22457
22488
22553
22678
22726
22764
22898
22962
23075
23165
23216
23497
23543
23593
23700
23778
23959
23985
24105
24126
24168
24169
24171
24205
24275
24379
24417
24461
24591
24837
24885
24913
24923
24979
25022
25043
25074
25214
25282
25325
25374
25374
25443
25455
25622
25687
25689
25728
25741
25874
25935
25980
25996
26083
26094
26159
26415
26430
26438
26465
26510
26533
26560
26585
26645
26649
26658
26743
26763
26790
26813
26846
27026
27094
27101
27149
27175
27187
27200
27281
27287
27357
27374
27550
27639
27739
27768
27887
27921
28062
28068
28080
28164
28277
28308
28374
28393
28410
28460
28531
28555
28640
28660
28663
28672
28674
28702
28709
28712
28766
28855
28856
28889
28936
29053
29131
29165
29206
29211
29247
29260
29270
29386
29414
29438
29522
29632
29654
29740
29752
29762
29794
29962
29984
30064
30133
30133
30135
30152
30183
30222
30366
30399
30456
30492
30510
30566
30573
30651
30659
30766
30796
30806
30807
30821
30857
30901
30916
30962
31029
31186
31561
31565
31605
31660
31742
31813
31827
31831
31859
31954
32088
32093
32093
32131
32199
32218
32356
32549
32639
32727
32785
32804
32867
32892
33046
33130
33195
33243
33291
33296
33302
33336
33512
33718
33733
33803
33882
33930
33952
33955
34082
34097
34097
34207
34229
34286
34303
34353
34475
34550
34564
34605
34618
34892
34953
34963
34998
35010
35037
35134
35200
35251
35264
35267
35284
35369
35389
35470
35752
35755
35819
35883
35906
35910
35985
36036
36067
36072
36146
36289
36294
36307
36387
36426
36513
36545
36561
36643
36643
36798
37048
37118
37136
37194
37250
37256
37383
37402
37413
37419
37444
37513
37559
37602
37621
37685
37721
37743
37749
37773
37857
37921
37987
38026
38060
38113
38126
38155
38168
38253
38282
38317
38341
38415
38560
38747
38799
38842
39164
39241
39321
39371
39380
39504
39529
39667
39709
39742
39785
39876
39956
39963
39968
39977
40035
40176
40209
40297
40322
40357
40376
40410
40508
40594
40605
40726
40800
40830
40957
40997
41014
41045
41154
41505
41682
41829
41891
41911
41984
42018
42052
42063
42090
42116
42130
42194
42367
42573
42576
42720
42853
42894
43065
43243
43321
43339
43459
43459
43464
43529
43570
43750
43958
43996
44000
44041
44055
44088
44148
44222
44304
44318
44384
44479
44635
44673
44673
44679
44722
44778
44834
44843
44961
44983
44985
44998
45008
45015
45101
45161
45255
45269
45534
45639
45704
45851
45851
45882
45889
45968
46048
46091
46106
46117
46132
46233
46301
46442
46465
46595
46650
46652
46670
46688
46952
46975
46995
47197
47243
47311
47330
47443
47468
47750
47864
47877
47990
48004
48012
48063
48064
48246
48545
48573
48834
48868
48905
48911
49046
49078
49110
49165
49194
49242
49291
49315
49380
49436
49436
49664
49754
49816
49864
49959
49995
50032
50100
50143
50162
50241
50253
50262
50349
50389
50431
50499
50537
50599
50624
50653
50720
50831
50839
50930
50995
51062
51134
51279
51308
51309
51344
51352
51371
51403
51621
51668
51733
51771
51819
51825
51890
51978
52104
52181
52332
52443
52581
52616
52639
52818
52960
53014
53187
53193
53299
53372
53411
53450
53466
53488
53550
53606
53755
53798
53825
53825
53876
54001
54081
54152
54157
54236
54242
54390
54497
54520
54523
54685
54778
54781
54845
55016
55107
55187
55225
55319
55395
55570
55787
55808
55844
55856
55865
55933
56125
56178
56231
56314
56439
56444
56473
56538
56542
56556
56586
56586
56587
56593
56623
56636
56789
56895
57091
57137
57158
57344
57366
57382
57453
57648
57712
57720
57763
57789
57824
57832
57932
57933
57980
57986
58065
58137
58277
58296
58338
58362
58461
58706
58822
58859
58861
58878
58907
58979
59088
59262
59306
59337
59381
59494
59570
59675
59727
59744
59778
59810
59927
60117
60187
60223
60319
60369
60508
60541
60606
60756
60811
60943
60944
61045
61164
61178
61539
61563
61657
61755
61770
61845
62017
62020
62100
62108
62351
62386
62388
62406
62469
62518
62691
62750
62755
62779
62859
62899
62926
62950
62986
63005
63102
63140
63271
63315
63408
63473
63504
63524
63581
63600
63634
63665
63925
63996
64042
64068
64098
64119
64163
64251
64330
64341
64476
64516
64520
64550
64655
64775
64793
64806
64848
64905
64927
64930
64941
64955
64998
65026
65030
65075
65084
65118
65385
65407
65407
65448
65518
65613
65619
65630
65746
65769
65809
65905
65962
66133
66249
66268
66279
66342
66352
66400
66469
66513
66535
66560
66658
66718
66768
66836
66942
66947
67012
67057
67205
67221
67223
67319
67347
67382
67438
67635
67751
67756
67774
67789
67809
67945
67989
68053
68129
68307
68452
68639
68643
68702
68707
68826
68829
68843
68988
68999
69051
69069
69076
69131
69189
69256
69310
69453
69521
69614
69684
69695
69709
69833
69875
69929
70181
70342
70353
70616
70730
70758
70776
70876
70910
70927
70986
71081
71151
71244
71439
71455
71617
71626
71654
71708
71817
71871
71949
72087
72325
72427
72496
72586
72652
72670
72714
72723
72961
73090
73121
73254
73278
73300
73345
73557
73584
73589
73613
73624
73716
73757
73813
73842
73865
73939
73952
73990
74018
74068
74293
74333
74343
74404
74413
74423
74479
74498
74498
74552
74653
75022
75076
75136
75191
75279
75314
75342
75373
75438
75448
75530
75650
75661
75701
75769
75786
75942
76061
76129
76415
76477
76678
76682
76722
76765
76782
76908
76925
77057
77139
77233
77249
77319
77334
77415
77435
77487
77519
77522
77548
77557
77563
77689
77738
77825
77846
77880
77893
77911
78017
78023
78056
78094
78114
78474
78486
78604
78674
78987
79043
79170
79214
79273
79384
79438
79540
79588
79623
79636
79868
79877
79925
79963
80039
80061
80098
80148
80171
80460
80464
80525
80594
80613
80720
80958
80967
81124
81227
81387
81610
81636
81644
81674
81814
81967
81992
82022
82088
82114
82417
82475
82606
82606
82719
82747
82753
82780
82852
82968
83046
83070
83164
83189
83190
83408
83426
83426
83432
83484
83526
83593
83654
83696
83714
83778
83779
83805
84039
84318
84355
84390
84493
84637
84714
84901
84923
85087
85105
85197
85299
85405
85459
85471
85482
85522
85744
85825
86003
86063
86116
86201
86221
86229
86257
86284
86341
86343
86643
86694
86706
86730
86860
86980
87003
87152
87165
87197
87198
87204
87260
87309
87565
87571
87861
87896
88035
88162
88198
88227
88258
88333
88338
88428
88478
88537
88559
88611
88716
88893
89048
89364
89594
89608
89891
90047
90110
90144
90283
90335
90354
90472
90479
90616
90701
90732
90743
90815
90903
90903
91007
91009
91037
91079
91096
91117
91124
91196
91282
91383
91434
91692
91753
91965
91993
92075
92203
92217
92325
92331
92333
92390
92398
92567
92594
92619
92698
92712
92859
92904
92918
92991
93017
93023
93144
93402
93419
93474
93498
93549
93583
93594
93684
93751
93777
93842
93973
94023
94126
94318
94360
94402
94708
94730
94747
94884
94896
95002
95070
95084
95447
95661
95839
95864
95879
95921
95976
95986
96039
96045
96058
96158
96167
96281
96362
96465
96694
96799
96857
96901
96973
96990
97064
97093
97115
97223
97243
97263
97286
97309
97311
97345
97551
97564
97579
97613
97737
97762
97785
97793
97836
97855
97893
97916
98009
98160
98254
98421
98543
98613
98734
98740
98836
98861
98957
99190
99207
99228
99386
99602
99781
99804
99840
100004
100028
100059
100093
100154
100185
100410
100590
100593
100878
100937
101027
101031
101130
101182
101255
101451
101462
101570
101612
101617
101770
101860
101939
101977
102041
102059
102176
102191
102332
102395
102401
102462
102522
102526
102751
102971
103021
103035
103057
103077
103119
103153
103182
103241
103315
103341
103460
103470
103562
103605
103683
103858
103865
103885
103894
103961
104013
104102
104149
104190
104314
104450
104550
104585
104595
104798
104801
104891
105115
105118
105126
105215
105263
105270
105353
105536
105567
105747
106000
106056
106137
106239
106404
106452
106480
106519
106528
106718
106724
107080
107165
107186
107198
107300
107740
107777
107838
107941
107963
107984
108038
108076
108185
108235
108402
108655
108707
108708
108844
108939
108963
109003
109088
109092
109184
109275
109294
109302
109621
109632
109799
109883
109892
109911
109993
110003
110081
110203
110413
110518
110758
110831
110946
110967
111020
111064
111228
111249
111298
111471
111590
111756
111792
111888
111916
111984
112148
112230
112549
112618
112666
112682
112682
112718
112756
112820
113165
113189
113271
113406
113624
113705
113739
113800
113854
113964
114025
114218
114227
114239
114330
114350
114354
114369
114388
114478
114481
114534
115001
115010
115045
115108
115355
115485
115517
115524
115621
115652
115690
115830
115835
116111
116295
116300
116331
116464
116854
116982
117011
117017
117357
117381
117399
117434
117686
117690
117715
117930
118042
118086
118109
118113
118122
118199
118206
118213
118250
118291
118499
118511
118543
118584
118767
118841
118850
118928
119098
119098
119138
119181
119205
119305
119326
119341
119641
119789
119821
119826
119886
119924
120130
120238
120412
120452
120457
120477
120671
120847
120922
120980
121008
121076
121082
121160
121225
121362
121411
121479
121531
121584
121621
121644
121650
122047
122102
122453
122635
122658
122914
123068
123075
123086
123201
123273
123344
123349
123395
123455
123493
123557
123657
123820
123927
123999
124043
124066
124136
124153
124157
124171
124181
124424
124491
124605
124609
124612
124642
124687
124751
124927
124985
125006
125042
125068
125075
125111
125127
125152
125261
125313
125428
125462
125509
125545
125562
125593
125607
125665
125747
125898
125990
126119
126140
126144
126325
126343
126403
126506
126708
126745
126793
126928
126978
127011
127120
127190
127199
127307
127318
127369
127537
127541
127740
127764
127767
127808
127860
127909
127910
127995
128128
128148
128211
128241
128277
128515
128524
128619
128652
128903
129176
129201
129297
129320
129348
129409
129502
129678
129714
129881
130178
130214
130224
130398
130438
130636
130653
130870
130926
130944
130958
131029
131078
131116
131254
131427
131460
131468
131548
131577
131649
131689
131698
131729
131837
131904
132073
132095
132259
132354
132423
132527
132658
132817
132860
132872
133373
133452
133460
133555
133591
133817
133950
133960
134292
134295
134344
134355
134358
134403
134639
134677
134699
134729
134845
134852
134913
134916
135029
135050
135217
135501
135537
135641
135761
135880
135926
136014
136069
136175
136240
136414
136463
136571
136705
136741
136746
136907
136913
136983
137053
137075
137084
137164
137293
137293
137413
137654
137660
137730
137754
137849
137859
137886
137890
138167
138482
138577
138596
138602
138675
138779
138910
138970
139026
139054
139273
139539
139540
139771
139807
139824
139978
140019
140033
140130
140208
140348
140389
140566
140610
140697
140924
141058
141166
141272
141297
141423
141451
141480
141767
141938
141992
142026
142036
142043
142353
142361
142371
142457
142723
142801
143048
143092
143373
143584
143719
143739
143906
144226
144282
144320
144530
144576
144710
144719
144801
144843
144880
144970
145030
145125
145262
145284
145442
145451
145576
145816
145932
145968
146432
146460
146624
146642
146749
146763
146789
146868
147081
147083
147086
147113
147175
147204
147209
147453
147622
147728
147746
147770
147779
148036
148076
148155
148628
148745
148912
148924
149053
149242
149289
149416
149605
149768
149937
150036
150057
150107
150125
150130
150146
150390
150464
150668
150669
150677
150800
150902
151013
151089
151211
151270
151352
151672
151943
152131
152157
152249
152289
152302
152444
152495
152621
152774
152897
153125
153495
153500
153556
153610
153916
153948
154303
154418
154454
154549
154604
154668
154942
154952
155147
155192
155442
155623
155707
155799
155807
155983
156568
156614
156661
156763
156796
156803
156816
156904
157062
157208
157350
157362
157382
157392
157413
157519
157521
157603
157710
157726
157849
157880
158047
158373
158502
158808
158828
159054
159159
159178
159304
159362
159398
159669
159840
160307
160327
160342
160348
160786
160852
160964
161212
161389
161442
161448
161600
161636
161652
161700
161903
162225
162263
162281
162393
162401
162401
162699
162808
162861
162916
162996
163130
163448
163477
163494
163523
163541
163566
163584
163731
163790
163873
163905
163928
164110
164330
164375
164424
164545
164710
164785
164868
164912
164944
165059
165067
165268
165412
165995
166274
166465
166598
166743
166761
166812
167007
167022
167064
167113
167186
167384
167534
167706
167715
167760
167921
167924
168225
168531
168728
168983
169038
169501
169608
169635
169683
169695
169763
169811
169944
170060
170083
170114
170160
170200
170282
170404
170406
170573
170577
170581
170676
170690
170699
170754
171184
171204
171282
171530
171555
171655
171826
171905
171981
172030
172300
172604
172674
172687
172709
172892
173438
173487
173661
173884
173983
173984
174008
174531
174617
174622
174643
174755
174788
174836
174998
175130
175157
175167
175433
175474
175477
175918
175935
175950
175981
176178
176377
176761
177046
177138
177199
177348
177745
177881
177906
177979
178069
178226
178344
178842
179125
179587
179928
180011
180054
180219
180250
180303
180436
180488
180507
180548
180586
180801
180814
180886
181231
181370
181460
181575
181701
181713
181822
182005
182091
182263
182422
182863
183258
183388
183474
183733
183734
183792
183966
183981
183998
184483
184487
184573
184751
184813
184826
184862
185159
185214
185356
185476
185508
185820
185895
185972
186398
186825
186830
186878
187044
187109
187239
187351
187375
187375
187389
187559
187581
187682
187858
188002
188078
188090
188249
188644
188652
188726
189002
189141
189150
189241
189519
190010
190585
190784
190824
191057
191280
191440
191457
191510
191553
191599
192061
192121
192207
192239
192273
192339
192686
192932
193035
193120
193184
193226
193283
193318
193433
193524
193572
193799
193808
194006
194061
194107
194136
194241
194387
194411
194477
194538
194690
194896
195136
195142
195441
195647
195740
195787
195978
196104
196396
196417
196761
196776
196963
197084
197142
197194
197437
197440
197456
197528
197851
198157
198550
198565
199139
199156
199167
199398
199399
199469
199603
199687
199959
200009
200076
200116
200253
200259
200276
200510
200639
200642
200672
200722
200860
200873
200930
200994
201266
201344
201431
201445
201531
201542
201584
201593
201685
201753
201826
201889
202208
202278
202291
202393
202437
202492
202527
202536
202696
202759
202929
203133
203248
203344
203373
203483
204024
204242
204261
204367
204406
204459
204609
204628
204761
204805
204829
204846
204849
204976
205097
205101
205158
205802
205901
206702
206731
206959
207080
207164
207170
207254
207435
207599
207693
207759
207788
207939
208033
208091
208209
208285
208333
208837
208966
209042
209095
209491
209647
209713
210317
210503
210517
210550
210650
210787
211241
211367
211396
212008
212019
212628
212824
212970
213318
213411
213446
213552
213688
213774
213861
213932
214506
215205
215472
215482
215590
215761
215974
216427
216456
216506
216670
217239
217464
217505
217534
217749
217880
217935
217953
218084
218362
218915
219536
219590
219593
219663
219670
219795
219998
220260
220389
220862
220929
220929
221021
221027
221146
221154
221525
221558
221699
221854
222073
222115
222383
222575
222824
222909
223158
223724
223803
223987
224002
224112
224118
224266
224277
224325
224747
225340
225393
225507
225592
225653
225848
226035
226800
226995
227168
228230
228745
229149
229150
229268
229562
229772
230620
230905
231251
231672
231741
232118
232136
232285
232294
232449
232720
232742
232805
232860
233481
233614
233637
233854
233945
234261
234347
234680
234693
234719
234800
235121
235201
235394
235608
236099
236190
236358
236448
236605
236766
236865
236924
236934
237014
237130
237461
237775
237839
238087
238996
239005
239034
239306
239390
239598
239784
239864
240022
240297
240505
240647
240926
241624
242082
242207
242275
242379
242536
242641
242667
242688
242854
242860
242860
242941
243371
243529
243625
243786
244057
244232
244313
244922
244955
245016
245149
245791
245806
245851
245853
246626
246739
247226
247545
248231
248248
249152
249288
249369
249400
250196
250256
251085
251372
251781
251786
252157
252771
252873
253025
253025
253666
253814
253858
253932
253984
254075
254225
254333
254366
254813
254894
254932
255549
255979
256096
256113
256280
256502
256606
257119
257173
258204
258234
258352
258492
258677
258690
258723
259068
259109
259294
259356
259429
259462
259493
259726
259869
260370
260676
260848
260881
261091
261287
261711
262443
262488
262742
262854
262911
263114
263258
263556
263757
265157
265388
266098
266118
266409
266610
266689
267047
267267
267424
267723
268351
268716
268749
269295
269652
269798
270059
270181
270276
270353
270483
270581
270991
271013
271252
271363
271396
271443
271446
271557
271703
271828
271910
273131
273158
273231
274104
274578
274871
274990
275345
275376
275814
275820
276303
276505
276560
277219
277594
277742
277754
279598
279769
279909
280193
280459
280690
280978
280991
281168
281544
281550
281629
281884
282531
282966
283052
283477
283760
283941
284007
285228
285251
286442
286541
286783
286917
287166
287295
287850
288190
288324
288399
288497
288608
289778
290167
290891
291358
292166
292423
292451
292454
292710
293385
293498
293573
294388
294555
295013
295206
295764
296096
296170
296451
296469
296536
297214
297594
297952
298145
298901
298925
299375
300446
301324
301399
301661
302440
302874
303044
303271
303307
303665
303799
304490
304865
305576
305596
305716
305899
306176
306374
306489
306707
307086
307646
307705
308562
309168
309588
310087
310402
310427
310959
311123
311239
311537
311806
311999
312295
312384
312626
313081
313818
315368
315510
316551
317203
317472
317603
317909
318260
318930
319731
319917
320024
320391
320695
321034
321877
322636
323779
324618
324654
325465
327774
328429
330520
330607
331323
331402
331415
331420
331787
332148
333088
333603
333644
333717
334203
334982
335893
336029
336094
336820
337476
337488
338346
338537
338592
338897
340452
340701
341247
341502
342146
342770
342796
346043
346046
346756
347071
347369
349179
349621
349998
353171
353709
353846
354498
354715
355903
356644
356831
356888
357733
357885
358123
359092
359637
360755
362160
362691
362873
362967
364569
364831
365053
365506
365730
367658
368432
370243
370343
370381
370800
371919
372132
372651
374627
374713
374732
375252
375281
375377
376168
376832
377518
379368
380049
380148
381553
384640
384927
385339
385399
385717
386493
387309
387733
389452
390542
390919
391166
391448
391656
391915
393023
393131
393366
394483
394556
395615
396117
397244
398379
398701
400005
400660
400848
401317
402580
404161
404216
404960
405236
407465
408137
408458
408812
410107
410894
412622
415913
417161
418651
418681
419215
421406
428003
430004
432673
436543
437331
437905
438066
443354
443477
443774
444449
447017
447459
450791
455729
457457
464203
466555
468295
473293
476265
479291
481155
481453
481523
487108
490700
491540
493134
496635
497719
498878
503976
510742
512856
513660
515274
528323
554510
560996
576613
607190
619144
