0
0
45
229
230
239
362
652
705
791
882
935
1096
1112
1122
1147
1162
1182
1326
1362
1393
1401
1437
1439
1503
1510
1532
1579
1717
1917
1953
1992
2066
2373
2383
2391
2431
2468
2580
2692
2714
2764
2842
2923
3109
3216
3408
3447
3472
3633
3715
3720
3815
3823
3980
3987
4003
4055
4061
4085
4147
4173
4241
4319
4431
4477
4617
4643
4658
4714
4721
4753
4781
4829
4834
4878
5208
5286
5447
5527
5535
5767
5854
5895
6007
6040
6233
6246
6257
6311
6321
6329
6357
6387
6455
6491
6664
6672
6695
6865
6882
6951
7007
7070
7107
7279
7303
7336
7392
7472
7580
7602
7676
7693
7750
7798
7851
8037
8039
8115
8117
8227
8266
8312
8346
8450
8582
8646
8660
8807
8829
8876
8912
8916
8983
9009
9026
9030
9118
9210
9359
9396
9405
9519
9529
9635
9659
9741
9879
9884
9905
9909
9965
10046
10137
10284
10472
10694
10781
10826
10853
10925
11045
11120
11153
11170
11174
11187
11251
11362
11546
11732
11843
11890
11993
12034
12088
12109
12278
12290
12522
12523
12567
12594
12618
12692
12773
12781
12787
12821
13271
13306
13343
13343
13532
13569
13607
13627
13655
13741
13838
13947
13954
13997
14020
14157
14169
14290
14329
14334
14356
14560
14590
14594
14678
14749
14821
15069
15111
15316
15369
15446
15529
15589
15594
15609
15617
15738
15867
15897
16315
16530
16655
16706
16737
16747
16890
16897
16960
17032
17120
17344
17374
17398
17434
17435
17449
17779
17884
18057
18325
18566
18660
18797
18811
18830
18993
19004
19008
19075
19083
19107
19194
19196
19234
19293
19297
19449
19464
19583
19640
19710
19714
19929
19945
20096
20116
20193
20264
20347
20622
20629
20659
20742
20821
20921
20961
20965
21061
21075
21231
21282
21361
21424
21444
21486
21666
21668
22096
22104
22126
22304
22311
22427
22427
22557
22744
22858
22894
23008
23058
23104
23109
23206
23373
23393
23436
23626
23690
23720
23819
23864
23993
24018
24282
24308
24309
24339
24353
24547
24852
24990
24996
25439
25453
25729
25756
25799
25966
26015
26092
26114
26134
26250
26466
26588
26629
26724
26740
26747
26777
26828
26841
26878
26987
27015
27079
27214
27440
27549
27657
27680
27781
27797
27850
27920
27947
28137
28146
28156
28157
28409
28444
28454
28472
28478
28602
28689
28722
28771
28823
28837
28852
28872
28963
29143
29285
29315
29383
29543
29588
29611
29653
29777
30041
30096
30135
30456
30490
30626
30729
30731
30742
30747
30771
30866
30906
30977
31023
31153
31250
31300
31317
31445
31499
31539
31559
31690
31714
31909
32120
32132
32146
32171
32181
32196
32208
32214
32252
32324
32361
32489
32515
32516
32605
32674
32675
32709
32819
32827
32851
32944
32945
32949
32967
33028
33189
33221
33370
33410
33604
33780
33815
33926
33976
33979
34354
34363
34545
34773
34783
34843
35151
35630
35710
35736
35782
35811
35851
36045
36055
36121
36192
36258
36352
36371
36403
36512
36547
36549
36565
36744
36807
36843
36847
36868
36885
36907
36943
37024
37032
37181
37325
37356
37691
37692
37766
37967
38038
38125
38388
38430
38448
38456
38500
38580
38616
38699
38755
38862
38865
38868
39047
39558
39607
39669
40080
40157
40177
40201
40228
40260
40477
40542
40570
40633
40654
40759
40841
40846
41124
41163
41200
41224
41342
41355
41487
41538
41616
41685
41909
42047
42084
42329
42356
42431
42482
42514
42659
42851
43084
43378
43396
43440
43499
43534
43653
43889
43942
44066
44195
44542
44724
44755
44755
44845
44982
45194
45305
45308
45638
45762
45766
45911
45961
46025
46128
46199
46226
46226
46466
46635
46729
46759
46957
47020
47039
47071
47097
47192
47277
47428
47474
47620
47670
47756
47878
47890
47926
48116
48207
48229
48242
48268
48316
48322
48325
48422
48500
48531
48639
48674
48692
48799
48917
48978
48996
49039
49061
49205
49229
49262
49369
49369
49401
49510
49746
49789
49829
50033
50078
50084
50120
50131
50329
50360
50367
50498
50682
50925
51014
51036
51139
51154
51336
51374
51709
51736
51926
51942
51943
52018
52099
52118
52289
52329
52445
52476
52523
52555
52609
52909
53405
53436
53461
53496
53504
53540
53559
53675
53702
53754
53841
54012
54191
54294
54424
54442
54449
54474
54551
54807
54878
54933
55292
55338
55342
55489
55608
55675
55712
55918
55949
56057
56134
56195
56240
56250
56376
56445
56572
56625
56641
56707
56744
56752
56832
56928
57014
57023
57029
57215
57443
57532
57737
57746
57842
57945
57967
58056
58087
58162
58165
58450
58571
58623
58691
58715
58862
58895
58898
58933
58967
59009
59227
59253
59277
59441
59552
59554
59646
59895
60112
60329
60375
60424
60448
60476
60519
60541
60577
61053
61084
61137
61199
61412
61536
61580
61624
61710
61769
61938
62006
62014
62066
62080
62131
62135
62159
62245
62380
62394
62397
62433
62454
62501
62503
62623
62694
62832
62999
63054
63144
63330
63470
63479
63603
63619
63739
63857
64053
64083
64085
64121
64164
64216
64247
64259
64281
64347
64397
64608
64617
64649
64717
64763
64768
65013
65137
65589
65687
65881
65949
65996
66097
66118
66246
66268
66301
66361
66376
66423
66590
66709
66761
66824
66844
66962
66977
67083
67289
67326
67456
67500
67524
67539
67658
67774
67856
67992
68078
68144
68199
68243
68398
68486
68720
68733
68797
68886
68901
69062
69230
69240
69352
69412
69430
69501
69839
69855
69891
70095
70103
70408
70432
70450
70458
70493
70558
70839
70913
70988
71106
71184
71221
71278
71280
71435
71460
71603
71685
71752
71828
71904
71905
71930
72002
72027
72039
72127
72161
72274
72297
72307
72402
72545
72600
72856
72926
73018
73142
73160
73167
73174
73185
73273
73536
73631
73763
73785
74015
74145
74415
74629
74714
74834
74922
75078
75078
75097
75153
75375
75590
75627
75828
75832
75904
75968
76070
76294
76356
76357
76391
76545
76697
76716
76737
76838
77033
77117
77206
77349
77512
77547
77551
77674
78018
78044
78060
78447
78699
78721
79095
79244
79472
79657
79751
79838
79871
80112
80121
80143
80449
80544
80707
80766
80844
80847
80948
81246
81297
81304
81334
81480
81616
81737
81801
81843
81986
82088
82137
82150
82219
82296
82336
82342
82744
82922
83274
83342
83356
83391
83621
83769
83899
83944
83952
83991
84363
84368
84726
85234
85269
85329
85330
85376
85381
85449
85486
85636
85648
85771
85778
86129
86151
86388
86446
86478
86595
86668
86969
87342
87551
87608
87839
88067
88108
88181
88238
88287
88319
88324
88350
88451
88519
88536
88638
88769
88957
89073
89240
89277
89309
89406
89430
89536
89644
89656
89702
89749
89893
90015
90083
90239
90374
90901
90961
90961
90962
90989
91126
91169
91289
91382
91472
91512
91550
91560
91669
91747
91829
92033
92246
92307
92340
92355
92668
92680
92804
92891
92897
92952
93008
93124
93126
93142
93157
93213
93439
93481
93539
93545
93864
93915
94042
94200
94231
94293
94342
94453
94476
94492
94550
94637
95025
95278
95314
95361
95428
95475
95837
95854
96156
96199
96410
96455
96531
96587
96608
96714
96738
96747
96748
96817
96837
96855
96880
96910
97312
97334
97367
97694
97736
97961
98042
98060
98194
98263
98402
98450
98450
98521
98547
98788
99020
99262
99436
99513
99524
99628
99658
99832
99973
100019
100026
100044
100199
100228
100242
100250
100317
100332
100346
100360
100503
100592
100958
101041
101061
101146
101464
101495
101500
101539
101552
101600
101662
101782
101995
102019
102083
102119
102347
102367
102445
102464
102502
102509
102575
102590
102638
102691
102693
102716
102849
103060
103147
103208
103237
103282
103297
103311
103365
103377
103421
103443
103458
103478
103520
104007
104128
104144
104151
104172
104367
104392
104534
104668
104738
104746
104858
104885
105015
105027
105028
105100
105133
105177
105260
105425
105521
105565
105620
105740
106116
106234
106723
106724
106765
106909
106989
107050
107208
107359
107401
107471
107472
107475
107821
108087
108314
108335
108363
108525
108616
108665
108710
108711
108738
108761
109176
109262
109413
109417
109428
109428
109449
109685
109699
109793
109904
109943
110087
110226
110226
110266
110278
110308
110364
110445
110583
110596
110636
110861
110970
111100
111592
111607
111641
111821
111861
111865
111940
112057
112113
112175
112182
112434
112438
112487
112594
112680
112780
112986
113293
113405
113621
113794
113809
114153
114226
114342
114370
114448
114544
114641
114671
114677
114696
114697
115191
115382
115409
115420
115485
115588
116059
116070
116205
116329
116401
116611
116658
116888
116909
116942
117138
117139
117167
117451
117505
117545
117600
117781
117861
118009
118367
118371
118453
118545
118625
118632
118811
118860
118942
119150
119164
119188
119341
119573
119691
119758
120263
120638
120809
120915
121085
121131
121192
121234
121544
121561
121697
121750
121842
122075
122152
122315
122349
122534
122671
122882
122921
123060
123062
123303
123350
123445
123641
123793
124018
124078
124170
124255
124270
124351
124427
124436
124477
124630
124676
124729
124870
125039
125180
125210
125252
125772
126001
126221
126276
126317
126395
126578
126759
126787
126822
126956
127045
127146
127213
127233
127277
127328
127360
127511
127699
127729
127833
128002
128128
128188
128545
128986
129173
129208
129216
129594
129595
129909
129969
130194
130395
130731
130786
130797
130890
130911
130935
131013
131281
131330
131337
131428
131513
131603
131851
131874
132030
132070
132123
132271
132540
132700
132955
133234
133420
133877
133957
134154
134551
134735
134765
134809
134840
134913
135014
135053
135157
135310
135482
135665
135727
135764
135799
136073
136115
136140
136690
136920
137243
137280
137295
137492
137548
137636
137653
137654
137874
137941
138077
138078
138483
138671
138745
138949
138989
139015
139094
139171
139195
139239
139382
139441
139512
139593
139626
139707
139814
139890
139902
139956
139971
140010
140098
140118
140174
140380
140624
140745
140823
140916
141073
141328
141332
141507
141670
141993
142382
142978
143040
143366
143395
143407
143692
143711
143764
143903
144158
144216
144697
144747
144903
145012
145117
145195
145210
145211
145304
145894
145944
146207
146418
146793
146801
146866
146903
146998
147113
147212
147445
147459
147757
147892
147911
148192
148518
148569
148665
148793
149420
149442
149507
149808
149887
150328
150666
150677
150717
150838
150887
150887
151151
151260
151381
151622
151817
151829
151906
152048
152267
152427
152449
152477
152625
152773
152817
152947
153116
153130
153213
153229
153413
153439
153446
153517
153557
153699
153925
154062
154136
154183
154217
154250
154285
154388
154479
154687
154699
154786
154830
155008
155790
156504
156524
156539
156610
156632
156930
157063
157355
157386
157509
157683
157903
157905
157969
158065
158380
158684
158868
158896
159066
159251
159287
159844
159880
160059
160179
160241
160306
160391
160520
160642
160676
160682
160784
160793
161087
161368
161448
161780
161866
162102
162352
162466
162770
163460
163642
163682
163777
163890
164081
164302
164344
164725
164809
164893
165046
165060
165157
165227
165245
165272
165883
166258
166307
166538
166725
166740
166905
167045
167092
167245
167246
167640
167677
167829
167833
167950
168027
168159
168458
168548
168714
168882
168883
169024
169102
169114
169132
169248
169629
169674
170006
170231
170263
170352
170403
170699
170716
170818
171069
171536
171587
171613
171619
171792
172114
172198
172204
172433
173080
173373
173842
174077
174180
174317
174388
174743
175585
175717
175946
176048
176417
176712
176744
176763
176789
176791
176902
176982
177116
177246
177330
177347
177388
177400
177423
177487
177617
177773
178054
178260
178269
178293
178497
178670
179049
179186
179294
179427
179444
179608
179629
179656
179665
179719
179973
180048
180544
180628
180717
180909
180972
181029
181116
181247
181267
181327
181874
181876
181903
181972
182129
182555
182563
182710
182976
183236
183378
183404
183507
183800
183989
184193
184539
184654
184753
184797
184869
185040
185134
185256
185410
185515
185539
186221
186493
186524
186590
186616
186736
186903
187049
187514
188020
188483
188524
188572
188978
189442
189637
189658
189664
189878
189905
190096
190297
190418
190595
190801
190814
190989
191311
191485
191823
191969
192354
192536
193103
193326
193503
193544
193577
193662
193822
194052
194173
195156
195158
195885
195915
196116
196175
196524
196852
196907
197024
197027
197299
197314
197427
197657
197697
197768
197924
198421
198502
198558
198709
199055
199385
199387
199407
199697
199869
200050
200268
200421
200611
200647
201125
201130
201445
201452
202484
202491
202703
202761
202943
203119
203159
203378
203508
203661
203682
203830
203945
204068
204660
204903
205341
205896
205956
206060
206310
206504
206724
206947
207240
208257
208418
208733
208809
209073
209124
209392
209409
209703
210041
210167
210531
210662
210668
211367
211377
211844
212741
212864
212879
213356
213519
213706
213731
214199
214251
214501
214733
214868
214879
215307
215612
215632
215861
215970
216625
216857
218088
218146
218283
218402
218804
218844
218922
219295
220079
220155
220362
220493
220717
220915
221307
221531
221850
221982
222153
222259
222374
222390
222538
222575
222593
222884
223333
223418
223596
224183
224242
224455
224622
224798
225090
225130
225534
225557
225863
225892
226045
226277
226321
226390
227398
227401
227871
227971
228215
228223
228409
229046
229356
229424
229610
229626
229948
229958
230065
230180
230447
230877
230907
231116
231399
231798
231826
232388
232737
233087
233197
233303
233508
233515
233790
234012
234180
234655
234779
235054
235507
235778
236104
236829
237297
237451
237782
237828
237831
237951
237987
238115
238857
239276
239782
240127
240321
240920
241319
241506
241634
241770
241919
242798
242837
243222
243311
244209
244417
244923
245086
245264
245322
245811
245868
246238
246400
246416
246656
246734
246763
246810
246890
246927
247525
247700
247756
247790
248195
249408
250242
250426
250476
251083
251461
251832
251999
252458
252688
253296
253441
253638
253699
253975
254303
254542
255152
255291
255534
255614
256340
256701
256981
257011
257039
257699
258142
258287
258421
258596
258724
260228
260795
261181
261181
261526
261891
262063
262364
263114
263817
263875
264403
265039
265226
265330
265452
268077
269852
270039
270707
270901
271530
272398
272825
273076
273400
273474
273611
274735
275027
275250
276245
276949
277034
278324
278324
278876
279058
279073
280610
280651
281209
281320
281783
282080
282269
283014
283110
283247
283658
283710
283788
284272
284522
284570
286147
286835
287907
288086
288979
289787
290101
290272
290371
290737
291199
291413
291697
291950
293301
293933
294401
295265
296351
296411
297476
297884
298234
298291
298384
299277
299602
299874
300921
301236
302099
302930
304108
304572
304754
305192
305456
305542
306734
306897
307039
307168
307418
307607
307654
307664
307705
307906
308287
309081
309593
309815
310519
311491
311629
311829
312677
312849
313055
314147
316547
316832
317805
319401
319614
321038
321395
322405
322645
322789
322947
323682
323809
323984
324222
325379
327222
327733
330088
330955
332773
333480
336270
339134
340571
341440
342712
342791
342941
343154
343371
344978
345954
346068
347030
347533
348572
348670
348988
351698
354573
359120
363519
363655
365318
366151
368474
369356
369496
374783
375931
376138
377038
378233
379253
379741
379748
384048
387603
390304
391096
393821
394554
395935
398170
398984
403131
403619
403739
403926
405007
405899
406629
413664
414267
416323
418480
421903
422447
423032
423119
426930
429690
430270
434408
437239
437277
437679
439512
442280
443108
449082
455290
457715
458682
460301
461148
463354
463800
465437
465906
466583
471198
471350
478748
483674
492627
493877
496410
499374
522726
541486
