0
0
270
303
335
353
426
507
530
532
536
542
563
814
831
848
888
918
927
952
1014
1057
1182
1249
1325
1347
1348
1541
1560
1645
1780
1834
1857
1987
2084
2098
2196
2251
2262
2301
2430
2500
2524
2573
2593
2606
2779
2828
2860
2861
2872
3134
3165
3222
3340
3359
3398
3453
3463
3525
3671
3737
3833
3835
3903
4069
4082
4104
4156
4216
4235
4266
4294
4328
4391
4428
4481
4525
4727
4774
4777
4914
4951
5027
5076
5250
5353
5359
5474
5487
5502
5535
5553
5580
5689
5692
5752
5753
5843
5866
5958
6010
6054
6079
6101
6192
6249
6270
6282
6326
6359
6419
6423
6438
6452
6487
6546
6593
6635
6675
6704
6725
6748
6774
6802
6861
6920
7080
7159
7230
7263
7279
7324
7373
7379
7431
7532
7600
7685
7815
7821
7870
7877
7934
7958
8033
8036
8119
8221
8225
8258
8383
8395
8502
8627
8678
8860
8878
8963
8990
9129
9199
9348
9356
9378
9418
9427
9466
9503
9533
9549
9613
9625
9767
9774
9881
9901
10053
10096
10147
10150
10171
10231
10248
10272
10365
10397
10402
10433
10514
10518
10524
10718
10758
10776
10845
10891
10941
11089
11102
11105
11135
11182
11249
11275
11360
11414
11425
11428
11438
11498
11579
11638
11771
11821
11832
11947
12033
12151
12258
12288
12354
12375
12424
12502
12505
12551
12572
12680
12692
12743
12799
12816
12860
12870
12897
12917
12937
12966
13038
13059
13112
13392
13392
13408
13421
13460
13495
13771
13795
13881
13882
13914
14023
14077
14109
14124
14216
14295
14374
14386
14390
14581
14631
14644
14681
14686
14714
14813
14836
14885
14895
14921
14925
14945
15077
15180
15214
15306
15397
15428
15463
15472
15476
15517
15564
15585
15615
15791
15891
15911
15954
15995
16037
16092
16113
16115
16164
16248
16264
16275
16298
16312
16466
16558
16595
16697
16736
16751
16763
16797
16982
16991
17037
17051
17162
17320
17423
17446
17493
17551
17558
17569
17598
17610
17626
17650
17763
17876
17938
18061
18085
18145
18261
18402
18448
18468
18482
18582
18594
18600
18638
18679
18701
18719
18723
18760
18765
18849
18908
18998
19073
19133
19153
19263
19305
19307
19325
19337
19338
19352
19417
19445
19489
19497
19508
19531
19575
19653
19678
19712
20075
20158
20482
20565
20624
20709
20817
20936
21122
21124
21141
21167
21182
21221
21229
21248
21269
21275
21287
21311
21312
21389
21432
21461
21462
21601
21606
21694
21721
21733
21941
22047
22100
22148
22208
22217
22270
22293
22560
22661
22690
22737
22742
22752
22760
22829
22974
22981
23034
23081
23379
23417
23429
23473
23483
23486
23506
23559
23632
23787
23794
23802
23833
23943
23961
23993
24130
24352
24360
24390
24458
24514
24683
24694
24781
24880
25017
25036
25043
25118
25150
25166
25203
25287
25416
25466
25498
25574
25613
25647
25684
25763
25817
25883
25889
25922
25936
26014
26038
26160
26199
26206
26239
26271
26359
26372
26402
26416
26488
26538
26615
26622
26633
26651
26662
26684
26767
26832
26835
26896
26896
26987
27045
27078
27091
27136
27205
27305
27376
27676
27692
27836
27860
27866
27869
27897
27900
28019
28036
28040
28067
28217
28303
28384
28406
28446
28465
28598
28615
28617
28645
28648
28703
28729
28871
28958
29134
29207
29229
29244
29475
29606
29614
29920
29977
30316
30370
30470
30472
30501
30547
30600
30639
30644
30644
30660
30746
30754
30765
30778
30843
30903
31010
31032
31047
31070
31127
31215
31244
31321
31356
31378
31383
31405
31440
31549
31697
31739
31763
31790
31902
31910
31941
32210
32473
32556
32581
32599
32600
32670
32686
32737
32750
32761
32917
32934
33156
33200
33227
33256
33303
33398
33494
33576
33640
33646
33648
33699
33714
33748
33749
33750
34212
34255
34349
34367
34414
34427
34450
34477
34554
34727
34866
34876
34887
34912
34982
34982
35023
35024
35201
35204
35268
35279
35331
35341
35513
35547
35548
35616
35619
35745
35775
35864
35865
35866
35868
35876
35921
35927
36047
36120
36209
36217
36232
36243
36331
36514
36581
36612
36654
36684
36693
36782
36822
36935
36970
37004
37115
37189
37285
37294
37316
37353
37378
37468
37469
37502
37502
37518
37582
37731
37740
37780
37781
37864
37915
37915
37974
37995
37998
38012
38089
38105
38272
38336
38363
38410
38444
38532
38540
38545
38554
38597
38609
38690
38715
38759
38768
38805
38886
39037
39093
39127
39196
39209
39398
39399
39399
39422
39423
39438
39452
39654
39790
39836
39963
39967
40010
40065
40070
40151
40161
40166
40205
40270
40303
40322
40337
40356
40372
40376
40414
40437
40482
40490
40501
40526
40528
40551
40560
40682
40734
40768
40792
40880
40996
41031
41120
41177
41217
41268
41273
41359
41427
41454
41584
41584
41666
41686
41794
41835
41864
41898
41928
41944
41991
42027
42057
42069
42069
42088
42126
42324
42440
42576
42586
42600
42860
42874
43008
43081
43213
43269
43271
43288
43293
43542
43630
43687
43710
43746
43750
43842
43868
43893
43894
43970
44150
44381
44524
44639
44646
44693
44700
44734
44874
44921
44994
45119
45147
45210
45238
45276
45376
45558
45720
45727
45811
45900
45987
46112
46137
46156
46269
46508
46539
46556
46574
46607
46687
46717
46729
46761
46765
46792
46970
47042
47052
47065
47162
47183
47183
47205
47293
47308
47310
47316
47317
47438
47668
47712
47745
47752
47778
47821
47899
47905
47928
47943
48059
48064
48066
48171
48171
48200
48245
48342
48386
48397
48399
48475
48493
48504
48556
48614
48629
48668
48709
48714
48720
48750
48763
48787
48920
48942
48979
48998
49134
49148
49197
49226
49251
49277
49279
49383
49491
49506
49527
49610
49714
49715
49823
49831
49848
49915
49948
50022
50064
50078
50197
50262
50266
50268
50317
50336
50536
50599
50722
50771
50839
50895
50915
50956
51011
51027
51110
51116
51179
51220
51235
51292
51418
51513
51654
51664
51670
51736
51929
51968
52033
52298
52364
52390
52420
52499
52545
52562
52583
52667
52842
52974
53026
53184
53227
53300
53418
53488
53536
53607
53733
53807
53927
53928
53930
53937
53968
53974
53984
54007
54055
54074
54141
54157
54179
54191
54217
54258
54311
54320
54334
54340
54345
54364
54391
54447
54490
54523
54600
54647
54665
54713
54735
54777
54861
54888
54917
54934
54949
54992
55044
55060
55137
55227
55258
55342
55379
55420
55642
55643
55647
55661
55669
55685
55705
55710
55840
55883
55930
56003
56021
56131
56141
56191
56233
56325
56341
56342
56343
56351
56398
56429
56525
56582
56644
56664
56695
56745
56827
57034
57061
57095
57106
57260
57301
57341
57361
57361
57380
57465
57476
57607
57616
57660
57703
57857
57868
57872
57873
57914
57938
57956
58060
58100
58141
58182
58217
58303
58340
58381
58410
58443
58546
58555
58664
58682
58702
58745
58798
58891
58923
58964
58983
59109
59154
59372
59569
59623
59624
59655
59679
59821
59925
59967
60034
60096
60173
60243
60273
60290
60327
60512
60515
60522
60570
60766
60853
60876
60950
60993
61016
61123
61144
61262
61268
61289
61327
61391
61450
61495
61529
61552
61558
61560
61595
61631
61635
61642
61654
61697
61739
61836
61841
61920
61972
61981
61989
61992
62015
62050
62161
62165
62297
62478
62557
62704
62839
62928
62939
63077
63104
63156
63242
63245
63309
63355
63463
63502
63571
63585
63587
63612
63670
63690
63692
63759
63768
63787
63941
63983
64007
64106
64151
64183
64213
64228
64235
64329
64352
64408
64482
64588
64600
64620
64701
64723
64730
64839
64854
64947
64963
65000
65081
65138
65161
65170
65328
65363
65442
65447
65475
65700
65811
65854
65934
66009
66039
66065
66112
66302
66388
66580
66621
66645
66661
66734
66777
66851
66857
66858
66933
67019
67053
67162
67268
67327
67422
67459
67588
67610
67621
67621
67650
67666
67723
67751
67845
67857
67858
67897
68006
68298
68314
68389
68503
68561
68588
68623
68906
68992
69051
69101
69173
69221
69284
69440
69455
69456
69464
69487
69488
69574
69761
69766
69793
69983
70003
70018
70182
70318
70418
70457
70474
70539
70592
70600
70894
71208
71297
71356
71449
71498
71509
71579
71636
71748
71826
71883
71896
71899
72012
72042
72219
72275
72294
72335
72633
72668
72684
72715
72765
72773
72781
72879
72887
72926
72931
73166
73167
73175
73375
73430
73555
73709
73833
73899
73925
74072
74093
74130
74169
74175
74225
74292
74295
74419
74451
74497
74499
74528
74542
74550
74559
74567
74647
74656
74660
74705
74709
74778
74797
74832
74844
74896
74984
75058
75149
75166
75225
75234
75242
75248
75476
75622
75922
76025
76047
76057
76101
76522
76541
76735
76766
76791
76816
76874
76878
76889
76910
77067
77302
77358
77420
77570
77589
77591
77746
77834
77846
77932
77999
78191
78272
78295
78433
78500
78576
78618
78657
78663
78770
79011
79011
79024
79038
79156
79281
79386
79401
79413
79417
79421
79478
79558
79563
79571
79574
79587
79628
79634
79705
79739
79756
79882
79922
79935
80003
80295
80405
80421
80433
80499
80579
80591
80660
80669
80836
80961
80961
80981
81037
81056
81104
81112
81231
81403
81422
81463
81576
81584
81637
81705
81734
81764
81772
81798
81800
81810
81885
82002
82088
82092
82097
82165
82193
82278
82513
82519
82531
82557
82585
82587
82657
82671
82754
83024
83210
83304
83305
83339
83387
83501
83569
83604
83611
83644
83678
83713
83741
83753
83774
83866
83879
83922
83982
84040
84046
84350
84441
84464
84467
84622
84697
84743
84784
84804
84821
84975
84988
85004
85078
85114
85155
85166
85196
85197
85264
85283
85373
85375
85462
85475
85560
85693
85776
85816
85833
85889
85913
85946
86034
86061
86102
86158
86163
86196
86196
86230
86253
86287
86366
86446
86598
86635
86661
86662
86814
86839
86841
86868
87072
87118
87119
87140
87167
87365
87418
87506
87512
87709
87712
87793
87987
87990
88031
88052
88125
88197
88276
88391
88592
88614
88635
88656
88707
88740
88758
88852
88855
88959
88984
89059
89095
89111
89141
89344
89381
89502
89515
89575
89595
89718
89837
89869
89998
90000
90082
90167
90173
90242
90284
90332
90342
90512
90607
90680
90713
90714
90716
90746
90753
90769
90807
90811
90871
90886
90933
90941
90991
91032
91187
91193
91213
91232
91233
91284
91345
91354
91407
91460
91551
91635
91822
92003
92019
92035
92163
92198
92218
92363
92400
92463
92714
92723
92753
92925
93189
93190
93334
93389
93458
93474
93482
93488
93528
93551
93614
93619
93726
93806
93850
93870
94033
94090
94109
94142
94217
94359
94360
94370
94393
94467
94514
94546
94607
94754
94809
94814
94859
95036
95057
95101
95131
95293
95475
95582
95585
95638
95660
95884
95907
95932
96026
96165
96251
96419
96466
96581
96608
96629
96681
96743
96786
96823
96877
96879
96983
96985
97084
97106
97137
97154
97374
97381
97494
97580
97641
97658
97711
97777
97826
97857
97931
98036
98101
98187
98206
98225
98296
98402
98471
98474
98495
98549
98611
98678
98713
98728
98730
98790
98840
98939
99059
99061
99171
99195
99370
99394
99418
99429
99474
99582
99612
99618
99726
99849
99864
99870
99997
100104
100205
100252
100324
100359
100374
100389
100447
100470
100531
100787
100867
100882
100900
100976
100976
100996
101025
101097
101213
101254
101497
101606
101656
101880
101893
102062
102153
102170
102215
102273
102392
102408
102431
102441
102442
102450
102530
102643
102667
102821
102890
102935
103001
103284
103288
103310
103322
103436
103525
103525
103616
103678
103805
103832
103880
103983
104075
104154
104191
104299
104385
104460
104560
104635
104748
104790
104794
104812
104961
105004
105043
105059
105086
105088
105089
105252
105304
105644
105814
105842
105988
106029
106119
106254
106261
106310
106393
106429
106651
106660
106794
106795
106852
106867
106879
107151
107216
107224
107260
107339
107427
107503
107597
107624
107710
107815
107834
107903
107975
107996
108046
108095
108106
108197
108493
108632
108638
108747
109120
109188
109315
109323
109391
109451
109481
109484
109538
109616
109670
109788
109800
109835
109871
109872
109967
110118
110146
110235
110249
110291
110318
110352
110436
110522
110640
110796
110904
111057
111201
111282
111283
111331
111362
111408
111463
111478
111752
111803
111808
111958
112006
112090
112096
112130
112176
112190
112303
112349
112464
112474
112505
112527
112591
112597
112671
112813
112857
112869
112927
112951
112974
112982
113004
113087
113132
113144
113219
113437
113477
113490
113579
113581
113614
113697
113843
113869
113904
113904
113996
114052
114070
114201
114271
114292
114474
114504
114520
114573
114594
114645
114666
114708
114757
114831
114842
114879
115071
115265
115347
115462
115470
115479
115528
115566
115715
115753
115841
115904
115956
116007
116036
116178
116184
116246
116326
116413
116445
116476
116792
116839
117077
117122
117131
117192
117399
117450
117458
117464
117514
117630
117753
117934
117954
118013
118148
118268
118285
118339
118424
118505
118651
118760
118850
118908
119029
119175
119265
119401
119405
119464
119477
119498
119614
119711
119730
119771
119803
119876
120004
120051
120213
120249
120250
120303
120312
120424
120653
120682
120691
120704
120785
120851
120917
120959
121190
121202
121342
121393
121437
121507
121651
121720
121812
121844
122006
122120
122258
122357
122432
122475
122769
122813
122841
123098
123145
123339
123382
123479
123640
123667
123715
123731
123760
124018
124074
124086
124213
124245
124365
124477
124554
124600
124621
124632
124636
124704
124766
124831
124846
124977
125054
125075
125082
125085
125094
125168
125242
125258
125274
125308
125347
125386
125522
125614
125726
125736
125748
125819
125928
125998
126157
126318
126422
126458
126623
126696
126711
126803
127040
127140
127190
127205
127348
127450
127500
127585
127790
127854
127904
127931
127943
128056
128119
128183
128248
128325
128379
128708
128720
128752
128786
128911
129010
129245
129416
129645
129916
130013
130017
130065
130073
130159
130289
130431
130434
130445
130561
130729
130770
130854
130994
131114
131217
131399
131439
131538
131557
131694
131740
131856
131906
131927
131971
131993
132167
132377
132381
132817
133093
133166
133359
133468
133620
133627
133936
133999
134117
134211
134339
134386
134422
134530
134699
134743
134855
134866
135031
135038
135387
135419
135478
135728
135752
135877
135905
135963
136059
136220
136254
136701
136717
136736
137122
137143
137250
137483
137548
137809
137812
137868
137929
137950
137986
138054
138300
138402
138425
138471
138629
138835
139006
139011
139030
139131
139157
139484
139516
139534
139597
139792
139795
139903
139910
139971
140211
140333
140365
140388
140517
140637
140841
140904
140986
141001
141027
141073
141242
141437
141439
141542
141630
141657
141689
141702
142369
142422
142435
142450
142469
142513
142516
142603
142825
143157
143280
143358
143505
143536
143570
143587
143637
143764
143863
143876
143916
143927
144138
144170
144189
144314
144348
144626
144697
144716
144835
144907
145084
145705
145769
145910
146074
146079
146092
146223
146257
146469
146552
146573
146580
146610
146657
146810
146928
146980
147101
147225
147382
147616
147658
147828
147999
148035
148133
148217
148245
148280
148567
148589
148751
148846
149057
149179
149542
149619
149686
149696
149723
149752
149801
150150
150269
150352
150369
150429
150456
150533
150629
150751
150878
151031
151034
151162
151382
151392
151393
151413
151500
151621
151631
151737
151773
151831
151841
151850
151886
151898
151921
151969
152058
152093
152182
152376
152530
152716
152940
152976
152991
152997
153416
153459
153766
154043
154097
154159
154183
154412
154430
154468
154471
154481
154637
154770
154878
155027
155059
155159
155242
155337
155743
155761
155829
156034
156194
156288
156307
156339
156499
156508
156537
156756
156768
156930
156997
157085
157229
157431
157912
157981
158019
158061
158227
158279
158367
158419
158491
158493
158625
159440
159498
159723
159787
159960
160006
160042
160258
160481
160504
160575
160655
160664
160756
160892
160922
161034
161105
161129
161138
161167
161265
161293
161318
161864
162258
162381
162499
162586
162702
162741
162806
162828
162967
163115
163125
163243
163391
163642
163708
163724
163967
163997
164089
164181
164220
164427
164488
164548
164724
164820
164864
164896
164989
165038
165249
165281
165288
165312
165400
165699
165773
165782
165871
165895
165983
166188
166428
166461
166646
166718
166741
166975
167169
167176
167293
167362
167366
167442
167481
167501
167504
167580
167637
167792
167820
167830
167925
167931
167986
168153
168203
168208
168334
168582
168622
168653
168759
168764
169038
169329
169377
169387
169553
169790
169809
169844
170200
170236
170293
170497
170608
170653
170787
170872
170892
170989
170999
171007
171486
171744
171755
172453
172497
172839
172842
172871
172910
172957
173194
173363
173435
173447
173479
173533
173600
173680
173706
173890
174097
174108
174122
174164
174269
174375
174411
174463
174698
175070
175078
175285
175435
175656
175703
175723
175731
175893
175898
176127
176166
176519
176545
176805
176874
176909
176951
177002
177232
177705
177706
177767
178142
178515
178597
178638
178836
179094
179158
179592
179607
179610
179986
180063
180161
180385
180403
180522
180575
180629
180648
180738
180818
180849
180936
180997
181208
181308
181328
181332
181528
181720
181741
181813
181914
181951
182048
182086
182193
182470
182494
182599
182774
182895
182904
182974
183309
183376
183487
183509
183526
183615
183645
183695
183709
183711
183716
183790
183791
183938
184120
184187
184192
184249
184320
184383
184568
184605
184606
184641
184997
185037
185044
185066
185069
185212
185215
185419
185479
185568
185748
185792
185801
185893
185919
185957
186179
186433
186510
186520
186523
186676
186721
186756
186939
187242
187349
187373
187381
187400
187426
187456
187716
187723
187977
188169
188183
188226
188234
188559
188582
188629
188715
188852
188875
189129
189138
189145
189263
189464
189597
189640
189707
189919
190081
190225
190275
190406
190427
190894
190981
191093
191389
191428
191597
191666
191710
191854
192253
192314
192357
192625
192888
192984
193121
193351
193378
193420
193599
193607
193718
193819
193960
193990
194072
194249
194274
194364
194903
195109
195864
196015
196275
196354
196370
196698
196713
196883
197145
197235
197428
197450
197545
197587
197598
197674
198022
198083
198167
198179
198394
198528
198562
198690
198698
198973
199436
199627
199764
199774
199885
200167
200284
200336
200383
200388
200508
200684
200777
200849
201007
201098
201483
201508
201553
201595
201679
201906
202228
202350
202358
203003
203007
203274
203302
203329
203596
203633
203723
203855
204182
204197
204213
204365
204368
204526
204540
204746
204796
205061
205157
205203
205269
205295
205415
205575
205725
205808
206048
206103
206268
206277
206297
206596
206628
206679
206723
206818
206873
206873
206949
207035
207187
207356
207369
207464
207655
207978
208402
208521
208633
208943
209113
209371
209573
209620
209725
209790
209792
210155
210174
210184
210315
210351
210408
210563
210688
210733
210818
210893
210988
210993
211278
211363
211471
211591
211963
211973
212076
212138
212160
212291
212316
212362
212529
212735
212801
212872
212957
212988
213124
213206
213455
213522
213716
213737
213739
213762
213824
214243
214305
214392
214529
214624
214660
214910
215091
215231
215239
215417
215555
215799
215957
216416
216559
216751
217139
217317
217354
217403
217527
217605
217858
218010
218304
218461
218810
219199
219206
219589
220219
220352
220395
220542
221405
221844
221978
222116
222177
222285
222547
222869
222916
223079
223180
223373
223490
223599
223603
223711
223730
223803
223827
223853
224178
224432
224437
224439
225145
225214
225319
225659
226242
226438
226545
226592
226788
226848
227154
227240
227434
227454
227488
227504
227663
227709
227726
227734
228083
228296
228365
228968
229027
229035
229259
229914
230325
230434
230578
230630
231326
231329
231408
231458
231541
231585
231683
231770
232738
232981
233128
233182
233614
233818
233931
233973
234104
234124
234233
234247
234349
234632
234714
234866
234867
235025
236060
236799
237155
237393
237441
237454
238238
238697
239007
239292
239853
240023
240496
240589
240727
240736
240891
240980
241037
241055
241354
241388
242105
242269
242750
243030
243137
243189
243414
243528
243606
243652
244198
244505
244736
244912
245224
245230
245343
245441
246488
246552
246589
246705
246805
246928
246961
247075
247078
247124
247128
247283
247674
248131
248375
248379
248412
248624
248784
248810
248983
249067
249198
249687
250268
250327
250580
251050
251229
251441
251947
251967
252554
253023
253502
253690
253782
253783
254010
254854
255226
255268
255482
255558
255820
256274
256337
256454
256606
256766
256979
257112
257184
257639
257708
258799
259100
259261
259261
259507
259738
259828
259877
259967
260022
260058
260493
260594
260815
260831
261046
261475
261555
261643
261679
261925
262177
262210
262230
262330
262336
262385
262916
263208
263401
263744
263777
263794
263961
264049
264664
264741
264832
265170
265432
265718
265818
265944
266104
266107
266139
266151
266774
266879
266891
267250
267525
268256
269576
269606
270556
270856
270952
270976
271282
271716
272381
272639
272661
273059
273801
274543
274593
274636
274954
275692
275839
275927
276364
276459
276631
277547
277767
277960
278024
278354
278421
278506
278759
278780
278952
279394
279488
279573
279735
280132
280309
280483
280694
280767
281043
281217
281358
281559
281718
282355
282420
282946
283011
283087
283239
283410
283866
284095
284370
284404
284429
284507
285122
286078
286120
286875
286925
287066
287490
287507
288891
289580
289638
289750
290675
290843
292002
292853
292932
292968
293438
293956
294472
295326
295371
295563
296120
296889
297588
297923
298321
298424
298523
299063
299067
299460
299668
299844
300345
300564
300942
301022
301096
301260
301300
301396
302638
303180
303237
303394
303834
304420
304774
304961
305111
305667
306050
306494
306723
306878
306936
307084
307146
307496
307791
308289
308396
308728
309003
309116
309212
309840
309854
310274
310315
310541
311727
311895
312586
312666
312901
313246
313375
313428
313432
313486
313888
314801
315550
316037
317239
317924
318566
319193
319201
319732
319798
319829
320039
320191
320253
321063
321617
321838
321952
322128
322526
322617
323513
323678
325170
325895
326054
326800
326831
328022
328235
328621
329962
330353
331315
331394
331828
331973
332680
332923
333221
333964
334217
335037
335171
335182
335187
335505
335586
336351
337236
337321
337329
338881
339572
340235
340581
340832
341585
342045
343245
343264
343393
343475
343878
344842
345671
348391
348994
349054
349729
350216
350389
351676
351953
352300
352619
352878
353716
354580
354696
354960
355474
356063
356248
356490
357351
357769
358065
359112
359194
359347
359843
360771
361014
361247
361746
362036
363248
363957
364542
364548
364711
365134
366187
366206
366963
367699
368218
368700
369960
370149
370822
371233
372027
373664
373705
374267
375975
377512
377853
378805
379338
380544
380572
382236
382791
383405
384871
385204
387165
388693
388914
389121
389621
390996
392110
396492
396571
397611
397780
397878
397903
398473
399546
400876
401446
402180
404335
405324
405832
407051
407591
407781
409465
410579
410942
412105
412486
412609
413115
413797
413798
414754
415109
416293
416595
418021
419913
420989
421024
421867
422331
423272
424042
424882
429396
431163
432454
433892
437641
439477
440495
440711
441685
446708
448619
450441
455069
457635
460371
461298
465140
467013
471069
480735
481031
483812
485502
487309
494353
497098
498111
506978
537570
551757
557260
579415
