0
0
267
908
1449
1886
1926
2074
2147
2234
2282
2294
2391
2411
2591
2681
2790
2838
3120
3127
3154
3192
3545
3652
3715
3717
3741
3758
3906
3933
3992
3999
4415
4586
4797
4854
5084
5132
5147
5245
5371
5437
5764
6155
6390
6639
7011
7329
7628
8082
8391
8785
8966
9163
9597
9644
9756
9842
9893
10092
10300
10425
10454
10967
11023
11166
12190
12247
12602
12652
12789
12969
12981
13001
13226
13265
14113
14157
14209
14211
14410
14760
14774
14886
15176
15444
15762
15953
16206
16407
16427
16513
16671
16773
16903
17200
17243
17333
17995
18041
18228
18446
18459
18651
18803
19028
19065
19077
19378
19379
19464
19494
19876
20173
20299
20600
21201
21454
21627
21696
21797
21855
21950
22290
22405
22407
23276
23376
23766
23880
24007
24180
24361
24471
24622
24689
24771
25002
25150
25203
25219
25401
25440
25442
25539
26379
26477
26717
26777
26833
27190
27239
27296
27991
28126
28450
28832
29141
29864
30080
30518
30649
30680
30693
30711
30822
30849
31044
31160
31313
32073
32252
32595
32716
33030
33262
33349
33469
33507
33740
33783
33905
33935
33959
34033
34202
34248
34375
34425
34473
34497
34693
35040
35140
35656
36014
36193
36204
36305
36604
36781
36983
37516
37525
37542
37588
37864
38068
38198
38708
38782
39034
39071
39076
39269
39445
39459
39782
39839
39889
39976
40062
40384
40482
40931
41002
41024
41141
41319
41500
41543
41556
41844
41848
42119
42579
42661
42730
42756
43053
43429
43498
43571
43571
43749
43847
43920
44003
44109
44272
44414
44424
44473
44615
44795
44806
44841
45239
45262
45289
45363
45425
45433
45958
45992
46125
46293
46925
47242
47468
47555
47910
47977
48156
48250
48252
48605
48692
48762
49147
49204
49366
49392
49624
49648
49683
49920
50426
50683
50788
51494
51917
52112
52461
52492
52689
52718
52731
52742
53191
53244
53326
53483
53493
54175
54268
54488
54536
54577
54583
54597
54633
54802
54813
54912
54943
55192
55356
55446
55453
55671
55764
56096
56256
56575
56997
57039
57182
57274
57421
57536
57673
57794
57877
57908
58481
58501
58607
58793
58865
58879
59068
59340
59413
59438
59648
59874
59957
60132
60171
60211
60240
60407
60449
60799
60821
60822
60826
60966
61088
61244
61453
61454
61566
61819
61902
61958
62008
62239
62494
62812
62879
62996
63504
63514
63554
63668
63848
63985
64191
64192
64399
64481
64765
64799
64807
64969
64970
65639
65675
65764
65827
65855
66249
66543
66559
66944
67029
67346
67676
67734
67948
68318
68588
68987
69786
70212
70427
71251
71272
71398
71495
71724
71751
71844
72187
72223
72388
72525
72808
72951
73325
73387
73602
73621
73859
73992
74000
74179
74213
74855
75084
75225
75264
75344
75837
76305
76939
77056
77081
77651
78077
78136
78237
78257
78420
78430
78713
78719
79272
79283
79401
79426
79539
80623
81103
81829
81839
81857
81992
82156
82205
82315
82692
82814
82851
83400
83404
83435
83449
83689
83690
83822
84043
84617
84706
84759
84840
84951
84960
85034
85057
85279
85626
85725
85785
86471
86509
86641
86674
86977
87146
87423
87479
87640
88720
88851
89109
89427
89742
89840
89884
89960
90097
90134
90241
91241
92008
92052
92546
92933
93570
93593
94340
94358
94424
94501
94971
95244
95320
95408
95418
95570
95650
95966
96139
96569
96970
97076
97177
97211
97526
97677
97797
98249
98463
98518
98610
99585
99776
99881
100678
101099
101191
101606
102033
102559
102853
103115
103345
103407
103417
103571
103616
104096
104101
104154
104374
104466
105466
105737
106917
107113
107118
107456
107525
107605
107625
107692
107774
108647
109105
109835
110918
112182
112402
112580
113005
113209
113282
113287
113480
113513
113724
113841
114334
114362
114518
114539
114646
114759
114845
114852
115014
115056
115142
115511
115761
115823
116227
116308
116606
117097
117223
117251
117342
117394
117533
119948
121108
121428
121868
121938
122227
122297
122995
123691
123841
124281
124300
124418
124833
124956
125439
125671
125721
125861
125882
125902
126125
126987
127296
127542
127716
127781
127895
128386
128540
128889
129747
129949
130263
130455
130491
130820
130961
131050
131472
131892
132078
132351
132934
133191
133208
133375
133528
133605
133707
133833
134362
134845
134875
135858
136243
136418
136617
136807
137156
137182
137564
137845
137951
138011
138780
139168
139443
139539
139670
139867
139955
140247
140365
140501
140671
141081
141252
141289
141375
141435
142099
142102
142740
142941
143105
143206
143726
144017
144138
144139
144358
144418
144518
145084
145103
145410
145528
146492
147268
147901
148131
148734
149513
150054
150302
151177
151235
151243
151866
152213
152278
152319
152641
153113
153233
154119
154567
154848
154952
155245
155985
156110
156277
156499
156584
157106
157134
157284
157403
157821
157949
158286
158289
158603
158631
158635
158733
158952
159023
159254
159855
160298
160439
160539
160608
161094
161243
161759
161942
162205
162232
162473
162589
163022
163244
163899
163912
165196
165203
165863
166051
166118
166211
168047
168233
169213
170386
170745
171046
171170
171555
171642
171995
172229
172372
173377
173589
173680
173885
174526
175249
175822
177093
177167
177241
177587
177912
178051
178066
178383
178596
178613
179717
180208
180439
181040
181051
181454
182139
182697
182811
183004
183108
183458
183880
184273
184382
184657
185364
185378
185738
186166
187965
188372
189343
189807
190080
190144
190250
190288
190544
190696
190952
191803
192416
193000
193108
193624
194340
194962
195047
195229
195722
196142
196281
196499
196666
196706
197516
197519
197556
197597
197637
198106
198663
198864
200249
200839
201191
201302
202116
202712
202969
203344
203559
203633
204160
204420
204482
204609
205401
205635
205877
206139
206153
206756
206991
207239
207478
208016
208407
209734
209966
209981
210496
210582
210598
210845
210983
213404
213776
213787
213869
214742
215618
215706
216791
218064
218623
218862
219674
219726
220255
220485
220965
221478
222164
223659
223795
224338
224968
225234
226598
227330
227487
227776
228162
228408
228927
229172
230211
231716
232068
232734
232814
233199
234662
234679
236685
237258
237382
237414
237747
238402
238459
238567
238587
238752
238844
240640
240999
241112
241480
241725
241784
241994
242038
242653
243070
243799
243841
245131
246036
246174
246653
247095
247717
247893
248109
248418
248427
249183
249654
249859
251819
254087
254845
255463
257446
258660
259245
259750
260471
261387
261945
263274
263486
263589
263808
264018
264344
264564
264877
265597
266232
267177
267740
267771
268347
269712
269765
270262
270305
270621
271434
273181
274600
276413
276605
279089
279934
280329
280914
282176
283249
283388
284010
284359
286532
287222
288324
289943
290049
290206
294750
295354
295435
296283
296527
296951
299533
301474
301516
301820
303743
305025
305760
306023
306221
306303
307096
309009
313135
315912
318392
319143
320031
321961
322633
324710
327643
330618
330854
331163
333523
333604
333875
335339
340577
341487
341892
343920
347937
348570
349169
349708
352866
360712
360720
363692
364009
364587
365189
366910
370599
371382
371801
375641
375893
379908
380731
381838
385352
388694
390070
390460
394174
395860
398387
399133
399697
400468
415857
425709
426999
432062
442937
456058
458392
468492
493071
523770
