0
0
61
82
87
187
309
318
333
339
357
448
500
555
582
588
615
696
730
731
815
816
912
934
942
973
1010
1028
1129
1172
1196
1205
1228
1275
1301
1432
1437
1457
1474
1497
1539
1544
1556
1577
1605
1617
1625
1640
1698
1732
1789
1823
1829
1883
1892
1904
1949
1994
2037
2163
2172
2248
2325
2329
2355
2412
2432
2515
2577
2586
2615
2617
2639
2722
2798
2825
2846
2871
2938
2989
3045
3053
3078
3315
3322
3355
3361
3385
3492
3523
3568
3615
3643
3698
3729
3797
3939
4000
4075
4088
4163
4171
4186
4192
4224
4291
4309
4382
4439
4447
4479
4494
4616
4686
4689
4858
4969
4975
5036
5071
5073
5080
5128
5219
5314
5344
5404
5482
5583
5603
5604
5612
5712
5813
5872
5903
5947
5999
6011
6100
6169
6172
6409
6493
6531
6611
6615
6646
6653
6691
6792
6821
6904
6978
6994
7096
7100
7132
7221
7229
7393
7446
7485
7510
7521
7597
7606
7801
7868
7901
7949
8047
8170
8177
8184
8189
8258
8291
8296
8349
8443
8450
8468
8470
8497
8512
8521
8576
8579
8583
8616
8734
8856
8928
8997
9013
9042
9118
9162
9195
9299
9321
9346
9365
9371
9396
9446
9452
9462
9478
9521
9612
9616
9624
9652
9787
9860
9931
9991
10056
10081
10091
10104
10108
10132
10185
10191
10193
10210
10289
10351
10512
10522
10563
10607
10626
10687
10749
10788
10831
10884
11023
11027
11151
11238
11293
11409
11439
11458
11464
11538
11555
11567
11714
11757
11801
11939
12042
12094
12121
12249
12272
12319
12410
12546
12564
12580
12611
12642
12666
12672
12760
12763
12767
12951
12969
13023
13060
13064
13098
13114
13275
13300
13389
13398
13496
13511
13639
13647
13675
13728
13745
13746
13850
13993
14069
14148
14220
14378
14468
14493
14543
14584
14596
14602
14655
14701
14717
14725
14773
14829
14835
14845
14966
14993
15008
15090
15182
15196
15205
15206
15252
15387
15395
15433
15469
15502
15558
15608
15630
15748
15754
15810
15834
15846
15980
16014
16056
16082
16126
16132
16142
16222
16302
16315
16367
16419
16453
16525
16528
16537
16544
16618
16632
16642
16681
16748
16813
16841
16857
16892
16929
16956
17091
17105
17119
17165
17314
17328
17531
17668
17706
17728
17736
17755
17861
17934
17940
17956
18033
18056
18060
18063
18104
18115
18131
18176
18187
18205
18307
18479
18506
18553
18589
18612
18665
18730
18766
18768
18795
18817
18834
18883
18906
18940
18965
18973
19001
19169
19236
19414
19441
19470
19591
19636
19645
19668
19894
19957
19960
19967
20046
20052
20143
20262
20269
20337
20479
20481
20510
20553
20568
20763
20848
20852
20953
20988
21061
21119
21193
21234
21340
21536
21648
21662
21669
21711
21756
21783
22057
22095
22148
22165
22310
22326
22369
22480
22713
22807
22831
22857
22962
22991
23000
23013
23016
23139
23154
23221
23285
23299
23314
23351
23425
23478
23508
23514
23548
23551
23653
23753
23766
23775
23850
23878
24053
24061
24068
24082
24099
24178
24302
24313
24350
24376
24394
24412
24523
24562
24566
24640
24713
24728
24763
24843
24961
24984
25031
25114
25156
25209
25212
25289
25548
25572
25576
25605
25652
25758
25833
25953
25961
25983
25996
26000
26136
26197
26435
26479
26494
26528
26617
26664
26781
26853
26872
26883
26889
26976
27076
27078
27081
27138
27191
27308
27470
27496
27549
27595
27596
27625
27691
27760
27772
27835
27944
28027
28052
28112
28132
28154
28196
28270
28320
28339
28534
28587
28685
28717
28869
28913
28938
28952
29018
29043
29052
29093
29096
29112
29121
29168
29204
29237
29284
29343
29347
29406
29408
29471
29476
29565
29573
29586
29627
29668
29705
29759
29817
29818
29824
29888
29918
30045
30081
30175
30213
30222
30240
30255
30477
30494
30497
30501
30584
30642
30654
30673
30773
30776
30814
30882
30906
30978
31034
31046
31078
31160
31215
31217
31368
31476
31499
31519
31595
31605
31642
31696
31756
31802
31831
31841
31878
32041
32051
32072
32089
32109
32151
32207
32251
32281
32314
32406
32411
32420
32523
32633
32690
32761
32767
32810
32819
32848
32875
32881
33005
33043
33045
33129
33134
33205
33323
33338
33362
33363
33421
33465
33468
33475
33488
33505
33538
33552
33557
33666
33702
33752
33783
33819
33884
33982
34024
34031
34096
34113
34218
34316
34342
34373
34406
34454
34454
34473
34491
34495
34498
34558
34601
34603
34638
34686
34770
34797
34838
34964
34996
35036
35089
35238
35270
35347
35372
35399
35436
35463
35482
35491
35528
35541
35596
35862
36030
36108
36128
36134
36192
36339
36409
36481
36598
36853
36879
36887
36895
36969
37018
37036
37075
37077
37084
37167
37178
37193
37195
37246
37282
37335
37372
37375
37497
37526
37606
37622
37722
37736
37884
37917
37961
38102
38119
38159
38191
38255
38352
38404
38472
38498
38537
38663
38686
38757
38840
38873
38932
38944
38974
39013
39028
39029
39048
39077
39096
39231
39263
39271
39352
39354
39462
39491
39588
39614
39692
39700
39891
39901
39940
40089
40142
40287
40409
40434
40519
40534
40536
40572
40593
40669
40706
40733
40786
40934
41019
41035
41057
41060
41069
41089
41095
41113
41210
41214
41243
41310
41319
41336
41379
41515
41519
41604
41752
41761
41833
41955
42013
42088
42117
42141
42168
42239
42311
42584
42596
42658
42700
42870
42880
42929
42945
42958
43102
43122
43192
43220
43419
43438
43500
43501
43561
43610
43654
43664
43776
43803
43882
43889
43944
43952
44013
44228
44243
44266
44321
44352
44433
44530
44559
44560
44625
44770
44773
44789
44794
44821
44863
44996
45095
45148
45178
45190
45228
45327
45373
45400
45473
45483
45504
45516
45587
45599
45614
45659
45687
45737
45771
45793
46016
46073
46084
46103
46268
46392
46412
46471
46676
46703
46735
46786
46848
46849
46878
46898
47038
47060
47085
47195
47200
47240
47294
47297
47436
47464
47520
47527
47535
47592
47598
47626
47693
47718
47836
47879
47900
47903
47921
48064
48065
48121
48177
48182
48273
48337
48428
48434
48457
48501
48513
48522
48527
48629
48807
48943
48967
48983
49133
49133
49142
49216
49217
49219
49247
49278
49289
49296
49323
49324
49353
49364
49516
49528
49541
49577
49583
49679
49763
49785
49799
49804
49827
49959
49971
50041
50050
50204
50293
50392
50441
50442
50445
50729
50850
50868
50871
50874
50952
50952
50998
50999
51012
51076
51156
51179
51221
51232
51257
51295
51347
51425
51432
51503
51550
51634
51669
51705
51726
51762
51862
51883
51898
52125
52234
52249
52264
52312
52376
52388
52438
52472
52579
52778
52832
52833
52858
52928
53038
53042
53197
53237
53240
53326
53419
53468
53498
53517
53539
53585
53650
53719
53778
53812
53827
53895
53962
54136
54303
54328
54346
54350
54352
54386
54452
54497
54597
54602
54626
54631
54657
54662
54687
54712
54715
54771
54831
54871
54897
54971
54978
55086
55194
55269
55280
55364
55463
55546
55630
55632
55663
55687
55723
55742
55819
55878
55938
55976
56007
56019
56047
56088
56140
56227
56316
56337
56347
56354
56397
56459
56478
56490
56512
56656
56733
56768
56854
56990
56991
57258
57265
57418
57543
57548
57549
57574
57662
57687
57704
57711
57815
57824
57835
57920
57988
58049
58148
58243
58272
58329
58369
58473
58538
58566
58568
58577
58640
58684
58840
58915
58924
58988
58991
58992
59150
59186
59217
59218
59395
59423
59463
59478
59481
59494
59508
59518
59525
59525
59565
59596
59607
59608
59637
59666
59667
59755
59759
59874
59881
60050
60087
60144
60200
60332
60382
60401
60431
60484
60566
60653
60727
60732
60750
60761
60785
60803
60910
60942
60985
61000
61042
61135
61255
61330
61362
61550
61600
61666
61886
61945
62036
62049
62097
62097
62110
62127
62210
62299
62412
62478
62499
62516
62539
62575
62671
62681
62758
62769
62793
62820
62885
63127
63139
63184
63328
63381
63396
63411
63418
63505
63509
63526
63570
63617
63733
63770
63844
63880
63924
63928
64047
64088
64095
64109
64143
64229
64235
64262
64286
64299
64339
64363
64364
64403
64419
64502
64656
64657
64678
64748
64799
64842
64860
64939
64980
64997
65107
65121
65250
65298
65384
65503
65528
65598
65724
65760
65767
65964
66057
66063
66065
66096
66189
66214
66280
66309
66339
66347
66357
66420
66439
66446
66473
66698
66845
66884
66909
66951
67004
67060
67069
67122
67195
67207
67277
67306
67318
67421
67439
67481
67494
67543
67556
67584
67646
67676
67704
67742
67955
68150
68193
68224
68295
68317
68335
68358
68480
68590
68632
68634
68689
68908
69031
69044
69072
69094
69107
69305
69370
69491
69511
69670
69944
69955
70050
70112
70269
70299
70305
70309
70335
70385
70471
70480
70509
70524
70529
70617
70683
70754
70796
70862
70888
70889
70926
70943
70948
70971
70981
71027
71066
71199
71250
71338
71480
71532
71578
71584
71623
71633
71644
71665
71732
71780
71913
71931
71955
72015
72025
72089
72149
72184
72206
72389
72399
72487
72505
72646
72652
72721
72871
72905
72915
72917
73006
73089
73119
73142
73245
73331
73369
73514
73515
73557
73573
73628
73657
73671
73856
73865
73976
74066
74088
74210
74323
74371
74408
74421
74432
74459
74571
74620
74718
74803
74856
74887
74935
74953
75030
75052
75054
75074
75299
75351
75414
75436
75467
75473
75507
75576
75595
75623
75651
75675
75677
75797
75828
75966
76004
76258
76416
76451
76461
76462
76501
76520
76589
76641
76642
76754
76797
76918
76986
77177
77223
77255
77283
77293
77307
77398
77402
77475
77708
77951
78023
78062
78237
78287
78330
78481
78516
78524
78552
78601
78672
78712
78722
78810
78963
79086
79242
79359
79373
79387
79518
79549
79575
79697
79697
80006
80042
80049
80077
80092
80183
80204
80235
80254
80355
80363
80381
80397
80496
80572
80671
80773
80782
80807
80866
80957
80967
80973
81010
81110
81219
81275
81298
81387
81483
81602
81614
81635
81667
81679
81692
81700
81714
81776
81784
81787
81876
82036
82049
82169
82172
82211
82225
82292
82380
82384
82450
82459
82464
82535
82541
82633
82646
82786
82793
82901
82910
83029
83126
83206
83241
83348
83358
83390
83461
83472
83607
83626
83844
83913
83972
84017
84073
84156
84254
84282
84668
84721
84762
84765
84901
84937
84980
84983
85074
85077
85086
85117
85490
85619
85802
85924
86123
86287
86299
86333
86427
86586
86606
86807
86831
86839
86978
86995
87007
87086
87120
87171
87175
87176
87195
87300
87338
87361
87584
87669
87677
87682
87723
87828
87854
87943
87952
88064
88220
88269
88356
88396
88531
88588
88715
88827
88952
89044
89069
89088
89105
89110
89272
89292
89347
89379
89478
89557
89648
89732
89760
89812
89835
89896
90031
90071
90078
90124
90173
90222
90237
90245
90287
90516
90521
90572
90907
90927
91063
91105
91333
91339
91421
91431
91557
91619
91713
91739
91780
91796
91804
91809
91927
92000
92019
92139
92223
92238
92443
92489
92531
92554
92562
92630
92702
92716
92762
92851
92974
92980
93004
93055
93288
93374
93397
93551
93561
93573
93574
93611
93626
93662
93699
93820
93850
93962
94096
94147
94203
94265
94319
94386
94387
94407
94526
94629
94771
94870
94926
94973
95055
95232
95267
95285
95289
95332
95345
95357
95373
95447
95471
95519
95575
95662
95736
95820
95866
96073
96287
96376
96382
96422
96466
96619
96639
96756
96770
96917
97051
97065
97106
97161
97266
97303
97335
97366
97407
97418
97421
97480
97545
97546
97712
97732
97762
97771
97800
97828
97883
98247
98255
98400
98408
98545
98559
98635
98676
98699
98699
98700
98939
98948
98956
99073
99129
99150
99281
99431
99555
99591
99646
99678
99725
99809
99868
99871
99890
99986
100005
100128
100409
100472
100628
100707
100874
100874
100978
101305
101305
101340
101436
101457
101483
101496
101524
101534
101605
101617
101679
101782
101797
101839
101899
101934
101995
102127
102191
102269
102334
102420
102437
102459
102474
102530
102560
102563
102739
102788
102821
102866
102964
103054
103079
103113
103146
103221
103224
103265
103319
103351
103379
103696
103812
103834
103874
103911
104014
104025
104064
104160
104191
104210
104244
104398
104432
104455
104579
104605
104955
105049
105083
105221
105302
105343
105588
105615
105709
105709
105769
105902
105939
106263
106722
106959
107033
107092
107100
107169
107240
107295
107573
107581
107701
107771
107847
107901
107909
108006
108027
108113
108114
108185
108209
108220
108398
108425
108454
108480
108489
108532
108594
108606
108613
108682
108791
108836
108871
108897
109056
109057
109122
109130
109274
109278
109284
109320
109324
109385
109440
109504
109507
109517
109525
109533
109607
109688
109769
109825
109994
110080
110113
110147
110192
110304
110420
110457
110617
110655
110739
110811
110828
110835
111033
111101
111116
111212
111279
111286
111323
111456
111490
111653
111674
111806
111891
111971
112143
112240
112263
112267
112319
112422
112424
112553
112697
112892
112969
113078
113172
113179
113371
113423
113534
113535
113551
113565
113676
113773
113784
113827
113923
113950
113972
114051
114073
114079
114152
114239
114292
114383
114531
114580
114580
114602
114707
114749
114772
114877
114913
114923
114952
114991
115087
115173
115191
115193
115312
115379
115424
115437
115476
115589
115632
115690
115711
115725
115810
115879
115928
115959
115977
116150
116164
116209
116334
116425
116460
116688
116923
116942
116995
117016
117044
117192
117219
117244
117266
117390
117473
117530
117569
117574
117785
117865
117880
117890
117906
117950
117984
118012
118052
118122
118123
118248
118267
118452
118553
118766
118805
118807
118815
119106
119126
119193
119219
119299
119453
119917
120155
120199
120200
120249
120263
120417
120439
120478
120552
120591
120690
120718
120727
120733
120925
120984
121027
121147
121422
121484
121489
121579
121611
121620
121761
121811
121919
121943
122057
122071
122076
122086
122098
122179
122224
122229
122409
122417
122595
122611
122612
122620
122623
122645
122770
123170
123187
123224
123258
123360
123426
123503
123520
123538
123610
123669
123710
123735
123845
123901
124271
124297
124372
124467
124542
124652
124804
124889
125010
125033
125034
125054
125058
125200
125244
125336
125342
125412
125431
125445
125458
125463
125539
125592
125890
125893
125899
125921
125929
125954
125980
126021
126040
126049
126056
126090
126124
126164
126264
126326
126481
126556
126621
126650
126752
126794
126795
126877
126917
126935
126959
127100
127105
127112
127192
127203
127356
127395
127413
127590
127616
127722
127992
128060
128089
128150
128399
128599
128617
128706
128709
128712
128868
129065
129094
129140
129199
129209
129267
129313
129401
129474
129481
129581
129602
129720
129738
129824
129938
130013
130230
130380
130402
130428
130430
130505
130568
130570
130677
130811
130853
130934
131198
131218
131274
131278
131287
131396
131440
131486
131579
131674
131939
132000
132029
132052
132342
132363
132448
132453
132637
132806
132915
132934
133063
133296
133329
133350
133369
133400
133500
133603
133633
133702
133728
133821
133882
134165
134186
134254
134308
134343
134359
134510
134566
134636
134669
134682
134729
134862
134888
135357
135362
135377
135608
135748
136172
136356
136426
136433
136465
136931
136963
136967
136968
137006
137083
137173
137235
137252
137279
137335
137360
137461
137524
137753
137856
137926
138240
138375
138419
138488
138557
138559
138564
138567
138662
138731
138744
138751
138760
138782
138783
138783
139064
139197
139211
139215
139319
139356
139360
139375
139418
139461
139563
139838
139857
140166
140241
140410
140449
140565
140729
140855
140868
140891
140930
141038
141349
141353
141447
141480
141493
141510
141712
141780
142065
142067
142083
142123
142355
142498
142869
142872
142881
142922
142971
142999
143101
143311
143384
143429
143821
143881
143935
143964
144129
144279
144328
144458
144525
144809
144821
144829
144899
144952
145019
145166
145249
145517
145548
145568
145602
145685
145759
145762
145820
145917
145935
145990
146331
146503
146517
146567
146633
146653
146683
146854
146901
146961
147309
147347
147514
147625
147707
147719
148163
148211
148294
148343
148581
148645
148679
148688
148788
148970
149183
149264
149299
149304
149348
149542
149646
149699
149787
149788
149797
149921
149937
150251
150257
150272
150276
150335
150336
150453
150528
150537
150543
150643
150790
150889
150947
151114
151152
151393
151464
151567
151745
151753
151760
151788
151833
151909
151977
152146
152427
152482
152488
152496
152529
152578
152645
152658
152869
152873
152875
152897
153377
153391
153414
153486
153551
153778
153929
153937
154045
154076
154105
154210
154263
154311
154359
154469
154510
154626
154650
154824
154913
155114
155153
155186
155226
155363
155371
155489
155522
155594
155799
155906
156513
156556
156651
156775
156824
156938
157007
157176
157385
157419
157474
157515
157635
157705
157792
157858
158478
158509
158761
158790
159246
159441
159673
159966
160046
160197
160289
160413
160434
160516
160544
160634
160706
160758
160848
160917
160941
161034
161083
161116
161150
161163
161424
161510
161591
161672
161708
161726
161893
161922
161962
162143
162188
162285
162330
162356
162501
162579
162658
162793
163056
163110
163194
163277
163377
163428
163678
163743
163857
164042
164235
164391
164429
164455
164540
164588
164685
164726
164985
165203
165241
165320
165445
165506
165565
165730
165801
165816
165921
166226
166360
166441
166475
166487
166718
166771
166773
167347
167391
167415
167417
167478
167500
167519
167548
167602
167746
167777
167838
167879
168077
168220
168268
168342
168409
168409
168484
168556
168821
168879
168989
169026
169027
169055
169098
169127
169128
169131
169293
169575
170138
170154
170164
170248
170436
170504
170588
170598
170774
170999
171085
171157
171261
171366
171444
171649
171794
171893
171970
172285
172311
172498
172625
172802
172831
172837
172909
172910
172923
173011
173129
173259
173368
173610
173775
173843
173860
174006
174015
174134
174157
174243
174369
174389
174510
174531
174728
174798
174808
174955
175201
175237
175621
175667
175843
175895
175912
175913
176003
176151
176166
176297
176362
176496
176693
176719
176757
177043
177069
177206
177218
177311
177316
177376
177587
177679
177694
177784
177856
177930
178281
178345
178404
178588
178743
178758
178848
178958
179002
179022
179251
179435
179544
179857
179920
179991
180045
180215
180465
180616
180643
180861
181197
181228
181278
181318
181607
181716
181788
181788
182096
182231
182557
182702
182850
183030
183348
183375
183554
183579
183659
183672
183747
183850
183993
184005
184167
184240
184312
184319
184368
184472
184541
184604
184659
185182
185212
185297
185389
185573
185618
185619
185885
185996
186142
186294
186340
186512
186545
187371
187498
187528
187550
187550
187555
187605
187665
187784
187913
188217
188268
188349
188625
188650
188750
188915
188932
189015
189048
189107
189312
189313
189428
189545
189966
190294
190608
190742
190766
190876
190962
190977
191086
191148
191577
191585
191765
191793
191956
191973
191984
192019
192089
192207
192259
192445
192507
192560
192600
192645
192673
192697
192703
192735
192825
192884
192985
193019
193230
193444
193553
193600
193726
193783
193861
194000
194039
194190
194256
194378
194572
194819
195132
195466
195514
195603
195846
195912
195954
196272
196288
196880
196887
196986
197287
197382
197423
197489
198109
198113
198144
198216
198219
198223
198224
198246
198722
198894
198956
199214
199432
199575
199725
199783
200039
200215
200401
200516
200546
200676
200739
200773
200874
200914
200935
201258
201286
201426
201464
201703
201815
201832
201974
202157
202213
202584
202610
202838
202872
202956
203094
203188
203670
203735
203765
203788
203820
203931
204122
204381
204391
204402
204873
205109
205342
205609
205700
205949
206000
206009
206181
206250
206286
206316
206377
206399
206414
206763
207106
207182
207213
207293
207386
207557
207575
207630
207711
207771
207829
207936
208033
208166
208436
208516
208533
208580
208638
209149
209215
209358
209752
209847
209905
209961
210062
210138
210308
210319
210470
210489
210493
210533
210681
210711
210819
210928
211052
211294
211342
211372
211438
211450
211738
212189
212718
212910
213008
213062
213071
213305
213344
213485
213587
213690
213752
214188
214230
214378
214435
214607
214855
214895
214989
214998
215045
215233
215465
215768
215846
215939
216009
216094
216117
216368
216655
217383
217528
217563
217682
217737
218425
218453
218466
218521
218717
218850
218944
219012
219041
219602
219960
220309
220362
220550
220689
220704
220985
221110
221337
221490
221573
221607
221960
222160
222373
222471
222566
222714
222862
223024
223288
223574
223763
223768
224097
224449
224587
224744
224752
225058
225150
225200
225377
225392
225649
226022
226027
226207
226209
226334
226350
226518
226623
226880
227022
227096
227194
227327
227371
227508
227585
227590
227649
227886
227932
227952
227982
228111
228229
228252
228325
228743
228909
229047
229192
229444
229579
229630
229734
229937
229942
230162
230294
230340
230349
230407
230742
230832
230875
231165
231179
231236
231305
231816
231843
231932
232068
232111
232128
232310
232314
232656
232665
233101
233136
233264
233331
233369
233547
233670
233685
233910
234510
234697
234709
235422
235425
235675
235779
235987
236309
236378
236681
237062
237464
237489
237817
238043
238241
238336
238412
238827
239127
239147
239364
239606
239648
239734
239793
240042
240056
240091
240642
240726
241256
242145
242179
242231
242381
242557
242574
243285
243373
243454
243482
243656
243855
243858
243873
244004
244186
244512
244593
244668
244737
244823
244926
245009
245028
245248
245306
245438
245657
246236
246395
246574
246595
246639
246693
246937
247047
247496
247505
247629
247815
248422
249114
249169
249184
249415
249749
249791
249794
249837
250093
250185
250344
250562
250665
250890
250933
250985
250987
251076
251122
251135
251335
251471
251646
252217
252590
252641
252686
253137
253316
253635
253648
253723
253941
254095
254250
254415
254579
254696
254703
254897
254936
255993
256049
256463
256566
256678
256862
256912
257116
257125
257339
257359
257555
257923
258029
258158
258170
258196
258552
258626
259051
259246
260000
260173
260187
260284
260300
260330
260775
260966
261133
261371
261513
261547
261558
262300
262523
262549
262922
263005
263337
263338
263462
263788
263970
264026
264045
264088
264206
264352
264481
264533
264734
264832
264833
264962
265090
265210
265238
265398
265412
265544
266152
266175
266222
266351
266599
266607
266839
266930
267552
267556
267876
268458
269156
269235
269279
269704
269845
269911
270002
270019
270103
270262
270450
270773
271110
272023
272024
272244
272554
272849
273231
273237
273791
273891
273938
274076
274240
274752
275021
275123
275716
275962
276205
276703
276812
277185
278032
278170
278433
279146
279272
279545
279841
279863
279945
280111
280239
280277
280448
280473
280671
281189
281303
281469
281712
281827
281918
282658
282685
283173
283384
283682
283716
283796
284138
284154
284307
284462
284472
284521
284659
284762
284833
285445
285455
285696
286053
286963
286970
287027
287279
287505
287512
288117
288270
288999
289188
289237
289730
290214
290366
290480
290744
291171
291544
291832
291874
293044
293223
293917
294053
294586
295225
296079
296460
296707
296882
297565
297821
298255
298460
299112
299144
299198
299426
299718
300717
301723
301728
301787
302297
302673
302724
302762
304441
304941
305329
305357
306149
306449
306722
306746
306908
307161
307524
307836
308007
308023
308930
309364
309729
309752
310134
310576
310908
311046
311474
311600
311873
311919
312095
312397
312939
313535
314088
314879
315436
316394
316899
317366
317597
318191
319172
319262
319541
320278
320295
320428
322183
322406
322688
322969
323089
323157
323293
324420
325214
325400
326119
326123
326597
327297
327922
328204
328277
328970
331070
331163
331424
331615
332619
332644
332953
333155
333158
333669
333923
334292
334641
336738
337466
337950
338970
339639
339720
340272
340458
340559
340960
341856
342835
343789
343864
344092
344294
344556
344661
344882
345950
347105
347505
347572
348376
349076
349154
349184
351073
351542
353173
353186
353737
353740
354338
354904
355361
355728
355864
356690
356957
357547
357789
359895
360960
361226
361988
364112
364121
364609
366449
366934
367919
368183
368471
369350
369920
370669
370988
371293
372497
374370
374875
375348
378056
378156
379768
379950
381253
381422
381598
383700
385232
385561
387537
388526
388866
389772
390774
390928
391428
391485
395007
396416
400206
400810
401189
401192
401663
404131
404422
404981
405621
408651
408700
410459
410710
410783
410966
411827
412666
413712
415041
416174
416884
418708
419844
423540
424220
435549
436206
436740
436834
437310
443665
445816
448769
449981
450536
457764
461565
461646
461935
468316
473860
487051
487091
487956
491751
493610
496346
497330
500722
507776
512754
512825
514866
518066
518373
530749
