0
0
2
9
49
51
97
104
122
169
227
344
395
415
471
525
544
565
635
635
666
725
754
774
778
820
833
901
1000
1021
1057
1116
1132
1147
1178
1239
1320
1385
1515
1683
1705
1806
1822
1827
1887
1906
1916
1926
1971
1985
1986
2139
2147
2176
2203
2223
2246
2279
2307
2319
2353
2360
2362
2403
2437
2524
2582
2622
2685
2712
2715
2783
2789
2795
2800
2912
2924
3040
3097
3116
3141
3151
3171
3202
3331
3373
3383
3442
3635
3721
3736
3741
3751
3788
3844
3849
3879
3968
3981
4075
4132
4135
4194
4194
4196
4200
4230
4247
4295
4299
4310
4383
4397
4408
4417
4611
4612
4629
4653
4771
4804
4824
4831
4846
4896
4896
4904
4954
4970
5035
5055
5109
5160
5174
5209
5312
5345
5355
5453
5480
5515
5524
5553
5564
5583
5608
5681
5764
5781
5828
5880
5901
5951
6037
6184
6225
6326
6356
6373
6379
6396
6426
6432
6438
6456
6462
6469
6477
6483
6508
6548
6567
6577
6689
6709
6722
6735
6773
6793
6796
6805
6882
6901
6931
6943
6953
6955
7021
7077
7177
7184
7253
7260
7303
7386
7415
7443
7458
7459
7459
7479
7499
7560
7615
7636
7663
7680
7736
7827
7830
7831
7894
7946
7971
8030
8280
8283
8297
8323
8349
8361
8361
8367
8398
8501
8581
8586
8638
8650
8660
8671
8842
8848
8861
8873
8888
8889
8927
8947
8985
9003
9125
9257
9261
9301
9318
9428
9470
9471
9489
9519
9519
9523
9598
9632
9643
9710
9728
9731
9766
9791
9880
9948
9981
10051
10090
10093
10121
10127
10192
10197
10197
10200
10341
10350
10385
10397
10399
10443
10450
10466
10622
10688
10715
10720
10792
10824
10834
10852
10853
10865
10867
10876
10877
10908
10941
10989
11044
11107
11157
11213
11223
11261
11267
11287
11347
11355
11413
11443
11463
11471
11652
11716
11721
11808
11887
11909
11944
12042
12059
12095
12108
12150
12152
12155
12180
12204
12251
12251
12260
12300
12395
12401
12435
12445
12453
12527
12534
12557
12569
12680
12754
12758
12819
12848
12873
12900
12916
12992
13005
13039
13042
13075
13128
13236
13330
13354
13355
13363
13368
13384
13441
13482
13518
13543
13582
13614
13658
13739
13745
13834
13841
13856
13897
13976
13978
14000
14063
14101
14145
14272
14286
14293
14301
14315
14350
14357
14419
14456
14483
14486
14493
14508
14589
14632
14673
14679
14704
14705
14737
14737
14798
14804
14808
14819
14854
14855
14901
14954
14973
15054
15175
15211
15247
15260
15264
15280
15318
15339
15349
15357
15371
15404
15436
15448
15481
15484
15597
15598
15609
15612
15687
15730
15775
15782
15789
15795
15817
15881
15935
15973
15976
15994
15996
16033
16093
16155
16233
16244
16282
16380
16396
16404
16460
16469
16525
16760
16762
16794
16840
16898
16984
17003
17008
17050
17051
17057
17123
17136
17185
17310
17387
17401
17436
17443
17448
17498
17658
17665
17741
17845
17847
17897
17939
18009
18025
18057
18112
18127
18130
18250
18258
18261
18400
18495
18521
18541
18555
18604
18655
18669
18671
18685
18757
18773
18804
18816
18825
18848
18854
18876
18884
18937
18961
18986
18996
19007
19045
19063
19101
19103
19126
19214
19241
19251
19269
19297
19328
19358
19409
19414
19437
19443
19498
19515
19573
19593
19604
19677
19709
19745
19773
19798
19804
19829
19889
19936
19980
19994
20090
20100
20135
20286
20357
20411
20413
20423
20471
20585
20592
20617
20644
20732
20739
20800
20831
20851
20872
20939
20957
21026
21028
21103
21118
21289
21319
21346
21382
21432
21511
21527
21537
21537
21579
21640
21659
21662
21664
21830
21871
21937
21940
21979
22043
22045
22122
22227
22392
22542
22560
22609
22638
22681
22705
22708
22736
22784
22829
22841
22858
22910
22994
23009
23085
23125
23192
23200
23232
23273
23285
23364
23429
23573
23584
23606
23616
23620
23693
23742
23889
23900
24050
24084
24092
24113
24256
24334
24389
24415
24493
24610
24680
24721
24801
24883
24924
25030
25032
25037
25039
25069
25073
25162
25212
25265
25321
25323
25365
25366
25383
25413
25594
25648
25656
25666
25733
25752
25772
25810
25823
25840
25849
25875
25922
25929
25960
26022
26024
26091
26295
26309
26318
26323
26348
26375
26538
26681
26742
26781
26824
26842
26901
26945
26956
27053
27100
27105
27146
27162
27164
27168
27188
27314
27347
27395
27396
27400
27487
27529
27682
27692
27740
27808
27877
27910
27911
27938
27940
27959
27971
28020
28035
28081
28108
28169
28179
28238
28303
28441
28460
28493
28523
28524
28543
28562
28578
28624
28731
28780
28820
28827
28869
28960
28961
28969
28990
29050
29058
29067
29206
29214
29281
29325
29353
29381
29394
29496
29535
29544
29544
29615
29623
29624
29636
29718
29862
29885
29914
29917
29934
30002
30097
30111
30166
30193
30247
30260
30319
30339
30392
30423
30508
30560
30704
30735
30860
30885
30897
30926
30973
31079
31102
31155
31213
31222
31265
31437
31461
31598
31674
31710
31717
31777
31867
31937
31953
32089
32093
32133
32140
32173
32265
32293
32376
32508
32529
32580
32602
32619
32620
32655
32661
32699
32742
32787
32897
32972
33057
33135
33155
33192
33200
33229
33234
33243
33252
33294
33380
33406
33452
33491
33546
33555
33585
33596
33614
33640
33676
33722
33744
33764
33771
33869
33908
33973
34008
34021
34088
34121
34122
34148
34151
34154
34175
34245
34295
34296
34380
34409
34472
34672
34687
34743
34768
34796
34807
34822
34827
34829
34896
34907
34928
34928
34946
35000
35029
35049
35096
35166
35167
35169
35196
35308
35308
35410
35484
35488
35503
35566
35575
35681
35710
35751
35796
35818
35849
35887
35908
35916
35931
35992
36057
36141
36190
36219
36286
36297
36343
36403
36438
36445
36571
36598
36613
36614
36744
36782
36877
36929
36972
36972
37032
37095
37120
37228
37284
37297
37361
37402
37439
37457
37581
37658
37821
37891
37905
37909
38027
38101
38135
38136
38184
38241
38338
38375
38429
38433
38435
38472
38498
38505
38528
38556
38564
38587
38700
38714
38878
38884
38917
38921
38979
38981
38994
39004
39035
39080
39122
39175
39221
39264
39305
39315
39386
39392
39415
39425
39472
39474
39529
39600
39620
39666
39782
39885
39886
39947
39995
40055
40144
40148
40183
40379
40403
40472
40507
40588
40632
40643
40667
40700
40791
40826
40827
40858
40860
40901
41031
41055
41105
41114
41158
41184
41198
41199
41217
41245
41255
41265
41329
41353
41461
41532
41549
41620
41626
41650
41675
41676
41682
41781
41794
41796
41848
41905
41920
41947
42016
42031
42096
42148
42210
42214
42286
42317
42329
42333
42418
42429
42466
42487
42491
42527
42528
42553
42717
42790
42835
42913
43034
43039
43048
43080
43093
43128
43149
43154
43238
43264
43287
43351
43371
43374
43385
43465
43467
43495
43541
43553
43560
43681
43682
43715
43728
43753
43773
43798
43838
43861
43948
44070
44079
44148
44269
44334
44349
44395
44529
44590
44590
44693
44809
44897
44960
45059
45117
45178
45181
45184
45189
45198
45255
45289
45307
45326
45361
45391
45420
45431
45431
45437
45521
45522
45536
45594
45610
45698
45698
45759
45809
45868
45938
45938
46034
46038
46075
46096
46143
46145
46209
46256
46262
46269
46282
46473
46561
46651
46657
46689
46705
46778
46807
46873
46881
46887
46895
46962
46985
46987
47074
47131
47137
47159
47173
47198
47200
47289
47292
47309
47323
47336
47371
47376
47410
47490
47547
47594
47713
47808
47836
47869
47905
48004
48008
48050
48193
48243
48249
48268
48280
48297
48399
48411
48502
48562
48567
48599
48603
48661
48684
48720
48731
48792
48801
48840
48855
48866
48873
48880
49027
49053
49082
49098
49122
49132
49317
49317
49321
49329
49373
49379
49379
49515
49543
49599
49601
49637
49640
49640
49744
50059
50095
50174
50188
50250
50294
50297
50302
50329
50342
50369
50401
50490
50522
50527
50581
50590
50607
50635
50700
50757
50826
50897
50970
50985
51010
51060
51088
51098
51156
51177
51225
51227
51233
51282
51291
51386
51411
51417
51431
51449
51530
51541
51543
51599
51614
51623
51623
51680
51727
51740
51769
51867
51917
51991
51996
52063
52086
52116
52257
52333
52347
52372
52385
52453
52464
52466
52472
52502
52504
52521
52569
52706
52731
52844
52865
52869
52905
52907
52928
52942
53046
53054
53098
53123
53219
53261
53272
53279
53287
53299
53317
53323
53389
53416
53444
53444
53495
53502
53531
53545
53548
53551
53576
53578
53603
53653
53663
53668
53680
53695
53728
53806
53824
53863
53906
53919
54007
54052
54075
54094
54104
54186
54322
54419
54630
54683
54728
54744
54822
54931
54965
55032
55083
55190
55290
55292
55317
55353
55410
55414
55484
55515
55556
55622
55666
55667
55670
55687
55702
55946
56013
56020
56063
56174
56328
56483
56534
56597
56613
56621
56649
56652
56686
56688
56711
56801
56845
56985
57056
57074
57076
57188
57251
57272
57325
57329
57345
57375
57500
57510
57662
57723
57756
57765
57798
57834
57872
57893
57994
58027
58062
58314
58388
58445
58451
58455
58488
58493
58560
58623
58696
58720
58733
58733
58780
58781
58949
58993
59048
59120
59171
59244
59247
59318
59531
59536
59572
59596
59609
59647
59704
59745
59750
59793
59842
59857
59867
59883
59886
59918
59922
59973
59982
60007
60025
60069
60172
60208
60220
60234
60295
60309
60370
60376
60400
60426
60428
60434
60502
60512
60550
60605
60638
60645
60812
60846
60923
60968
60983
61000
61023
61029
61109
61130
61141
61153
61162
61176
61245
61255
61309
61347
61365
61366
61516
61571
61612
61622
61714
61754
61815
61822
61822
61881
61896
61912
61976
61989
62044
62049
62060
62121
62159
62225
62239
62243
62256
62264
62298
62305
62341
62342
62363
62384
62513
62700
62750
62780
62881
62942
62973
63019
63029
63133
63145
63158
63194
63207
63317
63338
63382
63463
63808
63918
64006
64015
64020
64029
64045
64089
64092
64107
64122
64179
64220
64221
64338
64345
64427
64447
64566
64574
64612
64613
64635
64672
64674
64681
64701
64704
64720
64777
64891
64997
65045
65182
65205
65258
65266
65414
65427
65514
65524
65540
65552
65605
65621
65683
65706
65774
65946
65989
66021
66120
66154
66301
66309
66387
66456
66591
66606
66717
66827
66850
66854
66900
66940
66946
66959
67032
67049
67194
67198
67266
67308
67447
67519
67607
67632
67754
67844
67865
67940
67950
67969
67988
68178
68250
68320
68324
68338
68341
68459
68507
68512
68548
68678
68804
68855
68939
69056
69079
69166
69308
69324
69409
69453
69456
69482
69487
69494
69495
69603
69614
69728
69732
69762
69809
69839
69891
69963
70013
70080
70081
70083
70094
70097
70159
70189
70202
70278
70304
70322
70351
70431
70432
70464
70482
70530
70542
70550
70612
70615
70617
70628
70643
70679
70776
70780
70800
70815
70818
70819
70873
70875
70956
71009
71044
71070
71074
71077
71110
71167
71273
71278
71305
71377
71441
71448
71507
71649
71656
71675
71808
71871
71875
71882
71885
72035
72128
72146
72167
72170
72194
72197
72229
72238
72314
72328
72329
72385
72422
72431
72503
72587
72652
72716
72743
72767
72770
72771
72838
72871
72968
73013
73108
73109
73121
73134
73160
73214
73231
73252
73265
73274
73280
73422
73438
73519
73533
73549
73565
73576
73583
73625
73645
73660
73661
73713
73735
73745
73756
73800
73822
73951
74089
74144
74186
74278
74301
74393
74426
74440
74465
74499
74500
74522
74547
74548
74578
74596
74609
74720
74747
74749
74793
74809
74852
74986
75141
75171
75193
75221
75252
75274
75294
75310
75410
75430
75499
75589
75615
75637
75743
75824
75915
76016
76076
76125
76154
76202
76254
76258
76259
76285
76568
76602
76742
76816
76867
76876
76890
76892
76915
76976
77071
77104
77106
77114
77149
77183
77348
77353
77360
77427
77442
77466
77616
77620
77714
77745
77863
77934
78041
78058
78066
78089
78105
78189
78256
78265
78364
78384
78389
78406
78418
78451
78540
78548
78575
78613
78644
78646
78657
78865
78868
78971
78976
78992
79034
79080
79081
79088
79184
79184
79195
79211
79280
79285
79454
79473
79479
79490
79686
79804
79911
79914
79923
79939
80027
80107
80133
80152
80181
80287
80383
80409
80432
80469
80514
80712
80827
80874
80883
80883
80902
80909
80960
80965
80987
81046
81050
81170
81178
81210
81248
81271
81343
81426
81435
81450
81502
81559
81584
81594
81630
81634
81686
81734
81785
81801
81806
81845
81857
81892
81983
82103
82227
82262
82268
82286
82384
82430
82491
82496
82521
82531
82560
82578
82632
82652
82696
82830
82842
82844
82862
83009
83116
83120
83248
83254
83348
83436
83454
83467
83509
83523
83526
83608
83622
83686
83700
83798
83838
83868
83868
83937
83945
83969
84057
84088
84120
84130
84230
84269
84297
84299
84345
84380
84401
84458
84477
84498
84508
84523
84546
84575
84601
84651
84690
84826
84843
84928
84942
84972
85010
85055
85070
85082
85181
85209
85255
85287
85311
85376
85381
85388
85393
85396
85431
85528
85582
85619
85658
85684
85798
85824
85842
85897
85991
86088
86103
86164
86252
86261
86289
86294
86305
86345
86360
86454
86527
86541
86668
86699
86722
86728
86780
86805
86822
86826
86875
86876
86896
86922
86976
87023
87038
87087
87102
87172
87218
87268
87275
87304
87314
87437
87517
87517
87639
87645
87674
87684
87766
87781
87798
87836
87895
88007
88020
88087
88179
88186
88228
88234
88257
88305
88306
88312
88427
88453
88486
88530
88595
88638
88655
88665
88692
88734
88761
88782
88800
88948
88962
88993
89007
89077
89134
89157
89215
89332
89350
89361
89399
89465
89466
89642
89664
89669
89988
90062
90122
90200
90219
90311
90366
90396
90422
90554
90576
90585
90637
90684
90891
90917
90956
90959
91033
91043
91070
91093
91157
91157
91206
91245
91366
91433
91458
91542
91546
91564
91565
91587
91665
91754
91829
91833
91847
91851
91885
91983
92005
92024
92034
92099
92127
92201
92224
92235
92238
92350
92421
92500
92501
92584
92606
92616
92620
92623
92625
92680
92721
92777
92805
92913
92919
92934
93001
93037
93196
93261
93547
93611
93817
93883
93907
93960
94053
94082
94098
94175
94178
94303
94322
94339
94358
94399
94423
94488
94569
94672
94705
94725
94737
94819
94867
94934
94938
94938
94979
94999
95034
95087
95112
95150
95218
95224
95259
95367
95398
95479
95527
95535
95566
95599
95631
95644
95676
95718
95919
95987
96041
96257
96277
96292
96317
96360
96363
96373
96487
96592
96645
96670
96685
96725
96797
96883
96919
96951
97103
97191
97195
97347
97351
97416
97426
97435
97537
97694
97697
97714
97779
97784
97791
97795
97809
97885
97891
97894
97926
98135
98239
98285
98342
98357
98384
98386
98424
98447
98457
98468
98524
98601
98608
98631
98703
98737
98772
98777
98786
98851
98872
98977
99032
99048
99076
99093
99197
99336
99350
99405
99552
99713
99719
99965
100065
100205
100243
100267
100312
100335
100345
100550
100599
100702
100719
100814
100853
100896
100917
100946
100980
101031
101118
101174
101193
101211
101227
101347
101446
101504
101543
101545
101591
101593
101636
101677
101756
101775
101779
101813
101823
101831
101879
101881
101982
102010
102069
102136
102213
102238
102311
102386
102413
102480
102550
102610
102686
102756
102803
102864
102889
103006
103034
103039
103149
103184
103271
103375
103495
103531
103565
103626
103651
103679
103714
103727
103803
103838
103843
103980
104145
104155
104316
104320
104349
104353
104409
104497
104527
104581
104636
104677
104733
104738
104949
105030
105041
105058
105088
105101
105129
105152
105159
105340
105354
105371
105444
105507
105576
105984
106076
106224
106394
106405
106406
106429
106450
106510
106609
106669
106677
106706
106743
106759
106847
107085
107100
107121
107138
107142
107189
107198
107283
107302
107304
107308
107342
107348
107374
107436
107543
107576
107586
107808
107838
107865
107879
107883
107890
107970
107980
107982
108031
108035
108038
108114
108158
108180
108291
108313
108335
108363
108436
108684
108716
108885
108907
108921
108928
108937
108940
108961
109111
109164
109187
109337
109410
109468
109506
109528
109747
109789
109795
109837
109907
110022
110026
110143
110143
110260
110356
110371
110494
110525
110651
110799
110852
110946
110950
110968
111028
111053
111286
111298
111496
111514
111569
111601
111635
111645
111703
111731
111780
111825
111859
111884
111972
112030
112163
112284
112312
112409
112414
112419
112423
112425
112548
112602
112611
112810
112848
112862
112922
112938
112964
112991
113062
113074
113330
113390
113433
113537
113540
113554
113643
113705
113856
113935
113942
113991
114032
114058
114067
114069
114218
114324
114351
114354
114356
114367
114401
114525
114528
114531
114662
114669
114815
114853
114972
115024
115189
115200
115233
115267
115286
115390
115451
115460
115498
115576
115640
115664
115732
115743
115773
115775
115865
115882
115937
116011
116021
116105
116114
116218
116226
116238
116258
116264
116526
116664
116713
116760
116969
116992
116998
117154
117190
117248
117263
117301
117332
117360
117417
117436
117554
117585
117585
117711
117729
117733
117754
117852
117894
117987
118001
118153
118271
118290
118299
118418
118520
118531
118543
118577
118617
118618
118632
118790
118835
118902
118943
118992
119073
119122
119129
119187
119233
119235
119256
119287
119544
119911
120062
120114
120184
120222
120231
120240
120423
120430
120486
120589
120612
120679
120705
120710
120736
120764
120862
120868
120936
120979
121011
121155
121170
121197
121198
121248
121319
121374
121610
121638
121667
121808
121898
121941
121961
122022
122052
122068
122073
122153
122163
122227
122254
122270
122286
122366
122371
122406
122416
122486
122598
122601
122613
122641
122658
122807
122890
122941
123009
123089
123211
123218
123277
123281
123338
123348
123366
123386
123584
123660
123729
123730
123784
123902
123937
123994
124115
124142
124199
124250
124290
124396
124632
124670
124706
124761
124828
124907
124990
124996
125067
125092
125105
125160
125225
125312
125426
125547
125557
125565
125572
125600
125631
125650
125681
125687
125711
125715
125735
125813
125850
125906
126258
126382
126405
126679
126687
126798
126871
126893
126911
126957
126961
127021
127048
127091
127095
127102
127148
127167
127211
127554
127618
127623
127648
127718
127768
127876
127886
127949
127952
127957
128121
128134
128192
128253
128312
128336
128362
128424
128430
128460
128461
128654
128775
128828
128921
128983
129009
129032
129065
129091
129175
129268
129294
129353
129407
129640
129720
129725
129745
129776
129783
130000
130268
130308
130445
130457
130715
130761
130865
130877
130907
130992
131023
131059
131141
131238
131247
131258
131313
131366
131410
131411
131433
131505
131603
131650
131841
131852
131900
131957
132040
132042
132088
132101
132118
132219
132261
132261
132335
132403
132411
132434
132551
132570
132577
132767
132851
132886
132920
132946
133095
133171
133197
133254
133270
133340
133388
133418
133463
133473
133491
133598
133683
133745
133813
133913
133956
133985
134050
134053
134097
134107
134116
134211
134251
134378
134404
134485
134512
134531
134726
134795
134944
134970
134992
135006
135108
135319
135342
135388
135413
135599
135610
135642
135747
135782
136040
136257
136354
136420
136594
136661
136702
136728
136790
136854
137103
137237
137238
137278
137285
137348
137557
137575
137663
137707
137854
137935
138118
138181
138375
138435
138486
138486
138792
138812
139027
139077
139226
139378
139384
139398
139409
139445
139450
139478
139567
139575
139723
139745
139755
139815
139983
140007
140034
140036
140108
140255
140298
140344
140359
140387
140406
140461
140574
140632
140713
140777
141003
141098
141290
141412
141424
141541
141687
141715
141760
141768
141905
141934
141994
142020
142043
142048
142083
142089
142154
142158
142225
142355
142412
142440
142473
142546
142723
142738
142757
142774
142786
142925
142962
143023
143026
143070
143092
143390
143431
143517
143532
143604
143654
143703
143723
143729
143751
143842
143878
143891
143984
144067
144076
144128
144140
144143
144333
144379
144384
144407
144433
144448
144476
144544
144560
144715
144773
144884
145003
145016
145102
145104
145108
145147
145535
145563
145624
145663
145675
145734
145737
145743
145756
145772
145807
145830
146039
146132
146137
146189
146596
146612
146617
146737
146747
146867
146947
146955
146993
147145
147146
147171
147216
147263
147493
147582
147603
147649
147682
147815
147910
147983
148032
148074
148166
148174
148299
148446
148446
148511
148650
148753
148784
148821
148844
148889
148953
149264
149273
149643
149677
149780
149793
149852
149910
149938
150062
150077
150091
150176
150212
150304
150318
150362
150433
150441
150565
150575
150596
150765
150801
150866
150886
150954
150955
151029
151033
151099
151131
151233
151423
151429
151483
151544
151718
151752
151829
152018
152065
152177
152426
152625
152776
152816
152875
152962
153001
153138
153181
153191
153303
153319
153354
153384
153478
153654
153654
153690
153882
153941
153971
154095
154184
154343
154375
154382
154457
154611
154642
154656
154733
154743
154748
154805
154926
154933
155054
155179
155219
155226
155270
155299
155428
155444
155498
155559
155574
155614
155628
155634
155649
155675
155770
155817
156018
156261
156386
156590
156701
156807
156856
156871
157025
157077
157091
157121
157149
157187
157250
157286
157313
157390
157405
157418
157501
157529
157535
157643
157659
158047
158086
158203
158221
158489
158542
158580
158654
158669
158693
158765
158981
159029
159177
159260
159260
159587
159592
159819
159941
160039
160053
160088
160096
160155
160177
160218
160320
160335
160509
160512
160587
160723
160865
161158
161159
161255
161307
161421
161456
161582
161688
161892
161934
162227
162244
162258
162316
162339
162581
162583
162762
162768
162851
162907
163084
163416
163436
163468
163486
163533
163646
163755
163868
163910
164114
164140
164180
164249
164255
164345
164375
164565
164577
164589
164642
164751
164800
164803
164826
165040
165044
165234
165381
165642
165767
165864
165887
165934
165950
165993
166044
166047
166093
166100
166223
166289
166506
166533
166779
166814
166818
166941
166946
166948
167178
167317
167455
167492
167515
167530
167590
167647
167669
167674
167995
168086
168110
168176
168298
168317
168465
168530
168589
168640
168653
168746
168788
169088
169097
169111
169123
169184
169194
169196
169483
169491
169529
169537
169609
169630
169774
169784
169826
169862
169877
169914
169917
169925
170003
170059
170096
170216
170305
170305
170313
170327
170330
170423
170478
170639
170658
170854
170882
170923
171121
171185
171276
171410
171496
171501
171520
171563
171637
171770
171837
171874
171916
171952
172026
172026
172028
172121
172187
172429
172463
172499
172788
172890
173000
173039
173073
173115
173158
173165
173179
173224
173300
173475
173542
173562
173664
173756
173764
173859
173897
173924
174042
174046
174074
174197
174207
174252
174411
174438
174597
174662
174953
174963
175152
175228
175262
175398
175545
175602
175633
175653
175681
175765
175874
175896
175902
175940
175966
176109
176119
176184
176246
176345
176357
176368
176409
176499
176534
176549
176630
176706
176740
176751
176812
176875
176925
177030
177157
177193
177399
177518
177560
177704
177756
177781
178110
178182
178569
178648
178650
178723
178819
178987
179251
179421
179421
179587
179728
179788
180012
180051
180073
180182
180293
180413
180423
180427
180465
180710
180711
180713
180752
180925
180973
181232
181346
181394
181399
181656
181952
182057
182190
182212
182255
182260
182285
182467
182507
182741
182813
183041
183069
183151
183205
183254
183262
183304
183319
183333
183362
183710
183777
183951
184068
184081
184098
184245
184280
184431
184508
184743
184782
184834
184841
185198
185257
185382
185470
185490
185491
185563
185765
185920
186048
186080
186274
186291
186484
186738
186829
186910
186943
186965
187018
187082
187089
187167
187274
187302
187314
187342
187375
187388
187440
187542
187569
187604
187804
187906
187975
188118
188234
188279
188374
188394
188666
188889
188928
188963
189146
189165
189351
189447
189596
189667
189691
189801
190084
190182
190345
190375
190456
190460
190487
190487
190551
190565
190619
190621
190665
190754
190767
190774
190946
190983
191154
191234
191333
191415
191609
191660
191803
191869
191935
191945
191992
192081
192193
192223
192391
192502
192598
192609
192920
193191
193295
193347
193456
193480
193564
193628
193652
193698
193708
193832
193842
193882
193907
193983
194038
194244
194285
194289
194292
194320
194394
194419
194450
194468
194615
194617
194617
194618
194653
194737
194828
194895
194969
194995
195426
195462
195536
195673
195893
195928
195965
196260
196522
196779
196811
196875
196965
197028
197059
197160
197410
197436
197452
197487
197617
197631
197642
197665
197923
197983
198150
198190
198490
198834
198845
199109
199154
199248
199536
199600
199637
199639
199885
199991
200101
200184
200244
200392
200550
200793
200796
201064
201181
201209
201228
201249
201285
201455
201512
201594
201799
201868
202049
202056
202185
202287
202337
202375
202380
202699
202801
202912
202949
203354
203371
203655
203710
203737
203767
203913
204061
204113
204120
204202
204261
204285
204394
204401
204520
204762
204918
204982
205236
205397
205417
205802
206299
206557
206588
206637
206787
206866
207033
207047
207077
207172
207244
207253
207289
207459
207597
207658
208105
208180
208292
208379
208759
208769
208851
208856
208899
209025
209290
209446
209471
209513
209598
209643
209687
209698
209807
210091
210094
210596
210623
210685
210780
210855
210976
211010
211027
211116
211209
211311
211334
211373
211464
211559
211631
211824
211886
211911
212031
212491
212530
212632
212648
212682
212734
213011
213257
213419
213434
213499
213548
213650
213658
213700
213923
214024
214351
214355
214517
214796
214867
215039
215170
215264
215326
215544
215679
215763
215766
215860
215878
215942
216079
216269
216309
216314
216678
216679
216693
216700
216840
217073
217274
217288
217554
217659
217807
217893
218068
218080
218145
218175
218270
218621
218753
218772
219159
219223
219326
219632
219639
219749
219785
220080
220085
220137
220395
220399
220418
220425
220519
220548
220558
220690
220697
220735
220791
220873
221000
221037
221231
221272
221419
221462
221517
221723
221939
222089
222487
222597
222817
223002
223014
223111
223468
223508
223518
223583
223699
223717
223745
223819
224086
224087
224198
224274
224475
224552
224646
224657
224841
225237
225407
225600
225784
225898
226471
226561
226619
226910
226927
227015
227072
227417
227453
227875
227939
228303
228351
228463
228643
228838
228848
229314
229389
229582
229915
229962
230247
230604
230634
230864
231329
231480
231529
231573
231819
232003
232191
232265
232389
232489
232645
232732
232879
232946
233037
233303
233533
233587
233718
233734
233751
233762
233899
233944
234036
234195
234300
234812
234980
235068
235172
235239
235355
235475
235704
235932
235968
236001
236149
236255
236406
236503
236610
236654
236697
236743
236821
237748
238081
238236
238637
238672
238860
239335
239784
239824
240115
240372
240503
240516
240708
240795
241091
241116
241180
241203
241247
241526
241665
241675
241677
241851
241876
242178
242321
242412
242528
242530
242564
243107
243326
243557
243579
243617
243666
244017
244146
244523
244837
245253
246339
246385
246387
246388
246410
246433
246438
246589
246593
246703
247492
247591
247669
248657
248839
248864
248952
249046
249293
249398
249503
249594
249701
249796
250308
250462
250607
250825
250958
250985
250989
251007
251074
251250
251312
251489
251536
251565
251634
251829
251912
252005
252342
252350
252501
252522
252885
252972
253014
253362
253447
253633
253856
254100
254222
254321
254743
254762
254796
254855
255111
255141
255300
256291
256449
256576
256591
256597
256700
256905
257008
257012
257048
257081
257724
257765
257870
258128
258154
258158
258738
258744
258958
259045
259256
259356
259955
260228
260604
260668
260681
260798
261073
261112
261296
261367
261451
261494
261739
261912
261935
261964
261971
262037
262233
262607
262701
262743
262814
263339
263363
263376
263702
263716
263737
263761
263912
263922
264130
264634
264711
265191
265404
265617
266189
266254
266298
266389
266567
266571
266759
266790
266893
267085
267203
267349
267500
267542
267754
267979
268112
268721
268877
268914
268999
269027
269209
269574
269990
270171
270376
270439
270644
270664
270670
270737
271289
272034
272271
272376
272431
272651
272926
273010
273092
273174
273230
274054
274474
274513
274613
274647
274648
274800
274971
275156
275284
275449
275464
275589
275821
276446
276559
276572
276681
276713
276781
276804
276870
276877
277354
277625
277777
278157
278415
279522
279533
279646
280063
280088
280172
280363
280393
280485
280491
280966
280980
281147
281271
281434
282706
282867
283000
283076
283271
283343
283347
283570
283663
283686
283722
284172
284224
284792
284952
284954
285120
285287
285499
285867
285940
285956
286000
286148
286155
286559
286562
286715
286723
286829
286926
287244
287285
287716
288006
288694
288822
289216
289228
289298
289407
289603
290367
290553
290744
290932
291486
291499
291682
291731
292206
292440
292694
292842
293606
293626
293929
294220
294457
295185
295271
295972
296075
296097
296653
296900
297110
297192
297324
297626
298242
298365
298491
298657
298933
300208
300354
300881
301563
301572
301611
301624
301725
302163
302279
302440
302841
302953
303347
303452
303613
303923
303982
304059
305515
305571
306106
306221
306305
306335
306436
306546
306641
306916
307156
307840
308183
308359
309194
309792
310454
310969
311840
312228
312296
312575
313783
314200
314275
314401
314956
315005
315376
315830
315903
315924
316154
316240
316510
316655
316781
317278
317537
317792
317833
318116
318491
318494
318740
319801
319997
320293
320335
320812
320871
321120
321371
322100
322601
322804
323002
323268
323350
323881
324157
324546
324566
324617
324637
324696
324738
324900
325419
325550
326101
327042
327099
327281
327364
327620
328175
329719
329909
330036
330639
330972
332629
333123
333815
333901
334484
334497
334776
334807
335096
335159
335420
336184
337049
337934
338524
340009
340186
340219
340463
340621
340876
341099
341511
341796
342181
342914
343193
343366
343789
344423
344738
344835
345197
345404
345982
346392
346540
346628
346742
346809
347215
347642
347781
348266
348966
350870
351136
351181
351582
351771
351833
351885
352151
352431
352506
352580
352846
352957
353352
353909
354299
354347
355034
355359
355777
356662
357604
358243
358687
360133
360160
360921
360994
361025
361832
361931
361970
362139
363442
364538
364882
364973
365528
367082
367450
367863
368232
369393
369405
369563
369646
370241
370504
370625
371514
371540
373000
373284
374717
374779
375293
375328
375732
376808
377167
377894
377930
377996
378750
379411
379661
381265
381734
382049
382285
382405
383357
384335
387767
388130
390539
391145
391539
392081
393022
394249
394467
394862
395176
395434
395781
396195
396945
397100
398321
399257
399270
400549
401476
402906
403913
405332
405619
406832
407177
410554
412212
412793
417153
419624
420857
420864
421762
422281
422522
423030
423954
425027
427372
429844
430073
430107
431750
432589
433163
435308
436682
438322
441921
442146
443833
444978
445852
449359
449404
449852
451259
452907
455052
457421
458570
459966
465316
465690
466881
470873
471032
471883
475420
477294
479420
480815
483828
485545
487598
487859
487914
488081
491971
501640
507273
510897
521749
531459
533673
535512
536849
549678
549704
550683
558719
572527
576533
590397
590679
