0
0
20
74
99
128
129
227
229
262
293
330
455
509
523
546
556
593
651
754
814
939
939
941
964
995
1022
1029
1039
1055
1108
1159
1166
1176
1179
1292
1298
1302
1328
1354
1381
1383
1396
1412
1434
1436
1459
1475
1499
1646
1721
1746
1752
1765
2011
2174
2182
2197
2233
2281
2296
2367
2370
2388
2485
2498
2656
2668
2691
2749
2760
2797
2805
2805
2827
2862
2881
2905
2919
2960
2969
2983
3005
3013
3085
3090
3160
3197
3200
3205
3232
3263
3314
3343
3346
3373
3392
3524
3576
3583
3595
3705
3711
3760
3773
3790
3856
3861
3907
4012
4056
4066
4074
4082
4131
4178
4183
4234
4342
4361
4373
4455
4596
4606
4607
4614
4735
4756
4847
4866
4867
4870
4886
4949
5040
5093
5151
5158
5230
5235
5239
5248
5308
5333
5358
5369
5409
5411
5497
5503
5593
5621
5628
5682
5694
5706
5756
5789
5822
5873
5903
5918
5951
6053
6109
6112
6134
6145
6184
6199
6206
6208
6241
6273
6327
6347
6406
6457
6480
6482
6509
6517
6523
6554
6565
6593
6598
6624
6636
6658
6684
6727
6756
6803
6831
6863
6903
6914
6972
7023
7025
7042
7196
7208
7232
7250
7263
7298
7353
7365
7440
7523
7529
7556
7628
7646
7697
7856
7877
7889
7912
7914
8000
8042
8160
8198
8233
8309
8338
8359
8387
8429
8525
8548
8561
8586
8607
8646
8652
8680
8693
8712
8720
8722
8778
8812
8870
8902
9025
9067
9074
9320
9323
9323
9336
9356
9359
9457
9470
9472
9482
9492
9506
9571
9573
9626
9797
9820
9831
9846
9865
9914
9922
9945
9949
9949
10002
10008
10059
10159
10166
10185
10186
10214
10230
10239
10271
10277
10304
10313
10383
10392
10454
10462
10511
10524
10542
10546
10614
10648
10649
10736
10737
10739
10750
10800
10822
10895
10921
10983
11091
11092
11132
11145
11150
11214
11251
11254
11295
11365
11420
11435
11471
11529
11574
11623
11663
11740
11781
11881
11939
11966
11977
12095
12118
12203
12266
12300
12330
12377
12569
12629
12667
12682
12722
12726
12823
12846
12916
12987
13067
13076
13148
13168
13168
13187
13264
13330
13334
13354
13395
13522
13562
13592
13594
13630
13635
13714
13743
13750
13766
13774
13816
13877
13908
13925
14024
14027
14052
14058
14072
14099
14146
14153
14155
14249
14252
14287
14317
14348
14393
14424
14435
14444
14469
14471
14488
14500
14551
14567
14587
14590
14593
14624
14636
14692
14753
14764
14772
14792
14809
14855
14856
14859
14867
14909
15014
15061
15110
15125
15166
15250
15274
15302
15303
15303
15375
15384
15401
15406
15451
15456
15511
15517
15534
15540
15544
15613
15615
15633
15684
15700
15722
15745
15761
15775
15860
15913
15935
15953
16034
16048
16068
16070
16075
16158
16335
16374
16431
16433
16495
16517
16540
16548
16573
16624
16629
16672
16714
16726
16757
16892
16941
16971
16972
16987
17007
17010
17028
17050
17106
17140
17144
17205
17205
17295
17304
17345
17352
17357
17382
17388
17408
17461
17464
17467
17469
17506
17507
17718
17731
17753
17767
17849
17921
17925
17970
18093
18106
18163
18217
18223
18260
18299
18332
18410
18421
18427
18446
18452
18578
18606
18619
18700
18702
18708
18738
18797
18812
18815
18856
18858
18887
18911
18939
18959
18996
19041
19158
19212
19284
19286
19354
19381
19394
19440
19468
19501
19565
19577
19670
19718
19771
19779
19784
19802
19829
19852
19896
19906
19940
19975
20053
20074
20115
20122
20252
20254
20263
20265
20337
20453
20523
20534
20721
20725
20741
20898
20917
20928
21048
21109
21114
21183
21185
21241
21242
21272
21284
21301
21304
21375
21385
21416
21427
21434
21497
21579
21622
21626
21628
21636
21663
21697
21710
21744
21857
21952
22006
22013
22042
22043
22066
22086
22155
22189
22279
22285
22297
22355
22384
22398
22398
22448
22464
22606
22607
22623
22642
22662
22675
22819
22878
22896
22917
22985
23018
23026
23050
23068
23142
23171
23232
23236
23326
23368
23406
23420
23427
23475
23483
23496
23545
23560
23566
23586
23590
23599
23600
23623
23722
23756
23772
23793
23831
23853
23883
23950
23974
23993
24036
24087
24149
24186
24196
24215
24216
24217
24246
24263
24295
24366
24556
24591
24593
24661
24748
24835
24851
24877
24890
24950
25038
25065
25104
25135
25170
25225
25273
25366
25374
25426
25462
25552
25576
25613
25655
25664
25690
25692
25711
25722
25741
25807
25837
25892
25934
25936
25969
26059
26122
26140
26221
26280
26305
26321
26442
26522
26541
26565
26613
26677
26714
26715
26754
26758
26758
26762
26819
26835
26838
26886
26967
26980
27053
27103
27122
27135
27179
27228
27232
27233
27275
27289
27293
27330
27383
27460
27467
27470
27506
27522
27610
27631
27642
27661
27761
27812
27840
27852
27891
27937
27972
28057
28071
28079
28103
28117
28140
28159
28184
28186
28196
28295
28305
28314
28427
28448
28470
28506
28554
28573
28573
28611
28646
28672
28759
28803
28822
28852
28894
28904
28909
28909
28915
28994
29003
29023
29041
29048
29073
29075
29109
29147
29161
29207
29207
29292
29308
29410
29417
29438
29519
29569
29581
29610
29711
29757
29837
29951
29980
30000
30170
30185
30198
30200
30229
30229
30248
30264
30277
30327
30431
30498
30504
30528
30576
30587
30622
30679
30698
30720
30754
30781
30783
30831
30832
30835
30873
30875
30986
31029
31035
31060
31073
31098
31165
31215
31368
31396
31399
31402
31446
31451
31510
31534
31571
31603
31627
31673
31745
31833
31844
31862
31878
31994
32190
32229
32270
32327
32376
32485
32513
32516
32530
32549
32567
32592
32629
32642
32750
32779
32828
32887
32897
32900
32911
33073
33118
33118
33136
33159
33171
33171
33178
33208
33210
33290
33297
33323
33337
33365
33386
33421
33550
33569
33598
33621
33639
33668
33728
33762
33822
33899
33958
34006
34024
34026
34118
34218
34224
34245
34415
34425
34464
34488
34500
34514
34522
34539
34558
34579
34618
34653
34656
34659
34752
34766
34793
34864
34945
34963
34979
34985
35120
35147
35281
35288
35353
35382
35386
35505
35520
35612
35655
35697
35742
35856
35857
35859
35880
35893
35927
35962
35993
36067
36098
36129
36139
36165
36174
36187
36195
36221
36304
36377
36455
36471
36482
36491
36508
36547
36561
36592
36627
36693
36700
36749
36757
36767
36786
36807
36885
36900
36902
36902
36920
36922
37035
37060
37137
37138
37160
37228
37241
37299
37319
37371
37381
37387
37455
37480
37490
37566
37588
37605
37629
37662
37742
37757
37809
37815
37822
37826
37864
37902
37931
37994
37997
38058
38096
38172
38172
38203
38317
38363
38409
38506
38642
38739
38756
38759
38823
38872
38893
38941
39015
39136
39180
39251
39268
39349
39515
39532
39542
39574
39592
39597
39607
39764
39790
39829
39837
39878
39935
39938
40042
40074
40104
40125
40138
40179
40221
40266
40306
40311
40323
40324
40342
40395
40676
40734
40736
40882
40886
40906
40972
41005
41014
41060
41061
41119
41193
41210
41215
41250
41345
41426
41469
41470
41509
41511
41538
41662
41695
41718
41754
41758
41784
41787
41838
41877
41901
41930
42098
42122
42134
42142
42200
42225
42243
42245
42274
42305
42349
42377
42382
42394
42405
42416
42455
42465
42468
42485
42516
42590
42665
42743
42812
42841
42847
42927
42941
42943
42972
42983
43075
43113
43144
43147
43198
43302
43340
43404
43419
43423
43466
43561
43583
43712
43726
43755
43832
43912
43937
43943
43943
43964
44031
44075
44090
44168
44183
44256
44260
44313
44326
44372
44400
44402
44530
44559
44625
44664
44740
44760
44762
44779
44818
44856
44872
44887
44933
44953
44963
44971
44975
44984
45161
45180
45200
45206
45235
45273
45314
45324
45378
45410
45424
45439
45467
45504
45508
45567
45618
45645
45674
45686
45698
45736
45742
45818
45829
45833
45856
45913
45917
45957
45973
45988
46002
46064
46065
46090
46143
46192
46280
46281
46305
46423
46436
46469
46500
46514
46574
46717
46836
46864
46892
46898
46997
47024
47041
47143
47152
47257
47340
47343
47472
47475
47500
47538
47566
47583
47635
47672
47705
47734
47775
47815
47851
47852
47915
47927
47991
48002
48075
48114
48125
48190
48191
48210
48243
48260
48299
48318
48333
48340
48372
48427
48446
48457
48486
48510
48521
48611
48620
48691
48717
48752
48765
48780
48793
48838
48901
48922
48944
48970
48974
48989
49024
49061
49128
49129
49133
49193
49196
49201
49233
49263
49264
49378
49382
49465
49482
49519
49571
49716
49746
49762
49906
49937
49954
49954
49956
49978
49981
49997
50018
50107
50109
50115
50183
50190
50213
50311
50355
50408
50412
50424
50475
50491
50503
50586
50610
50633
50641
50755
50771
50785
50809
50837
50841
50843
50859
50937
50993
50997
51121
51192
51195
51257
51433
51443
51449
51457
51478
51678
51734
51757
51896
51950
51995
52005
52007
52012
52102
52110
52203
52265
52345
52362
52365
52511
52531
52541
52581
52593
52621
52622
52708
52775
52862
52877
52912
53031
53037
53063
53215
53238
53293
53463
53474
53489
53602
53658
53660
53750
53809
53844
53987
54156
54187
54198
54249
54268
54295
54326
54333
54339
54377
54479
54489
54563
54640
54724
54789
54810
54902
54941
54945
54953
54997
55078
55089
55197
55282
55316
55321
55332
55412
55445
55466
55476
55477
55479
55483
55518
55572
55624
55737
55789
55811
55990
56019
56025
56033
56115
56230
56231
56252
56361
56388
56534
56537
56577
56642
56687
56762
56769
56782
56852
56950
57010
57020
57034
57058
57094
57100
57150
57196
57218
57252
57306
57345
57372
57374
57375
57382
57391
57480
57545
57554
57569
57592
57637
57679
57821
57835
57875
57883
57887
57986
58015
58140
58256
58282
58289
58308
58323
58325
58336
58396
58473
58495
58530
58562
58569
58590
58591
58611
58723
58739
58783
58819
58823
58839
58879
58886
58923
58952
59037
59041
59069
59174
59204
59229
59240
59327
59415
59509
59513
59516
59584
59584
59600
59619
59633
59663
59664
59694
59695
59718
59719
59747
59753
59768
59770
59820
59913
59922
59981
60093
60108
60150
60153
60270
60297
60299
60413
60430
60440
60485
60532
60608
60609
60630
60635
60662
60682
60706
60751
60806
60894
60919
60948
60978
61111
61112
61131
61265
61278
61286
61306
61340
61353
61356
61411
61507
61520
61528
61687
61693
61697
61747
61779
61824
61843
61892
61896
61896
61901
61985
61993
62003
62019
62023
62042
62116
62181
62196
62205
62352
62466
62468
62471
62477
62511
62543
62554
62595
62628
62669
62736
62767
62771
62895
62926
62931
63015
63111
63173
63179
63195
63207
63226
63238
63250
63265
63334
63339
63340
63411
63429
63585
63628
63684
63772
63804
63877
63922
64056
64064
64109
64167
64238
64381
64554
64578
64583
64614
64636
64639
64650
64761
64787
64810
64863
64949
64962
64981
65072
65083
65100
65135
65183
65188
65237
65442
65456
65467
65481
65525
65727
65773
65783
65810
65812
65873
66024
66054
66114
66164
66197
66200
66407
66454
66465
66517
66582
66606
66631
66797
66808
66813
66816
67043
67064
67089
67124
67185
67322
67329
67353
67362
67402
67407
67413
67459
67476
67492
67498
67509
67591
67599
67691
67780
67818
67827
67829
67877
67975
67981
68041
68265
68297
68479
68487
68523
68691
68769
68948
68958
68974
68997
69009
69056
69095
69235
69240
69251
69281
69343
69376
69414
69437
69456
69555
69719
69793
69908
69911
69915
69991
69998
70053
70103
70167
70268
70272
70301
70337
70357
70403
70424
70443
70444
70464
70481
70559
70649
70653
70726
70769
70805
70841
70849
70911
70954
70969
70981
70981
71033
71083
71105
71149
71153
71225
71249
71256
71281
71302
71329
71335
71373
71388
71409
71416
71497
71547
71677
71686
71704
71709
71761
71805
71882
71923
71930
71931
71951
71985
71992
72053
72080
72100
72152
72183
72220
72247
72270
72297
72438
72517
72520
72526
72579
72590
72593
72617
72622
72726
72777
72817
72869
72949
72972
73019
73073
73183
73243
73256
73259
73325
73334
73351
73382
73401
73455
73480
73512
73530
73541
73558
73633
73636
73657
73662
73709
73713
73720
73725
73786
73788
73819
73947
73979
74050
74069
74073
74124
74130
74156
74161
74209
74217
74306
74320
74392
74429
74489
74496
74583
74586
74608
74672
74709
74761
74774
74939
75063
75120
75128
75147
75158
75163
75187
75192
75240
75308
75346
75381
75408
75466
75498
75507
75557
75749
75821
75831
75844
75854
75861
76006
76039
76084
76088
76094
76097
76120
76137
76143
76167
76200
76210
76275
76314
76327
76331
76405
76442
76626
76647
76657
76729
76741
76772
76831
76912
76931
76951
76988
76991
77030
77076
77114
77124
77153
77164
77164
77169
77183
77257
77297
77311
77357
77541
77541
77611
77616
77652
77653
77700
77727
77762
77807
77849
77863
77870
77889
77898
77978
78035
78055
78060
78068
78077
78115
78137
78154
78210
78215
78228
78278
78341
78459
78472
78535
78597
78607
78643
78656
78677
78722
78827
78892
78938
79035
79124
79212
79225
79257
79315
79316
79339
79435
79461
79574
79603
79631
79679
79702
79705
79708
79870
79890
80017
80039
80090
80100
80111
80172
80189
80209
80215
80215
80250
80337
80456
80530
80569
80572
80607
80623
80642
80659
80662
80672
80675
80735
80753
80767
80837
80899
81071
81074
81115
81132
81185
81228
81246
81256
81316
81410
81534
81641
81671
81714
81737
81833
81859
81885
81901
81913
81935
81950
82063
82083
82095
82125
82131
82135
82198
82223
82249
82259
82263
82303
82319
82388
82414
82448
82506
82617
82684
82685
82797
82828
82937
83054
83153
83163
83182
83187
83189
83234
83278
83291
83299
83302
83385
83389
83422
83483
83588
83601
83625
83628
83693
83695
83745
83746
83806
83808
83836
83873
83930
83951
83971
84009
84014
84103
84135
84147
84198
84248
84270
84323
84374
84467
84503
84517
84561
84599
84622
84632
84659
84674
84700
84700
84762
84829
84858
84910
84946
85098
85208
85221
85229
85252
85339
85489
85537
85660
85769
85807
85809
85839
85848
85977
86023
86148
86162
86177
86204
86233
86372
86407
86446
86590
86609
86672
86711
86728
86771
86808
86815
86818
86842
86873
86926
86972
87092
87123
87176
87249
87257
87293
87365
87374
87395
87433
87434
87438
87456
87520
87661
87675
87692
87697
87736
87736
87741
87877
87884
87899
87963
88104
88140
88177
88209
88314
88320
88357
88387
88541
88542
88546
88552
88667
88728
88732
88776
88793
88885
88886
89026
89134
89161
89309
89324
89360
89385
89415
89490
89658
89746
89788
89820
89944
90052
90103
90200
90235
90257
90261
90283
90293
90310
90361
90365
90382
90424
90436
90461
90580
90594
90647
90648
90650
90668
90668
90696
90700
90705
90707
90709
90761
90766
90797
90817
90854
90864
90872
90968
90998
91173
91180
91183
91278
91293
91312
91342
91393
91424
91689
91697
91708
91761
91807
91852
91855
91879
91906
92039
92042
92136
92162
92191
92206
92221
92271
92352
92432
92460
92460
92520
92559
92561
92586
92589
92603
92804
92828
92858
92867
92878
92910
92944
92949
93020
93072
93106
93233
93374
93408
93504
93565
93592
93617
93654
93730
93747
93762
93788
93801
93807
93868
93898
93910
93921
93944
93947
93994
93997
94000
94015
94071
94131
94170
94172
94198
94215
94215
94237
94247
94257
94301
94320
94426
94448
94572
94630
94652
94720
94723
94751
94825
94931
94942
94951
94958
94983
95090
95347
95393
95393
95449
95453
95464
95611
95641
95654
95672
95778
95782
95785
95785
95892
95941
95975
95980
96040
96108
96146
96251
96272
96289
96329
96399
96501
96511
96561
96580
96629
96653
96669
96672
96675
96700
96705
96720
96720
96764
96809
96833
96880
96900
96941
97069
97105
97134
97192
97198
97322
97323
97338
97340
97374
97385
97399
97400
97442
97634
97693
97928
97973
97989
98115
98143
98146
98164
98221
98257
98257
98320
98324
98405
98457
98497
98530
98568
98770
98861
98916
98924
99051
99071
99105
99121
99143
99225
99381
99413
99465
99477
99511
99512
99542
99563
99570
99702
99866
99952
100020
100023
100033
100134
100212
100240
100249
100260
100282
100293
100398
100469
100548
100590
100600
100623
100698
100714
100738
100760
100798
100877
100940
100940
101014
101028
101120
101137
101153
101278
101328
101635
101661
101757
101769
101775
101778
101893
101920
101974
102079
102125
102129
102142
102146
102168
102322
102397
102404
102518
102574
102590
102620
102676
102830
102853
102932
102948
103100
103128
103135
103136
103165
103209
103227
103252
103330
103415
103514
103543
103644
103803
103860
103882
103903
103917
103958
104084
104128
104139
104279
104281
104361
104469
104481
104537
104555
104619
104636
104782
104796
104799
104801
104823
104859
104874
104917
105059
105103
105181
105251
105300
105387
105529
105586
105699
105762
105773
105781
105786
105792
105836
105923
105990
106030
106088
106211
106212
106272
106295
106311
106428
106500
106529
106556
106596
106735
106752
106792
106858
106873
106907
106972
106984
106994
107007
107036
107068
107097
107120
107142
107272
107273
107289
107347
107357
107384
107390
107405
107415
107460
107489
107528
107543
107576
107580
107696
107716
107729
107730
107868
108002
108096
108154
108184
108191
108247
108357
108430
108438
108446
108461
108466
108561
108562
108682
108725
108726
108740
108829
108832
108958
108995
109016
109021
109023
109080
109127
109164
109189
109377
109448
109449
109486
109552
109723
109752
109943
110007
110085
110091
110130
110164
110195
110204
110229
110300
110328
110389
110406
110408
110464
110509
110550
110581
110619
110637
110733
110814
110874
110997
111163
111298
111304
111338
111346
111513
111578
111672
111721
111735
111843
111851
111997
112053
112058
112270
112305
112313
112330
112422
112428
112452
112504
112585
112682
112696
112711
112715
112750
112762
112851
112852
112947
112952
113012
113028
113087
113114
113116
113138
113180
113264
113300
113327
113455
113545
113622
113625
113640
113787
113893
113908
113934
113977
114002
114061
114124
114141
114195
114254
114425
114557
114559
114692
114700
114716
114835
114910
114918
115047
115096
115144
115159
115187
115275
115453
115757
115779
115853
116027
116066
116125
116296
116303
116305
116352
116373
116404
116535
116611
116615
116619
116677
116753
116759
116827
116959
116977
116989
117157
117194
117212
117267
117479
117521
117547
117582
117637
117726
117750
117870
117997
118002
118026
118059
118200
118201
118235
118239
118276
118343
118346
118371
118410
118443
118482
118561
118566
118675
118733
118813
118915
118968
119034
119118
119173
119222
119237
119279
119280
119443
119485
119490
119515
119681
119766
119878
120046
120064
120118
120140
120146
120177
120184
120187
120236
120293
120383
120423
120441
120472
120500
120509
120525
120595
120629
120688
120708
120733
120740
120858
120933
121062
121068
121082
121141
121163
121164
121213
121291
121351
121468
121479
121538
121655
121721
121727
121731
121788
121814
121849
121937
121986
121993
122013
122034
122127
122165
122227
122231
122246
122318
122325
122487
122537
122640
122668
122709
122728
122835
122871
122918
122923
122934
123006
123078
123141
123221
123224
123277
123277
123322
123390
123394
123410
123417
123435
123437
123557
123559
123579
123588
123603
123604
123808
123909
123977
123995
124025
124044
124047
124170
124222
124297
124297
124349
124396
124487
124493
124501
124516
124517
124544
124621
124682
124682
124825
124845
124952
125008
125087
125166
125265
125330
125398
125447
125447
125539
125591
125801
125828
125847
125898
125946
126049
126066
126068
126088
126179
126204
126230
126295
126364
126370
126588
126636
126671
126796
126798
126817
126828
126834
126879
126904
126932
126935
127020
127077
127116
127118
127149
127161
127255
127299
127301
127311
127348
127348
127415
127437
127514
127545
127707
127721
127763
127812
127870
127874
127907
127944
128012
128140
128203
128205
128295
128323
128363
128364
128403
128424
128449
128800
128837
128837
128936
128943
128954
129339
129382
129437
129515
129528
129613
129654
129659
129719
129721
129783
129815
129912
130023
130194
130274
130276
130309
130317
130374
130391
130526
130534
130580
130643
130668
130702
130711
130731
130732
130739
130744
130795
130908
131021
131121
131228
131231
131241
131295
131331
131354
131450
131543
131596
131720
131773
131940
131984
131999
132000
132029
132117
132165
132170
132193
132206
132244
132313
132342
132360
132439
132458
132579
132654
132734
132735
132745
132764
132899
132931
132982
133013
133037
133056
133080
133100
133176
133209
133220
133229
133365
133420
133453
133518
133522
133550
133625
133633
133677
133683
133700
133707
133709
133713
133833
133876
133905
133930
134046
134160
134179
134193
134336
134357
134381
134410
134419
134508
134518
134528
134550
134610
134625
134648
134702
134704
134705
134827
134862
134944
134958
134987
135025
135132
135206
135238
135247
135276
135276
135277
135281
135293
135407
135440
135524
135529
135604
135668
135744
135824
135862
135941
135956
136022
136026
136038
136150
136196
136209
136238
136253
136280
136306
136388
136472
136487
136559
136586
136594
136626
136628
136673
136830
136883
136890
136893
137136
137181
137199
137240
137240
137281
137285
137404
137430
137530
137558
137854
137889
137964
138076
138081
138122
138135
138268
138314
138320
138324
138345
138357
138388
138531
138547
138573
138587
138660
138769
138773
138794
138911
138928
138970
139036
139221
139224
139305
139329
139449
139563
139591
139598
139686
139705
139726
139729
139779
139868
139939
139949
140030
140038
140070
140088
140146
140189
140215
140219
140224
140227
140537
140556
140602
140607
140624
140665
140681
140710
140759
140822
140881
140927
141050
141074
141244
141299
141352
141426
141460
141659
141661
141705
141806
141960
142102
142112
142153
142217
142414
142449
142498
142581
142621
142694
142706
143054
143119
143264
143287
143295
143296
143343
143351
143445
143448
143501
143560
143648
143655
143707
143725
143797
143906
143949
144037
144142
144256
144405
144416
144434
144502
144508
144604
144627
144679
144741
144826
144924
144943
144963
145009
145121
145255
145338
145342
145360
145405
145507
145515
145608
145629
145721
145726
145728
145782
145872
145921
146337
146391
146443
146504
146542
146685
146728
146772
146779
146974
147142
147144
147145
147187
147247
147330
147384
147403
147452
147489
147560
147576
147637
147649
147667
147724
147825
147880
147916
147919
147921
147928
147940
147954
148070
148077
148166
148195
148195
148340
148432
148560
148586
148625
148674
148675
148692
148881
148982
149184
149247
149324
149332
149343
149379
149449
149554
149568
149584
149601
149641
149745
149749
149878
149912
149936
149984
150024
150047
150143
150305
150423
150426
150447
150501
150669
150703
150829
150847
150852
150859
151050
151220
151336
151373
151415
151447
151496
151522
151614
151795
151813
152097
152143
152228
152406
152427
152433
152461
152587
152675
152776
152885
152939
152959
153034
153038
153135
153211
153271
153375
153503
153554
153599
153622
153664
153688
153748
153893
153902
154146
154159
154290
154292
154354
154434
154445
154495
154622
154673
154948
155055
155154
155189
155203
155260
155341
155347
155709
156118
156291
156424
156491
156534
156569
156627
156719
156788
156839
156873
156965
157002
157055
157067
157085
157160
157161
157215
157223
157227
157240
157325
157342
157368
157374
157436
157447
157457
157555
157642
157990
157994
158111
158167
158396
158495
158508
158511
158554
158628
158872
158900
158906
158917
158988
159051
159068
159156
159259
159349
159377
159770
159817
159863
159875
160014
160068
160165
160383
160410
160432
160528
160535
160585
161360
161535
161588
161608
161732
161868
161887
161897
162001
162079
162096
162102
162114
162119
162268
162322
162326
162424
162455
162457
162536
162548
162634
162806
162843
162984
162995
163002
163002
163007
163033
163127
163152
163157
163541
163549
163638
163854
163990
164027
164085
164175
164216
164280
164451
164469
164560
164603
164691
164781
164809
164838
165102
165453
165568
165572
165638
165657
165849
166043
166097
166101
166117
166172
166226
166335
166343
166364
166417
166466
166526
166610
166618
166638
166656
166823
166848
166929
166998
167046
167051
167121
167126
167175
167206
167239
167312
167411
167538
167579
167630
167635
167635
167637
167654
167720
167860
167968
167987
168054
168071
168077
168102
168133
168157
168165
168203
168271
168273
168500
168534
168567
168593
168605
168657
168666
168871
168888
169033
169079
169202
169440
169616
169734
169762
169796
169823
169894
169940
170003
170054
170084
170359
170542
170542
170584
170658
170686
170699
170771
170817
170964
170970
170972
171032
171059
171175
171189
171201
171654
171773
171810
171860
171989
172047
172076
172123
172237
172386
172470
172780
173206
173248
173309
173332
173404
173436
173461
173467
173520
173535
173703
173808
173856
173893
174050
174127
174188
174214
174229
174330
174562
174606
174615
174728
174741
174756
174848
174899
175027
175065
175143
175204
175381
175409
175465
175502
175520
175612
175637
175846
175930
176055
176297
176594
176666
176666
176772
177110
177123
177136
177138
177148
177193
177253
177283
177349
177432
177434
177449
177590
177687
177794
177812
177823
177845
177885
177886
177887
177965
178122
178141
178216
178269
178299
178382
178534
178673
178726
178729
178737
179072
179354
179399
179413
179417
179521
179560
179695
179726
180001
180056
180160
180205
180282
180318
180335
180408
180488
180498
180553
180647
180680
180739
180811
180827
180878
180939
180953
181098
181099
181201
181223
181230
181376
181566
181812
181870
182005
182247
182279
182361
182369
182376
182422
182438
182597
182748
182872
182921
183070
183072
183080
183084
183114
183196
183327
183434
183460
183509
183708
183732
183802
183903
184013
184040
184166
184278
184382
184430
184846
184916
184959
185066
185074
185093
185357
185362
185514
185604
185632
185841
185994
186069
186187
186248
186361
186430
186472
186473
186988
187014
187120
187139
187217
187307
187315
187386
187429
187467
187484
187484
187497
187515
187519
187701
187718
187936
188216
188729
188883
189140
189255
189303
189579
189651
189713
189924
189946
190015
190040
190049
190113
190227
190266
190395
190458
190468
190580
191454
191472
191722
191748
191908
191937
192153
192290
192493
192523
192616
192655
192696
192844
192848
192993
192996
193323
193414
193462
193499
193551
193635
193697
193754
193923
194076
194329
194343
194359
194646
194817
194824
194946
194991
195288
195325
195358
195398
195484
195524
195663
195836
195914
195930
195942
195994
196056
196153
196220
196441
197019
197051
197297
197406
197497
197582
197586
197615
197750
197763
197766
197996
198134
198134
198163
198169
198298
198362
198386
198409
198530
198698
198830
198849
198997
199176
199236
199288
199328
199342
199586
199660
199705
199959
200112
200629
200635
200638
200664
200737
200824
200827
200903
201022
201137
201343
201383
201398
201426
201550
201572
201668
201765
201847
202100
202111
202165
202194
202269
202280
202484
202489
202494
202642
202664
202801
202828
203002
203007
203125
203144
203249
203277
203324
203348
203387
203720
203726
203842
203900
203981
203991
204021
204040
204048
204166
204240
204258
204330
204366
204454
204574
204687
204886
204914
205027
205056
205234
205316
205510
205542
205851
205854
205875
205889
205963
205991
206030
206228
206278
206283
206541
206598
206665
206705
206879
207065
207088
207112
207136
207278
207312
207401
207560
207686
208095
208701
208710
208741
208795
208874
209040
209072
209237
209261
209313
209560
209593
209692
209725
209746
209914
209922
209934
209965
209965
210076
210091
210193
210370
210441
210493
210529
210584
210600
210679
210692
210699
210736
210830
211040
211114
211173
211237
211365
211451
211522
211675
211699
211733
211741
211798
211810
212003
212294
212473
212685
212866
212920
212931
212940
213264
213472
213525
213673
213922
214130
214525
214550
214575
214670
214754
214854
215240
215515
215560
215570
215632
215708
215925
216011
216198
216202
216223
216282
216318
216783
216817
216869
216878
217159
217325
217468
217761
217870
217944
218173
218310
218487
218573
218747
218926
219099
219100
219187
219212
219240
219313
219339
219440
219513
219632
219916
219925
220077
220129
220181
220289
220303
220442
220470
220957
221153
221154
221227
221300
221397
221512
221565
221568
221687
221761
221781
221990
222303
222355
222401
222613
222675
222972
223079
223120
223226
223256
223363
223442
223554
224496
224551
224567
224606
224607
224612
225072
225428
225639
225799
225990
226142
226596
226613
226621
226638
226679
226706
226885
227093
227398
227458
227504
227708
227879
227982
227992
228058
228149
228161
228188
228296
228324
228364
228905
229102
229149
229152
229293
229364
229433
229470
229540
229953
230035
230167
230439
230601
230601
230650
230724
230917
231031
231065
231602
231610
231679
231689
231860
232001
232279
232310
232347
232355
232403
232424
232470
232612
232816
233484
233530
233603
233732
233775
233780
233909
233913
234338
234465
234757
234812
234849
234898
234965
234990
235000
235153
235295
235317
235332
235374
235849
235877
235902
236059
236072
236078
236396
236486
236824
236976
236995
237065
237090
237100
237317
237605
237649
237687
237832
237867
237972
238079
238212
238448
238450
238517
238567
238629
238826
238962
239150
239171
239201
239322
239337
239348
239457
239457
239820
240267
240312
240336
240363
240702
240795
241101
241103
241139
241347
241388
241653
241663
242021
242120
242144
242373
242713
242919
243017
243304
243434
243469
243677
243839
243847
243945
244562
244708
244809
244877
244981
245020
245118
245672
245995
246066
246193
246199
246432
246595
246634
246700
246776
246927
246954
247102
247121
247202
247281
247339
247506
247544
247571
247608
248061
248149
248378
248452
248563
248627
248847
249044
249487
249551
249897
249941
250000
250154
250216
250254
250449
250554
250598
250755
251029
251099
251265
251516
251680
251747
251775
251909
251993
252131
252312
252435
252595
252665
252685
252733
252812
253045
253206
253396
253886
254057
254226
254364
254446
254678
254797
254872
254913
254915
254939
255103
255205
255214
255442
255562
255710
255800
255855
255863
255964
256104
256163
256352
256475
256533
256726
256776
256832
256884
256886
257000
257223
257241
257258
257277
257451
257994
258068
258184
258292
258452
258480
258662
258705
259017
259079
259505
260037
260118
260171
260229
260410
260433
260669
260770
261027
261114
261198
261286
261727
261925
261973
262161
262329
262897
262928
262994
263033
263276
263358
263872
263887
263892
264081
264160
264165
264217
264224
264423
264430
264443
264776
264914
265106
265273
265291
265588
265642
265805
265903
265926
266037
266119
266559
266748
266752
266928
267110
267319
267420
267620
267679
267922
267968
268014
268147
268352
268501
268984
269378
269446
269998
270087
270322
270727
270958
271458
271728
271795
271950
272200
272257
272325
272368
272603
272660
272816
272859
272949
272991
273012
273223
273342
273504
273810
273841
273886
274042
274144
274368
274514
274709
274774
275176
275197
275337
275481
275529
275839
275908
276283
276366
276828
276999
277195
277572
277741
277880
278254
278392
278603
278792
279122
279532
279655
279818
279834
279978
280124
280266
280399
280685
280938
280944
281055
281354
281362
281779
281782
281801
282527
282651
282926
283255
283514
284045
284372
284482
284595
285049
285264
285284
285338
285425
285580
285811
286283
286316
287011
287105
287225
287366
287446
287849
287925
288738
288760
288776
288883
288999
289060
289116
289143
289220
290007
290063
290374
290439
290937
290979
291716
292321
292343
292407
292493
292660
292886
292943
293189
293593
293709
294349
295307
295624
295697
295804
296448
296613
296746
297009
297064
297149
297334
297388
297652
297713
297779
297916
298050
298117
298673
298850
298865
299762
299827
300231
300432
300644
300694
300945
301213
301226
302258
302471
303131
303221
303229
303441
303640
304605
304797
305256
305297
305360
305410
305498
305506
305544
305576
305900
305972
306255
306365
306547
306574
306616
307039
307388
307523
307998
308639
308986
309256
309452
309458
309602
309661
309841
309925
310360
310614
310773
310878
310906
310965
311193
311208
312092
312266
312802
313040
313133
313288
313405
314063
314303
314381
314991
315194
315537
315800
316587
316835
317054
317752
318075
318152
318193
318215
318502
318507
318607
318827
319018
319127
319475
319485
319653
320030
320528
320613
320920
321489
321528
321771
321898
321912
322212
323579
323724
323744
324155
324210
324261
325144
325600
325753
325874
325939
326080
326147
326171
326691
327062
327247
327420
327617
327791
328354
328445
328652
329664
330143
331480
331541
332036
332108
332147
332211
332828
333019
333522
333523
333682
334525
335085
335688
335847
336058
336144
336481
336605
337419
337800
338526
338720
338832
338943
338964
339119
339747
340077
340098
340172
340384
340393
340701
341112
341458
341698
341707
342185
342584
342838
342927
342986
343033
343151
343674
344000
344902
345213
345278
345669
345770
346232
346253
346323
346354
346868
346903
347156
347376
347554
348703
349510
349721
349740
349904
350232
350270
350302
350333
350454
350513
350552
351675
351689
351809
351821
352032
352263
352625
353030
353464
353775
353989
354117
354283
354305
354812
355169
355386
355460
355470
356155
356230
356443
356753
359169
359305
359518
359870
360170
360663
361957
362841
363135
363984
365496
366271
366471
367035
368166
368455
368919
369357
369556
369930
370362
370810
371073
371436
371520
371556
371725
372537
372571
373102
373341
373996
374189
375443
375927
376848
377041
377077
377780
378529
379682
380117
380284
381641
381854
382472
384153
384238
385629
386364
386940
387423
387766
388467
388567
389746
389901
391839
391943
391984
392105
392161
392877
393089
393539
394654
396386
397523
397959
398567
398643
399383
401240
401939
402175
402307
405095
405117
405613
406954
407228
407479
407717
408808
409851
410412
410623
411001
411511
412372
413720
414626
414861
415166
415190
419472
419952
420511
420620
420654
420830
422308
422885
422972
423113
423189
427051
428273
430610
431102
431279
431876
432105
432117
433013
433734
433743
434058
434699
435162
436467
437280
438895
439180
439945
440345
440704
441845
449658
450644
451229
451343
452253
453168
453801
454415
457532
457907
458499
460205
461093
461244
462018
467278
468075
470162
471754
472951
474210
478191
480383
481338
481874
485958
493472
496768
497287
498453
501292
501346
513245
518162
519777
520525
520552
530625
545391
560189
577348
587336
598570
599124
614679
