0
0
13
87
133
141
248
263
278
444
475
476
513
521
535
538
560
582
583
633
679
688
716
874
906
967
974
1044
1063
1084
1124
1188
1197
1248
1273
1274
1291
1336
1349
1411
1435
1476
1594
1671
1691
1703
1755
1787
1906
1906
1910
1929
2037
2079
2091
2104
2256
2379
2467
2483
2553
2578
2583
2591
2609
2643
2666
2739
2915
3052
3077
3142
3245
3301
3406
3433
3604
3677
3681
3741
3774
3871
3879
3987
4019
4026
4053
4068
4077
4108
4279
4301
4372
4546
4563
4646
4717
4794
4810
5009
5062
5075
5101
5280
5419
5510
5526
5565
5634
5636
5642
5660
5667
5688
5701
5703
5862
5876
5880
5957
5968
6084
6126
6151
6183
6213
6271
6326
6373
6376
6413
6528
6616
6631
6654
6676
6676
6837
6931
6969
6980
7088
7104
7118
7135
7239
7278
7280
7368
7433
7508
7509
7534
7564
7739
7799
7887
7923
8002
8054
8076
8083
8094
8106
8119
8138
8163
8253
8319
8358
8379
8502
8637
8675
8787
8855
8921
8963
8967
9007
9185
9277
9295
9369
9430
9973
10031
10148
10175
10206
10253
10277
10453
10480
10485
10708
10749
10879
10907
10970
10979
11004
11130
11156
11275
11293
11302
11418
11530
11643
11650
11652
11667
11696
11784
11808
11903
11954
12073
12091
12237
12259
12264
12266
12300
12358
12426
12602
12605
12650
12685
12779
12813
12842
12903
12961
13098
13135
13169
13379
13380
13397
13453
13680
13727
13736
13771
13803
13812
13857
13945
13990
14131
14147
14150
14156
14168
14178
14216
14303
14467
14553
14732
14748
14772
14814
14940
14998
15067
15081
15193
15209
15231
15243
15247
15318
15368
15390
15426
15469
15526
15659
15718
15798
15846
15944
15968
15991
16096
16173
16276
16284
16287
16351
16426
16428
16523
16594
16704
16729
16737
16779
16789
16791
16853
16951
16972
17143
17208
17226
17296
17339
17422
17485
17529
17580
17808
17816
17840
17847
17983
18011
18076
18090
18171
18191
18271
18342
18447
18535
18576
18610
18707
18716
18810
18814
18829
18850
18957
19077
19140
19153
19430
19566
19568
19582
19687
19765
19816
19844
19877
19883
19899
20009
20059
20088
20093
20127
20146
20229
20269
20283
20378
20407
20480
20514
20599
20686
20850
20919
20929
20943
20986
21075
21133
21134
21170
21352
21405
21513
21539
21553
21653
21683
21718
21791
21898
21945
21959
21961
21967
21991
22003
22069
22098
22143
22151
22269
22315
22364
22465
22469
22543
22584
22589
22632
22777
22904
22921
22984
23005
23249
23356
23366
23381
23469
23693
23787
23994
24121
24159
24206
24255
24281
24323
24373
24413
24482
24650
24670
24677
24841
24867
24877
24890
25052
25190
25219
25225
25550
25607
25641
25707
25768
26112
26188
26280
26389
26520
26575
26620
26638
26674
26720
26914
26956
27120
27136
27283
27289
27335
27424
27436
27450
27499
27619
27684
27685
27816
27818
27849
28009
28063
28067
28089
28134
28185
28261
28334
28337
28362
28425
28460
28469
28612
28619
28766
28828
28886
29092
29105
29246
29303
29328
29451
29572
29597
29632
29652
29729
29825
29841
29902
29953
30031
30036
30038
30046
30108
30375
30682
30774
30873
30885
30906
30923
31005
31012
31100
31110
31168
31206
31403
31452
31547
31554
31562
31588
31645
31658
31775
31814
31872
31898
31899
31973
32028
32164
32195
32287
32288
32323
32384
32388
32391
32618
32646
32740
32767
32787
32806
32847
32927
32940
32947
32969
32998
33157
33178
33229
33259
33378
33424
33487
33517
33538
33560
33773
33804
33849
33945
33987
34058
34143
34263
34267
34330
34337
34404
34413
34510
34516
34622
34627
34675
34732
34780
34836
34852
34916
34936
34996
35035
35086
35172
35177
35276
35303
35305
35315
35318
35350
35361
35425
35446
35498
35608
35728
35728
35796
35945
36072
36132
36190
36350
36385
36417
36418
36524
36591
36618
36663
36666
36744
36790
36862
36928
37053
37065
37110
37114
37152
37225
37348
37479
37624
37631
37640
37680
37884
37895
38122
38126
38168
38185
38493
38553
38559
38650
38684
38767
38823
38839
38919
39023
39026
39185
39335
39364
39516
39620
39667
39755
39774
39824
39854
39855
39922
39985
39986
40097
40254
40254
40259
40525
40548
40553
40614
40643
40844
40854
40870
41131
41325
41331
41508
41554
41567
41575
41581
41660
41703
41707
41712
41790
41833
41959
42013
42019
42109
42118
42178
42296
42311
42328
42348
42379
42444
42605
42701
42750
42757
42858
42939
42944
42983
43030
43058
43071
43110
43183
43257
43317
43327
43429
43607
43696
43713
43729
43988
43994
43995
44152
44368
44375
44419
44554
44892
44984
44998
45261
45427
45429
45508
45526
45533
45561
45566
45756
45778
45915
45941
45947
46049
46058
46089
46378
46381
46403
46417
46506
46584
46690
46814
46944
46946
47067
47113
47210
47272
47285
47294
47331
47355
47367
47518
47576
47686
47756
47898
47980
48196
48249
48523
48614
48639
48756
48837
48872
48902
48908
48996
49111
49162
49218
49232
49248
49383
49470
49553
49558
49598
49619
49675
49720
49785
49816
49924
49947
49983
50041
50242
50420
50554
50555
50794
50805
50898
50936
51181
51300
51359
51394
51435
51551
51609
51639
51742
51866
52002
52016
52054
52186
52345
52354
52357
52358
52576
52603
52621
52711
52739
52958
52966
52975
53008
53108
53131
53262
53265
53285
53356
53461
53513
53514
53553
53681
53768
53769
53830
53832
53917
54006
54038
54096
54186
54463
54490
54520
54551
54554
54556
54589
54756
54801
54861
54879
54879
54975
55115
55163
55175
55176
55230
55266
55281
55312
55320
55383
55402
55461
55463
55511
55542
55690
55702
55805
55813
55898
55905
56001
56094
56187
56236
56258
56288
56487
56553
56562
56596
56703
56776
56789
56811
56822
56929
56961
56975
57006
57020
57142
57149
57318
57350
57421
57441
57467
57500
57504
57532
57538
57558
57561
57848
57945
58014
58027
58400
58423
58501
58749
59077
59106
59200
59257
59304
59390
59412
59482
59509
59517
59585
59655
59672
59691
59871
59896
59979
59986
60054
60182
60196
60226
60390
60559
60750
60759
60789
60793
60842
60947
61009
61105
61140
61145
61179
61211
61292
61348
61381
61475
61516
61598
61617
61653
61666
61674
61690
61740
61905
61923
61925
61947
62099
62102
62104
62139
62149
62178
62247
62311
62317
62399
62422
62484
62705
62800
62987
63023
63028
63105
63145
63220
63233
63247
63344
63594
63667
63698
63846
63940
63946
64086
64086
64087
64205
64238
64308
64316
64519
64530
64552
64562
64602
64737
64738
64791
64804
64930
65021
65024
65259
65292
65393
65413
65522
65532
65550
65555
65709
65712
65753
65775
65810
65926
66206
66358
66453
66619
66646
66875
66915
66915
67007
67119
67478
67564
67656
67792
67859
67951
68002
68125
68487
68536
68564
68669
68672
68672
68713
68734
68742
68745
68766
68807
68828
68916
69222
69245
69387
69651
69709
69714
69754
69880
70005
70086
70193
70218
70307
70364
70372
70389
70415
70474
70527
70558
70573
70639
70702
71077
71182
71221
71288
71326
71383
71414
71426
71505
71552
71553
71609
71615
71628
71674
71716
71785
71785
71800
71869
71965
71970
71998
72026
72030
72131
72149
72188
72219
72299
72394
72404
72529
72540
72653
72710
72835
72865
72869
73065
73229
73261
73369
73547
73646
73754
73808
73866
73876
73946
74015
74174
74204
74316
74325
74820
74831
74882
75069
75193
75273
75365
75571
75855
75912
75971
76140
76157
76232
76281
76410
76487
76514
76552
76667
76673
76706
76717
76796
76827
77008
77251
77426
77454
77469
77837
77939
78171
78249
78311
78436
78493
78558
78574
78733
78774
78794
79020
79206
79407
79412
79809
79825
79933
80022
80080
80090
80101
80119
80212
80425
80432
80437
80517
80517
80544
80571
80614
80735
80776
80785
80943
80957
81070
81130
81194
81400
81599
81771
81786
81789
81866
82001
82069
82098
82129
82282
82517
82584
82591
82606
82633
82685
82719
82798
82913
83049
83113
83373
83442
83624
83757
83826
83979
83994
84062
84093
84149
84256
84272
84298
84373
84379
84386
84414
84530
84703
84831
84866
84894
85000
85117
85235
85235
85324
85342
85459
85499
85573
85605
85627
85693
85801
85833
85920
86261
86420
86558
86584
86588
86616
86683
86724
86920
87015
87093
87096
87300
87319
87540
87658
87687
87809
87945
88047
88057
88118
88223
88241
88283
88363
88396
88506
88539
88652
88973
89083
89105
89369
89390
89449
89478
89556
89579
89640
89702
89758
89843
89848
89864
89891
90000
90026
90049
90167
90174
90236
90262
90567
90667
90720
90747
90760
90797
90840
90892
90951
91261
91283
91300
91336
91341
91624
91642
91648
91759
91854
91882
91910
91940
91972
92007
92167
92430
92488
92506
92513
92597
92615
92819
92828
92965
93004
93106
93133
93159
93290
93507
93519
93520
93725
93760
93788
93962
94050
94053
94067
94141
94176
94187
94229
94259
94310
94516
94594
94655
94752
94797
94884
94922
94952
94991
95024
95071
95238
95296
95443
95462
95798
95858
96082
96300
96306
96319
96356
96371
96372
96403
96425
96434
96740
96812
96900
96962
97088
97132
97134
97151
97220
97403
97413
97559
97710
97761
97782
97789
97812
97885
97920
97981
98133
98164
98165
98223
98303
98513
98537
98646
98762
98837
98882
99142
99352
99386
99408
99439
99465
99492
99495
99726
99834
99937
100123
100142
100309
100427
100428
100494
100564
100608
100610
100705
100754
100765
100787
100813
101039
101071
101258
101393
101429
101590
101644
101693
101747
101897
101916
101934
102085
102130
102168
102214
102302
102341
102371
102397
102516
102740
102806
102828
102829
102902
102909
102975
103177
103296
103307
103570
103588
103653
103673
103695
103736
103890
103898
103936
103984
104141
104166
104315
104476
104533
104563
104734
104782
104839
104855
105024
105094
105096
105215
105222
105296
105299
105558
105641
105753
105763
105791
105858
105865
105910
105983
106053
106221
106297
106350
106410
106473
106535
106782
106830
106841
106850
106974
106978
107064
107084
107099
107178
107231
107235
107339
107356
107505
107518
107521
107528
107565
107578
107619
107913
107919
107949
108045
108073
108255
108281
108359
108419
108519
108572
108646
108702
108857
108908
108912
108947
108972
108997
109059
109169
109201
109239
109338
109522
109591
109709
109773
109774
109807
109811
109852
109853
110101
110116
110253
110417
110492
110543
110551
110602
110675
110718
110754
110786
110787
110924
110929
111016
111172
111247
111262
111299
111303
111308
111342
111381
111496
111600
111744
111863
111902
111920
111949
111970
111990
112094
112175
112497
112580
112585
112852
112888
113236
113401
113570
113625
113821
113904
113909
113973
114103
114124
114155
114212
114335
114340
114365
114398
114611
114705
114828
115004
115195
115292
115301
115363
115379
115404
115428
115437
115521
115589
115608
115846
116131
116468
116485
116563
116600
116685
116802
116811
116812
116983
117209
117277
117320
117408
117423
117527
117646
117904
118037
118055
118091
118152
118165
118404
118565
118578
118607
118620
118636
118652
118697
118703
118768
118811
118818
118831
119436
119457
119713
119800
119827
120110
120115
120218
120366
120466
120779
120932
121104
121136
121366
121718
121850
122001
122020
122076
122096
122238
122298
122539
122602
122780
123061
123170
123179
123342
123467
123545
123552
123580
124055
124062
124085
124086
124130
124188
124319
124341
124396
124437
124509
124592
124920
125045
125064
125127
125523
125558
125686
125700
125707
125719
125723
125878
125911
125927
126039
126389
126529
126673
126708
126852
126880
126960
126990
127061
127080
127092
127100
127184
127345
127386
127463
127482
127764
127767
127814
127903
127914
127915
128040
128364
128393
128473
128547
128608
128711
128757
128852
128943
128979
129149
129169
129190
129534
129596
129611
129613
129751
129818
130049
130082
130204
130659
130755
130870
131002
131409
131481
131483
131590
131923
131930
131969
132223
132392
132406
132531
132586
132872
132882
132888
133101
133114
133482
133658
133697
133980
134003
134060
134182
134256
134301
134371
134411
134516
134516
134673
134702
134720
134733
134783
134814
134888
135017
135071
135083
135174
135338
135543
135641
135644
135713
135951
136084
136143
136205
136228
136347
136408
136443
136561
136789
137003
137058
137114
137152
137411
137464
137641
137660
137665
137671
137718
137747
137772
137821
137879
137911
137940
137982
138102
138189
138399
138465
138577
138667
138804
138821
138925
138959
139272
139310
139347
139822
139987
140035
140088
140173
140348
140502
140624
140798
140836
140989
141116
141135
141161
141232
141244
141256
141264
141268
141296
141395
141482
141484
141494
141533
141856
141859
141866
141867
142004
142038
142133
142156
142207
142218
142489
142716
142962
142968
143038
143206
143480
143527
143577
143607
143750
143823
143898
143907
144116
144119
144144
144269
144516
144635
144699
144796
145154
145263
145483
145569
145790
145822
145992
146005
146044
146055
146159
146229
146262
146457
146878
146939
146996
146997
147062
147069
147175
147237
147243
147510
147620
147782
147882
147888
147984
148188
148192
148204
148387
148422
148470
148803
148820
148873
148896
149026
149169
149219
149283
149328
149642
149747
149803
149923
149948
149985
150087
150209
150291
150555
150564
150782
150933
151141
151422
151550
151564
151775
151884
151960
152021
152035
152092
152150
152654
152807
152908
152933
153151
153182
153521
153664
153776
154012
154043
154087
154208
154228
154321
154342
154345
154427
154670
155133
155281
155483
155499
155806
155903
156033
156144
156333
156459
156596
156651
156996
157091
157109
157120
157252
157440
157485
157651
157762
157819
157970
158094
158251
158276
158328
158333
158475
158554
158783
158830
158915
158972
158994
159033
159100
159218
159361
159516
159521
159584
159588
159592
159768
159773
159820
159829
160041
160065
160212
160578
161250
161578
161830
161916
161923
162065
162100
162119
162343
162949
163180
163259
163269
163560
163639
163932
163942
164024
164156
164159
164187
164228
164258
164385
164464
164512
164653
164716
165383
165521
165625
166234
166282
166387
166549
166599
166901
167079
167119
167152
167268
167355
167396
167484
167520
167542
167780
167782
167896
167981
168000
168080
168162
168199
168260
168378
168426
168618
168738
168875
168967
169130
169155
169163
169469
169473
169493
169874
169939
170042
170175
170229
170406
170426
170549
170569
170931
170975
171211
171236
171314
171401
171472
171555
171784
171854
171952
171985
172090
172281
172347
172359
172446
172479
172623
172794
172820
172974
173181
173225
173236
173254
173300
173397
173444
173485
173533
173909
173932
173941
173973
174029
174192
174213
174227
174404
174417
174518
174606
174633
174658
174662
174850
175093
175258
175391
175462
175493
175506
175814
175996
176251
176357
176514
177013
177110
177140
177362
177539
177649
177743
177764
177844
178017
178236
178249
178351
178482
178671
179073
179073
179139
179429
179545
179932
180034
180725
180845
180883
181080
181130
181404
181425
181442
181666
181802
181819
181869
182266
182681
182855
183222
183649
183919
184126
184132
184184
184239
184252
184468
184643
184645
184684
184808
184823
184900
184941
185051
185176
185421
185462
185607
185618
185801
185813
185911
185939
186198
186340
186486
186508
186577
186824
186933
187060
187179
187312
187424
187463
187497
187552
187581
187647
187786
187862
188137
188228
188308
188494
188662
188886
189003
189134
189183
189239
189250
189276
189313
189470
189531
189617
189705
189717
189755
189773
189804
189867
189995
190052
190095
190131
190225
190319
190405
190679
190747
191004
191011
191040
191042
191209
191494
191561
191608
191734
191810
191980
191996
192029
192073
192100
192334
192442
192574
192654
192756
192923
193378
194019
194034
194039
194244
194382
194427
194545
194603
194650
194702
194708
194757
194763
194871
195332
195555
195608
195609
195696
195757
195930
196561
196633
196708
196730
196747
196855
196979
197015
197033
197193
197428
197531
197608
197698
197976
198001
198059
198278
198459
198840
199198
199479
199886
199901
200206
200850
200966
201190
201326
201634
201970
202041
202074
202279
202297
202421
202474
202488
202504
202709
203001
203223
203432
203571
203812
204099
204326
204364
204370
204379
204402
204635
204648
204711
204858
204952
204987
205291
205421
205991
206335
206398
206572
207006
207065
207125
207340
207425
207485
207535
207618
207661
207891
208109
208498
208560
208579
208834
210258
210397
210502
210810
210850
211095
211231
211335
211388
211671
211812
211870
212194
212263
212343
212363
212515
212814
213024
213252
213669
214110
214512
214616
214633
214665
214743
214771
214880
214887
214930
215341
216313
216446
216471
216957
217016
217148
217299
217327
217552
217652
217731
217804
217968
218225
218408
218677
219370
219708
219792
219902
219910
220019
220299
220370
220933
220996
221065
221118
221223
221434
221441
221539
221785
221845
222185
222227
222244
222410
222818
223088
223126
223168
223283
223337
223421
223806
224217
224322
224555
225026
225198
225216
225295
225323
225381
225386
225988
226033
226559
226729
226830
227043
227334
227829
227926
228178
228250
228297
228916
229049
229155
229433
229477
229865
230090
230181
230311
230392
230454
230640
230771
230864
230898
231034
231108
231156
231318
231672
232023
232176
232209
232250
232412
232647
232678
233106
233111
233359
233512
233725
233946
234042
234049
234206
234292
234406
234490
234625
234906
234981
235184
235255
235485
236372
236451
237344
237512
237663
237776
237831
238015
238036
238301
238370
238709
238787
239725
240126
240418
240667
240942
240953
241260
241462
241847
242065
242141
242502
242693
242706
243070
243090
243100
243180
243198
243320
243696
243756
243836
244121
244346
244415
244791
244818
245194
245308
245876
246571
246581
246742
247643
248039
248111
248175
248329
248573
249328
249364
249406
249834
250012
250263
250405
250458
250539
250853
251250
251797
252243
252768
252783
253001
253120
253200
253316
253587
254607
254683
254952
255066
255073
255381
255776
256009
256015
256267
256573
256625
257185
257276
257387
257433
257460
257703
257808
257839
257993
258516
258522
259170
259904
259983
260107
260364
260401
260415
260487
260530
260602
260773
260881
260903
261236
261411
261659
262002
262087
262111
262158
262193
262324
262423
262447
263321
263409
263678
263700
263850
263899
264407
264646
265130
265186
265727
265791
267576
267811
267945
267956
268272
268472
268481
268505
268513
268557
268827
268999
269515
269770
270233
270302
270321
270554
270646
271020
271309
271979
272060
272378
272984
273673
273702
274120
274375
274943
275156
275213
275541
275608
275627
275702
276136
276520
276576
276751
277080
277125
277655
277734
278111
278242
278733
279060
279467
279517
280000
280068
280149
280365
280575
280680
280685
280731
280786
280890
281194
281328
282324
282978
283168
283380
283675
284125
285989
286173
287435
287744
287776
287897
288503
288884
289278
289355
290202
291331
291578
292112
292128
292338
293214
293330
293513
294189
295029
295706
296719
296721
296732
296980
297140
297980
298025
298515
298609
298929
298932
299746
300103
300452
300710
301114
301138
301383
301997
302353
302399
303231
303733
304019
305231
305296
305498
305772
306428
306622
306868
306880
307735
308036
308780
309012
309068
309151
309464
309577
310019
310693
311001
311095
311810
311928
312006
312357
312393
312726
312784
313139
313515
313697
313886
314756
314835
316690
317035
317048
317945
317957
318463
318668
319237
319967
320437
320659
320860
320893
321534
321632
322562
322795
322918
323360
323876
323881
323926
324263
324576
324950
325348
325582
326049
326364
326382
326405
326416
326783
327828
327831
328134
328379
328410
329043
329065
329162
329410
329451
329695
330591
331686
333457
333674
333900
334508
334530
334653
335027
335386
336000
336110
336802
336879
337134
337527
338759
338874
339923
341014
341644
341959
342243
343186
343392
343506
343554
343824
345046
345818
346039
346721
346860
347991
348994
349029
349707
351933
354354
355159
356047
358359
358970
359097
359424
360048
361335
361823
362031
362188
364522
364867
365855
366068
367955
368031
370253
370836
371102
371904
372270
373697
373822
379448
379803
381608
382788
382793
384244
385536
385676
388262
388328
388467
389317
389504
390947
391961
396163
396986
397267
398016
398428
398569
398685
399471
400464
400728
400800
401079
402019
408641
412356
412892
413750
414694
415096
415859
417850
421252
423579
424370
425212
425519
427468
429165
430182
430619
432979
433547
435320
438837
440872
441683
444350
444806
452942
454425
457045
458231
458424
465476
471021
472785
473617
474783
476601
482810
483558
489268
500470
502793
512290
517514
520413
531647
538781
540132
557428
561503
566034
591944
