0
0
15
55
147
156
230
248
265
272
321
337
412
485
490
554
575
621
658
677
685
693
795
894
950
964
968
976
1095
1147
1157
1161
1179
1188
1236
1239
1271
1349
1355
1418
1467
1526
1537
1550
1573
1635
1647
1709
1712
1753
1756
1784
1803
1917
1931
1963
1979
2015
2028
2125
2172
2205
2213
2378
2445
2470
2496
2509
2619
2663
2666
2673
2709
2748
2821
2855
2875
3025
3048
3055
3096
3156
3181
3222
3276
3279
3285
3389
3398
3465
3472
3500
3525
3555
3611
3638
3704
3715
3715
3726
3768
3783
3803
3891
3913
3943
3949
4009
4017
4039
4070
4157
4172
4229
4291
4293
4334
4340
4348
4371
4399
4408
4427
4477
4624
4647
4655
4669
4697
4755
4765
4766
4813
4824
4860
4865
4953
4964
4964
4994
5054
5220
5245
5293
5303
5358
5360
5452
5490
5501
5579
5584
5635
5647
5735
5768
5778
5854
5882
5887
5893
5900
5940
5970
5979
6007
6133
6169
6188
6189
6204
6247
6248
6327
6347
6356
6356
6359
6411
6435
6439
6461
6490
6523
6547
6547
6548
6604
6608
6636
6642
6649
6735
6744
6781
6789
6805
6883
6933
6939
6946
6976
6988
7010
7060
7138
7145
7161
7161
7165
7210
7229
7229
7241
7403
7403
7424
7506
7540
7623
7753
7754
7765
7794
7883
7893
7905
7918
7922
7978
8019
8046
8051
8077
8081
8094
8161
8245
8293
8340
8440
8483
8552
8598
8613
8645
8659
8698
8785
8846
8894
8894
8896
8968
9137
9184
9186
9231
9270
9280
9328
9533
9566
9616
9657
9727
9786
9787
9880
9885
9946
9946
9947
9999
10032
10082
10167
10225
10367
10403
10418
10506
10543
10546
10562
10563
10579
10579
10607
10639
10651
10655
10683
10714
10755
10841
10852
10882
10894
10926
10935
10958
10998
11000
11011
11017
11033
11084
11087
11112
11147
11155
11268
11268
11370
11378
11384
11394
11401
11410
11502
11712
11785
11814
11865
11976
12015
12184
12200
12272
12355
12387
12428
12444
12447
12462
12484
12595
12656
12701
12716
12795
12834
12849
12852
12863
12873
12929
12957
13041
13045
13062
13088
13097
13154
13155
13196
13231
13237
13252
13271
13288
13311
13313
13354
13364
13379
13409
13458
13476
13540
13556
13565
13578
13583
13671
13708
13794
13825
13966
13974
14004
14029
14077
14081
14134
14187
14209
14270
14378
14399
14493
14590
14672
14677
14697
14701
14740
14756
14761
14762
14811
14882
14884
14904
14906
14913
14924
14988
14993
15032
15043
15058
15075
15082
15197
15218
15257
15360
15365
15405
15480
15500
15548
15735
15759
15874
15884
15888
15907
15940
15976
16004
16016
16037
16037
16057
16089
16119
16170
16222
16285
16299
16335
16473
16507
16520
16640
16674
16675
16695
16742
16757
16764
16769
16815
16848
16941
16971
17049
17062
17129
17134
17185
17210
17243
17258
17271
17297
17401
17435
17458
17489
17502
17601
17634
17635
17673
17727
17749
17766
17805
17876
17882
17884
18071
18110
18146
18153
18200
18205
18215
18223
18226
18245
18342
18522
18570
18628
18678
18679
18704
18739
18758
18780
18783
18830
18832
18868
18875
18877
18899
18901
18910
18913
18928
18953
18999
19017
19020
19034
19039
19074
19170
19274
19368
19415
19456
19463
19528
19614
19628
19669
19686
19766
19773
19777
19801
19872
19886
19896
19922
19965
20056
20091
20101
20142
20184
20429
20461
20463
20525
20551
20591
20647
20711
20725
20731
20762
20813
20837
20870
20878
20887
20924
20931
20963
21000
21071
21078
21084
21101
21113
21129
21149
21153
21198
21207
21263
21271
21277
21301
21320
21392
21516
21627
21734
21737
21761
21852
21857
21866
21934
22034
22102
22119
22124
22245
22255
22264
22334
22375
22537
22591
22622
22641
22662
22698
22726
22752
22828
22845
22896
23002
23048
23086
23140
23173
23200
23292
23324
23344
23398
23430
23440
23445
23454
23486
23497
23498
23537
23562
23564
23568
23579
23583
23593
23654
23655
23763
23775
23786
23814
23842
23878
23886
23903
23929
23970
23980
24020
24020
24028
24082
24092
24119
24144
24156
24286
24327
24335
24361
24413
24417
24563
24609
24609
24619
24626
24656
24754
24758
24862
24866
24990
25071
25166
25191
25193
25195
25196
25205
25227
25246
25248
25371
25444
25462
25469
25495
25495
25498
25514
25544
25555
25631
25654
25747
25772
25791
25884
25904
25911
25913
25924
25936
25943
25951
26065
26069
26133
26140
26177
26260
26263
26274
26296
26310
26346
26369
26374
26431
26465
26472
26553
26599
26648
26693
26701
26706
26839
26856
26962
26979
27000
27095
27118
27125
27149
27256
27270
27295
27310
27320
27421
27433
27443
27484
27505
27506
27549
27608
27643
27645
27738
27764
27772
27803
27832
27851
27867
27868
27916
27970
28016
28220
28289
28290
28294
28315
28485
28492
28515
28659
28703
28717
28822
28881
28894
28971
28976
28983
29045
29098
29111
29116
29133
29133
29144
29146
29149
29192
29231
29261
29318
29322
29323
29355
29368
29385
29394
29465
29481
29516
29534
29553
29589
29618
29625
29705
29730
29739
29760
29769
29782
29832
29873
29923
29969
30091
30137
30194
30288
30310
30322
30354
30419
30494
30502
30563
30579
30604
30617
30629
30672
30677
30679
30698
30732
30738
30775
30833
30859
30870
30914
30919
30927
30950
31025
31087
31111
31114
31230
31232
31265
31346
31350
31385
31386
31437
31444
31582
31657
31679
31723
31730
31741
31743
31776
31805
31850
31874
31906
31946
31962
31967
31997
32012
32012
32013
32023
32029
32033
32069
32197
32237
32274
32308
32315
32368
32376
32394
32445
32488
32495
32500
32525
32709
32812
32818
32853
32911
32926
33028
33067
33085
33095
33105
33106
33124
33142
33152
33191
33207
33291
33307
33415
33462
33522
33589
33648
33709
33777
33804
33844
33845
33855
33872
33910
33966
34104
34111
34155
34177
34281
34323
34347
34421
34478
34508
34550
34660
34697
34729
34738
34751
34816
34876
34967
35015
35036
35050
35051
35079
35102
35116
35204
35208
35405
35437
35524
35525
35557
35565
35573
35628
35669
35681
35683
35754
35865
35900
35935
35944
35974
36046
36091
36119
36231
36256
36310
36405
36464
36521
36522
36610
36639
36642
36721
36745
36749
36817
36837
36871
36897
36921
36950
37041
37054
37083
37134
37139
37148
37150
37161
37176
37246
37386
37614
37781
37793
37821
37888
37896
37911
37949
38058
38059
38120
38147
38150
38280
38428
38477
38555
38559
38577
38632
38663
38673
38676
38684
38713
38721
38747
38793
38878
38898
38931
38966
38974
38975
38980
39053
39163
39166
39237
39295
39315
39354
39394
39394
39439
39528
39538
39540
39563
39591
39715
39715
39778
39819
39853
39881
39902
39982
40023
40083
40112
40140
40161
40188
40240
40262
40275
40278
40333
40412
40464
40492
40497
40501
40584
40647
40733
40768
40855
40856
40880
40888
40911
40948
40953
40964
40973
40992
41004
41017
41103
41105
41123
41128
41132
41147
41166
41166
41189
41207
41254
41279
41290
41291
41322
41377
41397
41410
41416
41423
41451
41451
41458
41507
41521
41544
41548
41552
41608
41650
41672
41691
41727
41741
41766
41812
41837
41858
41895
41929
41963
41969
41973
41992
42018
42051
42135
42141
42163
42218
42237
42318
42326
42332
42339
42385
42411
42534
42539
42560
42569
42660
42715
42739
42744
42755
42764
42783
42822
42825
42882
42987
43012
43039
43054
43079
43096
43100
43101
43163
43175
43227
43298
43322
43379
43397
43439
43537
43560
43595
43602
43684
43722
43744
43795
43825
43842
43874
44066
44087
44166
44212
44244
44278
44301
44310
44375
44384
44404
44411
44471
44506
44526
44548
44649
44657
44659
44669
44722
44748
44807
44868
44923
45058
45072
45149
45176
45240
45267
45288
45289
45305
45434
45456
45466
45473
45481
45525
45565
45590
45590
45646
45647
45676
45732
45764
45827
45828
45843
45874
45994
46007
46018
46069
46139
46148
46184
46248
46277
46287
46305
46313
46507
46518
46619
46649
46652
46682
46698
46729
46782
46837
46840
46857
46859
46906
47042
47056
47126
47150
47189
47196
47198
47250
47281
47286
47330
47375
47398
47436
47452
47484
47556
47563
47575
47580
47598
47612
47694
47698
47699
47748
47778
47825
47831
47884
47902
47950
47966
48012
48067
48088
48106
48237
48239
48292
48359
48381
48449
48565
48604
48633
48709
48763
48866
48875
48935
49000
49005
49013
49078
49164
49196
49204
49312
49519
49547
49552
49595
49635
49669
49712
49765
49789
49835
49836
49949
50014
50041
50045
50050
50057
50108
50138
50178
50196
50244
50245
50276
50305
50325
50331
50362
50368
50390
50393
50476
50506
50507
50519
50549
50549
50570
50584
50637
50653
50666
50669
50679
50693
50712
50737
50799
50849
50855
50869
50919
50926
50959
51124
51173
51364
51384
51388
51429
51450
51472
51605
51670
51696
51701
51708
51732
51776
51804
51835
51890
51897
51977
51978
52050
52121
52141
52180
52184
52208
52251
52267
52271
52338
52359
52367
52374
52393
52416
52416
52417
52417
52440
52506
52526
52578
52641
52643
52673
52710
52731
52744
52827
52847
52848
52909
52996
53017
53035
53059
53111
53152
53209
53278
53364
53410
53452
53482
53514
53591
53654
53661
53703
53721
53727
53787
53796
53800
53808
53809
53875
53893
53919
53982
54103
54105
54129
54129
54153
54245
54371
54404
54463
54491
54502
54517
54539
54559
54710
54713
54718
54737
54767
54817
54844
54845
54965
54985
55159
55190
55293
55340
55376
55414
55445
55469
55481
55501
55507
55623
55720
55736
55751
55807
55956
55966
55966
56056
56099
56127
56148
56211
56243
56312
56337
56555
56566
56625
56677
56735
56800
56857
56923
57003
57080
57096
57181
57194
57221
57230
57252
57282
57341
57342
57483
57503
57552
57556
57582
57600
57621
57647
57693
57695
57701
57704
57749
57754
57815
57877
57894
57911
57934
57946
57965
57976
58002
58085
58148
58151
58184
58353
58372
58427
58462
58481
58681
58783
58786
58815
58843
58849
58858
58865
58869
58928
58942
58943
59018
59038
59052
59075
59102
59245
59317
59338
59473
59574
59594
59629
59634
59694
59760
59782
59797
59803
59806
59862
59902
59906
59933
59939
59974
60017
60035
60065
60070
60190
60191
60223
60224
60243
60276
60364
60365
60412
60439
60446
60512
60583
60622
60641
60642
60668
60670
60671
60707
60718
60780
60795
60807
60869
60875
60947
60964
60975
60994
61013
61073
61077
61094
61222
61277
61351
61382
61466
61497
61515
61548
61658
61701
61702
61729
61732
61785
61860
61866
61893
61996
62047
62102
62135
62160
62165
62196
62202
62255
62257
62334
62337
62384
62393
62594
62629
62684
62689
62712
62724
62791
62909
62938
62938
63019
63053
63086
63112
63235
63266
63294
63300
63308
63328
63373
63419
63421
63429
63439
63443
63504
63573
63596
63666
63672
63735
63765
63803
63805
63860
63905
63941
64017
64031
64044
64060
64066
64095
64145
64341
64354
64376
64450
64466
64471
64520
64539
64547
64593
64624
64643
64670
64687
64912
64917
64985
65050
65082
65088
65145
65333
65387
65432
65455
65463
65503
65526
65663
65675
65687
65687
65700
65712
65723
65753
65765
65795
65821
66026
66072
66075
66118
66185
66202
66239
66290
66325
66360
66400
66507
66534
66563
66578
66589
66613
66640
66687
66821
66882
66938
66950
66952
66979
66992
67047
67109
67145
67167
67176
67191
67193
67235
67279
67349
67352
67363
67364
67454
67484
67502
67537
67544
67552
67579
67633
67684
67772
67842
67872
67924
67945
67955
67977
67977
68049
68057
68203
68211
68234
68242
68242
68257
68289
68295
68298
68379
68420
68458
68485
68486
68570
68634
68657
68668
68801
68815
68818
68828
68843
68875
68889
68931
68936
68942
69043
69096
69098
69153
69198
69260
69263
69315
69356
69375
69451
69468
69526
69594
69598
69702
69784
69847
69848
69909
69920
69946
70065
70098
70212
70264
70299
70302
70329
70427
70480
70480
70514
70523
70537
70549
70570
70600
70610
70653
70674
70744
70770
70878
70982
71009
71140
71172
71180
71212
71238
71254
71323
71324
71390
71433
71463
71487
71543
71568
71656
71725
71743
71787
71833
71903
71909
71923
71959
72062
72069
72120
72125
72125
72183
72262
72274
72276
72695
72764
72914
72919
72933
72933
73032
73145
73182
73198
73250
73341
73378
73409
73464
73536
73624
73648
73650
73659
73676
73678
73766
73776
73844
73857
73873
73907
73937
74010
74066
74183
74271
74332
74334
74399
74431
74438
74462
74502
74612
74641
74673
74760
74769
74840
74864
74891
74983
75003
75055
75057
75098
75105
75123
75304
75427
75476
75478
75483
75493
75564
75589
75673
75677
75725
75732
75825
75862
75915
75928
75951
75982
76273
76306
76333
76343
76449
76451
76463
76529
76546
76618
76650
76673
76722
76766
76852
76890
76891
76912
76922
76965
77033
77052
77075
77078
77131
77166
77181
77307
77337
77361
77420
77421
77586
77645
77718
77722
77761
78001
78066
78193
78232
78255
78258
78299
78356
78417
78431
78480
78548
78560
78630
78652
78760
78846
78911
78954
79080
79080
79158
79336
79428
79434
79439
79453
79462
79525
79563
79691
79720
79789
79894
79977
80096
80104
80132
80198
80211
80249
80282
80291
80294
80323
80331
80358
80400
80440
80447
80465
80500
80555
80570
80588
80591
80594
80646
80656
80664
80673
80690
80837
80841
80871
80883
80907
80985
81004
81023
81099
81186
81222
81235
81260
81364
81377
81511
81526
81561
81642
81744
81802
81839
81847
81902
82008
82018
82030
82048
82066
82091
82113
82158
82215
82254
82277
82286
82341
82355
82370
82397
82414
82426
82576
82677
82788
82895
82910
82968
83164
83170
83188
83198
83211
83277
83353
83370
83420
83450
83492
83499
83553
83585
83611
83705
83715
83741
83862
83923
83932
84009
84051
84061
84066
84074
84154
84180
84260
84351
84408
84460
84485
84610
84638
84643
84658
84691
84847
84860
84872
84996
85092
85107
85109
85109
85156
85183
85211
85317
85410
85450
85595
85634
85693
85729
85755
85973
86182
86222
86301
86303
86316
86324
86400
86467
86491
86512
86529
86583
86736
86793
86809
86818
86873
86950
87025
87054
87076
87096
87213
87221
87245
87289
87360
87424
87506
87524
87542
87590
87664
87721
87727
87773
87902
87993
88107
88125
88183
88189
88193
88220
88267
88384
88408
88422
88521
88587
88606
88614
88614
88634
88662
88684
88806
88831
88868
88887
88932
88939
88998
88998
89008
89035
89043
89084
89088
89159
89207
89244
89262
89311
89369
89395
89497
89502
89611
89678
89914
89924
89929
89957
89962
90136
90170
90207
90227
90231
90310
90354
90427
90497
90576
90626
90709
90751
90796
90823
90874
90887
90909
90913
90920
91151
91155
91168
91315
91342
91352
91404
91613
91625
91637
91642
91682
91710
91802
91813
91832
91875
91941
91947
91973
92062
92075
92084
92150
92168
92183
92195
92222
92238
92311
92466
92546
92553
92562
92569
92577
92591
92602
92632
92675
92681
92841
92848
92895
92976
93040
93085
93110
93165
93177
93209
93316
93326
93380
93404
93436
93637
93728
93755
93806
93834
93838
93973
94012
94039
94125
94305
94320
94326
94361
94424
94513
94517
94542
94584
94602
94616
94624
94662
94700
94712
94802
94813
94847
94853
94861
94865
94941
94960
95009
95015
95065
95154
95190
95197
95266
95289
95342
95383
95388
95492
95578
95633
95638
95728
95754
95877
95879
95881
95883
96007
96030
96211
96236
96239
96283
96336
96420
96435
96477
96507
96512
96523
96553
96562
96610
96623
96628
96714
96748
96829
96836
96842
96852
96994
97095
97102
97124
97133
97141
97141
97235
97261
97302
97403
97447
97506
97551
97561
97665
97682
97766
97771
97794
97795
97831
97849
97877
97877
98027
98285
98325
98464
98471
98482
98656
98742
98770
98802
98813
98830
98850
98913
98997
99015
99046
99132
99176
99196
99214
99223
99232
99328
99332
99502
99537
99556
99648
99650
99752
99912
99926
99933
99976
99980
99986
100041
100066
100092
100118
100132
100196
100199
100202
100243
100267
100291
100292
100321
100324
100411
100416
100474
100510
100526
100535
100584
100614
100616
100620
100631
100718
100802
100807
100986
101018
101063
101068
101077
101165
101169
101178
101217
101228
101353
101442
101502
101615
101640
101665
101688
101695
101699
101814
101814
101816
101820
101876
101972
102002
102014
102017
102024
102144
102215
102337
102340
102365
102375
102383
102429
102434
102462
102480
102549
102622
102634
102635
102647
102721
102840
102979
103022
103101
103199
103225
103239
103250
103255
103270
103361
103362
103387
103414
103414
103460
103702
103724
103765
103773
103779
103790
103842
103901
104074
104090
104114
104114
104141
104339
104384
104674
104702
104814
104863
104960
104968
105037
105114
105176
105186
105280
105425
105443
105505
105531
105606
105650
105661
105767
105820
105871
105930
105994
106119
106229
106420
106462
106611
106655
106662
106746
106784
106836
106843
106873
106879
106885
106889
107076
107161
107310
107418
107451
107454
107460
107471
107474
107518
107555
107600
107609
107636
107753
107758
107860
107983
108047
108261
108272
108299
108332
108346
108404
108422
108450
108466
108543
108612
108669
108742
108821
108837
108906
108984
108995
109070
109088
109132
109149
109192
109205
109221
109288
109466
109524
109551
109736
109768
109772
109876
109931
110148
110218
110230
110327
110394
110425
110458
110484
110519
110564
110572
110606
110633
110716
110719
110729
110809
110892
110894
110979
111001
111016
111068
111077
111079
111099
111100
111100
111111
111238
111247
111277
111318
111321
111495
111537
111548
111554
111591
111664
111667
111766
111787
111799
111845
111846
111853
111883
111910
111928
111938
112005
112013
112251
112255
112260
112268
112277
112485
112608
112733
112773
112874
112880
112926
113000
113032
113066
113115
113253
113426
113534
113560
113612
113614
113711
113848
113860
113883
113886
113905
114043
114067
114122
114146
114183
114204
114292
114319
114408
114474
114475
114524
114539
114570
114581
114600
114611
114834
114878
114951
114975
115016
115057
115057
115101
115110
115131
115306
115341
115400
115417
115421
115521
115593
115617
115673
115746
115751
115878
115986
116155
116276
116362
116409
116452
116453
116559
116563
116567
116587
116661
116685
116797
116816
116882
116938
117077
117208
117240
117257
117317
117360
117427
117466
117492
117521
117569
117603
117604
117609
117617
117790
117916
117964
118026
118230
118248
118310
118325
118377
118394
118405
118422
118471
118534
118541
118601
118632
118635
118649
118714
118787
118805
118883
118898
118991
119028
119041
119076
119106
119208
119428
119651
119692
119709
119725
119879
119913
119926
120038
120096
120168
120217
120233
120258
120282
120312
120335
120362
120451
120588
120657
120803
120833
120844
120946
120960
121008
121014
121119
121162
121200
121207
121357
121381
121449
121460
121531
121814
121849
121865
121876
121908
122009
122135
122147
122163
122173
122275
122319
122328
122389
122405
122450
122453
122454
122560
122581
122582
122585
122696
122709
122710
122830
122843
122911
122918
122931
122955
122984
123076
123085
123187
123228
123262
123330
123340
123352
123390
123391
123487
123538
123731
123770
123777
123777
123789
123796
123853
123898
123976
123992
124006
124024
124050
124058
124061
124088
124125
124176
124354
124356
124359
124384
124593
124596
124676
124883
124929
124949
125026
125070
125157
125170
125193
125390
125394
125394
125446
125474
125591
125629
125694
125728
125770
125792
125828
125846
125850
125876
125923
125947
125989
126042
126051
126187
126193
126223
126365
126548
126584
126602
126603
126640
126652
126697
126704
126755
126760
126850
126930
127003
127206
127229
127271
127280
127331
127335
127337
127347
127393
127395
127436
127470
127582
127628
127754
127801
127916
127962
127962
127977
128035
128070
128079
128108
128144
128319
128391
128435
128478
128489
128581
128601
128640
128672
128674
128815
128951
129194
129236
129248
129358
129385
129439
129441
129524
129733
129881
129943
130129
130219
130239
130247
130331
130333
130337
130383
130400
130452
130485
130546
130631
130716
130873
130931
130931
130940
130974
130985
131017
131066
131104
131165
131203
131258
131275
131284
131378
131684
131756
131782
131867
132001
132092
132103
132195
132264
132296
132471
132516
132598
132604
132630
132757
132804
132971
133000
133004
133038
133057
133157
133267
133353
133453
133458
133477
133521
133554
133621
133632
133648
133656
133678
133777
133803
133808
133820
133825
133841
133890
133893
133896
133897
133917
134007
134069
134133
134163
134189
134309
134367
134372
134521
134582
134612
134635
134741
134755
134811
134856
134899
134903
134918
135013
135058
135104
135190
135260
135304
135675
135726
135786
135795
135898
135987
136040
136091
136129
136151
136199
136212
136235
136297
136305
136317
136333
136392
136471
136653
136762
136788
136866
136904
137041
137053
137084
137347
137349
137401
137567
137591
137637
137649
137663
137794
137852
138002
138033
138113
138148
138183
138236
138308
138309
138331
138503
138588
138739
138779
138784
138876
138949
138988
139023
139059
139084
139172
139412
139674
139754
139773
140059
140065
140096
140275
140281
140335
140384
140424
140453
140456
140551
140581
140670
140758
140902
140905
140994
141048
141056
141091
141115
141170
141227
141251
141352
141392
141394
141546
141635
141659
141691
141905
141943
142077
142150
142160
142308
142420
142603
142673
142718
142748
142792
142943
142992
143007
143036
143283
143408
143443
143444
143462
143475
143501
143561
143707
143722
143852
143866
143898
143970
144029
144085
144228
144255
144342
144382
144405
144424
144546
144566
144568
144610
144686
144743
144824
144839
144877
144958
145054
145097
145119
145130
145164
145252
145325
145518
145576
145597
145670
145823
146038
146089
146358
146406
146551
146651
146684
146800
146829
146868
147006
147019
147050
147135
147142
147144
147239
147431
147476
147566
147918
147960
148100
148194
148377
148421
148469
148592
148680
148686
148736
148739
148949
149100
149108
149390
149413
149456
149465
149485
149607
149625
149716
149722
149782
149915
149954
149959
150023
150281
150381
150402
150426
150442
150451
150504
150535
150566
150633
150696
150867
151020
151032
151129
151244
151307
151378
151419
151432
151475
151502
151554
151650
151653
151767
151833
151837
151862
151867
152103
152148
152641
152661
152694
152729
152870
152923
152940
152975
152982
153009
153109
153170
153182
153285
153297
153406
153533
153681
153786
153796
153821
153838
153919
153961
154009
154045
154074
154100
154118
154223
154324
154331
154416
154481
154557
154705
154714
154810
154822
154854
154995
155024
155057
155229
155232
155235
155296
155341
155535
155569
155725
155738
155914
156022
156033
156113
156136
156157
156285
156356
156512
156604
156638
156659
156705
156747
156868
156883
156921
157003
157038
157058
157077
157278
157346
157405
157510
157651
157675
157704
157774
157823
157920
157977
158108
158253
158256
158264
158277
158453
158453
158459
158484
158730
158844
158855
158984
159164
159275
159409
159535
159615
159698
159761
159874
159912
159942
159955
159985
160005
160175
160207
160244
160277
160311
160352
160534
160568
160632
160657
160758
160804
160935
160947
160963
160991
161043
161112
161139
161213
161271
161362
161430
161620
161714
161822
161860
161955
162010
162082
162143
162262
162290
162296
162371
162532
162641
162676
162724
162793
162927
163110
163136
163281
163475
163490
163568
163596
163617
163617
163655
163675
163700
163792
163953
163989
163996
164161
164185
164236
164277
164348
164422
164494
164512
164515
164609
164723
164798
164827
164994
165012
165136
165284
165306
165335
165420
165574
165668
165830
165967
166024
166133
166312
166342
166413
166561
166755
166786
166911
166983
167155
167213
167278
167283
167284
167290
167398
167457
167504
167591
167645
167728
167737
167769
167833
167963
167991
168029
168111
168179
168349
168474
168496
168528
168535
168626
168687
168811
168836
169117
169255
169495
169510
169599
169808
169849
169861
169937
169940
170034
170036
170046
170052
170080
170099
170302
170414
170462
170501
170562
170597
170802
170842
170960
171060
171097
171197
171271
171323
171557
171766
171799
171845
172104
172115
172453
172468
172481
172652
172692
172767
172790
172824
172936
173057
173165
173191
173250
173306
173329
173509
173591
173629
173766
173768
173782
173810
173844
173865
173877
174087
174341
174345
174373
174381
174439
174499
174504
174509
174530
174563
174567
174570
174571
174615
174692
174781
174976
175077
175106
175128
175138
175280
175333
175475
175518
175536
175547
175635
175646
175800
175870
175995
176027
176197
176231
176321
176371
176459
176498
176620
176621
176633
176672
176814
176833
177006
177024
177082
177478
177584
177736
177777
177832
177832
178171
178180
178203
178235
178291
178310
178390
178450
178664
178672
178803
178823
178938
179122
179243
179254
179476
179651
180059
180141
180272
180297
180330
180423
180475
180478
180654
180871
180978
180982
181061
181087
181114
181216
181250
181293
181360
181389
181418
181469
181527
181561
181578
181844
181978
181991
182019
182092
182123
182395
182551
182602
182617
182618
182865
183026
183240
183241
183305
183375
183513
183528
183760
183987
183989
184111
184252
184467
184547
184559
184579
184639
184664
184697
184727
184764
184797
184819
184879
184924
184947
184955
185091
185114
185337
185338
185454
185465
185487
185499
185543
185677
185762
185782
185784
185788
185898
186156
186200
186343
186380
186419
186480
186621
186770
186892
186926
187101
187235
187253
187508
187574
187678
187782
187917
187923
188019
188054
188132
188154
188202
188319
188384
188414
188497
188785
188803
188899
189243
189330
189509
189524
189658
189697
189760
189906
189921
189990
190080
190093
190129
190243
190347
190357
190460
190522
190537
190608
190808
191096
191100
191294
191357
191552
191784
191810
191848
191980
192554
192711
192734
192750
192818
192852
192936
193082
193088
193106
193164
193312
193333
193442
193487
193539
193724
193751
193775
193790
193837
193920
193926
193939
193945
193970
194047
194076
194095
194228
194232
194244
194369
194595
194722
194750
195243
195350
195397
195466
195702
195790
195927
195969
196048
196068
196101
196121
196411
196571
196789
196817
196967
197054
197174
197184
197190
197355
197414
197424
197533
197635
197698
197702
197841
197921
198104
198109
198241
198395
198538
198643
198657
198671
198770
198783
198859
198966
199023
199066
199337
199751
199920
199961
200004
200142
200245
200294
200360
200412
200625
200633
200703
200932
201074
201149
201182
201233
201265
201432
201529
201539
201556
201562
201565
202062
202100
202222
202452
202559
202655
202691
202909
203299
203453
203501
203507
203536
203662
203811
203826
203871
203958
204297
204486
204647
204896
205039
205102
205506
205560
206008
206214
206294
206436
206486
206590
206687
206783
206785
206823
206826
207176
207371
207387
207435
207444
207484
207678
207813
207822
207924
207981
208108
208269
208573
208593
209013
209084
209369
209431
209446
209599
209681
209899
210002
210121
210203
210429
210444
210477
210630
210652
210674
210676
210796
210818
210872
210951
211025
211165
211224
211284
211336
211439
211468
211497
211589
211691
211706
211775
211824
211867
212016
212027
212050
212051
212096
212131
212191
212369
212459
212469
212667
212859
213106
213181
213274
213318
213358
213396
213398
213521
213684
213780
213811
213876
214024
214029
214114
214242
214353
214445
214567
214661
214668
214735
214979
215131
215498
215642
215826
215907
216113
216189
216321
216349
216386
216721
216752
216921
216957
216996
217002
217111
217125
217230
217244
217339
217357
217520
217543
217666
217858
217876
217943
218066
218107
218273
218391
218460
218467
218630
218864
219053
219198
219752
219775
219779
219909
220210
220227
220260
220673
221072
221202
221224
221231
221252
221278
221334
221479
221526
221570
221724
221807
221842
222040
222152
222154
222519
222644
222665
222673
222941
222964
223043
223069
223131
223145
223197
223314
223454
223490
223570
223614
223645
223659
223743
223774
223882
224015
224056
224084
224184
224188
224221
224369
224441
224559
224647
224650
224652
224738
225006
225408
225418
225580
225608
225608
225739
225835
225915
226048
226248
226339
226426
226597
226925
227041
227064
227113
227232
227385
227470
227689
227919
228104
228234
228637
229151
229217
229451
229488
229754
230302
230476
230482
230514
230853
230854
230918
230941
231052
231454
231513
231551
231684
231721
231756
231957
232062
232166
232202
232211
232285
232395
232482
232485
232798
232812
232816
233152
233307
233616
233882
233932
234551
234758
234968
234980
235299
235462
235683
236716
236982
237054
237062
237423
237525
237717
237776
237848
237876
237930
238019
238673
238813
239080
239106
239137
239416
239753
239764
239801
239998
240232
240407
240493
240745
240794
240795
240953
241001
241108
241206
241391
241457
241495
241595
241597
241882
241997
242001
242181
242248
242343
242422
242536
242711
242756
242876
242882
242953
243014
243140
243222
243393
243578
243689
244060
244243
244280
244453
244497
244577
244579
244771
244816
244877
244898
244986
245053
245355
245486
245514
245538
245557
245789
245954
246568
246752
246772
246852
247067
247199
247394
247412
247817
247979
248163
248229
248394
248451
248462
248468
248594
249015
249027
249080
249296
249305
249308
249587
249680
249775
249821
250195
250199
250263
250346
250422
250498
250572
250628
250741
250829
251009
251158
251200
251343
251443
251464
251708
251859
251906
251986
252475
252516
252610
252685
252981
253081
253084
253436
253460
253507
253676
254235
254282
254297
254406
254496
254584
254599
254740
254804
254819
254921
255109
255339
255671
255697
255887
256298
256343
256445
256468
256632
256841
257070
257167
257180
257313
257360
257868
257947
258031
258150
258563
258660
258726
258793
259103
260061
260458
260510
260564
261134
261680
261915
261930
262064
262143
262187
262759
262789
262806
263105
263144
263333
263551
264059
264466
264679
264717
264730
264857
264865
264944
264967
264968
265201
265348
265497
265918
266136
266159
266341
266378
267061
267135
267834
267844
267900
267931
267954
268151
268198
268378
268632
269153
269650
269786
269818
269840
269849
270016
270091
270382
270609
270736
270975
271588
271949
272049
272182
272529
272648
272665
272850
273144
273804
273942
274367
274921
274967
274975
275001
275405
275534
275604
275667
275670
275708
275805
276039
276098
276176
276659
276812
277213
277406
278523
278528
278975
279081
279118
279129
279242
279317
279383
279599
279608
279701
280065
280152
280788
281499
281745
282615
282688
282935
283614
283719
283736
283874
284002
284202
285105
285110
285602
285638
285719
285765
285851
285917
286016
286090
286157
286681
287212
287439
287511
287724
288462
288619
288774
288896
288962
289238
289250
289454
290201
290224
290605
290969
291418
291651
291851
291930
292090
292299
292865
293502
293526
293764
294298
294348
294589
294636
294781
294793
294944
295011
295110
295139
295294
295387
295799
296124
296125
297919
298112
298124
298219
298386
298398
298761
298883
298891
298987
299114
299119
299364
299678
299902
299925
300558
300640
300691
300864
301840
302132
303157
304127
304671
304862
304863
304869
304981
305166
305857
306207
306460
306555
306918
307041
307831
308041
308428
308586
308696
309141
309644
310238
310402
310563
310656
310982
311613
311681
311775
312471
312945
313206
313338
314538
315106
315475
315741
315993
318122
318166
318281
318678
318751
318764
318768
319098
319491
319765
319774
319889
320145
320272
320525
320832
320888
321220
321341
321467
321726
322672
322794
322838
322868
323087
323189
323229
323260
323352
323890
324236
324439
324525
326389
326494
326525
326602
326704
326798
326890
326905
327050
327140
328901
329314
329375
329715
329909
330076
330473
330606
330966
331545
331719
332160
332201
332214
332698
332903
333115
333131
333656
334604
335455
335477
335497
336116
336883
336897
338007
338154
338410
338459
338721
339953
340130
340233
340378
340471
340674
341311
341458
342128
343186
343516
344395
344515
344735
344889
345013
346958
347044
347710
348201
348223
349532
349874
351455
351484
352072
352080
353518
353630
354234
354468
354524
354656
355440
356007
356074
356115
356939
358346
359368
359968
360198
360587
360759
360867
361056
361445
361563
361940
362774
364629
364657
365416
367185
367475
367557
367731
367901
367927
368356
368525
368796
369164
370474
370926
371481
371881
372008
372102
373104
373542
373564
374410
375040
376448
376962
376974
379304
379548
380224
380238
381618
381628
382094
382440
382519
385832
386903
386935
388419
388506
390187
391022
391247
391568
392417
392579
393128
393343
394024
394546
394902
394936
397299
397374
397528
397661
398985
399958
401359
401789
401887
402367
402472
403324
403773
404849
409096
409496
409908
410216
410882
411245
411366
413163
413808
416019
417929
418144
418476
420966
421020
421045
421260
421305
421561
422172
422233
422852
423402
424270
431005
433065
434031
434665
435612
437948
440373
440409
441343
442119
442224
442290
443397
443756
444282
448473
448710
449409
450032
450075
451696
451877
452150
455132
455162
455573
457890
460552
460923
462099
462503
462676
463086
464673
467307
467624
468431
470806
477770
477801
479851
480452
480768
480867
482028
489339
490594
491193
496971
504403
507224
513469
513852
517247
520964
525410
533116
535224
539147
547158
547651
562545
572584
590434
593582
