0
0
201
217
269
293
303
309
342
515
522
562
562
606
805
838
867
898
938
945
1082
1176
1193
1197
1221
1297
1327
1356
1400
1466
1475
1481
1501
1533
1554
1687
1708
1800
1820
1857
1976
2053
2112
2171
2174
2252
2294
2422
2483
2579
2730
2822
2839
2857
2941
3006
3134
3142
3169
3215
3232
3242
3280
3356
3492
3510
3573
3576
3594
3676
3775
3833
3852
3858
3906
3921
4035
4186
4203
4215
4219
4242
4281
4436
4530
4542
4555
4575
4622
4625
4929
4941
5220
5239
5248
5256
5417
5479
5495
5647
5665
5754
6005
6009
6214
6268
6283
6369
6412
6438
6499
6590
6598
6771
6785
6875
7072
7122
7136
7142
7177
7196
7201
7273
7278
7301
7349
7364
7390
7465
7490
7525
7534
7555
7569
7574
7654
7662
7689
7710
7809
7886
7901
7935
7951
7973
7979
8007
8037
8098
8209
8271
8381
8485
8502
8639
8650
8728
8818
8827
8828
8880
8907
8918
8945
9056
9078
9162
9174
9503
9543
9561
9610
9628
9714
9789
9853
9868
9912
9935
10002
10013
10020
10077
10130
10147
10167
10184
10189
10208
10215
10228
10228
10250
10271
10272
10305
10534
10534
10537
10542
10606
10814
10882
10951
10972
11002
11176
11194
11244
11271
11342
11362
11371
11387
11397
11438
11484
11538
11618
11699
11704
11942
11953
12062
12071
12226
12237
12253
12366
12375
12429
12447
12458
12494
12517
12518
12679
12703
12827
12842
13154
13245
13347
13351
13493
13558
13595
13708
13711
13745
13770
13778
13929
13955
13961
13962
13968
14047
14114
14119
14131
14182
14210
14241
14314
14342
14371
14454
14619
14705
14725
14787
14804
14847
14880
14908
14925
14936
14974
15005
15056
15098
15317
15346
15352
15359
15448
15638
15717
15722
15771
15860
15892
15897
15988
16052
16267
16270
16358
16380
16450
16522
16618
16674
16694
16839
16873
16884
16936
16982
17015
17041
17054
17129
17134
17194
17205
17231
17307
17358
17372
17450
17514
17537
17543
17573
17577
17594
17606
17637
17701
17702
17807
17850
17894
17927
17995
18056
18080
18112
18174
18372
18384
18465
18468
18476
18492
18510
18515
18562
18593
18748
18767
18848
18865
18894
18923
18951
18956
19085
19209
19216
19245
19257
19283
19344
19383
19387
19423
19436
19475
19496
19533
19594
19636
19715
19741
19743
19755
19818
19821
19841
19845
19975
19986
19993
19994
20062
20166
20167
20185
20225
20263
20302
20340
20390
20416
20467
20544
20748
20791
20795
20905
21102
21174
21181
21266
21434
21447
21450
21457
21474
21540
21568
21657
21674
21709
21729
21798
21839
21866
21927
22041
22226
22310
22361
22378
22472
22508
22613
22673
22680
22699
22858
22926
22949
22955
22987
23041
23057
23159
23182
23265
23266
23340
23348
23413
23463
23484
23550
23744
23784
23890
23918
24078
24153
24170
24184
24203
24228
24251
24257
24264
24328
24331
24366
24451
24609
24627
24682
24753
24904
24920
24922
25003
25020
25219
25240
25257
25381
25398
25445
25630
25677
25755
25898
25980
26004
26006
26036
26049
26198
26237
26491
26563
26625
26700
26941
26959
26977
27109
27120
27167
27173
27300
27317
27388
27481
27485
27583
27654
27689
27707
27715
27733
27775
27790
27827
27871
27876
27891
27900
27903
27942
27981
28068
28258
28284
28286
28352
28404
28420
28430
28437
28449
28494
28584
28611
28656
28725
28738
28747
28807
28829
29036
29086
29178
29182
29365
29386
29452
29483
29557
29612
29754
29806
29842
29844
30059
30123
30131
30158
30243
30269
30278
30315
30325
30394
30449
30509
30641
30678
30680
30735
30782
30853
30880
30963
30988
31277
31286
31368
31509
31621
31667
31671
31703
31754
31794
31923
31953
32030
32045
32092
32199
32258
32262
32379
32401
32671
32677
32705
32706
32747
32843
32867
32925
32949
32960
32994
33119
33162
33249
33365
33367
33455
33469
33646
33780
33896
33909
33913
33930
33934
33957
34022
34032
34042
34056
34078
34113
34169
34269
34313
34315
34422
34427
34436
34517
34584
34691
34698
34720
34772
34779
34829
34838
34847
34848
34894
35047
35079
35085
35112
35129
35293
35333
35386
35418
35462
35516
35547
35737
35792
35826
35833
35836
35873
35969
36047
36053
36070
36200
36237
36255
36449
36514
36639
36660
36711
36762
36787
36828
36882
37004
37057
37063
37155
37245
37435
37489
37555
37578
37648
37780
37782
37834
37872
37985
38011
38033
38139
38173
38326
38392
38508
38579
38608
38711
38739
38828
38846
39012
39061
39169
39294
39390
39413
39423
39459
39546
39565
39675
39783
39792
39823
39841
39848
39849
40010
40052
40079
40245
40390
40496
40614
40623
40635
40692
40768
40868
40900
40952
40964
40978
40988
41023
41028
41236
41273
41316
41317
41349
41559
41657
41668
41863
41889
41894
41969
41978
42036
42296
42409
42522
42559
42607
42610
42668
42769
42828
42901
42905
42924
42942
43064
43098
43128
43209
43234
43266
43287
43325
43369
43518
43520
43572
43623
43639
43714
43884
43902
44019
44201
44217
44281
44293
44339
44397
44398
44445
44466
44521
44529
44546
44651
44715
44803
44839
44845
44960
45008
45048
45156
45169
45328
45360
45398
45568
45569
45677
45747
45777
45795
45863
45911
46035
46040
46050
46121
46183
46227
46265
46301
46354
46359
46430
46432
46587
46613
46626
46720
46876
46990
47043
47135
47185
47203
47206
47256
47313
47322
47385
47487
47495
47574
47750
47757
48002
48057
48179
48284
48297
48301
48346
48471
48496
48511
48513
48532
48537
48602
48626
48647
48783
48831
48867
48938
49064
49104
49104
49125
49136
49192
49237
49296
49306
49416
49428
49582
49626
49674
49787
49788
49834
49875
49887
49910
49928
50056
50083
50133
50188
50245
50251
50262
50310
50340
50349
50404
50420
50430
50576
50599
50611
50714
50742
50750
50777
50784
50810
50821
50891
50923
50924
51082
51141
51188
51379
51445
51515
51550
51577
51615
51652
51754
51881
51968
52001
52145
52191
52242
52268
52384
52404
52493
52513
52547
52582
52621
52657
52686
52691
52748
52865
52903
52909
52914
53054
53061
53125
53276
53277
53301
53313
53405
53428
53446
53516
53523
53527
53554
53676
53718
53804
53832
53950
53954
53975
54075
54083
54086
54124
54152
54388
54415
54464
54580
54590
54678
54731
54750
54753
54812
54848
54905
55063
55078
55137
55159
55167
55243
55246
55260
55287
55293
55314
55324
55428
55485
55517
55524
55570
55612
55751
55755
55775
55895
55933
55959
55981
55990
56011
56063
56130
56180
56210
56235
56266
56344
56494
56612
56613
56659
56676
56679
56686
56799
56807
56858
56888
56921
56927
56996
57099
57140
57283
57311
57323
57328
57353
57368
57373
57464
57547
57720
57817
57834
57835
57956
58020
58088
58090
58134
58262
58264
58483
58485
58493
58499
58520
58659
58661
58708
58734
58787
58878
58880
58930
58988
59121
59162
59237
59341
59585
59590
59605
59618
59791
59825
60036
60056
60081
60095
60115
60280
60320
60400
60444
60534
60629
60651
60663
60719
60732
60838
60883
61153
61324
61423
61534
61574
61580
61684
61684
61728
61767
61842
61865
61953
61967
62007
62019
62055
62060
62062
62073
62184
62318
62360
62470
62569
62579
62745
62760
62946
62971
62988
63203
63216
63474
63562
63568
63646
64142
64271
64277
64289
64296
64319
64348
64480
64580
64581
64611
64621
64709
64819
64897
64963
64966
65118
65122
65147
65186
65269
65302
65485
65906
65947
66036
66061
66065
66089
66108
66186
66196
66278
66382
66395
66439
66467
66592
66600
66683
66833
66903
67024
67142
67209
67228
67352
67459
67505
67575
67576
67733
67733
67776
67819
67827
68118
68150
68167
68198
68332
68341
68362
68450
68608
68620
68639
68659
68746
68822
68826
68894
68948
69036
69112
69121
69186
69275
69336
69472
69875
69962
69975
70000
70048
70202
70250
70328
70334
70406
70407
70617
70630
70692
70709
70752
70812
70848
71046
71108
71176
71289
71635
71652
71757
71958
72030
72102
72112
72177
72242
72244
72415
72437
72543
72630
72737
72741
72819
72862
72903
72923
73120
73156
73192
73200
73214
73232
73294
73327
73345
73347
73395
73474
73552
73556
73586
73601
73699
73709
73709
73734
73756
73756
73797
73802
73865
73896
73909
74030
74075
74117
74156
74236
74506
74547
74651
74794
74947
75095
75163
75436
75562
75585
75612
75664
75719
75761
75784
75892
75963
75963
76158
76179
76195
76563
76599
76660
76695
76822
76901
76956
76957
77209
77246
77272
77312
77324
77373
77402
77442
77605
77728
77742
77752
77798
77965
78024
78083
78273
78347
78457
78609
78611
78615
78680
78758
78774
78782
78830
79052
79138
79150
79158
79158
79233
79514
79590
79749
79795
79802
79857
79882
79943
80194
80358
80467
80502
80522
80551
80563
80603
80634
80676
80711
80763
80796
80802
80938
81081
81093
81103
81180
81237
81239
81254
81358
81379
81404
81482
81576
81628
81643
81692
81774
81840
81917
81918
81943
81973
81992
82013
82037
82092
82174
82188
82322
82379
82688
82868
83651
83656
83725
83744
83799
83826
83834
83857
83873
83932
83958
83976
84017
84087
84105
84312
84333
84484
84701
84776
85011
85026
85070
85174
85197
85207
85446
85518
85640
85699
85744
85782
86045
86084
86141
86171
86260
86333
86483
86531
86640
86656
86661
86712
86808
86909
86922
86952
86958
87044
87133
87161
87245
87272
87278
87326
87334
87334
87405
87432
87532
87559
87602
87653
87719
87885
87970
88075
88171
88173
88173
88215
88294
88341
88359
88476
88528
88545
88582
88619
88673
88703
88779
89136
89137
89191
89211
89213
89225
89356
89362
89473
89509
89525
89544
89612
89657
89741
90204
90332
90350
90358
90386
90475
90492
90671
90693
90802
90921
91063
91381
91389
91418
91445
91451
91452
91487
91494
91557
91587
91596
91679
91774
91803
91816
91873
91926
91943
92027
92122
92131
92371
92423
92556
92584
92889
92889
93069
93263
93357
93384
93417
93449
93515
93517
93689
93778
93815
93840
93846
93887
93940
94141
94253
94267
94318
94466
94581
94877
95204
95249
95426
95447
95619
95711
95716
95719
95725
95754
95837
95928
96024
96075
96115
96279
96325
96352
96431
96537
96824
96880
96989
96994
97007
97060
97064
97151
97176
97262
97330
97499
97510
97573
97813
97816
97862
97936
97939
98009
98092
98108
98133
98337
98378
98483
98553
99028
99057
99225
99232
99286
99350
99370
99492
99615
99792
99872
99910
100019
100030
100088
100171
100229
100336
100344
100441
100474
100550
100551
100554
100566
100573
100585
100722
100901
100917
101039
101114
101180
101270
101391
101436
101521
101544
101574
101637
101655
101735
101867
102070
102106
102123
102143
102175
102206
102230
102261
102506
102538
102596
102982
103013
103064
103093
103162
103186
103257
103271
103281
103459
103480
103532
103546
103633
103658
103801
103806
103839
103842
103893
104004
104076
104085
104151
104188
104190
104503
104512
104514
104611
104615
104620
104679
104698
104801
104807
104844
104921
105037
105188
105192
105204
105206
105216
105277
105308
105413
105466
105523
105714
105728
105907
105926
105967
106132
106510
106514
106533
106595
106611
106684
106787
106833
106906
107098
107206
107209
107218
107221
107238
107321
107323
107382
107415
107478
107482
107595
107719
107767
107810
107844
107868
107887
107899
107908
107918
108097
108218
108271
108427
108514
108522
108699
108746
108830
108879
108927
109004
109104
109150
109228
109254
109260
109294
109375
109447
109543
109561
109743
109795
109859
109914
109993
110066
110091
110100
110106
110150
110185
110238
110296
110322
110334
110372
110406
110486
110500
110516
110537
110587
110770
110832
110836
110863
110884
110955
110970
111130
111240
111240
111408
111415
111430
111564
111674
111789
112157
112172
112189
112262
112462
112596
112842
112893
113117
113244
113295
113295
113344
113349
113351
113449
113514
113634
113641
113732
113899
114085
114129
114389
114584
114734
114806
114912
115004
115077
115092
115252
115270
115355
115452
115622
115664
115715
115721
115861
115948
116064
116107
116285
116300
116380
116669
116788
116850
116882
116888
116912
116929
116949
116965
117116
117398
117542
117567
117608
117661
117806
117820
117981
117981
118011
118083
118090
118109
118141
118205
118332
118363
118449
118599
118609
118910
118945
119107
119111
119258
119306
119316
119356
119543
119679
119723
119796
119831
119864
120115
120126
120178
120183
120213
120284
120340
120451
120520
120593
120633
120692
120832
121162
121566
121566
121576
121599
121792
121805
121869
121911
121969
122078
122245
122245
122268
122311
122362
122662
122732
122758
122794
122953
122999
123031
123071
123207
123233
123236
123321
123593
123865
123989
124062
124179
124357
124372
124529
124772
124878
124891
124966
125012
125047
125077
125115
125173
125236
125288
125329
125405
125547
125549
125549
125595
125815
125940
125940
126141
126322
126335
126483
126562
126576
126589
126596
126889
126966
127097
127145
127344
127400
127431
127530
127558
127592
127672
127708
127714
127747
127750
127843
127859
127922
127947
128085
128111
128125
128140
128239
128365
128384
128478
128530
128552
128582
128926
129070
129249
129488
129552
129605
129660
129800
129842
129881
129948
129979
130204
130212
130304
130320
130519
130528
130545
130554
130614
130625
130643
130690
130780
130859
130868
130873
130989
131046
131177
131199
131211
131270
131282
131366
131430
131478
131518
131566
131610
131625
131668
131784
131857
131883
131893
131918
131941
132010
132496
132622
132758
132800
132831
132880
133043
133043
133098
133184
133185
133226
133278
133302
133321
133322
133374
133402
133583
133592
133870
133876
133926
134049
134086
134171
134229
134276
134333
134431
134559
134614
134862
135012
135071
135238
135348
135413
135445
135487
135658
135703
135747
135779
135859
136038
136039
136100
136157
136215
136253
136333
136504
136649
136692
136718
136889
137007
137188
137193
137260
137411
137455
137480
137583
137697
137723
137818
138009
138259
138287
138439
138600
138628
138642
138692
138712
138735
138769
138790
138850
138974
138985
139059
139167
139337
139483
139688
139815
139832
139897
139930
139931
139934
139962
140128
140302
140367
140414
140440
140509
140560
140637
140750
140812
140873
141131
141277
141315
141353
141496
141567
141577
141742
141745
141756
141767
141813
141920
141929
142000
142080
142130
142341
142368
142448
142471
142494
142614
142772
143054
143061
143134
143160
143253
143471
143491
143551
143553
143574
143666
143669
143731
143790
143880
143897
144047
144052
144064
144083
144154
144279
144356
144423
144426
144476
144499
144604
144610
144678
144695
144745
144887
144900
144965
144991
145009
145073
145080
145295
145477
145553
145703
145800
146051
146054
146105
146139
146666
146878
147031
147124
147137
147145
147150
147153
147191
147295
147392
147451
147784
147798
147826
147906
147941
148343
148437
148454
148567
148799
148925
149387
149578
149664
149693
149822
150040
150185
150236
150409
150479
150524
150547
150679
150859
150962
150990
151190
151254
151317
151347
151457
151459
151559
151635
151769
151797
151907
152102
152228
152351
152510
152552
152566
152855
152889
152892
152912
153209
153216
153717
153777
153911
153944
153970
153980
154116
154157
154280
154333
154399
154403
154433
154556
154573
154641
154783
154891
155055
155073
155225
155252
155385
155388
155410
155565
155577
155686
155756
155833
156047
156059
156117
156128
156551
156571
156675
156724
156967
157012
157124
157387
157617
157619
157681
157757
157864
158071
158225
158313
158392
158405
158600
158603
158829
158860
159053
159442
159492
159667
159712
159767
159776
159795
159814
159825
159890
159957
160176
160435
160665
160845
160861
160914
160966
161130
161133
161226
161229
161341
161381
161390
161395
161436
161460
161528
161574
161653
161676
162126
162175
162348
162444
162642
162679
162924
162960
162970
163050
163072
163177
163237
163301
163580
163706
163825
163896
163901
164243
164312
164439
164453
164562
164633
164639
164738
164748
164766
164878
164973
165111
165121
165378
165449
165517
165539
165583
165643
165749
165755
165781
166050
166270
166389
166535
166622
166713
166750
166765
166990
166992
167046
167070
167124
167169
167256
167267
167331
167339
167501
167692
167760
167911
167942
168143
168207
168289
168586
168614
168711
168739
168839
168923
169019
169095
169115
169431
169452
169482
169596
169816
169839
170233
170389
170426
170530
170534
170568
170722
170917
171059
171296
171400
171417
171471
171500
171528
171567
171591
171687
171702
171814
172696
172909
172985
173474
173557
173604
173637
173644
173714
173728
173853
173862
173905
174107
174349
174390
174820
175123
175199
175264
175287
175302
175368
175650
175749
176056
176363
176795
176812
176826
176903
176916
176954
177148
177194
177288
177499
177724
177731
177741
177746
177748
177833
177836
177986
178107
178109
178170
178260
178422
178731
179240
179439
179734
179780
179785
179826
180048
180059
180062
180069
180216
180273
180781
180824
180956
180959
180975
181158
181230
181344
181404
181487
181502
181506
181824
181828
181869
182179
182473
182562
182807
183040
183136
183207
183345
183372
183491
183803
183819
183921
183969
184232
184263
184583
184624
184714
184980
185053
185138
185174
185235
185430
185552
185563
185573
185668
185752
185896
185921
185968
186005
186062
186283
186664
186703
186715
186949
187108
187181
187351
187399
187623
187867
188001
188102
188103
188180
188319
188473
188582
188742
188758
188969
188974
189000
189039
189130
189362
189483
189617
189907
190141
190232
190477
190491
190548
190580
190688
191074
191185
191262
191452
191468
191520
191848
191849
191983
192154
192258
192482
192513
192674
192711
192855
192911
193005
193237
193380
193392
193456
193813
193889
194049
194388
194471
194488
194599
194767
194771
194829
195728
195797
196106
196250
196261
196354
196427
196485
196558
196757
196885
197053
197313
197643
197780
197869
198079
198237
198568
198717
198831
199063
199258
199668
199724
199960
200119
200157
200180
200182
200316
200618
200708
201049
201066
201159
201534
201849
201938
202012
202531
202919
202954
202989
203186
203479
203625
204084
204084
204264
204317
204429
204765
205002
205415
205463
205622
205662
205740
205966
206567
206611
206884
206942
206965
207007
207035
207036
207071
207197
207250
207281
207357
207546
207760
208385
208387
208416
208602
208705
209061
209335
209826
210155
210614
210816
210847
210936
210998
211011
211064
211095
211334
211454
211787
211933
212001
212049
212202
212246
212302
212361
213018
213056
213244
213470
213785
213912
214027
214050
214111
214236
214348
214562
214815
214832
215121
215169
215400
215420
215528
215559
215636
215814
215820
215925
216087
216166
216235
216317
216472
216480
216615
216708
216883
216951
217002
217042
217524
217614
217734
217755
217758
217904
218253
218410
218599
218616
218915
219043
219437
219580
219667
219976
220153
220424
220531
220579
220581
220659
220869
221020
221079
221271
221414
221699
221997
222300
222355
222421
222421
222566
222574
222641
222694
222814
223008
223367
223554
224437
224504
224508
224599
224686
225060
225140
225144
225201
225312
225508
225709
226308
226371
226382
226594
226876
227096
227183
227185
227340
227479
227574
227596
227606
227632
227664
227759
228084
228201
228311
228752
229074
229395
229491
229716
229716
229742
230350
230389
230419
230822
230879
231206
231342
231560
232144
232305
232608
232648
232908
232975
232984
233234
233397
233512
234354
234397
234417
234977
234982
235237
235308
235481
235513
235591
235788
235966
236592
236848
236878
237511
237551
238012
238725
238736
238750
238836
239131
239432
239644
239649
239672
240145
240235
240547
241199
241204
241219
241297
241302
241418
241939
242066
242253
242654
243139
243240
243412
243634
243712
243821
243860
244212
244299
244308
244381
244490
244509
244540
244556
244709
244763
244804
244849
245405
245462
245478
245570
245594
246838
247161
247259
247264
247534
247712
247731
247732
249147
249217
249445
249585
249934
249944
250263
250584
250963
251063
251319
251327
251414
251639
251844
251851
251920
252223
252777
253094
253268
253806
253824
254298
254592
254616
254861
255223
255298
255418
255533
255739
256019
256471
257178
257350
257503
257660
257791
258533
258780
258985
259489
259764
259873
260363
260567
260638
260784
260964
261020
261140
261213
261271
261322
261504
261808
262066
262949
263260
263296
263346
263709
263870
264193
264581
264661
264873
264958
265427
265735
266929
267011
267445
268072
268170
268585
268863
270361
270373
270670
271526
271889
272120
272350
272406
272661
272801
272855
272917
273308
273399
273665
273778
273943
273949
274125
274540
274634
274760
274835
275157
275440
275516
275524
275621
276106
276141
276183
276428
276871
276893
276935
277097
277181
277332
277572
277668
277811
278015
278279
278310
279450
279794
279913
280009
280301
280575
280601
280608
281264
281361
281488
281543
281727
282909
283055
283342
284498
285604
285820
285978
286221
286374
287008
287505
288342
288642
289072
289204
289251
289546
289590
289600
289767
289954
290165
290191
290800
290837
291989
293430
293685
293837
294232
294722
294950
294998
295028
295101
296250
296730
296893
297929
299268
299496
300439
300628
301001
301164
301353
301420
301892
303315
303762
304054
304213
304253
304757
305398
305853
305886
305930
306628
306784
308515
309281
309342
309716
310162
310233
310645
311463
311968
312652
313912
313983
314216
314234
314428
314751
315681
316197
316375
316567
316611
316739
317008
317195
317355
317438
317493
318145
318395
319035
319519
319792
320077
320203
320335
320352
320385
320392
320469
321925
322141
322326
322754
324052
324104
324179
324730
325200
325882
325982
326022
326126
326301
326487
326535
328128
329609
329857
330581
330716
330836
331197
332104
332261
333314
333485
334339
335145
335179
336322
336387
336735
336837
337083
337120
338105
338574
338633
338917
340075
340488
340907
341483
342204
342299
342524
343307
344697
344836
345492
345983
346344
348691
349187
350076
352153
352328
352831
352836
353152
355264
355967
356294
356945
357455
357548
358183
358799
359270
359461
359767
360230
360375
360809
361099
361122
364067
364188
364442
365032
365125
365413
366105
366318
366448
367572
371352
373221
375026
375640
376801
378499
378719
380901
381111
381774
385122
385653
386215
387281
387547
387945
389663
389944
391536
391757
393812
394496
395519
396394
399205
399226
401177
403596
403908
404389
404667
406212
407625
411181
413065
414254
414681
415295
416115
418018
419661
420184
421347
421720
421881
426171
427278
429255
429974
431319
432044
432357
432706
433599
437341
437444
437586
439974
440903
441253
441466
444535
445657
447950
449433
453832
458651
461862
462343
468448
470420
470580
470979
471244
471867
472829
475716
478299
478436
487647
490650
493718
500002
503756
503893
504929
506881
506993
507662
512584
514086
516731
520535
521159
523241
528797
530127
545107
566996
567857
574378
578270
580756
633083
