0
0
298
317
431
490
545
552
599
640
659
901
933
1000
1020
1187
1272
1329
1594
1690
1772
1821
1847
1877
1879
1936
2129
2140
2318
2405
2416
2454
2481
2504
2729
3020
3178
3294
3458
3499
3504
3600
3606
3704
3869
3941
3942
3955
3958
4029
4305
4393
4401
4556
4606
4721
4728
4791
4805
4972
4979
5097
5136
5193
5240
5376
5397
5410
5562
5608
5707
5791
5834
5936
6034
6057
6113
6115
6124
6224
6243
6257
6418
6502
6542
6824
6839
7032
7045
7232
7298
7384
7507
7512
7518
7526
7560
7581
7591
7623
7834
7848
8213
8301
8484
8553
8751
8809
8886
9270
9296
9449
9537
9545
9558
9584
9677
9689
9784
9796
9815
9838
9863
9904
10088
10158
10276
10384
10398
10469
10483
10490
10596
10648
10693
10777
10815
10840
10905
11123
11229
11257
11377
11441
11490
11536
11539
11581
11635
11935
12011
12180
12217
12362
12364
12370
12411
12461
12599
12665
12683
12698
12802
12846
12881
12936
12969
13185
13190
13264
13343
13473
13503
13552
13574
13642
13688
13694
14014
14059
14212
14216
14447
14695
14748
14923
14961
15023
15080
15202
15332
15361
15402
15448
15456
15505
15581
15647
15697
15943
15955
16294
16364
16574
16771
16781
16864
16891
17023
17164
17281
17315
17372
17481
17636
17644
17670
17722
17812
17862
17927
17947
18016
18021
18205
18298
18341
18373
18410
18420
18500
18577
18606
18767
18823
18843
18997
19057
19066
19084
19177
19306
19448
19622
19982
20082
20089
20100
20218
20270
20354
20558
20669
20690
20756
21082
21157
21199
21206
21231
21352
21429
21431
21436
21544
21882
21991
22006
22033
22088
22116
22201
22214
22470
22732
22737
22961
22976
23004
23214
23266
23405
23465
23547
23645
23731
23781
23807
23824
24226
24228
24249
24278
24557
24593
24785
24794
24855
24939
25014
25017
25042
25111
25118
25151
25220
25226
25272
25348
25349
25375
25449
25483
25664
25757
25794
25882
25890
26038
26333
26493
26519
26527
26626
26687
26722
26782
26995
27108
27126
27255
27320
27433
27517
27591
27628
27685
27725
27817
27881
28461
28912
28956
29073
29156
29170
29483
29566
29568
29709
29761
29806
29873
30188
30193
30378
30635
30968
30983
31206
31319
31519
31667
31754
31796
31954
31999
32003
32132
32315
32366
32483
32731
32885
33021
33030
33044
33242
33389
33451
33682
33698
33730
33734
33822
33943
33968
33990
34006
34045
34173
34246
34289
34309
34437
34468
34476
34494
34496
34503
34527
34620
35009
35413
35430
35527
35551
35755
36039
36234
36249
36274
36290
36311
36545
36565
36849
36942
37001
37074
37079
37235
37499
37514
37602
37799
37853
37996
38004
38024
38153
38361
38436
38562
38698
38786
38797
38891
38928
38964
39028
39162
39345
39455
39489
39534
39589
39715
39757
39875
39912
39924
39935
40521
40631
40973
40987
41008
41169
41273
41299
41451
41456
41747
41754
41784
41812
41874
42077
42078
42100
42176
42322
42491
42514
42616
42646
42685
42686
42882
42965
43026
43067
43103
43128
43531
43552
43641
43833
43865
43937
44027
44138
44165
44274
44338
44349
44456
44749
44908
45213
45275
45415
45446
45707
45882
45951
46069
46073
46410
46647
46702
46849
46851
46915
47032
47037
47134
47286
47295
47396
47412
47498
47541
47658
47679
47724
47846
47890
47967
48061
48187
48345
48359
48421
48487
48603
48666
48691
48759
48934
48953
48953
48977
49056
49128
49261
49276
49351
49545
49862
49889
49908
49957
49986
50090
50156
50415
50432
50498
50681
50735
50775
50799
50845
50871
50911
51430
51660
51707
51718
51826
51984
52010
52086
52171
52247
52338
52456
52459
52478
52699
52964
53029
53437
53551
53705
53830
53974
53981
54125
54264
54264
54400
54490
54491
54544
54900
55039
55284
55322
55422
55458
55466
55501
55551
55798
55934
56213
56250
56301
56329
56422
56428
56429
56476
56582
56621
56748
57115
57153
57172
57185
57256
57373
57481
57561
57675
57741
57882
58014
58104
58238
58567
58665
58879
58895
59008
59019
59071
59300
59304
59310
59377
59389
59390
59546
59739
59897
59918
60155
60183
60209
60259
60278
60291
60427
60442
60448
60472
60573
60789
60852
60965
60988
61048
61125
61209
61291
61370
61447
61520
61585
61616
61645
61851
61957
61972
62043
62138
62195
62336
62417
62417
62442
62459
62532
62541
62800
62861
63147
63194
63255
63366
63374
63442
63524
63579
63595
63702
63809
63852
63882
63884
63922
63974
64159
64328
64803
64877
64975
65024
65079
65203
65345
65662
65679
65748
65851
65932
65987
66169
66483
66499
66500
66555
66656
66795
66873
66914
66938
66998
67079
67150
67356
67465
67701
67977
67991
68088
68162
68199
68253
68276
68425
68554
68560
68575
68618
68835
69019
69111
69144
69213
69457
69809
69839
69857
69872
70012
70150
70191
70223
70338
70355
70400
70402
70425
70455
70460
70603
70633
70762
70922
71086
71219
71268
71277
71304
71380
71471
71900
72331
72348
72355
72494
72525
72568
72628
72636
72657
72842
72907
73012
73263
73447
73700
73789
73886
73925
74060
74350
74393
74515
74783
74937
75087
75664
75691
75733
75767
75775
75862
76065
76078
76269
76495
76938
76971
76995
77304
77615
77619
77620
77639
77642
77811
77919
78130
78164
78379
78398
78399
78510
78740
78747
78761
78795
78968
79013
79041
79430
80019
80151
80159
80215
80340
80370
80521
80544
80602
80644
80818
80872
81079
81174
81442
81552
81608
81857
81874
81877
82049
82060
82079
82200
82319
82369
82538
82568
82571
82841
83001
83031
83037
83371
83483
83508
83580
83631
83637
83794
83936
84003
84045
84047
84174
84184
84494
84588
84598
84617
84628
84722
84723
84732
84844
84852
85014
85083
85215
85260
85387
85392
85681
85730
85732
85899
86015
86117
86149
86155
86164
86232
86687
86765
86857
87016
87149
87304
87359
87408
87436
87557
87599
87600
87839
88518
88539
88727
88912
89170
89245
89506
89656
89662
89797
89930
90109
90119
90283
90299
90386
90626
90627
90659
90674
90953
91020
91254
91301
91368
91378
91400
91430
91473
91475
91577
91781
91810
91912
92172
92216
92290
92316
92615
92935
93062
93122
93212
93314
93326
93364
93438
93443
93603
93622
93625
93631
93792
93822
93961
94357
94426
94448
94614
94642
94859
95397
95523
95712
95862
95902
95910
95923
96085
96141
96398
96445
96580
96610
96667
97057
97091
97130
97131
97215
97745
97858
97971
98172
98186
98638
98658
98968
98981
99241
99247
99596
99981
99994
100016
100315
100315
100557
100602
100785
101015
101026
101289
101295
101334
101589
101821
101824
101859
102247
102278
102339
102397
102530
102654
102688
102721
102811
103001
103061
103064
103091
103305
103320
103443
104040
104113
104275
104350
104373
104477
104622
104638
104956
105085
105121
105202
105430
105492
105501
105512
105533
105613
105743
105859
106183
106313
106568
106715
106873
106892
107037
107204
107440
107509
107670
107740
108047
108070
108223
108297
108303
108388
108397
108457
108502
108531
108846
108901
109099
109150
109190
109541
109742
109941
110394
110503
110552
110684
110825
111082
111150
111180
111468
111513
111572
111684
111718
111904
112185
112221
112227
112363
112391
112652
112955
113475
113563
113579
113614
113664
113856
113902
114108
114274
114306
114342
114526
114658
114729
114737
115110
115172
115207
115247
115389
115603
115747
115799
115902
116086
116105
116119
116348
116397
116530
116952
117084
117251
117396
117661
117838
118006
118077
118133
118253
118345
118394
118770
118898
118947
118968
119101
119224
119257
119345
119481
119572
119801
119847
119913
119990
120254
120309
120409
120412
120508
120661
120921
120996
121105
121166
121209
121257
121314
121566
121578
121818
122307
122510
122614
122777
122831
123152
123184
123237
123408
123562
123603
123916
123979
124032
124086
124163
124611
124762
124764
124783
124855
125042
125099
125181
125229
125362
125592
125626
125872
125883
126288
126311
126474
126503
126860
126949
127022
127064
127069
127124
127401
127402
127636
127735
127809
127852
128037
128444
128638
128677
129029
129062
129233
129511
129613
129659
129770
129837
129928
130310
130443
130472
130821
130988
131032
131123
131134
131160
131258
131423
131760
131905
131914
131953
131962
132080
132248
132472
132497
132583
132701
132732
132733
132862
132863
132942
133090
133622
133638
133705
133853
133951
133963
134160
134300
134548
134598
134611
134846
134943
135305
135403
135601
135965
135970
136061
136231
136333
136724
137175
137180
137241
137311
137405
137474
137672
137729
137934
138046
138536
138543
138724
138764
138840
138883
138910
139040
139160
139281
139363
139457
139522
139725
140033
140062
140194
140384
140457
140603
140949
140951
140980
141099
141181
141207
141498
141577
141826
141844
141915
142067
142120
142760
142803
142918
142994
143347
143690
143767
143807
143852
144005
144052
144188
144289
144563
144728
144796
145830
145846
145862
145891
146045
146165
146517
146530
146640
146662
146846
146850
146944
147071
147130
147227
147524
147689
147728
147833
148011
148224
148571
148666
148714
148842
148987
149005
149032
149228
149691
149798
149825
149845
150029
150070
150130
150196
150309
150410
150417
150538
150970
151153
151538
151713
151743
152137
152257
152371
152572
152580
152984
153124
153344
153498
153560
153621
154037
154087
154193
154217
154242
154243
154600
154669
154920
154923
155053
155075
155529
155551
156171
156260
156488
156704
156979
157098
157238
157267
157268
157436
157442
157602
157634
157722
157815
157945
158042
158271
158425
158435
158899
159211
159901
159943
160272
160408
160414
160444
160491
160649
160683
160771
160951
161170
161252
161408
161415
161530
161903
162113
162237
162378
162730
162911
163015
163108
163536
163683
163747
163858
163883
164313
164414
164462
164735
164776
164904
166428
166632
166936
166942
167429
167741
167975
168107
168295
168408
168447
168467
168740
168974
169445
169510
169548
169770
169819
169829
169907
170022
170087
170282
170553
170908
170940
171174
171290
171604
171752
171906
171979
172623
172944
173120
173199
173372
173396
173402
173411
173478
173527
173616
173644
173961
174544
174652
174941
175282
175294
175393
175682
175941
176094
176152
176336
176703
177259
177341
177538
177564
177599
177679
177966
178100
178263
178273
178768
178790
178888
178919
179029
179068
179090
179375
179480
179500
179981
180114
180181
180499
180628
180672
180836
180932
181770
181776
182047
182224
182455
182734
182843
183264
183298
183595
184024
184434
184435
184446
184617
184686
184799
184851
185227
185682
185849
186091
186223
186303
186442
186754
186866
187179
187540
187542
187544
187956
188040
188154
188378
188570
188662
188963
188975
189068
189459
189912
189988
190022
190597
190611
190724
190858
191211
191492
191763
192069
192166
192205
192228
192383
192389
192503
192890
192920
192974
193024
194031
194545
195321
195711
196642
196864
196906
197091
197318
197347
197458
197581
197652
197726
197760
197995
198163
198266
198312
198731
200399
200567
200784
200883
201094
201360
201578
201605
201842
201976
202240
202346
202639
202957
203189
203469
203757
203760
204188
204191
204244
204519
204574
204650
204710
204745
204847
204983
206177
206409
206594
206791
206838
206854
207033
207114
207167
207420
207699
207752
208157
208201
208619
208757
208939
209568
210255
210257
210508
210518
210539
210672
210765
210967
211146
211669
211715
211747
211926
212002
212105
212192
212208
212222
212251
212519
212741
212773
212953
213128
213350
213916
214119
214147
214281
214415
214415
214615
215256
215264
215620
216233
216254
216315
216386
217042
217386
217709
218151
218202
218701
218971
219335
220333
220508
220552
220640
220997
221923
222083
222250
222566
224538
224840
225189
225381
225680
225686
225842
226331
226398
227526
227724
228885
229088
229847
229947
230386
230904
231389
231455
231621
231637
231675
232215
232240
232356
232884
232983
233536
233816
234352
234429
234501
234594
236347
236594
237162
237171
238029
238711
238947
239062
239101
239861
239989
240097
240217
240462
240772
241199
241589
241595
241646
242049
242100
242169
242173
242268
243151
243215
243320
244004
244674
245317
246345
246970
247053
247297
247421
248130
249555
249908
249952
249979
250112
250230
250377
250650
252342
252620
253501
253658
253704
253735
253949
254120
254780
255232
255289
255992
256714
256750
257261
258470
258573
258873
259098
259115
259244
259789
259914
260201
260950
261103
261491
262951
263227
264113
264537
264700
265030
266115
266987
267026
267293
269312
269640
270414
272211
272533
272636
272647
272771
272962
273328
273838
276039
277462
278009
278346
278461
278648
278784
279101
280094
280784
281017
282000
282104
283195
283835
284085
284117
284267
284417
285326
285597
286276
286411
286815
287089
287503
287800
289591
289741
290849
291226
291970
293621
294482
295176
295809
296068
296086
299167
300494
302505
303340
303473
304075
305083
305559
305562
305674
305921
306318
306883
307056
307121
307799
308307
309173
309513
310552
311466
312553
314132
314880
315748
316549
317111
317152
317281
317900
317914
318443
319459
320550
320763
321176
322304
322627
323082
324749
328478
329446
329621
330336
330489
331198
331973
332074
332760
334555
336210
337483
337992
339566
344726
348091
348250
349201
350298
350888
351855
352841
353112
353596
354933
356068
356891
360282
362421
363455
363554
364262
364489
364665
365415
365512
366882
369441
370234
372109
379167
379944
381169
381180
386754
388902
389234
391294
395159
395471
396078
396492
398479
400085
400293
405578
405759
407399
410147
420247
423135
423552
423751
426275
427185
431297
443795
453710
457533
461854
464470
465439
472047
482063
490254
503084
524010
526569
532368
569306
574346
577571
579810
586065
