0
0
40
98
107
181
354
375
420
428
444
446
450
507
609
645
787
801
830
888
931
951
1120
1174
1230
1326
1374
1376
1402
1403
1486
1554
1558
1595
1601
1671
1730
1765
1833
1938
2044
2131
2174
2210
2277
2415
2562
2591
2600
2640
2675
2718
2755
2760
2775
2778
2789
2806
2943
3033
3118
3177
3181
3198
3218
3246
3251
3282
3464
3465
3607
3739
3779
3809
3821
3848
3900
3930
3943
3956
3979
4017
4115
4116
4126
4257
4299
4428
4461
4616
4618
4623
4640
4658
4734
4845
4890
5053
5080
5108
5135
5140
5199
5235
5264
5388
5407
5727
5786
5798
5803
5840
5880
5914
5961
5965
5982
6064
6082
6110
6138
6217
6257
6307
6329
6335
6346
6372
6526
6548
6581
6817
6891
6922
7127
7233
7275
7303
7314
7413
7428
7470
7495
7499
7527
7561
7576
7620
7643
7704
7706
7755
7845
7888
7948
8036
8070
8073
8077
8091
8104
8146
8213
8225
8334
8381
8444
8457
8475
8514
8535
8538
8541
8559
8589
8630
8681
8705
8781
8851
8870
8930
8976
9096
9103
9130
9150
9188
9224
9282
9287
9309
9341
9409
9440
9513
9542
9579
9635
9718
9720
9755
9916
9970
10020
10296
10317
10332
10332
10409
10423
10451
10562
10633
10650
10659
10671
10684
10726
10743
10805
10806
10996
11056
11150
11153
11178
11233
11246
11436
11563
11568
11674
11688
11722
11745
11766
11792
11841
11867
11893
11954
11987
12049
12251
12304
12486
12488
12513
12608
12657
12680
12703
12718
12828
12853
12955
13068
13085
13169
13186
13211
13228
13230
13245
13276
13454
13545
13650
13657
13698
13823
13833
13891
14309
14347
14484
14505
14674
14723
14792
14846
14857
14909
14983
15119
15163
15256
15274
15344
15595
15654
15664
15710
15759
15781
15800
15891
15949
15981
16084
16167
16414
16480
16656
16695
16775
16906
16907
16933
16992
17010
17139
17177
17202
17237
17257
17296
17308
17411
17472
17544
17633
17736
17853
17856
17912
17921
17922
17946
17970
17983
18040
18043
18115
18146
18175
18177
18183
18258
18304
18322
18323
18337
18425
18465
18574
18625
18669
18681
18758
18789
18896
18994
19004
19047
19100
19116
19175
19238
19266
19289
19329
19372
19394
19484
19724
19757
19882
19893
19935
19949
19961
20066
20074
20122
20205
20373
20551
20674
20689
20745
20752
20878
20890
20902
20934
21006
21139
21179
21298
21299
21313
21325
21334
21432
21437
21447
21549
21756
21777
21810
21812
21859
22140
22210
22213
22251
22252
22270
22341
22415
22438
22614
22616
22697
22747
22752
22807
22831
22854
22949
22976
22992
23112
23113
23218
23234
23271
23273
23390
23411
23419
23472
23546
23586
23719
23740
23876
23890
23921
23936
23966
23967
23971
23976
24163
24190
24196
24198
24214
24284
24443
24519
24530
24689
24739
24792
24794
24798
24842
24842
24868
24887
24955
25022
25024
25141
25156
25225
25237
25456
25466
25506
25568
25580
25620
25661
25718
25887
25939
25989
26043
26082
26119
26435
26454
26510
26608
26654
26723
26900
26950
27040
27060
27107
27137
27174
27181
27259
27437
27480
27488
27570
27580
27581
27586
27622
27624
27648
27697
27717
27851
27890
27894
27913
27961
27973
28083
28135
28221
28314
28450
28561
28593
28617
28653
28658
28744
28812
28864
28957
28985
29063
29099
29157
29210
29274
29406
29440
29451
29560
29570
29574
29621
29649
29789
29917
29932
30034
30038
30102
30154
30176
30206
30231
30237
30274
30306
30364
30406
30547
30562
30624
30645
30744
30755
30765
30896
30896
30900
31118
31154
31188
31247
31274
31533
31559
31726
31818
31870
31939
31952
31961
31969
31987
32126
32178
32241
32316
32319
32384
32451
32484
32492
32596
32631
32710
32846
32957
32968
32969
33284
33347
33396
33469
33552
33586
33591
33677
33697
33795
33803
33822
33839
33855
33869
33952
33972
34017
34027
34047
34151
34190
34206
34280
34289
34321
34326
34377
34440
34480
34510
34524
34576
34719
34728
34790
34832
34848
34930
35034
35040
35076
35092
35207
35281
35348
35402
35438
35441
35532
35611
35680
35776
35782
35861
35880
35924
35947
35975
36024
36041
36123
36130
36209
36228
36250
36314
36325
36329
36462
36507
36743
36754
36851
36970
37149
37183
37324
37374
37414
37421
37433
37559
37579
37620
37654
38062
38212
38219
38222
38248
38572
38611
38640
38680
38736
38741
38787
38821
38950
38964
39019
39030
39368
39376
39414
39473
39474
39480
39514
39535
39561
39590
39591
39640
39711
39751
39871
39877
39957
40031
40032
40109
40220
40256
40271
40313
40383
40442
40462
40591
40877
40904
40923
41001
41170
41275
41322
41513
41571
41596
41661
41767
41796
41805
41920
41929
41980
42061
42156
42165
42200
42409
42467
42621
42659
42668
42683
42698
42784
42829
42932
42987
43038
43172
43233
43429
43435
43446
43455
43746
43758
43783
43794
43810
43932
43938
43953
44054
44080
44094
44230
44237
44254
44287
44295
44322
44408
44413
44416
44462
44591
44620
44648
44723
44782
44917
45003
45150
45212
45342
45430
45463
45539
45562
45590
45593
45601
45737
45821
46031
46039
46110
46122
46265
46290
46439
46535
46599
46641
46658
46664
46688
46718
46721
47006
47016
47060
47313
47411
47529
47536
47603
47621
47734
47882
47909
47994
48083
48086
48123
48185
48197
48285
48381
48490
48531
48636
48652
48745
48753
48896
48930
48945
48949
48990
49108
49131
49192
49300
49521
49604
49674
49730
49766
49997
49999
50054
50244
50298
50355
50478
50506
50533
50534
50561
50579
50808
50848
50933
50984
51031
51081
51123
51126
51253
51307
51365
51386
51443
51585
51603
51618
51633
51704
51845
51867
51931
51943
51947
51951
52013
52067
52081
52082
52118
52164
52167
52232
52252
52299
52382
52402
52412
52680
52692
52878
52882
53036
53128
53134
53141
53272
53310
53518
53528
53541
53587
53590
53670
53684
53722
53754
53865
53867
53900
54019
54085
54092
54224
54325
54390
54438
54451
54546
54636
54650
54681
54691
54720
54797
54930
55196
55247
55255
55291
55428
55431
55530
55892
55930
55985
56044
56117
56193
56314
56402
56571
56717
56756
56793
56936
57182
57196
57284
57289
57295
57324
57340
57381
57402
57453
57489
57521
57573
57745
57775
57852
58004
58008
58032
58057
58091
58133
58157
58172
58193
58275
58318
58506
58885
58938
58941
58946
59004
59459
59483
59485
59500
59532
59568
59588
59707
59762
59782
59804
59804
59893
59935
59971
59977
60025
60054
60275
60309
60498
60552
60766
60806
60895
60896
60962
61044
61187
61256
61298
61302
61316
61337
61347
61388
61411
61477
61511
61560
61582
61602
61628
61736
61803
61926
61957
61962
62044
62082
62179
62318
62326
62334
62369
62418
62476
62732
62766
62774
62788
62846
62964
63057
63094
63098
63126
63148
63165
63213
63266
63331
63349
63356
63467
63523
63678
63680
63685
63719
63788
63790
63868
63924
64011
64051
64100
64230
64240
64271
64326
64358
64379
64501
64548
64605
64636
64706
64909
65085
65088
65191
65345
65458
65571
65625
65825
65832
65855
65868
66009
66053
66151
66152
66182
66221
66296
66342
66362
66363
66450
66500
66563
66566
66583
66598
66747
66752
66813
66843
66881
67000
67034
67059
67085
67106
67161
67191
67210
67546
67622
67623
67629
67634
67802
67845
67875
67932
67955
67968
67976
67991
68122
68200
68251
68311
68404
68439
68468
68767
68857
68907
68914
68941
69051
69051
69104
69181
69234
69262
69419
69465
69524
69625
69672
69831
70007
70010
70040
70133
70154
70185
70403
70433
70509
70569
70709
70723
70749
70765
70791
70813
70989
71275
71379
71453
71640
71728
71751
71768
71773
71801
71802
71873
71941
71948
72041
72150
72194
72238
72262
72339
72421
72461
72489
72537
72616
72622
72636
72722
72751
72892
72960
72965
73269
73293
73356
73379
73575
73591
73727
73912
73976
73997
74031
74122
74131
74384
74514
74570
74576
74610
74612
74620
74664
74684
74774
74791
74845
74906
75207
75217
75249
75359
75678
75704
75813
75858
76055
76078
76279
76433
76468
76495
76516
76588
76593
76884
76984
77040
77217
77274
77399
77476
77512
77579
77599
77623
77640
77821
77848
77870
77994
78034
78069
78132
78145
78164
78225
78257
78326
78366
78411
78451
78537
78592
78639
78728
78732
78738
78886
78917
79006
79093
79116
79139
79162
79174
79224
79251
79290
79384
79662
79673
79691
79701
79721
79922
79943
79962
80011
80076
80104
80165
80196
80199
80200
80213
80378
80532
80679
80695
80974
81001
81102
81117
81131
81153
81228
81264
81279
81337
81473
81517
81548
81569
81570
81677
81812
81873
81927
81972
81995
82009
82073
82079
82126
82278
82324
82440
82486
82535
82558
82672
82715
82878
82992
82999
83019
83130
83182
83184
83328
83361
83718
83722
83789
83865
83866
83902
84193
84232
84255
84274
84279
84353
84368
84399
84559
84590
84673
84694
84738
84741
84775
84854
84920
84985
85003
85132
85144
85228
85231
85343
85418
85484
85485
85519
85520
85535
85618
85647
85774
85960
86065
86138
86141
86199
86214
86215
86501
86542
86547
86631
86762
86811
87055
87126
87197
87220
87354
87528
87618
87670
87704
87752
87964
88254
88294
88320
88430
88449
88459
88589
88723
88729
88776
88837
89079
89208
89268
89464
89471
89563
89611
89739
89844
89899
90085
90086
90093
90253
90388
90454
90501
90537
90580
90664
90757
90763
90782
90827
90848
91054
91124
91398
91477
91509
91680
91759
91858
91906
91982
92089
92177
92353
92557
92662
92766
92766
92892
93082
93114
93215
93230
93290
93351
93374
93404
93593
93677
93751
93782
93797
93835
93940
93945
94012
94167
94185
94225
94315
94547
94612
94694
94740
94757
94806
94846
94848
94882
94939
94947
94980
95009
95016
95025
95197
95284
95318
95321
95350
95488
95707
95780
95814
95871
96130
96196
96200
96221
96355
96356
96471
96473
96504
96535
96596
96607
96632
96653
96719
96819
97042
97076
97108
97265
97505
97517
97835
97916
97969
98136
98156
98245
98411
98417
98438
98457
98510
98539
98547
98594
98636
98777
98969
99505
99505
99566
99617
100003
100043
100202
100252
100396
100404
100439
100448
100510
100548
100585
100640
100670
100756
100759
100770
100771
100834
100834
101128
101133
101133
101162
101254
101318
101347
101403
101408
101475
101519
101620
101726
101830
101991
102295
102375
102377
102392
102434
102475
102498
102538
102542
102625
102638
102763
102842
102859
102889
102910
102983
103031
103083
103275
103411
103502
103564
103601
103899
103953
103957
103960
104041
104109
104129
104356
104405
104514
104645
104730
104860
104906
104934
105023
105039
105110
105158
105400
105443
105653
105747
105978
105994
106132
106222
106408
106454
106508
106551
106554
106811
106933
106959
106988
107001
107056
107437
107468
107516
107578
107637
107683
107824
107844
107875
107890
107936
107973
108017
108355
108404
108555
108633
108647
108651
108705
108888
108982
109023
109051
109084
109166
109183
109453
109632
109637
109656
109740
109852
109911
109927
110008
110149
110248
110465
110549
110607
110692
110872
110936
110962
111054
111101
111126
111159
111163
111184
111298
111448
111500
111514
111598
111606
111665
111686
111768
111769
111818
112038
112067
112081
112094
112273
112313
112427
112439
112505
112585
112704
112784
112886
112905
112996
113201
113227
113237
113283
113317
113327
113393
113397
113402
113508
113593
113728
113744
113809
113887
113905
113905
113943
113982
114013
114047
114077
114138
114142
114180
114251
114278
114281
114337
114397
114415
114471
114845
115072
115132
115211
115338
115419
115447
115468
115504
115565
115607
115626
115641
115719
115937
116035
116102
116460
116502
116635
116642
116661
116717
116840
116931
117061
117075
117376
117388
117428
117442
117482
117514
117617
117658
117838
117857
117892
117895
117912
117953
118183
118189
118273
118309
118405
118886
119008
119074
119258
119526
119620
119639
119731
119981
120208
120434
120458
120527
120631
120836
120985
121075
121314
121727
121779
121895
121940
122016
122026
122071
122156
122228
122244
122259
122278
122467
122702
122709
122725
123050
123054
123114
123150
123158
123232
123267
123554
123683
123850
123870
124069
124080
124184
124257
124315
124458
124702
124734
124760
124791
125138
125228
125254
125257
125325
125352
125502
125671
125733
125930
125987
126014
126078
126329
126568
126590
126768
126779
126811
126956
126992
127166
127441
127556
127567
127628
127700
127773
127845
127898
127928
127984
128013
128047
128071
128095
128113
128317
128346
128397
128504
128559
128574
128650
128828
129129
129166
129362
129575
129635
129654
129670
129716
129802
129823
129912
129960
130091
130252
130323
130332
130408
130473
130510
130635
130640
130768
130783
131027
131046
131152
131164
131231
131375
131397
131405
131490
131511
131560
131619
131737
131762
131828
131948
132007
132017
132089
132346
132376
132385
132434
132570
132580
132635
132834
132895
132901
132955
133001
133216
133221
133240
133315
133367
133417
133630
133654
133675
133836
133889
133978
134043
134153
134209
134239
134281
134306
134329
134429
134524
134567
134720
134742
134829
134968
135019
135114
135126
135348
135557
135578
135655
135659
135946
136203
136314
136340
136397
136663
136756
136854
136862
136914
136961
137228
137292
137386
137530
137619
137684
137746
137795
137802
137872
137906
137978
138400
138522
138872
138931
138964
138970
139005
139084
139420
139784
139842
139897
139907
139949
139952
139999
140020
140335
140396
140422
140541
140565
140671
140749
140846
140850
140864
140910
140963
140975
141167
141187
141354
141357
141358
141385
141399
141600
141602
141618
141632
141683
141961
141973
142146
142149
142359
142373
142655
142758
142798
143043
143047
143161
143166
143209
143312
143402
143453
143643
143909
143938
143954
144056
144058
144061
144081
144473
144494
144504
144607
144652
144718
144728
144805
144808
144848
145159
145306
145356
145503
145847
145917
145946
145987
145988
146178
146213
146304
146374
146432
146502
146509
146944
147117
147182
147315
147534
147630
147657
147686
147859
147914
147989
148334
148540
148694
148785
149099
149203
149275
149478
149655
149671
149792
149971
150225
150289
150429
150450
150486
150580
150693
150713
150715
150752
150755
150960
151008
151209
151690
152147
152470
152520
152538
152735
152828
152857
152939
152978
153296
153457
153826
153871
153917
153948
153967
154077
154121
154247
154251
154370
154495
154607
154799
154949
155104
155141
155286
155518
155577
155599
155765
155862
156055
156136
156338
156389
156443
156472
156575
156582
156689
156778
156880
157005
157109
157212
157330
157350
157653
157724
157759
157820
157820
158028
158071
158072
158087
158104
158427
158517
158880
159011
159199
159309
159425
159493
159787
159892
160008
160165
160198
160542
160683
160693
160696
160790
160802
160817
160867
161095
161148
161230
161437
161438
161527
161556
161648
161777
161832
162286
162382
162515
162568
162780
162798
162867
162871
162880
162956
163016
163040
163044
163320
163320
163328
163500
163700
163801
163893
163992
164095
164135
164161
164415
164508
164555
164639
164889
164910
164989
165329
165438
165852
165853
165868
166103
166105
166181
166584
166837
166957
167026
167047
167287
167493
167568
167601
168036
168118
168133
168197
168396
168398
168514
169054
169255
169278
169366
169569
169912
170050
170075
170237
170482
170841
170850
171231
171310
171348
171610
171986
172046
172165
172296
172430
172719
172747
173062
173110
173124
173151
173187
173260
173505
173579
173715
174144
174180
174188
174466
174531
174614
174664
174769
174780
174853
174892
174929
174973
175049
175151
175160
175322
175527
175536
175561
175635
176042
176048
176071
176076
176264
176296
176366
176412
176435
176437
176439
176829
176890
176898
176942
177009
177072
177136
177195
177293
177723
177729
177771
177853
177931
178114
178240
178293
178450
178496
178995
179118
179150
179396
179407
179428
180164
180279
180471
180699
180743
180909
181175
181521
181558
182016
182109
182152
183113
183150
183154
183333
183476
183508
184182
184190
184199
184291
184422
184505
184700
185067
185309
185384
185714
185863
186233
186461
186807
186954
187262
187355
187404
187417
187608
187712
187970
188280
188358
188486
188506
188789
188848
188872
188923
189116
189141
189308
189898
189905
189997
190073
190126
190296
190498
190519
190520
190759
191073
191498
191676
191686
191751
191796
191921
192362
192555
192557
192799
192886
192917
193018
193494
193661
193939
193974
194098
194149
194179
194179
194476
194624
195180
195192
196620
196720
196799
196837
196910
196913
196919
196961
197167
197235
197486
197553
198084
198331
198379
198628
198688
199012
199068
199097
199265
199284
199289
199400
199586
199745
199815
199823
199907
200069
200120
200797
200867
201040
201254
201259
201314
201749
202160
202174
202370
202400
202595
202632
202759
202893
203145
203213
203270
203631
203778
203951
203983
204075
204099
204365
204478
204535
204714
204845
204849
204896
205332
205613
205690
206010
206044
206101
206177
206318
207237
207379
207469
207473
207623
207653
207657
207731
208046
208291
208772
208874
209713
210393
210395
210404
211278
211789
212552
212699
212861
212946
212970
213238
213269
213364
213377
213406
213441
213582
213868
214071
214139
214146
214401
214443
214565
214785
214887
214987
215455
215702
216090
216168
216194
216362
216472
216965
217061
217113
217322
217414
217441
217709
217789
217851
217984
218277
218327
218731
218978
219160
219465
219536
219542
219932
220136
220224
220313
220320
220538
220679
220735
220967
220981
221052
221054
221361
221504
221700
221933
222358
222443
222686
222875
223088
223247
223280
223390
223420
223565
223612
223675
223700
223740
223779
223999
224060
224146
224223
224299
224326
224763
225461
226000
226204
226301
226352
226739
226892
226962
227111
227704
228408
228478
228677
228949
229391
229429
229457
229508
229954
230103
230471
230513
230580
230870
230920
231014
231044
231295
231607
231651
231713
231747
231837
232235
232340
232400
232679
232749
232754
232970
233448
233899
234810
234844
235445
235931
235979
236826
237055
237202
237426
237616
238456
238577
238830
239775
239877
239986
240166
240176
240273
240453
240667
240960
241343
241648
242223
242381
242434
242490
242605
242625
242810
243247
243479
244064
244206
244244
244618
245006
245505
245610
245826
246038
246059
246498
246771
246966
246974
246975
247028
247067
247338
247883
247901
248195
248457
248593
248599
248696
249002
249275
249703
250104
250237
250501
250518
250665
251020
251272
251708
252515
252770
252949
253063
253126
253265
253508
253714
253794
253918
253962
254006
254021
254025
254183
254290
254318
254466
254648
254723
254782
254856
255561
255710
255797
255961
256094
256445
256847
256855
256931
256943
257005
257022
257109
257225
257525
257597
257852
258158
259114
259814
259844
259951
260408
260418
260540
260909
261101
261216
261488
261667
261743
262464
262775
262803
262956
263084
263087
263362
263568
264052
264105
264235
264283
264333
264642
264914
266510
266622
266683
266716
266727
266769
267111
267602
267863
268512
269361
270003
270241
270315
270519
271713
271765
272050
272201
272668
272725
273042
273082
273340
273423
274144
274281
274708
274713
275129
275621
275868
276242
276850
277386
277763
278254
279280
279550
279607
279857
280023
280670
280728
281184
281512
281662
282231
282450
283189
283454
283793
284334
284434
285240
285732
286052
286289
287243
287894
288299
288651
289073
289122
289223
289545
290003
290264
290583
290595
290709
291076
291579
291741
291872
292255
292265
293061
293132
293431
294049
294677
295682
295779
295892
297147
298193
298237
298739
299567
299869
300099
300611
300819
301387
301614
301718
301804
302024
302469
302531
302534
302946
303192
303203
303385
303855
304149
304410
306904
307131
308434
308660
309304
309586
310058
310087
310279
310610
310698
311040
311633
311815
312274
312641
312814
314851
315191
315419
315728
315872
316144
316223
316248
316362
316732
317506
318055
318145
318511
319093
319484
319688
320266
320539
320988
321477
321531
321579
322295
323765
324030
324206
326575
327367
327578
327953
328257
328339
328925
329013
329340
330185
330376
330765
330976
332960
333063
333200
334255
334714
334890
334962
335101
335379
336257
336397
336856
336941
337123
337729
338150
338422
339342
340105
340276
341009
342246
342387
343072
343708
343791
343956
348157
349429
350389
350489
351788
352355
354640
358270
358378
358531
358546
359722
360171
360822
361269
361870
362515
362851
363530
363955
364424
365497
365648
365842
366269
366389
366945
370026
371458
375912
376877
376886
376961
377877
378542
379588
379753
380828
382541
382809
383410
383550
385278
385697
389679
389777
392335
392662
392839
393761
394080
394330
396185
397806
398038
398913
401294
404096
405976
407793
408537
410527
411309
413760
413859
414325
415268
416249
418934
419431
420678
425736
430521
434896
434962
435056
440018
442489
443560
447864
453937
457822
458007
463385
473198
475654
476773
492454
493894
535093
543025
552176
555895
560251
569128
588894
