0
0
179
239
268
401
535
572
668
671
823
852
877
890
891
944
965
1026
1031
1088
1120
1297
1302
1435
1505
1561
1657
1707
1752
1941
2062
2063
2066
2135
2181
2206
2264
2288
2396
2444
2477
2597
2637
2658
2695
2873
3093
3136
3200
3255
3280
3352
3363
3382
3430
3436
3516
3521
3691
3714
3802
3861
3946
3948
3972
4007
4019
4048
4245
4410
4438
4444
4524
4536
4553
4554
4585
4627
4651
4746
4872
4936
5126
5441
5479
5538
5694
5932
5961
5982
6041
6121
6266
6298
6310
6405
6514
6601
6667
6672
6679
6741
6807
6883
6897
6928
7013
7030
7066
7101
7109
7155
7245
7384
7416
7479
7513
7674
7871
7952
7970
8015
8047
8118
8245
8416
8484
8541
8551
8603
8607
8640
8817
8839
8921
8923
8925
8973
8978
9102
9179
9183
9221
9319
9334
9361
9483
9640
9675
9722
9755
9909
9993
10111
10117
10283
10524
10524
10575
10608
10673
10685
10730
11046
11086
11172
11287
11343
11601
11703
11784
11859
11898
11973
12082
12201
12215
12245
12255
12324
12413
12425
12575
12622
12664
12768
12803
12931
12972
13021
13244
13388
13463
13484
13535
13578
13620
13743
13782
13807
13824
13838
13905
13965
14095
14110
14153
14176
14258
14293
14321
14447
14457
14494
14585
14589
14592
14601
14625
14704
14705
14726
14897
14994
15004
15098
15150
15353
15503
15527
15537
15728
15767
15843
15934
15954
15978
16012
16267
16393
16419
16503
16514
16597
16599
16643
16694
16718
16740
16749
16754
16808
16812
16932
16943
16955
16984
17072
17178
17222
17315
17486
17571
17629
17678
17726
17786
17786
17799
17822
17902
17965
17972
18013
18087
18088
18129
18218
18263
18297
18485
18555
18559
18661
18730
18791
18880
19008
19073
19215
19240
19277
19335
19348
19362
19517
19541
19778
19831
19838
19849
19936
19990
20060
20122
20292
20300
20439
20439
20454
20464
20480
20499
20500
20584
20595
20606
20739
20779
20951
21051
21160
21207
21248
21312
21327
21467
21744
21834
21893
21931
21987
21991
21993
22004
22069
22070
22072
22101
22209
22238
22293
22334
22346
22593
22679
22688
22730
22768
22931
22993
23009
23171
23408
23417
23423
23431
23452
23536
23607
23646
23770
23800
23891
24068
24165
24212
24243
24258
24342
24363
24405
24418
24436
24438
24470
24474
24557
24639
24667
24700
24712
24804
24806
24827
24863
24871
24910
24936
25032
25053
25246
25393
25410
25558
25608
25672
25828
25835
26038
26059
26155
26181
26296
26320
26407
26524
26604
26619
26728
26779
26787
26834
26936
26988
27039
27076
27136
27154
27237
27260
27299
27406
27423
27454
27454
27470
27671
27691
27813
27877
27926
27938
28048
28076
28240
28301
28313
28464
28497
28517
28550
28558
28608
28767
29116
29120
29138
29168
29206
29222
29335
29383
29396
29414
29431
29660
29738
29844
29857
29861
29952
29992
30409
30457
30718
30977
31006
31079
31115
31208
31289
31384
31410
31447
31504
31751
31779
31900
31950
32097
32106
32138
32138
32281
32507
32517
32524
32562
32638
32647
32716
32778
32970
33014
33127
33198
33353
33354
33420
33719
33796
33809
33944
33979
34002
34146
34165
34224
34304
34326
34362
34406
34438
34557
34568
34648
34830
34974
35105
35144
35326
35433
35479
35498
35517
35548
35601
35834
35938
35978
36053
36064
36123
36187
36189
36278
36469
36494
36536
36599
36670
36688
36807
36834
36834
36850
36935
36984
37196
37202
37202
37229
37240
37268
37352
37467
37539
37576
37644
37650
37660
37729
37763
37796
37953
37968
37979
37989
37992
37998
38002
38042
38054
38375
38446
38514
38586
38592
38596
38639
39104
39255
39344
39422
39439
39442
39470
39596
39654
39749
39948
39955
40012
40051
40055
40088
40158
40251
40376
40570
40733
40849
40861
40894
41107
41193
41200
41251
41253
41349
41363
41493
41565
41662
41780
41814
41943
41994
42158
42285
42401
42402
42414
42425
42425
42457
42508
42622
42644
42678
42748
42840
42952
43175
43277
43287
43332
43446
43472
43574
43650
43710
43726
43842
43963
43999
44020
44093
44095
44126
44213
44321
44323
44332
44621
44672
44744
44778
44793
44796
44907
44917
44961
45075
45133
45277
45392
45410
45435
45595
45600
45704
45704
45730
45907
45917
46018
46021
46022
46061
46119
46219
46242
46242
46272
46291
46348
46352
46446
46450
46538
46648
46748
46834
46921
47003
47133
47136
47223
47245
47393
47446
47455
47495
47521
47541
47623
47686
47726
48083
48099
48109
48112
48168
48250
48277
48422
48588
48731
48769
48889
48944
49036
49084
49098
49154
49445
49486
49589
49621
49686
49855
49861
49945
50145
50242
50423
50425
50448
50527
50589
50605
50652
50682
50709
50737
50740
50784
50880
50912
50919
50936
51013
51085
51107
51108
51149
51160
51215
51293
51294
51426
51448
51482
51507
51564
51795
51824
51843
51992
52091
52091
52235
52262
52352
52354
52445
52538
52546
52595
52624
52630
52689
52729
52779
52928
53056
53140
53227
53270
53369
53578
53736
53818
53900
54140
54176
54192
54220
54312
54354
54410
54536
54586
54613
54631
54659
54714
54727
54793
54809
54968
55012
55030
55090
55163
55284
55338
55356
55367
55588
55589
55657
55708
55724
55867
55879
55893
55963
56081
56198
56377
56402
56439
56473
56478
56557
56571
56641
56891
56891
57027
57063
57081
57163
57289
57358
57373
57374
57431
57470
57486
57741
57771
57868
57890
57924
57926
57955
58162
58165
58219
58235
58639
58653
58907
59032
59051
59057
59061
59247
59297
59323
59376
59728
59771
59776
59798
59826
59846
59947
60046
60150
60161
60250
60395
60524
60592
60635
60856
60887
60930
61007
61033
61119
61204
61350
61401
61435
61467
61484
61787
61844
61887
61928
62009
62088
62105
62267
62276
62293
62483
62563
62691
62797
62962
62972
63005
63061
63164
63200
63216
63239
63326
63332
63333
63577
63669
63682
63873
63960
64087
64203
64204
64301
64308
64327
64357
64363
64458
64504
64589
64616
64620
64891
64934
64974
65090
65154
65335
65411
65504
65525
65649
65733
65734
65857
65881
65896
65929
65960
66024
66288
66294
66350
66409
66428
66436
66478
66605
66666
66742
67025
67029
67084
67098
67270
67338
67477
67550
67630
67783
67786
67787
68006
68038
68060
68215
68384
68514
68601
68720
68761
68979
68980
69108
69258
69367
69424
69486
69537
69932
70009
70199
70235
70302
70421
70431
70441
70497
70646
70860
71023
71086
71099
71321
71366
71394
71407
71430
71523
71598
71627
71666
71719
71730
72052
72147
72164
72355
72420
72435
72734
72839
72877
73098
73125
73319
73324
73513
73562
73575
73819
73966
74003
74070
74091
74181
74234
74245
74366
74395
74498
74560
74583
74696
74744
74805
74815
74881
75061
75101
75113
75168
75203
75354
75379
75474
75618
75939
75956
75975
76079
76236
76316
76332
76421
76490
76870
76979
77245
77286
77382
77449
77506
77510
77738
77767
77950
78067
78093
78190
78213
78222
78234
78289
78385
78605
78687
78736
78758
78765
78770
79086
79102
79105
79162
79257
79348
79568
79681
79728
79842
79931
79984
80054
80077
80214
80233
80241
80369
80408
80446
80523
80763
80771
80778
80837
80874
80916
80935
80975
81002
81124
81144
81147
81212
81231
81308
81313
81316
81327
81461
81554
81576
81938
81958
82128
82139
82187
82285
82383
82396
82423
82429
82466
82753
82780
82959
83030
83183
83228
83411
83445
83500
83563
83571
83589
83638
83689
83698
83854
83951
83975
84011
84037
84124
84162
84214
84217
84345
84417
84542
84582
84601
84631
84726
84774
84789
85056
85089
85140
85238
85278
85283
85284
85683
85825
85890
85971
85978
86287
86321
86335
86472
86546
86555
86703
86805
87071
87143
87316
87328
87349
87379
87413
87417
87422
87475
87593
87688
87711
87789
87842
87999
88017
88116
88255
88358
88382
88420
88447
88456
88466
88503
88528
88593
88706
88773
88794
88845
88900
88968
88973
89273
89645
89844
89916
89982
90046
90046
90445
90450
90532
90595
90755
90806
90936
90960
91225
91231
91375
91389
91428
91514
91523
91650
91722
91734
91742
91754
91836
91850
91955
91973
92142
92151
92261
92385
92399
92527
92710
93163
93266
93294
93593
93627
93766
93772
93925
93956
94249
94347
94362
94398
94443
94485
94492
94755
94761
94877
95217
95220
95288
95428
95474
95699
95728
95783
95829
96028
96040
96146
96183
96415
96490
96520
96541
96620
96844
96878
96885
97024
97075
97242
97517
97519
97644
97695
97734
97777
97779
97918
97999
98142
98211
98297
98347
98524
98590
98651
98667
98741
98770
98815
99073
99127
99254
99295
99704
99831
99933
99981
100058
100084
100319
100577
100650
100778
100846
100847
101027
101164
101189
101190
101297
101777
101815
101963
102021
102065
102125
102508
102580
102795
102815
103111
103227
103315
103376
103392
103408
103438
103442
103578
103630
103716
103746
103771
103834
103866
104123
104171
104181
104193
104223
104431
104472
104598
104782
104928
105048
105128
105147
105175
105188
105243
105258
105397
105417
105469
105506
105547
105719
105777
105802
106111
106174
106187
106274
106303
106462
106593
106603
106790
106864
107007
107021
107073
107118
107270
107322
107324
107679
107695
107895
107912
107940
108072
108277
108284
108426
108463
108541
108753
108789
108900
108991
109018
109121
109311
109586
109672
109722
109805
109857
109937
109940
110211
110296
110528
110646
110728
110850
110859
110901
110904
110933
110987
111031
111037
111067
111197
111242
111348
111371
111404
111513
111560
111588
111589
111608
111778
111958
111989
112146
112220
112268
112335
112384
112403
112437
112469
112908
112966
113463
113501
113614
113619
113648
113683
113789
113856
113967
113967
113987
114043
114201
114237
114285
114321
114380
114455
114499
114501
114759
114764
114766
114779
114834
114960
115333
115427
115444
115457
115541
115577
115613
115866
115866
116032
116282
116294
116325
116352
116368
116553
116738
116773
116827
116902
117059
117084
117264
117361
117366
117411
117654
117721
117729
117910
118034
118284
118304
118542
118724
118786
118810
118954
119099
119556
119663
119684
119901
120070
120081
120273
120287
120314
120443
120751
121039
121100
121175
121203
121272
121390
121445
121713
121842
122038
122043
122168
122244
122526
122585
122598
122679
122792
122822
123105
123237
123307
123313
123457
123484
123504
123531
123546
123740
123843
123879
123915
124112
124195
124392
124591
124594
124626
124645
124708
124792
124794
124850
124910
124945
124988
125018
125068
125076
125238
125252
125265
125316
125560
125882
125910
125935
125941
126014
126030
126145
126270
126394
126418
126471
126473
126554
126965
127051
127118
127199
127519
127707
127738
127777
127884
127915
128029
128089
128101
128104
128136
128278
128301
128306
128370
128440
128498
128544
129268
129554
129750
129831
129853
130043
130101
130314
130394
130403
130484
130674
130720
130759
131084
131089
131212
131427
131438
131468
131583
131763
131778
131869
131883
132054
132062
132064
132174
132565
132607
132767
132820
132829
132886
132900
133107
133112
133142
133175
133212
133222
133400
133430
133455
133671
133691
133699
133799
133867
133876
134094
134227
134256
134259
134293
134450
134684
134896
134931
134985
135058
135061
135143
135342
135368
135444
135573
135727
136008
136532
136602
136615
136640
136647
136669
136676
136710
136725
136737
136804
136920
137220
137368
137552
137581
137587
137766
137864
138100
138195
138454
138482
138541
138558
138736
138819
138930
138938
139123
139232
139276
139292
139362
139949
140111
140466
140507
140521
140657
140720
140834
140847
140988
141023
141221
141258
141804
141808
141876
141988
142395
142402
142783
142809
142839
142861
143108
143135
143373
143552
143620
143640
143705
143821
143862
143915
144009
144051
144147
144318
144467
144560
144691
144765
144765
144902
145199
145257
145263
145389
145462
145504
145512
145544
145686
145873
145942
145946
145978
145984
146015
146267
146453
146575
146709
146808
146809
146947
147028
147096
147136
147323
147385
147430
147437
147535
147539
147730
147778
148044
148157
149015
149038
149086
149193
149515
149733
149857
150003
150023
150111
150297
150306
150445
150482
150549
150551
150748
151044
151056
151223
151305
151427
151521
151577
151871
151909
151990
152010
152087
152121
152287
152330
152353
152405
152409
153049
153296
153341
153631
153742
153810
153825
153863
154099
154137
154249
154265
154314
154467
154496
154546
154642
155137
155570
155749
156105
156113
156136
156262
156375
156459
156817
156870
156922
157053
157509
157524
157636
157664
157669
157764
158048
158234
158295
158349
158381
158436
158482
158671
158973
159061
159114
159223
159246
159652
159767
159956
160087
160172
160182
160298
160460
160534
160699
160741
160753
160825
160855
161021
161040
161079
161448
161500
161563
161589
162004
162057
162186
162584
162885
163030
163531
163703
163747
163815
164250
164259
164308
164413
164493
164627
164691
164750
164829
165249
165360
165419
166170
166752
166850
166905
167034
167041
167125
167430
167605
167622
167967
168003
168359
168531
168544
168576
168586
168680
168783
168860
168973
168999
169124
169184
169229
169266
169276
169443
169471
169488
169703
169879
170165
170448
170600
170648
170715
170744
170886
171171
171330
171582
171723
171783
171840
172082
172117
172326
172532
172724
172728
172908
173189
173273
173334
173511
173524
173569
173585
173656
173675
174052
174147
174301
174417
174418
174442
174842
175134
175338
175487
175875
176066
176427
176748
176887
176901
176985
177021
177232
177317
177445
177491
177760
177817
177879
178224
178675
178909
179054
179114
179345
179635
179645
179678
179683
179766
179784
180143
180145
180341
180342
180554
180558
180718
180835
180841
180966
181099
181200
181269
181364
181658
181689
182085
182404
182574
182686
183095
183312
183446
183598
183680
183866
184005
184033
184136
184486
184553
184558
184775
184824
185054
185497
185521
185832
185867
186289
186333
186424
186514
186557
186639
186685
186900
186965
187030
187213
187310
187377
187415
187441
187498
187544
187549
187675
187709
187902
188347
188361
188658
188686
189349
189359
189655
189939
189992
190068
190191
190192
190318
190751
190782
190807
190916
190927
191220
191400
191470
191641
191656
191766
191941
192038
192411
192492
192588
192723
192823
192905
193146
193233
193350
193400
193583
193726
193843
193857
194447
194468
194489
194523
194556
194643
194729
194812
194911
195229
195281
195646
195735
195975
196047
196992
197068
197201
197267
197418
197683
197772
197901
197941
198084
198509
198844
198993
199176
199228
199550
199737
199911
199956
200155
200329
200435
200596
200675
200786
201015
201526
201641
201645
201960
202632
202654
202815
202828
202861
203221
203558
203716
203727
203939
204088
204092
204096
204174
204208
204374
204632
204728
205093
205926
206369
206481
206719
207236
207264
207636
207809
207869
208132
208307
208531
208539
208714
209069
209547
209792
209868
209892
209900
210118
210147
210193
210601
210761
210797
210835
210850
210955
210990
211072
211202
211333
211868
212267
212343
212664
212918
212976
213327
213575
213582
214085
214171
214562
215273
215618
215732
215779
215972
216097
216435
216552
216735
216770
216777
216870
217027
217490
217577
217678
217792
217900
218105
218140
218480
218642
218645
218719
219009
219623
219778
219981
220289
220656
220723
220939
220981
221006
221095
221284
221397
221453
221512
221631
221815
221977
222102
223017
223379
223864
224021
224135
224319
224525
224536
224672
224938
225206
225762
226321
226616
227060
227196
227382
227552
227671
227797
228076
228085
228480
229074
229334
229424
229603
229604
229928
229937
230086
230161
230271
230286
230334
230382
230511
230512
230532
230553
230706
231007
231044
232067
232072
232500
232956
233110
233229
233849
233849
234000
234075
234120
234312
234726
235169
235290
235796
235876
236558
236777
237096
237107
237815
238682
238920
238932
239459
239798
240193
240233
240575
241337
241400
241514
241770
242092
243052
243116
243453
243670
243775
244136
244289
244642
244736
245130
245781
246389
247062
248021
248147
248227
248330
248369
248469
249498
249807
250669
251032
251043
251283
251926
252737
252799
253144
253224
253256
253466
253602
253676
253754
253777
253940
254323
254490
255339
255417
255631
255752
256268
256376
256421
256456
256663
256921
257077
257602
257982
259281
259332
259409
259687
259940
260266
260532
260733
261312
261729
262115
262631
262702
262737
262743
263136
263275
263530
263530
263664
264024
264339
264476
264958
265096
265412
265643
265858
266016
266841
267577
267660
267902
267917
268581
268910
269119
269678
270184
270278
270416
270472
270559
270689
270936
270963
270979
272412
272694
274523
275237
275799
275887
276622
276769
276920
278201
278855
278960
279336
279554
279704
279776
279900
280001
280430
280536
282976
284165
284659
284686
285049
285263
285382
285553
285778
285799
286490
287022
288602
288668
289821
291087
291755
291772
292707
292853
292994
293087
293182
293646
294278
294332
294359
296211
296399
296997
297258
298791
299872
300014
300483
301173
301949
301973
302150
302318
303539
303539
304558
305845
305908
306085
306212
306624
306716
307065
309832
309973
310007
310063
310356
311657
312432
313114
313789
314776
315020
315040
315104
315681
316637
317205
318125
318368
318394
320390
321264
321339
321767
322596
322878
322968
323136
323286
324555
325361
325979
326662
326700
327306
327310
327521
327786
327798
328590
328972
329157
329814
329855
330004
330461
330697
331598
331941
332413
332422
332644
332850
332989
333019
333132
334393
334921
335148
335401
335530
337361
337505
337781
339314
339493
339578
340285
340835
341125
341403
341501
342759
343612
343796
344086
345299
348676
348848
348890
349081
349562
349893
350306
350781
352038
352264
353979
354114
355528
356021
360197
361382
364628
364635
366804
367050
367548
367821
370088
371716
372317
374101
375943
376242
376598
378621
381100
381744
383343
383345
385122
386991
387424
389007
389844
391707
392207
395357
396930
401112
403338
403511
404684
410145
411760
411942
418382
419625
419956
420408
420429
420507
422405
423400
424380
429840
430178
430983
431708
432060
433218
437060
438497
441703
443942
451955
452659
454645
457517
460060
462980
464362
464484
468081
470216
477657
484261
484751
486151
503237
505497
513863
540562
576060
599929
640819
