0
0
37
63
72
83
231
282
282
374
394
409
441
541
562
567
570
722
731
773
809
908
936
969
1027
1112
1118
1224
1231
1249
1258
1300
1324
1389
1464
1683
1695
1721
1774
1848
1862
1888
1909
2009
2010
2046
2072
2076
2083
2186
2187
2194
2262
2317
2369
2568
2624
2679
2757
2798
2799
2825
2829
2944
3057
3064
3109
3138
3140
3150
3179
3209
3220
3441
3442
3477
3487
3548
3735
3760
3788
3939
4274
4308
4323
4382
4450
4457
4474
4504
4690
4767
4874
4890
4919
4966
5111
5131
5185
5386
5393
5393
5411
5448
5595
5656
5662
5705
5787
5893
5905
6010
6038
6210
6224
6342
6445
6487
6503
6531
6537
6556
6608
6621
6669
6717
6744
6812
6823
6907
6915
6957
7093
7110
7138
7151
7186
7200
7232
7253
7270
7296
7298
7312
7341
7348
7373
7426
7439
7495
7562
7572
7612
7726
7729
7787
7790
7868
7903
7982
8020
8036
8060
8104
8114
8128
8193
8290
8334
8372
8401
8415
8425
8465
8465
8476
8484
8505
8528
8537
8537
8589
8739
8768
8868
8916
8918
8962
9133
9138
9144
9161
9227
9231
9282
9303
9336
9467
9470
9493
9508
9525
9670
9702
9737
9847
9867
9963
9965
10069
10074
10083
10084
10138
10174
10228
10236
10273
10274
10278
10285
10490
10506
10519
10534
10543
10629
10694
10709
10731
10744
10762
10830
10860
10894
10902
11032
11050
11099
11223
11278
11330
11384
11396
11401
11402
11479
11608
11608
11634
11679
11717
11721
11740
11745
11782
11812
11824
11832
11837
11864
11906
11965
11969
12030
12032
12050
12101
12125
12128
12366
12367
12375
12444
12473
12533
12552
12571
12593
12716
12774
12818
12828
12931
13000
13007
13031
13100
13182
13182
13240
13356
13386
13397
13402
13437
13484
13552
13581
13648
13688
13713
13717
13816
13864
13969
13972
13978
14163
14268
14322
14389
14400
14427
14477
14488
14516
14527
14532
14581
14622
14707
14866
14882
14886
14886
14913
14919
14937
14953
14976
15006
15012
15156
15255
15266
15345
15373
15490
15515
15524
15541
15649
15678
15724
15761
15859
15892
15945
15963
15988
16000
16007
16023
16027
16065
16085
16091
16160
16182
16185
16237
16398
16468
16498
16533
16548
16557
16557
16576
16607
16688
16695
16698
16725
16803
16874
16942
16954
16992
16994
17011
17064
17116
17181
17230
17251
17302
17509
17514
17589
17614
17627
17631
17635
17666
17680
17712
17810
17861
17879
17992
18124
18178
18193
18211
18359
18514
18546
18554
18588
18669
18782
18833
18856
19054
19116
19221
19245
19261
19294
19320
19472
19472
19489
19620
19712
19775
19797
19799
19801
19852
19915
20045
20052
20054
20059
20071
20109
20129
20219
20254
20289
20309
20349
20352
20370
20379
20398
20480
20545
20612
20670
20673
20732
20861
20873
20880
20894
20961
20972
21008
21031
21055
21063
21089
21111
21145
21171
21190
21236
21250
21345
21455
21476
21503
21504
21543
21571
21590
21595
21837
21842
21859
21901
21970
21994
22030
22093
22110
22117
22129
22156
22162
22178
22242
22301
22307
22402
22406
22424
22522
22523
22692
22748
22843
22912
22916
22931
23066
23081
23245
23247
23333
23358
23384
23398
23412
23481
23571
23625
23681
23775
23777
23859
23867
23880
23934
23942
23944
23962
23966
23982
24041
24085
24176
24199
24199
24245
24261
24293
24310
24340
24366
24379
24407
24447
24534
24692
24716
24774
24809
24884
24996
25044
25089
25120
25199
25211
25233
25244
25281
25288
25395
25456
25494
25504
25553
25560
25633
25721
25736
25739
25779
25953
25956
25985
26001
26015
26037
26120
26187
26200
26201
26273
26277
26316
26346
26380
26438
26446
26550
26564
26680
26756
26772
26775
26806
26937
26958
26973
26984
27028
27037
27062
27357
27486
27557
27575
27584
27629
27629
27681
27684
27742
27743
27764
27866
27871
27891
27965
28023
28066
28186
28413
28428
28609
28674
28693
28705
28784
28790
28803
28925
28942
28994
29014
29040
29116
29166
29168
29169
29242
29252
29314
29316
29338
29377
29518
29520
29603
29660
29758
29814
29814
29855
29858
29929
30033
30069
30169
30209
30272
30330
30333
30430
30470
30489
30533
30692
30745
30878
30887
30923
30928
30939
30947
31022
31117
31126
31201
31233
31285
31359
31415
31479
31484
31514
31546
31564
31620
31693
31718
31737
31744
31763
31795
31805
31824
31830
31856
31978
32037
32102
32112
32177
32194
32259
32353
32368
32488
32518
32543
32587
32600
32603
32613
32733
32757
32839
32870
32873
32880
32928
32986
33104
33118
33124
33258
33300
33344
33382
33405
33422
33473
33533
33650
33683
33752
33794
33795
33815
33843
33872
33877
33939
33968
33985
34073
34085
34102
34146
34214
34219
34319
34350
34401
34456
34467
34498
34508
34559
34581
34659
34690
34695
34699
34759
34834
34871
34888
34928
34929
34930
34988
35068
35082
35099
35125
35132
35147
35187
35206
35224
35230
35278
35296
35337
35352
35556
35578
35608
35649
35661
35719
35782
35829
35880
35947
35980
36033
36051
36061
36092
36164
36178
36391
36706
36710
36733
36764
36797
36923
36944
37060
37197
37273
37306
37331
37462
37484
37500
37608
37758
37758
37778
37805
37860
37869
37893
37897
37940
38039
38059
38059
38081
38101
38102
38118
38138
38224
38281
38285
38320
38474
38489
38555
38567
38616
38643
38683
38706
38724
38727
38767
38811
38841
38849
38889
38968
38993
39047
39101
39168
39202
39206
39249
39254
39308
39314
39410
39440
39518
39521
39569
39609
39613
39634
39637
39698
39735
39801
39959
40133
40133
40134
40233
40321
40418
40514
40561
40641
40650
40698
40762
40796
40829
40834
40857
40941
40983
40985
41057
41148
41214
41279
41380
41403
41481
41506
41530
41604
41793
41814
41821
41841
41884
41911
41936
41937
41957
42008
42049
42110
42178
42198
42280
42377
42483
42552
42582
42600
42664
42709
42737
42746
42772
42882
42900
42932
42964
43093
43096
43234
43240
43327
43372
43379
43420
43458
43460
43556
43563
43570
43681
43722
43760
43809
43815
43928
44003
44065
44133
44181
44227
44548
44625
44666
44699
44701
44797
44873
44958
44980
45044
45070
45133
45162
45199
45248
45279
45389
45398
45426
45433
45509
45554
45576
45585
45703
45825
45847
45853
45867
46036
46071
46134
46247
46341
46367
46446
46537
46559
46606
46649
46685
46719
46728
46809
46815
46856
46865
46913
46918
46932
47053
47159
47233
47478
47563
47683
47709
47796
47817
47867
47930
47953
48088
48096
48131
48185
48274
48305
48365
48396
48635
48644
48674
48696
48702
48869
48877
48899
48921
49008
49023
49067
49098
49139
49237
49288
49312
49353
49410
49537
49558
49603
49627
49643
49649
49679
49770
49793
49811
49828
50034
50074
50129
50260
50361
50397
50510
50517
50645
50689
50701
50721
50732
50784
50836
50892
50900
50918
50922
50956
50980
51000
51045
51111
51112
51202
51213
51293
51333
51378
51393
51442
51463
51494
51523
51539
51624
51630
51723
51725
51768
51796
51811
51817
51850
51888
51957
52004
52076
52139
52159
52221
52226
52270
52293
52305
52325
52427
52456
52503
52512
52528
52564
52614
52628
52652
52705
52723
52729
52758
52790
52938
52972
53035
53119
53184
53197
53210
53211
53223
53240
53280
53350
53364
53440
53441
53460
53522
53524
53527
53551
53558
53611
53823
53872
53881
53962
54024
54075
54119
54121
54188
54248
54261
54272
54281
54301
54327
54334
54357
54367
54564
54583
54657
54681
54767
54772
54823
54892
54935
54993
55076
55092
55114
55227
55280
55333
55395
55445
55493
55655
55670
55674
55680
55689
55757
55793
55812
55815
55849
55870
55872
55906
55907
55925
55939
55989
56017
56185
56252
56645
56675
56734
56782
56808
56831
56850
56852
56901
56904
56905
56956
57068
57168
57217
57227
57296
57400
57416
57533
57540
57557
57611
57704
57729
57777
57794
57805
57811
57906
57912
57933
57973
58007
58132
58154
58432
58533
58652
58696
58773
58776
58802
58811
58852
58856
58865
58866
58872
58938
59029
59071
59203
59236
59308
59468
59643
59879
59932
60054
60090
60104
60154
60166
60248
60251
60259
60418
60452
60555
60647
60729
60806
60833
60988
61015
61017
61108
61142
61152
61323
61357
61373
61487
61544
61548
61552
61562
61591
61601
61667
61687
61919
61935
61979
62029
62089
62132
62276
62343
62370
62440
62483
62485
62536
62757
62779
62808
62813
62902
62974
63052
63121
63155
63211
63306
63327
63443
63445
63509
63610
63684
63750
63818
63857
63858
63879
63958
64008
64053
64150
64226
64324
64396
64430
64458
64472
64531
64624
64637
64765
64770
64817
64886
64939
64955
64955
64989
65094
65146
65211
65252
65417
65422
65457
65486
65508
65548
65591
65612
65671
65726
65970
65973
65984
66028
66186
66286
66305
66371
66380
66475
66570
66632
66639
66821
66839
66859
66868
66880
66889
66970
67019
67081
67088
67113
67184
67191
67284
67303
67327
67339
67361
67412
67426
67458
67529
67540
67548
67651
67652
67676
67698
67736
67844
67870
67875
67885
67889
67902
67918
67973
67983
67989
68011
68102
68116
68137
68149
68197
68238
68332
68355
68496
68512
68553
68636
68703
68719
68810
68943
68947
69032
69048
69061
69172
69256
69322
69380
69510
69526
69560
69619
69657
69660
69690
69743
69754
69761
70089
70095
70117
70120
70242
70313
70504
70584
70690
70698
70708
70719
70732
70739
70782
70810
70849
70887
70946
70954
70958
70959
70997
71032
71076
71208
71286
71448
71492
71494
71502
71551
71598
71635
71657
71686
71710
71955
72043
72125
72155
72390
72395
72406
72454
72458
72513
72590
72597
72628
72852
72856
72879
72900
72959
72962
73012
73039
73066
73189
73270
73289
73348
73360
73387
73399
73545
73560
73606
73850
73900
73912
73955
73981
73984
74022
74100
74147
74306
74324
74334
74364
74398
74402
74456
74544
74581
74584
74611
74617
74672
74718
74738
74776
74839
74887
74929
74954
74982
75121
75136
75194
75195
75203
75295
75373
75389
75462
75474
75534
75660
75746
75802
75892
76102
76130
76156
76234
76292
76371
76432
76473
76530
76740
76754
76768
76892
76902
77225
77225
77289
77326
77424
77462
77491
77623
77657
77811
77850
77893
77905
77964
78032
78071
78082
78087
78186
78215
78251
78263
78388
78502
78518
78532
78538
78547
78568
78720
78725
78756
78780
78844
78903
78908
78992
79029
79040
79041
79060
79114
79178
79443
79501
79537
79556
79569
79619
79702
79716
79768
79789
79949
79957
79988
80168
80261
80288
80333
80338
80384
80408
80452
80540
80630
80658
80686
80745
80853
80932
81002
81107
81304
81341
81439
81501
81504
81509
81637
81640
81705
81708
81806
81826
81886
81949
81961
81981
82038
82097
82137
82158
82180
82373
82537
82538
82562
82645
82670
82719
82807
82832
82950
83109
83189
83194
83269
83288
83309
83352
83384
83390
83401
83404
83468
83473
83474
83575
83679
83752
83849
83863
83917
83927
83940
83960
84035
84051
84097
84103
84174
84208
84212
84243
84283
84347
84387
84444
84445
84478
84482
84487
84753
84781
84897
85066
85089
85116
85225
85304
85465
85579
85613
85679
85691
85731
85736
85770
85812
85880
85935
85988
86022
86150
86234
86283
86320
86349
86437
86674
86788
86889
86913
86920
86980
87001
87022
87051
87079
87245
87249
87424
87496
87659
87813
87876
87923
88095
88176
88332
88336
88338
88428
88510
88529
88538
88569
88613
88654
88703
88732
88787
88932
89202
89224
89243
89287
89452
89467
89486
89547
89642
89851
89881
89937
89969
90156
90177
90193
90359
90531
90544
90721
90784
90836
90840
90844
90855
90969
91096
91207
91390
91531
91532
91571
91590
91592
91711
91779
91781
91815
91988
91993
92099
92342
92367
92385
92563
92582
92605
92825
92834
92838
92884
92943
92977
93022
93106
93258
93299
93355
93450
93590
93631
93690
93694
93714
93796
93799
93900
93925
93977
94066
94156
94184
94287
94515
94555
94575
94773
94877
94896
95039
95066
95097
95120
95227
95251
95311
95346
95357
95394
95427
95431
95683
95713
95722
95768
95841
95865
95935
95979
96125
96134
96172
96202
96230
96278
96289
96386
96444
96561
96566
96793
96852
96873
96910
96942
96972
97007
97266
97268
97277
97322
97417
97423
97513
97554
97635
97653
97669
97731
97769
97780
97814
97837
97880
97933
97965
98015
98045
98159
98225
98299
98324
98366
98425
98453
98456
98471
98503
98701
98703
98720
98753
98819
98838
98857
98985
98992
99022
99094
99099
99100
99109
99243
99478
99595
99601
99606
99623
99662
99700
99759
99900
100018
100021
100037
100039
100198
100208
100240
100287
100402
100444
100519
100575
100578
100583
100603
100604
100766
100781
100798
100840
101054
101081
101096
101146
101298
101319
101664
101672
101757
101823
101831
101840
101848
101933
102239
102259
102360
102442
102464
102538
102538
102549
102612
102707
102752
102767
102774
102779
102804
102922
102970
103025
103032
103046
103090
103109
103208
103257
103417
103421
103490
103539
103549
103596
103741
103928
103997
104066
104091
104098
104117
104260
104264
104325
104376
104422
104465
104476
104591
104605
104658
104748
104764
104825
104826
104840
105031
105141
105154
105294
105324
105385
105396
105401
105435
105457
105585
105590
105748
105766
105778
105779
105962
106038
106246
106338
106420
106619
106659
106679
106768
106989
107146
107152
107236
107277
107356
107382
107691
107754
107876
107914
108013
108037
108048
108075
108123
108207
108242
108359
108379
108389
108400
108476
108540
108615
108703
108766
108844
108869
108907
108921
108947
109004
109041
109114
109139
109248
109349
109366
109383
109493
109518
109539
109579
109759
109962
110118
110136
110184
110211
110236
110254
110306
110369
110388
110410
110418
110434
110490
110500
110543
110548
110718
110736
110887
110896
110916
110959
111003
111049
111077
111089
111136
111147
111172
111187
111202
111207
111271
111341
111350
111360
111370
111546
111581
111700
111703
111771
111787
111965
112041
112109
112128
112159
112170
112171
112243
112295
112304
112372
112406
112545
112565
112583
112608
112614
112625
112648
112768
113003
113005
113210
113245
113408
113446
113603
113603
113676
113714
113771
113853
113866
113954
113960
113983
114004
114032
114190
114239
114318
114426
114451
114451
114472
114481
114627
114743
114939
115084
115119
115243
115284
115425
115606
115723
115753
115794
115979
116079
116102
116370
116410
116429
116519
116572
116596
116648
116676
116695
116736
116763
116778
116830
116991
117033
117067
117147
117156
117197
117412
117413
117470
117509
117584
117728
117835
117878
117878
117916
117941
117969
118069
118102
118184
118263
118302
118466
118470
118574
118586
118630
118684
118733
118874
118947
118948
119085
119198
119222
119579
119595
119608
119994
120054
120138
120286
120344
120442
120474
120534
120582
120631
120692
120699
120735
120759
120890
120895
120913
120945
121018
121120
121161
121207
121286
121293
121320
121637
121663
121773
121817
121891
121901
121989
122108
122208
122274
122274
122275
122292
122301
122337
122493
122589
122604
122638
122671
122743
123018
123218
123218
123239
123291
123451
123454
123824
123853
123873
123918
123994
124168
124173
124301
124393
124394
124485
124494
124559
124723
124727
124736
124773
124790
124813
124984
125056
125129
125168
125256
125268
125279
125359
125529
125532
125615
125677
125755
125827
125975
126036
126068
126109
126117
126163
126255
126436
126455
126476
126485
126664
126747
126747
126756
126823
126921
126943
126945
127042
127055
127198
127230
127262
127345
127362
127404
127441
127615
127652
127729
127803
127811
127914
127931
127938
127941
127947
127960
127975
127977
128098
128162
128252
128288
128347
128980
128991
129034
129052
129062
129119
129238
129324
129350
129549
129826
129976
129981
130028
130074
130111
130341
130443
130458
130466
130593
130628
130692
130714
130862
130887
131050
131173
131326
131338
131450
131462
131737
131746
131763
131849
131932
131996
132082
132090
132142
132190
132203
132207
132253
132378
132394
132734
132811
132837
132882
132934
132950
132996
133088
133180
133183
133297
133347
133413
133439
133560
133639
133661
133719
133752
133765
133781
133821
133840
134010
134023
134064
134074
134213
134231
134275
134392
134570
134576
134691
134710
134782
134864
134957
135068
135100
135148
135197
135228
135276
135310
135326
135580
135815
135834
135836
135872
135948
136015
136022
136028
136032
136224
136224
136268
136315
136495
136559
136772
137041
137098
137152
137194
137209
137225
137357
137465
137551
137563
137626
137688
137814
137894
137916
137933
138046
138054
138137
138151
138261
138281
138379
138473
138480
138541
138597
138651
138654
138685
138790
138805
138855
138968
138978
138996
139061
139086
139100
139142
139209
139385
139528
139679
139935
139998
140038
140041
140151
140188
140307
140338
140485
140551
140648
140712
140740
141046
141261
141375
141476
141478
141484
141599
141826
141879
141929
142070
142196
142206
142233
142347
142380
142455
142531
142564
142681
142706
142896
143072
143106
143119
143124
143187
143205
143238
143351
143392
143508
143607
143649
143739
143792
143861
143875
144169
144172
144223
144318
144371
144703
144719
144768
144771
144845
144897
144931
144990
145455
145504
145539
145559
145577
145738
145746
145843
145913
146003
146027
146138
146338
146353
146437
146480
146492
146600
146624
146657
146717
146931
146953
146962
147020
147052
147076
147081
147161
147361
147436
147474
147502
147542
147569
147656
147816
147816
147854
147884
147929
148038
148089
148094
148129
148247
148250
148318
148332
148432
148454
148476
148504
148534
148552
148640
148710
148969
148987
149538
149558
149561
149587
149763
149960
150097
150112
150199
150215
150245
150293
150340
150390
150419
150492
150503
150515
150544
150548
150568
150741
150830
151122
151123
151253
151254
151262
151599
151666
151685
151717
151880
152003
152084
152154
152407
152542
152870
152899
153145
153288
153328
153402
153526
153553
153775
153803
153813
153942
154020
154090
154127
154184
154466
154485
154517
154674
154681
154724
154765
154765
154836
154904
154974
155000
155071
155075
155286
155299
155667
155730
155833
155986
155994
156052
156233
156299
156441
156472
156591
156702
156706
156709
156723
156903
156999
157051
157069
157270
157380
157485
157492
157627
157771
157773
157826
157988
158008
158074
158108
158191
158292
158313
158336
158486
158521
158797
158952
158958
159002
159156
159235
159237
159280
159282
159430
159562
159775
159796
159887
159905
159909
159954
159973
160191
160220
160348
160370
160436
160446
160633
160653
160661
160693
160763
160764
160910
160967
161064
161182
161222
161623
161663
161723
161897
161918
161962
162001
162033
162049
162223
162406
162425
162489
162623
162650
162693
162721
162928
162931
163030
163142
163273
163331
163352
163388
163516
163524
163698
163911
164028
164121
164247
164267
164335
164701
164902
164918
164944
164967
164985
165132
165307
165331
165470
165694
165991
166038
166164
166195
166206
166349
166559
166765
166768
166929
167105
167154
167272
167390
167434
167702
167713
167950
168003
168005
168031
168034
168050
168087
168399
168701
168819
168943
169112
169121
169139
169182
169266
169324
169634
169781
169795
169930
169977
170029
170090
170153
170193
170200
170213
170375
170381
170421
170512
170541
170592
170718
170729
171081
171332
171352
171591
171615
171619
172088
172253
172265
172389
172401
172612
172646
172851
172891
173000
173049
173266
173284
173368
173415
173441
173443
173608
173720
173762
173865
174097
174141
174172
174211
174318
174406
174440
174444
174448
174774
174816
174872
174912
174919
175194
175521
175764
175818
176272
176552
176594
176618
176632
176710
176956
177052
177106
177114
177137
177143
177179
177500
177535
177609
177621
177668
177717
177763
177862
178112
178181
178347
178712
178858
179063
179128
179314
179346
179365
179463
179498
179683
179761
179835
180002
180046
180255
180568
180629
180667
180717
180800
180825
180980
181069
181239
181262
181304
181403
181427
181586
181598
181624
181648
181659
181677
181782
181874
181914
182067
182212
182304
182360
182362
182866
182947
182967
182978
183017
183203
183257
183513
183661
183709
183976
183980
184055
184147
184251
184343
184407
184484
184805
185023
185038
185510
185669
185794
185958
186199
186225
186430
186431
186435
186515
186581
186633
186743
186754
186818
186845
186864
186891
187069
187381
187395
187505
187532
187546
187649
187657
187727
187805
187894
188013
188103
188242
188263
188400
188752
188810
188956
188973
189066
189098
189176
189234
189257
189522
189978
190031
190033
190173
190285
190286
190363
190408
190431
190586
190631
190667
190805
190888
190895
190985
191026
191103
191298
191321
191513
191527
191716
191725
191774
192159
192165
192407
192415
192579
192589
192736
193154
193307
193360
193376
193448
193547
193659
193706
193727
193827
193983
194239
194362
194522
194583
194746
194854
194869
195109
195445
195528
195736
195895
196019
196023
196183
196185
196392
196441
196564
196626
197019
197067
197137
197251
197491
197540
197709
197761
197907
197914
197938
197986
198149
198202
198295
199161
199599
199782
199861
199983
200055
200106
200168
200183
200203
200253
200361
200374
200517
200531
200562
200574
200649
200721
200737
200811
200857
201028
201110
201335
201339
201576
201599
201818
201938
202205
202223
202295
202305
202365
202370
202395
202463
202470
202479
202841
202868
203036
204053
204057
204370
204439
204718
205067
205096
205120
205174
205343
205556
205709
205824
205833
205999
206002
206099
206100
206258
206267
206272
206506
206758
206996
207026
207087
207327
207488
208129
208171
208203
208444
208699
208816
208867
209017
209052
209086
209160
209360
209515
210143
210168
210452
210476
210510
210547
210671
210713
210759
211106
211137
211600
211628
212031
212198
212230
212344
212396
212453
212486
212524
212565
212655
212708
212878
213090
213183
213432
213581
213689
213908
213974
214101
214114
214119
214354
214390
214455
214533
214589
214744
214768
214771
214815
214876
215063
215630
215685
216118
216341
216839
217100
217124
217137
217267
217323
217343
217565
217703
217760
217812
217910
217971
218035
218069
218305
218773
219115
219122
219217
219587
219645
219697
219784
219801
220012
220146
220162
220200
220387
220485
220827
221518
221588
221655
222001
222018
222130
222410
222443
222527
222609
223428
223474
223514
223528
223768
224149
224202
224318
224326
224366
224481
224599
224824
224850
224981
225069
225246
225398
225489
225507
225555
225668
225807
225994
226178
226200
226344
226619
226797
226798
226803
227087
227235
227422
227496
227508
227701
227773
227795
227862
227885
228411
228831
228958
229027
229249
229295
229353
229785
229822
229884
230309
230369
230486
230518
230826
230866
231027
231091
231406
231796
232248
232518
232645
233606
233657
233772
233988
234022
234531
235034
235088
235740
235861
236256
236271
236349
236643
236909
237228
237303
237431
237450
237490
237542
237600
237713
237791
238047
238229
238412
238609
238654
238836
239321
239461
239529
239547
239612
239616
239937
240008
240036
240062
240063
240285
240303
240387
240436
240475
240574
240666
240715
240755
241095
241222
241671
241808
241826
241936
242371
242486
242546
242577
242994
243245
243434
243575
243643
243836
244322
244603
244731
244737
244738
244791
245104
245172
245193
245201
245420
245594
245705
245849
245890
245947
246270
246482
247008
247091
247367
247776
247810
247922
248094
248169
248175
248320
248416
248538
248553
248937
249280
249532
249802
249821
250016
250215
250231
250238
250320
250476
250534
250691
250768
251083
251094
251387
251409
251743
251747
251976
252397
252504
252526
252583
252630
253014
253040
253062
253360
253765
253835
253951
254616
254686
254717
254853
254946
255189
255360
255477
255908
256014
256184
256411
256601
256663
257265
257510
257535
257681
257776
257860
257937
258092
258247
258374
258454
258562
258617
258665
258709
258835
258884
258995
259178
259226
259274
259832
260163
260365
260450
260871
261135
261174
261397
261455
261844
262064
262104
262231
262566
262603
262649
262977
263000
263191
263587
263905
264060
264246
264761
265021
265141
265222
265295
265369
265385
265442
265704
265722
265880
266123
266135
266171
266378
266393
266590
266605
266631
266666
266774
266835
266872
266887
267052
267108
267214
267241
267242
267285
267662
268612
268940
268943
269087
269192
269226
270126
270323
270386
270856
270906
270926
270951
270975
271156
271265
271397
271729
272277
273121
273329
273567
273685
274008
274152
274446
274493
274697
275019
276479
276494
276580
276780
276783
277036
277908
278252
278550
278599
278975
279422
279576
279925
280262
280689
281109
281217
282150
282334
282345
282396
282980
283426
283672
283931
283966
284280
285375
285715
286094
286217
287559
288648
289362
289479
289536
289595
289757
289945
290242
290642
290723
290757
290922
290954
291278
291432
292209
292293
292464
292487
293280
293334
293827
293972
294379
295809
296373
296410
296623
296694
296902
297273
297329
297531
297542
297841
298013
298677
298856
299378
299445
299480
299853
299868
300069
300264
300609
300809
301141
301325
301530
301565
302253
303073
303181
303207
303363
303814
303840
303915
304128
304231
305072
305494
306395
306528
308599
308756
308807
309257
309322
309565
310299
310651
310823
311075
311190
311316
311380
312381
312666
312770
313494
314042
314142
314309
314533
315246
315883
316767
317382
317838
318351
318560
318595
319021
319205
319424
319636
320335
321081
321433
322142
322572
323091
323698
325153
325422
326066
326100
326367
326922
327212
327551
327663
328938
329349
329845
330805
330949
330963
331603
331742
332129
332242
333507
334369
335624
337028
337258
337648
338482
338517
338546
338549
339902
340186
340294
340328
340356
340871
341155
341928
342782
343123
343370
344152
345076
345291
345480
346431
347612
348792
349265
350185
350764
350983
351956
352238
352882
352969
353042
353574
354019
354661
355653
356686
357219
357602
358369
358641
358768
360692
360715
361183
362073
362645
362776
363933
364050
364913
365888
366749
366919
366989
367764
367990
369037
369585
369860
370083
371088
371194
371321
371379
371980
372725
373671
374217
374332
375350
377343
377830
378611
378818
378930
380749
381405
382293
382656
383412
384333
384589
386804
387320
387322
387351
387388
387506
387601
387697
388029
388130
390042
390882
392198
392351
394046
394301
394922
398753
399053
399070
399078
399100
399898
400459
402807
402807
403518
404400
405928
407331
408934
410168
411033
412160
413094
413937
414079
415667
417691
417970
418079
419741
423786
424361
424426
425356
428745
428992
430510
430634
430661
430997
431717
432194
432933
433459
438659
439009
440741
442931
444436
450380
452089
453511
457027
462374
465443
465886
466905
468729
470857
476153
484410
487617
490672
507244
508841
511577
512944
517423
519997
521126
523390
528697
530312
530396
536760
552042
566593
582591
591428
597868
603056
