0
0
28
187
273
296
344
394
444
509
576
600
647
663
737
783
868
928
930
958
1089
1104
1151
1157
1165
1171
1265
1275
1314
1359
1423
1426
1447
1452
1508
1551
1596
1618
1690
1712
1727
1802
1821
1849
1852
1936
1937
2116
2131
2151
2222
2310
2339
2375
2397
2404
2447
2527
2537
2539
2565
2717
2752
2819
2821
2832
2888
2889
2897
2984
3041
3168
3190
3201
3266
3271
3272
3339
3374
3393
3455
3465
3488
3508
3557
3561
3575
3592
3611
3614
3631
3637
3641
3665
3669
3708
3732
3783
3820
3822
3859
3860
3861
3873
3976
4021
4030
4030
4054
4061
4085
4094
4127
4258
4385
4387
4429
4444
4450
4472
4517
4615
4738
4840
4870
4945
5047
5160
5178
5272
5292
5378
5412
5460
5472
5493
5541
5583
5624
5627
5637
5722
5725
5730
5913
5955
6033
6042
6080
6121
6231
6338
6390
6393
6458
6461
6533
6538
6609
6611
6654
6678
6685
6748
6757
6763
6790
6841
6911
7004
7040
7080
7090
7171
7179
7180
7194
7250
7267
7442
7457
7463
7507
7516
7521
7634
7689
7731
7815
7889
7890
7892
7907
7932
8086
8109
8117
8158
8168
8247
8251
8258
8267
8332
8368
8417
8418
8436
8643
8828
8834
8894
8922
9000
9092
9162
9402
9443
9498
9572
9581
9656
9702
9722
9759
9777
9802
9806
9830
9959
9961
9985
10018
10054
10063
10142
10187
10262
10263
10270
10366
10461
10488
10562
10567
10617
10653
10713
10738
10746
10759
10765
10840
10876
11041
11054
11079
11079
11089
11099
11116
11117
11285
11312
11347
11391
11433
11438
11486
11567
11634
11676
11688
11706
11708
11717
11760
11846
11876
11927
11955
12042
12104
12128
12162
12195
12222
12243
12247
12300
12409
12429
12435
12569
12630
12638
12718
12818
12847
12901
12939
12986
12989
13079
13125
13219
13222
13234
13255
13258
13283
13300
13316
13318
13338
13342
13363
13383
13400
13416
13469
13501
13567
13602
13603
13658
13678
13684
13716
13792
13817
13857
14019
14030
14065
14165
14198
14208
14245
14308
14315
14413
14424
14440
14454
14484
14685
14725
14823
14839
14975
14995
15043
15112
15127
15204
15223
15330
15347
15418
15449
15456
15540
15597
15636
15678
15691
15859
15899
15947
15959
15994
16005
16012
16059
16184
16211
16240
16258
16260
16280
16280
16304
16392
16523
16553
16566
16601
16620
16647
16725
16729
16785
16816
16864
16997
17021
17033
17036
17042
17050
17070
17092
17099
17103
17119
17145
17151
17272
17279
17280
17341
17365
17417
17532
17558
17636
17637
17644
17668
17691
17699
17705
17774
17804
17820
18045
18049
18133
18145
18173
18181
18255
18275
18346
18431
18455
18493
18545
18568
18587
18610
18663
18686
18711
18749
18828
18907
19004
19033
19058
19149
19167
19198
19219
19235
19251
19404
19407
19424
19459
19489
19522
19561
19566
19641
19657
19682
19850
19925
20029
20030
20055
20076
20091
20112
20144
20212
20239
20299
20327
20347
20505
20508
20520
20582
20656
20721
20748
20749
20753
20928
20943
20978
21095
21134
21134
21156
21172
21200
21204
21249
21263
21307
21322
21370
21436
21470
21502
21663
21684
21740
21744
21755
21766
21844
21884
21894
21996
22013
22053
22157
22172
22212
22331
22352
22377
22438
22513
22556
22613
22868
22950
22985
23060
23069
23070
23139
23148
23225
23265
23319
23386
23462
23475
23497
23518
23547
23578
23606
23637
23715
23758
23786
23814
23895
23957
23978
24158
24282
24295
24315
24377
24381
24407
24410
24431
24444
24473
24496
24516
24581
24630
24645
24719
24745
24790
24843
24864
24864
24905
24916
24947
24954
24955
24975
25020
25096
25153
25163
25174
25223
25297
25351
25381
25440
25495
25505
25519
25553
25561
25656
25738
25770
25799
25849
25936
25995
26004
26004
26217
26251
26274
26295
26384
26570
26606
26618
26645
26734
26766
26779
26801
26831
26947
27152
27196
27263
27345
27363
27379
27465
27479
27531
27558
27633
27721
27741
27765
27784
27823
27912
27932
27962
27964
27989
27989
28003
28039
28040
28072
28189
28206
28248
28375
28409
28534
28609
28625
28648
28674
28744
28761
28765
28910
28919
29069
29132
29220
29266
29322
29363
29377
29449
29461
29477
29507
29518
29551
29572
29641
29698
29701
29728
29763
29785
29843
29880
29987
30017
30063
30096
30097
30146
30209
30234
30289
30346
30560
30572
30579
30596
30605
30620
30669
30675
30705
30719
30901
30903
31043
31049
31056
31119
31176
31187
31363
31454
31536
31685
31728
31728
31755
31846
32020
32045
32050
32186
32283
32344
32345
32354
32356
32365
32493
32540
32546
32548
32565
32588
32632
32722
32812
32815
32920
32924
32978
33051
33078
33135
33187
33188
33209
33219
33235
33252
33317
33386
33408
33446
33498
33503
33526
33550
33554
33663
33664
33666
33669
33781
33830
33834
33837
33837
33847
33859
33944
33966
33994
33998
34005
34031
34048
34074
34179
34214
34216
34224
34247
34332
34373
34498
34660
34699
34811
34828
34834
34962
35014
35023
35081
35107
35126
35145
35188
35267
35313
35375
35384
35385
35419
35463
35522
35630
35636
35681
35709
35714
35765
35790
35845
35881
35943
36042
36103
36168
36182
36202
36269
36309
36328
36404
36419
36511
36579
36581
36631
36650
36671
36672
36768
36858
36930
37009
37046
37132
37134
37141
37212
37310
37366
37372
37411
37443
37460
37501
37508
37509
37513
37548
37624
37678
37679
37820
37839
37844
37878
37907
37943
37946
37968
38055
38058
38113
38150
38152
38159
38165
38205
38252
38285
38335
38396
38441
38490
38527
38532
38577
38638
38644
38696
38812
38854
38945
39024
39079
39087
39089
39119
39137
39143
39145
39186
39218
39300
39396
39434
39456
39482
39584
39636
39650
39687
39752
39790
39816
40015
40036
40076
40161
40210
40259
40287
40372
40515
40537
40614
40761
40773
40883
40904
40919
40969
40984
40989
41057
41081
41206
41281
41317
41331
41376
41421
41524
41580
41644
41708
41735
41738
41750
41798
41802
41873
41926
41928
41931
41965
42015
42023
42077
42092
42116
42135
42159
42163
42242
42291
42344
42348
42358
42360
42383
42390
42565
42638
42651
42704
42713
42740
42769
42775
42950
43050
43071
43082
43114
43125
43145
43145
43179
43253
43254
43297
43306
43323
43331
43399
43409
43485
43538
43551
43650
43709
43802
43876
44062
44079
44134
44168
44220
44248
44251
44272
44308
44308
44385
44534
44613
44613
44666
44702
44770
44784
44866
44890
45117
45219
45233
45273
45292
45363
45399
45442
45487
45488
45496
45576
45766
45771
45827
45889
45930
46004
46004
46056
46095
46095
46202
46220
46301
46318
46406
46578
46719
46781
46983
46984
47004
47030
47196
47202
47212
47361
47377
47420
47450
47457
47500
47549
47568
47572
47689
47711
47726
47742
47742
47756
47842
47981
47992
48017
48082
48120
48216
48517
48537
48640
48707
48746
48796
48802
48868
48878
48881
48886
48900
48958
48984
49025
49040
49128
49131
49202
49353
49394
49421
49433
49469
49501
49621
49692
49724
49811
49860
49869
49945
49949
49953
49982
50008
50262
50338
50392
50400
50474
50597
50625
50626
50678
50700
50728
50734
50770
50878
50906
50914
50938
51113
51148
51176
51191
51211
51290
51331
51336
51343
51351
51388
51446
51607
51620
51664
51722
51737
51749
51890
52059
52114
52119
52239
52250
52300
52311
52327
52351
52505
52578
52578
52620
52645
52651
52656
52660
52669
52676
52706
52755
52771
52778
52801
52821
52863
53048
53139
53168
53418
53518
53557
53560
53572
53653
53820
53849
53974
53992
54099
54102
54146
54541
54597
54610
54740
54827
54901
55028
55097
55266
55298
55390
55622
55650
55726
55779
55794
55836
55919
56103
56272
56389
56413
56414
56432
56465
56570
56611
56706
56771
56800
56822
56869
56909
56926
56931
56940
56954
56984
56988
57045
57053
57138
57188
57209
57224
57300
57354
57452
57488
57504
57580
57656
57767
57870
57884
58112
58146
58179
58186
58210
58213
58229
58282
58327
58327
58330
58398
58415
58429
58442
58546
58551
58555
58594
58671
58735
58766
58772
58790
58793
58817
58878
58878
58912
58931
59030
59105
59189
59330
59335
59368
59370
59416
59465
59485
59553
59601
59613
59625
59645
59780
59786
59816
59888
59894
59916
59942
60183
60217
60220
60379
60400
60409
60417
60420
60550
60629
60743
60856
60881
60931
61015
61098
61164
61182
61236
61256
61259
61289
61323
61360
61377
61745
61749
61818
61837
62047
62099
62117
62212
62254
62260
62514
62519
62567
62637
62653
62668
62673
62707
62784
62860
62990
63026
63044
63050
63187
63397
63450
63513
63556
63568
63568
63606
63638
63663
63691
63706
63706
63784
63830
63858
63866
63960
63984
64047
64106
64182
64230
64242
64248
64281
64314
64315
64343
64363
64383
64492
64595
64734
64771
64871
64962
65077
65157
65281
65322
65325
65328
65418
65553
65558
65618
65715
65745
65750
65766
65770
65810
65876
65926
65927
65933
65976
66010
66098
66122
66159
66200
66203
66322
66346
66400
66486
66533
66538
66576
66622
66740
66783
66788
66791
66902
66961
67081
67090
67115
67116
67121
67290
67369
67436
67441
67469
67514
67571
67601
67699
67764
67766
67784
67807
67807
67836
67940
67947
67949
67961
67964
67965
68057
68214
68228
68273
68323
68328
68395
68434
68499
68519
68521
68530
68556
68576
68596
68624
68639
68674
68686
68719
68725
68754
68823
68835
68857
68900
68910
68928
68981
69005
69135
69174
69296
69342
69348
69372
69379
69385
69401
69500
69526
69530
69556
69632
69690
69697
69714
69736
69844
69845
69895
69939
70010
70019
70054
70125
70250
70298
70354
70361
70436
70585
70655
70725
70743
70775
70850
71040
71109
71145
71148
71177
71183
71203
71207
71235
71278
71285
71312
71510
71643
71764
71898
72003
72097
72179
72223
72243
72333
72371
72384
72423
72487
72532
72587
72589
72627
72634
72638
72677
72736
72852
73092
73108
73189
73443
73512
73533
73538
73547
73557
73621
73677
73698
73727
73742
73764
73785
73794
73820
73925
74179
74185
74199
74239
74300
74301
74302
74305
74528
74631
74715
74798
74802
74806
74815
74834
74862
74874
74953
74966
75028
75044
75052
75131
75141
75161
75223
75261
75268
75290
75346
75377
75432
75531
75558
75665
75666
75695
75730
75786
75823
75893
75910
76048
76063
76328
76420
76520
76661
76697
76763
76770
76835
76973
76982
76983
77050
77057
77071
77095
77117
77145
77218
77264
77272
77278
77285
77304
77339
77384
77454
77456
77476
77487
77553
77737
77741
77840
77905
77936
77953
77961
77970
78005
78059
78121
78135
78156
78158
78160
78251
78267
78325
78373
78402
78404
78450
78475
78611
78645
78685
78695
78715
78779
78801
78810
78810
78815
78816
78884
78917
78942
79013
79041
79143
79186
79199
79325
79329
79331
79333
79353
79355
79390
79410
79426
79552
79588
79647
79696
79786
80007
80064
80065
80087
80136
80156
80197
80226
80413
80422
80435
80503
80578
80607
80667
80750
80761
80779
80831
80956
81044
81076
81087
81193
81312
81412
81546
81642
81655
81701
81788
81833
81925
82016
82021
82253
82263
82304
82385
82410
82415
82464
82482
82525
82531
82565
82741
82778
82815
82824
82853
82878
83080
83084
83149
83196
83214
83255
83291
83350
83350
83351
83451
83583
83598
83728
83764
83806
83852
83860
83900
83948
84006
84086
84131
84268
84301
84335
84347
84541
84687
84688
84708
84808
84894
84959
85025
85133
85150
85207
85379
85475
85480
85492
85508
85539
85604
85667
85839
85844
85940
86043
86077
86186
86255
86322
86504
86563
86588
86617
86681
86681
86908
86979
86983
87026
87057
87058
87095
87130
87165
87232
87238
87242
87297
87304
87306
87317
87323
87390
87419
87461
87471
87515
87583
87613
87701
87809
87841
87864
87875
87938
88008
88112
88162
88213
88223
88226
88261
88262
88305
88312
88324
88352
88479
88493
88509
88642
88683
88754
88755
88781
88817
88875
88878
88970
88995
89027
89065
89282
89322
89355
89365
89387
89512
89567
89645
89692
89755
89869
89941
90016
90033
90047
90049
90056
90132
90167
90243
90272
90287
90315
90325
90447
90463
90492
90510
90520
90614
90647
90660
90680
90834
90847
90887
90941
90948
91108
91228
91252
91286
91339
91434
91488
91510
91535
91589
91802
91805
91807
91896
92172
92254
92359
92363
92394
92488
92503
92511
92522
92536
92884
92932
92937
92955
93048
93125
93245
93248
93288
93295
93359
93408
93439
93542
93562
93630
93667
93673
93712
93789
93831
93867
93909
93948
94035
94087
94149
94382
94457
94471
94589
94626
94680
94712
94717
94834
94904
94906
94929
94955
95065
95100
95135
95161
95302
95385
95576
95622
95769
95913
95951
95983
96089
96102
96109
96121
96129
96144
96170
96195
96628
96721
96756
96789
96832
96872
96889
96925
96926
96951
97019
97033
97047
97051
97077
97136
97139
97211
97383
97433
97494
97566
97615
97649
97688
97805
97860
97863
97883
97917
97936
97948
98073
98222
98230
98275
98325
98418
98443
98486
98548
98567
98658
98727
98829
98964
99017
99038
99122
99131
99138
99202
99336
99422
99521
99653
99661
99746
99795
99986
100113
100121
100122
100163
100218
100269
100298
100403
100410
100458
100459
100473
100531
100561
100575
100661
100792
100823
100902
100976
100997
101002
101017
101044
101083
101120
101135
101139
101157
101267
101301
101452
101491
101544
101565
101574
101595
101774
101956
101962
101981
101993
102066
102296
102435
102573
102709
102715
102761
102802
102907
102947
102955
102974
103066
103070
103123
103128
103133
103165
103174
103269
103410
103429
103482
103492
103500
103529
103567
103604
103611
103632
103659
103772
103789
103823
103944
103949
103974
103993
104045
104194
104205
104210
104212
104277
104335
104378
104397
104403
104572
104587
104688
104733
104878
104883
104905
104921
104964
104979
105040
105077
105139
105157
105334
105433
105447
105470
105475
105561
105658
105660
105660
105721
105749
105751
105795
105854
105936
105941
105982
106006
106035
106103
106151
106226
106329
106548
106612
106621
106737
106825
106846
106939
106964
107072
107106
107213
107261
107439
107454
107497
107576
107691
107788
107917
108065
108176
108206
108255
108263
108288
108424
108530
108579
108579
108588
108613
108627
108633
108825
108862
108892
108944
109181
109236
109310
109325
109331
109339
109396
109411
109446
109472
109516
109524
109753
109755
109847
109900
109935
109958
110004
110111
110144
110172
110185
110190
110225
110329
110412
110430
110462
110501
110506
110529
110539
110634
110664
110729
110749
110781
110873
110950
110966
111317
111328
111357
111375
111430
111479
111498
111515
111539
111616
111669
111761
111777
111848
111929
112054
112096
112099
112314
112316
112419
112484
112573
112581
112631
112865
112909
112969
112975
113037
113042
113068
113202
113349
113509
113551
113572
113733
113817
113895
113900
113930
113977
114234
114303
114341
114416
114518
114532
114546
114563
114589
114635
114780
114820
114956
115022
115193
115198
115229
115288
115297
115345
115394
115474
115641
115676
115776
115963
116025
116225
116300
116394
116564
116676
116677
116830
116960
116961
116975
117121
117152
117168
117308
117349
117437
117522
117534
117550
117651
117733
117760
118045
118094
118110
118239
118372
118425
118501
118522
118577
118607
118687
118689
118736
118804
118880
118895
118902
118910
118928
118934
118984
119211
119308
119464
119478
119510
119569
119583
119682
119714
119775
119895
120040
120055
120184
120324
120344
120524
120580
120721
120855
120895
120910
120965
121001
121060
121076
121193
121255
121348
121359
121638
121648
121748
121784
121967
122000
122001
122055
122162
122205
122242
122347
122348
122366
122389
122391
122406
122448
122462
122511
122537
122723
122826
122949
122987
123004
123170
123264
123398
123431
123466
123589
123691
123759
123823
123831
123847
123918
123946
123969
123981
124111
124178
124272
124297
124331
124360
124365
124454
124457
124668
124868
124921
125140
125167
125187
125292
125311
125335
125410
125436
125458
125498
125605
125748
125778
126044
126078
126124
126272
126407
126437
126463
126484
126497
126569
126816
127000
127069
127147
127476
127545
127646
127728
127938
127949
127950
127975
127997
128100
128108
128222
128300
128333
128394
128481
128588
128591
128615
128664
128698
128756
128900
128914
128916
128983
128996
129114
129145
129231
129266
129411
129510
129548
129616
129639
129648
129653
129662
129686
129782
129798
129925
130051
130064
130077
130087
130245
130276
130433
130462
130588
130886
131002
131088
131198
131263
131325
131567
131578
131585
131609
131631
131800
131820
131862
131964
132239
132436
132454
132525
132534
132541
132545
132607
132717
132733
132745
132757
132797
132895
133023
133029
133047
133151
133195
133286
133332
133444
133477
133506
133579
133627
133673
133697
133827
133839
133885
133889
134079
134147
134281
134361
134384
134435
134484
134514
134572
134831
134860
135008
135011
135012
135136
135170
135190
135216
135230
135360
135425
135426
135494
135497
135626
135668
135818
135867
136026
136044
136076
136205
136276
136282
136394
136394
136459
136591
136609
136650
136692
136729
136729
136812
136837
136853
136936
137289
137316
137330
137381
137405
137443
137607
137642
137653
137720
137724
137753
137756
137765
137778
137905
137932
137975
137988
138037
138233
138349
138399
138404
138439
138446
138505
138634
138702
138732
138737
138792
138842
138907
139022
139025
139143
139209
139328
139360
139412
139511
139606
139685
139729
139761
139815
139859
139897
139926
139957
140024
140150
140203
140223
140362
140397
140408
140854
141063
141244
141408
141520
141640
141652
141707
141849
141888
141989
141999
142110
142176
142318
142358
142566
142627
142695
142852
142852
142877
142949
143024
143143
143208
143261
143304
143338
143345
143425
143521
143585
143738
143743
143803
143905
144039
144042
144078
144098
144134
144421
144463
144563
144800
144832
144918
145073
145316
145368
145402
145406
145436
145520
145540
145586
145648
145785
145808
145987
146143
146213
146227
146343
146923
146960
147009
147187
147202
147227
147303
147410
147469
147582
147657
147747
147897
148048
148089
148211
148213
148393
148418
148536
148555
148568
148604
148655
148667
148673
148691
148848
149002
149048
149241
149244
149286
149289
149339
149464
149537
149559
149957
150024
150194
150263
150349
150378
150471
150477
150546
150609
150621
150652
150673
150730
150767
150786
150879
151041
151061
151065
151072
151075
151291
151305
151466
151551
151741
151846
151864
151905
151937
152261
152334
152370
152452
152492
152499
152549
152588
152757
153138
153216
153224
153230
153324
153335
153364
153366
153397
153802
154279
154317
154326
154454
154527
154658
154791
154935
154963
155013
155076
155086
155154
155493
155564
155577
155604
155619
155764
155780
155863
155892
156083
156146
156335
156384
156548
156595
157058
157112
157136
157143
157170
157237
157357
157376
157389
157408
157576
157668
157851
157930
158085
158131
158144
158269
158428
158430
158452
158457
158513
158518
158573
158704
158779
158897
158915
158948
158980
159161
159235
159365
159381
159467
159470
159484
159684
159859
159909
159935
160008
160207
160352
160375
160419
160441
160447
160495
160596
160702
160784
160840
160851
160853
160869
160918
160991
161057
161068
161119
161174
161199
161230
161285
161320
161350
161365
161422
161506
161608
161693
161754
161837
162026
162146
162515
162537
162596
162636
162777
162931
162959
162991
163258
163305
163379
163402
163476
163497
163511
163514
163530
163532
163545
163609
163869
163905
163989
164074
164107
164182
164193
164242
164440
164587
164606
164728
164822
164886
164897
164917
164923
164924
165035
165084
165153
165315
165390
165425
165450
165481
165581
165690
165769
165802
165916
166116
166279
166289
166311
166634
166900
167070
167192
167303
167350
167377
167454
167461
167617
167732
167759
167857
167928
168182
168292
168357
168478
168626
168681
168863
168928
168993
169199
169224
169242
169280
169350
169369
169474
169862
169942
170015
170106
170283
170314
170335
170348
170494
170586
170607
170650
170806
170945
171150
171182
171342
171348
171416
171712
171723
171772
171775
172095
172272
172290
172330
172346
172507
172749
173102
173138
173275
173361
173398
173469
173605
173736
173924
173933
174114
174183
174369
174562
174590
174668
174724
174729
174777
175006
175016
175230
175319
175343
175487
175508
175534
175589
175743
176006
176057
176066
176131
176146
176218
176342
176439
176480
176628
176724
176764
176793
176812
176813
177265
177338
177568
177579
177617
177828
177867
177899
177916
178033
178175
178328
178392
178423
178463
178469
178766
178848
178848
179260
179291
179298
179368
179412
179418
179516
179632
179658
179919
180098
180153
180320
180421
180572
180583
180752
180790
180832
181169
181178
181197
181218
181294
181299
181316
181390
181447
181502
181667
181687
181804
181831
181903
181997
182012
182149
182288
182384
182505
182730
182733
182763
182817
182871
182925
183009
183050
183326
183505
183637
183653
183658
183912
184041
184097
184210
184215
184556
184604
184675
184753
184765
184796
184798
184902
184903
184903
185197
185203
185331
185481
185597
186073
186289
186295
186381
186620
186807
186944
186994
187019
187138
187171
187187
187193
187212
187575
187681
188180
188188
188313
188379
188396
188698
188771
188912
189016
189081
189212
189331
189618
189629
189716
189885
190076
190097
190216
190299
190373
190451
190537
190568
190769
190945
191144
191148
191277
191316
191319
191646
191693
191804
191810
191824
191880
192068
192296
192423
192520
192523
192804
192812
192987
193125
193182
193391
193473
193560
193602
193615
193630
193957
194207
194270
194277
194347
194349
194444
194507
194572
194605
194657
194682
194708
194791
194807
195468
195590
195808
195855
195998
196244
196265
196274
196361
196412
196461
196463
196608
196700
196740
196807
196809
196882
196898
197050
197058
197073
197251
197299
197541
197605
197664
197673
197729
197808
197868
198011
198064
198143
198151
198168
198397
198505
198537
198613
198629
198717
198751
198805
198986
199192
199380
199488
199572
199688
199737
199789
199804
199875
199946
200101
200311
200378
200404
200425
200477
200495
200545
200678
200744
200932
201050
201056
201111
201141
201173
201220
201597
201682
201746
202220
202360
202376
202519
202556
202867
202992
202998
203196
203420
203510
203582
203787
203906
203990
204008
204020
204072
204205
204318
204352
204367
204424
204846
205043
205531
205541
205669
205743
205893
206063
206120
206279
206351
206360
206391
206739
206816
206829
206859
206992
206999
207184
207213
207474
207721
208127
208498
208583
208809
208886
209056
209073
209196
209366
209770
209854
209859
210044
210109
210157
210173
210320
210440
210472
210581
210592
210660
210933
211184
211199
211201
211219
211616
211700
211727
211801
211881
212297
212375
212448
212739
212949
213138
213175
213622
213669
214101
214175
214178
214211
214327
214372
214451
214548
214709
214717
214829
214853
215431
215631
215976
216156
216292
216531
216656
216692
216699
216709
217015
217149
217167
217246
217751
217773
217872
218011
218509
218640
218680
218705
218831
218842
218916
218962
219474
219633
219850
220043
220131
220235
220346
220418
221075
221196
221221
221298
221305
221398
221400
221502
221724
221821
221828
221921
222233
222497
223091
223097
223254
223296
223304
223563
223664
223779
224037
224058
224096
224237
224549
224882
224993
225091
225232
225236
225339
225385
225400
225426
225503
225984
226066
226127
226170
226174
226222
226285
226384
226521
226530
226594
226617
226839
226910
227034
227085
227133
227154
227160
227242
227300
227402
227553
227586
227750
227983
228030
228102
228143
228251
228502
228607
228634
228773
228854
228999
229244
229716
229808
229822
230572
230578
230761
230780
231143
231473
231835
231839
231855
231895
231898
232006
232142
232150
232280
232745
232791
232900
232988
233061
233080
233328
233548
233845
233856
233870
234220
234349
234399
234449
234688
234747
234832
234939
234997
235129
235241
235410
235432
235590
235721
235775
236134
236313
236418
236454
236548
236618
236857
236866
237195
237458
237828
238246
238336
238385
238387
238399
238407
238549
238738
238936
238986
239181
239245
239567
239652
239688
239725
239782
239977
239990
240445
240516
240909
241541
241542
241647
241814
242341
242429
242469
242718
242834
243339
243806
243860
243980
244145
244266
244534
244558
244558
244665
244894
245041
245559
245672
245691
245735
246375
246641
246783
246801
246959
247054
247067
247242
247296
247299
247424
247503
247519
247541
247623
247653
247876
248091
248744
248815
249174
249305
249437
249457
249893
249906
250092
250095
250551
250672
250724
250737
250862
250934
251068
251583
251638
251748
251779
251956
252025
252151
252237
252253
252330
252336
252363
252416
252920
253030
253172
253225
253457
253707
253719
253816
253827
253859
253959
254924
254991
255828
256092
256137
256515
256531
257064
257331
257557
257631
257810
257839
258465
258589
258642
258671
258694
258789
258860
259090
259202
259455
259621
259900
260148
260326
260378
260734
260865
261143
261160
261176
261510
261584
261645
262012
262024
262246
262316
262317
262368
262805
262832
262917
263003
263019
263043
263454
263455
263541
263757
263814
263838
263874
263968
264244
264598
264986
265821
265962
266031
266063
266498
266806
266830
266899
266929
267246
267393
267660
267860
268039
268321
268462
268656
268733
269215
269585
269792
269867
269892
269951
270130
270209
270291
270305
270489
270511
270646
270718
270860
270897
271417
271493
271604
271618
271620
271658
272026
272067
272377
272777
272862
273193
273213
273260
273429
273674
274094
274585
275154
275429
275723
276263
276377
276442
276448
276554
276554
276641
276840
276846
276937
276958
277090
277399
277554
277624
277926
278131
278402
278447
278632
278755
278908
279345
279726
279999
280078
280207
280224
280361
280435
280469
280500
280731
280981
281034
281525
281542
281609
281886
281983
282313
282406
283386
283616
283631
283811
283960
284014
284066
284091
284123
284313
284779
284916
285056
285363
285675
286023
286280
286330
286348
286556
286630
286795
286852
287087
287145
287209
287448
288367
288447
288620
288623
288935
289588
289698
289842
289955
290011
290566
290583
290763
290909
291160
291181
291395
291488
291829
292150
292462
293357
293401
293687
293840
294137
294174
294325
294621
295105
295380
296099
296936
297160
297458
297592
298541
299257
299259
299304
300311
300484
301261
301391
301403
301543
301838
302211
302218
302836
303069
303131
303492
303530
303546
304080
304454
304487
304686
305044
305129
305504
305704
306485
306496
306517
306914
307152
308254
308522
308846
309241
309602
310023
310246
310566
310702
310822
310860
311040
311435
311498
311907
312250
312863
313125
313389
313506
313903
314061
314169
314331
314349
314654
314778
314964
315476
316101
316199
316318
316356
316889
316897
317376
317570
318650
319041
319301
319596
319761
320045
320088
320355
320766
320997
321152
321203
321346
321805
322440
322905
323243
323251
324006
324586
325814
326232
326271
326367
326717
326902
327033
327712
328066
328659
328750
328751
329340
329540
329628
329668
330016
330962
331463
331610
331647
331920
331941
332379
332564
332631
332707
332765
333363
334091
334258
334700
334985
334987
336700
336849
337432
337574
338172
338369
339135
339209
339692
339979
340184
340690
340859
341056
341060
341115
341546
341623
341973
342004
342259
342770
342838
342973
344228
344458
345013
345202
345307
345321
345563
345572
346351
346631
347417
347620
347811
347826
349403
349677
350841
351279
351285
351461
351632
352145
352277
352680
353250
353890
354332
354657
355044
355451
355475
356057
356155
356198
356237
356501
357643
359690
359921
360050
360225
361168
362261
362291
363119
363431
364343
365350
365746
366222
367496
367586
367663
367838
367948
368070
370446
370834
371096
371937
373162
373388
373886
374697
375421
377213
378699
379258
381736
382109
383980
384607
385389
385847
386447
389549
390078
390200
390835
390954
391137
391887
392117
393000
394872
395123
396055
396829
397271
398022
398416
399189
400608
400682
400814
401839
402812
403302
403533
403886
404309
406013
407299
409019
410106
410571
414893
415429
415719
417368
420935
421108
422188
423003
423910
429038
430124
431899
432127
432146
432259
433319
434687
435334
436912
436955
438703
438845
439145
439449
441087
442502
445424
453314
456325
461937
464278
465646
466220
466889
468876
469072
470385
473667
474876
475931
479649
480148
480501
483058
488229
493708
494290
496216
504085
512965
514311
515560
519684
519727
525988
528330
531874
535513
538149
550696
559314
568324
571103
646642
