0
0
123
146
159
178
253
276
321
347
369
528
573
587
643
731
779
833
842
953
1035
1252
1315
1348
1424
1436
1627
1629
1716
1731
1818
1845
1922
1960
2013
2014
2041
2181
2389
2416
2426
2426
2491
2545
2628
2738
2746
2852
2883
2965
2965
3021
3035
3163
3186
3195
3338
3349
3351
3436
3486
3575
3670
3696
3757
3785
3810
3844
3892
3967
4085
4175
4221
4229
4254
4428
4542
4634
4677
4700
4790
4797
5022
5059
5081
5117
5176
5301
5326
5405
5458
5459
5581
5653
5783
5802
5814
5843
5857
5873
6035
6121
6320
6416
6425
6433
6444
6454
6464
6598
6690
6716
6759
6838
6841
6940
6953
6972
7013
7061
7096
7182
7219
7222
7241
7392
7407
7417
7454
7467
7478
7556
7663
7681
7709
7768
7807
7914
7936
8074
8130
8156
8275
8282
8349
8375
8434
8529
8554
8813
8844
8945
8962
9061
9082
9161
9166
9214
9221
9230
9235
9312
9440
9455
9474
9554
9621
9644
9702
9753
10139
10191
10221
10239
10307
10338
10427
10560
10575
10602
10613
10627
10702
10714
10716
10747
10911
10941
10960
11016
11159
11171
11178
11313
11327
11328
11408
11427
11429
11451
11459
11466
11475
11513
11534
11577
11623
11713
11718
11718
11896
11910
11968
12021
12039
12115
12131
12150
12241
12316
12497
12524
12553
12597
12626
12646
12702
12715
12739
12747
12807
12814
12888
13094
13133
13140
13191
13226
13410
13446
13448
13464
13484
13511
13567
13626
13641
13794
13849
13956
14057
14060
14111
14120
14134
14145
14154
14185
14269
14356
14456
14501
14549
14550
14570
14607
14616
14682
14716
14729
14842
14884
14994
14999
15040
15348
15355
15362
15383
15412
15454
15470
15475
15576
15615
15625
15733
15737
15739
15800
15834
16002
16056
16129
16157
16265
16303
16342
16545
16593
16643
16682
16683
16731
16866
16871
16909
16914
17044
17083
17134
17134
17166
17175
17206
17232
17280
17642
17684
17731
17766
17849
17858
17893
17922
17991
18041
18171
18236
18318
18337
18348
18379
18455
18456
18465
18513
18533
18621
18679
18856
18874
18929
19076
19330
19392
19422
19483
19515
19598
19651
19679
19728
19817
19905
19985
20060
20138
20162
20186
20520
20529
20535
20575
20608
20725
20743
20817
20939
21205
21328
21344
21418
21419
21428
21454
21481
21528
21539
21622
21661
21667
21677
21694
21775
21945
22135
22181
22459
22466
22491
22510
22579
22629
22669
22709
22813
22816
22860
22902
22923
22956
23067
23091
23133
23153
23169
23181
23232
23272
23286
23439
23477
23519
23674
23764
23847
23902
23975
24046
24288
24352
24433
24502
24525
24570
24639
24713
24790
24833
24941
24998
25019
25076
25125
25146
25309
25313
25314
25399
25418
25483
25606
25606
25650
25710
25786
25988
26033
26055
26111
26155
26195
26205
26268
26279
26341
26364
26368
26404
26424
26448
26576
26605
26608
26750
26910
26927
26936
27107
27128
27171
27232
27246
27303
27370
27403
27463
27627
27691
27709
27737
27764
27841
27936
27950
27969
28015
28062
28116
28118
28174
28323
28350
28361
28383
28462
28541
28607
28732
28874
28893
28904
28908
28926
28933
28937
28959
28961
28987
29021
29090
29126
29180
29211
29309
29364
29385
29457
29555
29651
29679
29721
29729
29731
29772
29835
29902
29902
29945
30099
30123
30129
30141
30170
30234
30257
30258
30295
30300
30319
30507
30579
30678
30867
30949
31043
31094
31231
31249
31252
31259
31263
31317
31384
31426
31437
31507
31587
31649
31666
31850
32072
32155
32198
32259
32261
32317
32324
32326
32396
32427
32501
32551
32590
32645
32660
32702
32721
32748
32873
32903
33016
33021
33190
33197
33244
33280
33286
33304
33315
33331
33353
33393
33424
33566
33582
33613
33632
33806
33936
33938
34159
34175
34490
34531
34570
34587
34736
34762
34905
34982
35051
35061
35113
35114
35173
35194
35227
35401
35423
35425
35467
35605
35667
35677
35694
35773
35903
35909
35944
35947
35949
35990
35996
36019
36109
36256
36407
36495
36502
36540
36545
36549
36554
36568
36683
36762
36833
36878
36900
36956
36987
37023
37047
37067
37128
37213
37224
37234
37247
37537
37543
37575
37818
37855
37885
38090
38114
38327
38365
38465
38489
38505
38604
38638
38641
38666
38747
38759
38761
38779
38800
38808
38909
38925
38949
38965
39021
39161
39162
39364
39487
39814
40053
40144
40151
40179
40195
40222
40309
40351
40467
40471
40580
40664
40751
40772
40786
40964
40985
40986
41023
41071
41145
41161
41165
41228
41323
41324
41357
41428
41493
41509
41536
41644
41697
41793
41852
41854
41942
41946
41948
42078
42109
42130
42159
42166
42170
42283
42296
42299
42315
42349
42428
42468
42479
42496
42569
42585
42694
42776
42785
42798
42817
42830
42861
42936
43026
43053
43054
43154
43192
43216
43216
43217
43243
43262
43286
43335
43392
43463
43472
43480
43509
43604
43621
43786
43861
44036
44063
44083
44148
44346
44347
44532
44543
44733
44759
44767
44791
44796
44906
44998
45013
45186
45202
45228
45279
45354
45364
45388
45445
45523
45588
45617
45630
45634
45672
45717
45740
45775
45969
46024
46070
46081
46144
46185
46443
46483
46602
46616
46737
46791
46847
46874
46884
46904
46923
46966
47018
47083
47222
47355
47384
47423
47620
47640
47735
47824
47831
47976
48190
48223
48244
48299
48339
48349
48351
48396
48485
48529
48545
48561
48583
48883
48889
48928
49017
49038
49062
49073
49198
49283
49290
49337
49349
49428
49439
49572
49605
49740
49827
49908
49986
49999
50022
50108
50149
50228
50260
50297
50317
50318
50439
50502
50607
50612
50746
50935
50981
51014
51051
51097
51098
51123
51128
51265
51283
51302
51346
51350
51430
51497
51529
51658
51791
51806
51921
51927
51940
52048
52084
52115
52147
52151
52242
52298
52329
52465
52484
52537
52572
52651
52661
52691
52757
52920
52974
53037
53039
53040
53048
53050
53054
53104
53108
53216
53572
53678
53779
53795
53996
54019
54039
54082
54279
54289
54585
54666
54672
54730
54760
54824
54943
55065
55089
55096
55134
55135
55278
55380
55415
55440
55503
55534
55550
55572
55587
55613
55681
55830
55842
55957
55978
56011
56029
56040
56048
56106
56145
56410
56463
56474
56503
56558
56732
56742
56807
56850
56913
57147
57172
57195
57262
57286
57504
57505
57540
57556
57594
57639
57640
57708
57838
57928
57961
58013
58054
58120
58129
58341
58365
58397
58470
58520
58566
58689
58737
58750
58753
58766
58783
58805
58805
58810
58850
58911
59013
59153
59157
59224
59338
59413
59632
59648
59777
59788
59918
60008
60008
60295
60307
60317
60528
60601
60633
60714
60762
60773
60796
60809
60819
60911
60973
61000
61016
61135
61254
61264
61328
61476
61521
61536
61601
61621
61630
61651
61735
61738
61839
61866
61873
61974
62037
62046
62050
62068
62141
62227
62329
62619
62632
62649
62781
62821
62976
63057
63134
63286
63319
63431
63440
63595
63597
63611
63905
63935
64186
64323
64366
64378
64387
64397
64583
64771
64871
64883
64883
64930
65061
65140
65179
65309
65319
65577
65717
65744
65766
65847
65871
65919
66004
66006
66019
66038
66123
66158
66215
66537
66714
66825
66853
66895
66919
66945
66968
67084
67092
67313
67377
67470
67491
67583
67656
67661
67684
68033
68073
68202
68206
68249
68281
68288
68300
68338
68369
68482
68487
68547
68589
68633
68845
68934
68978
68982
69001
69004
69152
69161
69244
69244
69254
69347
69460
69699
70003
70146
70158
70234
70362
70413
70552
70596
70701
70763
70770
70864
70990
71108
71161
71273
71348
71423
71510
71577
71623
71649
71653
71730
71818
71822
71844
71889
71953
71971
71997
72314
72320
72336
72470
72478
72538
72586
72642
72706
72769
72870
72953
73015
73089
73109
73113
73128
73145
73332
73338
73444
73587
73596
73698
73905
73910
73976
74085
74097
74110
74135
74137
74199
74238
74301
74376
74532
74537
74650
74658
74669
74703
74730
74787
74911
74997
75078
75103
75233
75242
75311
75371
75413
75424
75457
75463
75541
75596
75603
75842
75985
76037
76249
76287
76330
76359
76411
76447
76489
76618
76619
76621
76712
76713
76823
76824
76846
77011
77112
77213
77226
77422
77423
77445
77466
77505
77613
77633
77706
77780
77900
77920
78023
78038
78060
78229
78404
78420
78511
78520
78538
78593
78598
78812
78904
78995
79009
79202
79225
79360
79368
79534
79571
79666
79671
79712
79756
79795
79809
79821
80060
80188
80291
80353
80626
80650
80667
80721
80970
81003
81142
81207
81284
81333
81347
81362
81384
81432
81707
81758
81926
81985
82007
82061
82151
82165
82179
82296
82305
82341
82453
82548
82553
82570
82586
82868
82921
82987
83394
83431
83466
83535
83660
83682
83765
83769
83837
83947
83985
84038
84273
84374
84421
84452
84491
84526
84663
84734
84855
84911
84954
84963
84987
85008
85042
85055
85142
85143
85488
85597
85604
85675
85749
85764
85805
85926
86066
86124
86163
86271
86349
86377
86571
86572
86628
86873
86924
87009
87093
87137
87328
87481
87484
87491
87755
87769
87839
87857
88082
88277
88281
88427
88486
88555
88611
88689
88729
88829
88932
88967
89056
89111
89371
89542
89599
89611
89778
89790
89919
90077
90100
90103
90164
90256
90296
90303
90360
90425
90428
90646
90764
90857
90881
90916
90934
91078
91204
91219
91230
91432
91527
91534
91619
91801
91835
91866
91919
91945
91973
92006
92010
92065
92078
92104
92186
92189
92200
92209
92329
92468
92486
92601
92719
92775
92827
92934
92948
92997
93001
93107
93120
93127
93142
93263
93303
93357
93524
93543
93549
93648
93670
93870
93885
93958
93988
94038
94051
94340
94395
94526
94694
94745
94828
94832
94848
94863
94870
95013
95019
95062
95191
95200
95398
95474
95528
95599
95630
95633
95709
95804
95872
96211
96215
96236
96679
96748
96906
97087
97157
97199
97207
97229
97334
97365
97443
97845
97953
98041
98311
98348
98390
98423
98447
98552
98564
98622
98669
98738
98960
99043
99067
99120
99174
99288
99334
99418
99495
99636
99646
99684
99732
99811
99816
99820
99832
99915
100050
100230
100300
100329
100456
100513
100539
100597
100598
100606
100615
100632
100644
100805
100821
100842
100867
101084
101296
101307
101337
101477
101730
101733
101751
101755
101815
101946
101974
102094
102155
102159
102213
102252
102487
102681
102778
102821
102923
102931
102992
103150
103315
103325
103358
103402
103453
103511
103516
103552
103614
103659
103677
103847
103995
104002
104016
104022
104182
104280
104341
104368
104443
104471
104502
104556
104586
104645
104985
104996
105066
105107
105261
105483
105639
105642
105707
105769
106019
106025
106026
106071
106152
106185
106229
106241
106277
106324
106384
106397
106609
106836
107041
107204
107231
107280
107337
107609
107658
107756
107760
107768
107823
107860
107884
107928
107995
108022
108039
108127
108134
108170
108197
108215
108404
108417
108439
108449
108621
108725
108753
108806
108835
108854
108963
109005
109334
109365
109436
109485
109547
109575
109645
109840
110035
110087
110222
110294
110383
110393
110565
110683
110704
110759
110764
110878
110895
110904
110955
111098
111129
111146
111146
111340
111360
111373
111538
111539
111566
111627
111706
111793
111850
112065
112082
112111
112295
112319
112438
112590
112618
112708
112746
112762
112979
113006
113010
113022
113068
113182
113224
113248
113325
113332
113347
113576
113596
113621
113629
113793
113884
113909
113920
113997
114008
114242
114307
114406
114501
114566
114641
114649
114664
114680
114704
114751
114828
114894
114902
114940
114954
115001
115022
115218
115226
115243
115255
115328
115336
115382
115429
115449
115467
115557
115634
115675
115704
115810
115902
115938
115957
116128
116370
116588
116942
116970
117054
117148
117161
117236
117397
117613
117736
117766
117836
117849
117867
117885
117895
117994
118262
118284
118364
118402
118428
118480
118512
118551
118558
118597
118622
118742
118802
118911
118998
119085
119132
119299
119419
119610
119635
119647
119676
119686
119712
119948
120039
120106
120183
120325
120362
120594
120626
120849
120929
121285
121334
121337
121410
121425
121491
121682
121688
121753
121902
121928
121942
121965
121977
122137
122182
122223
122275
122606
122878
122985
123036
123209
123248
123258
123462
123572
123582
123720
123951
123970
123971
124010
124070
124114
124208
124252
124278
124298
124352
124392
124433
124508
124541
124544
124547
124547
124548
124762
125091
125109
125135
125359
125496
125583
125671
125769
125789
125828
126002
126130
126199
126224
126401
126403
126477
126533
126594
126711
126817
126907
126924
127089
127102
127103
127372
127385
127403
127607
127799
127889
127940
127966
128033
128231
128335
128349
128383
128392
128419
128476
128480
128612
128808
128868
128946
129139
129162
129287
129610
129651
129680
129703
129798
129865
130050
130051
130172
130179
130391
130399
130466
130796
130935
131113
131188
131219
131345
131348
131395
131455
131481
131503
131520
131598
131645
131785
131890
132155
132169
132237
132276
132340
132659
132702
132918
133367
133413
133436
133545
133559
133713
133770
133834
133838
133883
134017
134170
134178
134196
134308
134330
134478
134707
134944
134970
135109
135201
135289
135341
135356
135400
135437
135566
135710
135891
136007
136082
136165
136332
136340
136668
136772
136791
137109
137140
137199
137342
137468
137485
137493
137553
137572
137693
137871
137879
137977
138017
138201
138252
138292
138447
138536
138604
138638
138732
138783
139258
139271
139718
139808
139825
139906
139918
139929
140010
140122
140145
140242
140347
140357
140374
140546
140688
140704
140716
140733
140786
140817
140828
140854
140893
140983
141086
141220
141325
141440
141493
141541
141755
141865
141889
141890
142153
142218
142227
142477
142744
142917
143223
143246
143410
143480
143564
143603
143697
143743
143925
143959
143959
144060
144103
144126
144167
144204
144303
144506
144723
144858
144879
144890
144940
144995
145070
145132
145166
145483
145493
145643
145844
146040
146258
146370
146569
146586
146762
146811
146891
146946
147099
147100
147122
147177
147205
147320
147322
147501
147505
147662
147945
148127
148205
148349
148350
148744
148777
148817
148864
149351
149360
149379
149492
149497
149546
149656
149707
149774
149794
149971
149982
149993
150080
150106
150317
150365
150376
150451
150470
150580
150675
150813
150848
150942
151018
151118
151125
151138
151241
151267
151679
151693
151794
152020
152095
152284
152296
152342
152396
152478
152625
152749
153108
153186
153236
153422
153450
153560
153644
153650
153670
153751
154128
154305
154601
154603
154626
154775
154786
154798
155019
155048
155191
155328
155515
155636
155761
155787
155799
155833
155927
156228
156253
156602
156765
156793
156912
157008
157101
157161
157214
157444
158015
158115
158125
158203
158251
158263
158406
158476
158488
158784
158893
158980
158981
159082
159137
159472
159695
159767
159847
159875
159928
160232
160288
160406
160424
160463
160544
160646
160661
160713
160736
161107
161217
161230
161481
161600
161708
161784
161891
161983
162004
162486
163015
163048
163084
163161
163449
163622
163935
163960
164097
164110
164280
164312
164430
164742
164788
164843
164869
164951
165171
165202
165557
165611
165703
165754
166028
166077
166121
166382
166442
166558
166747
166755
167006
167057
167304
167432
167438
167540
167589
167616
167625
168051
168098
168258
168266
168286
168443
168622
168685
168824
168942
168986
169070
169713
169881
170019
170090
170180
170353
170416
170487
170554
170724
170817
171023
171112
171230
171348
171405
171619
171723
171963
171978
172197
172274
172282
172447
172506
172851
173333
173343
173507
173606
173749
173836
174030
174084
174181
174465
174586
174764
174787
175391
175547
175550
175595
175670
175686
175693
175953
176099
176105
176137
176344
176408
176576
176628
176664
176825
176976
176989
177137
177399
177439
177569
177763
177972
178250
178340
178409
178808
178826
179187
179340
179527
179807
179839
179844
179961
180153
180178
180249
180281
180469
180498
180516
181180
181189
181320
181662
181811
181954
181971
182270
182339
182397
182662
182873
183086
183105
183147
183242
183245
183328
183481
183581
183581
183678
183817
184006
184014
184042
184886
184980
185468
186197
186364
186391
186735
186807
186846
187058
187309
187442
187683
187683
187825
187913
187988
188081
188171
188548
188622
189384
189479
189785
189789
189960
190074
190146
190185
190427
190693
190710
190823
190872
191311
191437
191470
191676
191686
191768
191797
191849
191909
192200
192268
192270
192357
192407
192433
192451
192560
192710
192817
192964
193025
193065
193097
193279
193296
193798
194072
194141
194399
194593
194601
194630
194658
194798
195145
195157
195373
195381
195698
195806
195939
195994
196033
196064
196077
196089
196390
196479
196599
196677
196693
196749
197007
197129
197178
197201
197247
197397
197477
197482
197615
197808
197851
198013
198111
198186
198635
198681
198856
198958
199057
199212
199224
199245
199648
199825
199991
200075
200125
200199
200516
200544
200921
201071
201267
201568
201653
201675
201692
201797
201926
202285
202423
202833
203547
203654
203661
203734
203782
203919
203924
203991
203997
204047
204138
204355
204387
204542
204562
205009
205221
205251
205690
205691
205775
206091
206229
206567
206723
206742
206888
206959
207043
207050
207084
207120
207310
207370
207783
207831
208228
208269
208296
208618
208641
208753
209581
209727
209755
209793
209864
209949
209962
210142
210418
210791
210811
211089
211488
211720
211862
211960
212011
212081
212138
212250
212521
212623
212629
213057
213130
213326
213427
213458
213508
213624
213636
213707
213724
214038
214332
214473
214732
214763
214850
215249
215348
215436
216042
216106
216157
216254
216410
216631
216697
216783
217088
217283
217833
217881
218332
218396
218484
218782
218850
219209
219294
219379
219390
219595
219694
219805
220315
220357
220548
221193
221304
221539
221819
221870
222391
222438
222553
222600
222605
223296
223322
223467
223498
223859
223892
224112
224245
224313
224788
224911
225112
226086
226178
226307
226329
226586
226795
226957
227206
227269
227850
228543
228787
228841
229111
229187
229238
229274
229346
229475
229514
229547
229596
229704
229894
230323
230330
230369
230474
230485
230602
230684
230734
230760
230887
231117
231268
231275
231329
231985
232046
232076
232366
232565
232674
232779
232925
233311
233829
234146
234259
234545
234693
234733
235404
235444
235448
235779
235851
236102
236941
237082
237113
237149
237236
237323
237640
238436
238637
238885
239075
239366
239527
240175
240178
240382
240545
240654
240972
241071
241352
241824
242343
242394
242485
242735
243081
243274
243377
243529
243642
243669
243748
243775
243797
243861
244138
244299
244443
244779
244789
245320
245497
245979
246123
246738
246811
246912
247066
247136
247282
247310
247385
247732
247847
247913
248606
248939
249383
250052
250155
250206
250363
250410
250421
251156
251194
251433
251459
252491
252538
252894
253556
253858
253895
254160
255401
255620
255633
255994
256133
256136
256446
256532
256772
256955
257141
257144
257370
257860
257932
257945
258141
258222
258261
258553
258659
259748
259962
260543
260577
260735
260741
260887
260900
260986
261092
261695
261840
261991
262277
262468
262494
263442
263459
263678
263708
264093
264513
264699
265137
265329
265553
265616
265638
266126
266428
266681
266699
266860
267758
267886
267943
269410
269581
269952
270185
270302
270708
270895
271097
271466
271899
272185
272296
272628
272793
273092
273438
274131
274254
274284
274761
274780
275034
275153
275332
275619
275650
275934
276045
276366
276621
277109
277131
277220
277535
277547
278186
278299
278487
278819
279040
279062
279236
279375
280069
280187
280192
280276
280295
280300
280469
280632
280850
281192
281537
282268
282605
282972
283140
283245
283378
283469
283626
283987
284033
284313
284674
284819
284877
285423
285647
285680
285918
285922
285981
286731
286931
287152
287592
287836
289076
289099
289688
290539
290633
291051
291167
292049
292357
292833
293649
293852
293856
294375
294756
295358
295372
295374
295621
296348
296881
296976
297057
297239
297272
297322
297417
297761
298759
299268
299363
299662
299731
299787
300120
300206
300721
300784
300913
300942
301097
301119
302370
302544
302664
302896
302976
303175
304301
306048
307638
307905
307965
307968
307982
308751
308913
309023
309408
310270
310673
310734
311774
312419
312483
313116
313270
313829
314142
314187
314297
315475
315780
315988
316601
316896
317055
317121
317345
317461
318869
318932
319693
319911
320126
320214
320314
320659
321437
321900
322980
323338
323622
323632
323825
324249
324320
324914
325765
326903
326930
326931
326999
327223
327723
329016
329137
329666
329881
329955
331234
331330
331461
331546
332702
333391
333723
333986
334031
336241
336911
336958
337276
337413
337429
337600
338527
338716
338773
339474
340314
341927
342362
342972
343581
343647
344017
344631
345924
348767
350019
350289
351240
352712
352730
353199
353942
353992
354750
354937
355347
356109
356398
357360
357776
358933
363097
363296
363650
364296
364613
365026
365639
366063
366561
367977
369433
369980
371203
372636
373044
373282
373297
373597
373858
373969
375140
375880
379674
379815
380390
380746
382262
382452
382493
383315
383758
386432
387567
388184
388513
389856
389869
390434
390481
390662
390850
392435
392651
393626
394424
395154
398817
400673
402598
403001
403212
403756
404827
406504
407769
411715
411881
412013
413050
413624
419061
419354
421125
421350
422252
423321
424131
425800
427050
427314
428963
431104
433527
446073
446174
446489
447252
448709
450230
451338
453175
453967
456009
459924
462422
467293
492113
494207
500859
502398
519225
521102
524058
530699
541598
552877
556794
559930
570883
573840
582581
601395
681899
