0
0
0
11
146
175
226
258
266
299
314
428
515
518
557
563
596
627
646
662
706
782
909
973
1047
1093
1201
1254
1263
1331
1341
1365
1377
1403
1439
1515
1526
1564
1604
1629
1700
1749
1766
1927
1939
2057
2084
2107
2137
2147
2276
2314
2328
2330
2384
2385
2393
2441
2475
2526
2630
2765
2874
2879
2967
3030
3143
3171
3196
3223
3233
3250
3301
3380
3392
3415
3424
3443
3461
3534
3624
3631
3653
3787
3914
3957
3964
3992
4056
4065
4158
4222
4292
4329
4348
4406
4412
4576
4647
4731
4795
4916
4964
4991
5204
5251
5269
5358
5392
5436
5531
5575
5700
5734
5779
5803
5852
5859
5873
5880
5884
5892
6112
6130
6170
6175
6291
6301
6310
6350
6366
6375
6407
6448
6519
6527
6648
6653
6693
6768
6792
6825
6832
6875
6937
7026
7061
7165
7258
7435
7440
7488
7498
7500
7511
7547
7579
7707
7753
7757
7803
7820
7850
7870
7897
7928
7948
7991
8059
8144
8276
8279
8284
8395
8407
8441
8515
8549
8582
8680
8843
8939
9013
9033
9079
9142
9170
9190
9445
9494
9629
9659
9679
9757
9796
9892
9926
9941
10174
10176
10191
10231
10250
10265
10290
10477
10495
10555
10689
10721
10794
10864
10931
11061
11092
11092
11131
11134
11183
11186
11274
11274
11278
11294
11302
11468
11497
11502
11522
11538
11540
11556
11764
12013
12033
12160
12222
12254
12258
12406
12457
12548
12635
12653
12658
12698
12709
12808
12887
12975
12984
13010
13048
13061
13078
13110
13132
13149
13191
13206
13339
13346
13374
13397
13473
13489
13503
13517
13533
13619
13623
13684
13685
13738
13878
13909
14116
14293
14545
14667
14675
14844
14849
14897
14924
14940
15114
15115
15178
15187
15189
15206
15257
15260
15290
15489
15752
15764
15944
15966
15991
16079
16081
16174
16224
16224
16301
16423
16525
16567
16600
16626
16734
16752
16757
16880
16912
16913
16997
17056
17106
17138
17157
17168
17185
17191
17253
17403
17489
17558
17572
17576
17617
17665
17674
17772
17789
17809
17932
17965
17996
18043
18046
18050
18106
18138
18139
18203
18223
18283
18299
18299
18553
18559
18685
18747
18772
18837
19002
19019
19085
19144
19294
19402
19508
19589
19620
19663
19726
19796
19884
19892
20031
20068
20201
20203
20213
20231
20256
20262
20270
20343
20381
20450
20524
20559
20693
20694
20724
20844
20984
20994
21077
21122
21228
21230
21256
21300
21336
21339
21527
21667
21728
21802
21831
21833
21847
21972
21980
22088
22121
22209
22233
22291
22313
22384
22454
22512
22610
22613
22636
22681
22683
22706
22714
22763
22804
22839
22847
22947
23020
23040
23062
23183
23233
23302
23310
23338
23420
23431
23439
23487
23540
23545
23573
23682
23688
23716
23863
23956
23964
24026
24028
24041
24169
24223
24249
24280
24369
24427
24490
24508
24510
24565
24593
24596
24656
24678
24754
24805
24823
24838
24864
24868
24877
24915
24959
24969
24990
25054
25116
25199
25211
25284
25288
25291
25345
25398
25422
25449
25722
25737
25890
25895
25934
25959
25993
25993
26048
26086
26119
26125
26281
26293
26360
26382
26450
26549
26578
26583
26621
26810
26862
26924
26937
26965
27022
27168
27266
27294
27341
27485
27510
27549
27555
27668
27899
28023
28027
28063
28214
28220
28314
28352
28388
28424
28491
28517
28544
28603
28638
28680
28692
28713
28842
28853
28862
28944
28956
29062
29140
29220
29276
29277
29422
29456
29472
29681
29698
29710
29875
29933
30041
30138
30157
30183
30205
30239
30265
30265
30269
30283
30288
30326
30345
30351
30465
30529
30546
30589
30696
30853
30923
30990
31027
31252
31310
31321
31410
31460
31465
31536
31550
31669
31684
31684
31755
31807
31817
31827
31827
31855
31922
31983
32225
32234
32265
32272
32313
32329
32397
32425
32539
32554
32613
32688
32727
32728
32799
32814
32909
33317
33401
33433
33499
33518
33533
33567
33605
33630
33706
33725
33777
33799
33886
33917
33996
34061
34126
34198
34205
34281
34351
34384
34400
34511
34541
34561
34603
34631
34706
34752
34772
34835
34847
34950
35012
35083
35089
35154
35193
35252
35269
35284
35286
35291
35441
35509
35606
35662
35760
35764
35770
35787
35821
35834
35869
35992
36053
36054
36085
36262
36299
36420
36427
36590
36602
36663
36694
36770
36821
36902
36902
36905
36961
36990
37191
37205
37360
37389
37426
37562
37571
37633
37642
37727
37742
37900
37946
37992
38124
38126
38143
38188
38270
38366
38447
38557
38632
38704
38779
38789
38824
38990
38994
39111
39184
39334
39373
39376
39421
39485
39509
39609
39705
39725
39775
39913
39926
39950
39955
39974
39981
40004
40086
40144
40153
40234
40255
40302
40425
40517
40607
40665
40707
40732
40740
40744
40760
40794
40843
40870
40942
40944
40962
41010
41034
41043
41045
41131
41164
41265
41286
41326
41404
41421
41541
41567
41672
41755
41805
41819
41960
42063
42188
42209
42229
42275
42361
42382
42461
42466
42527
42534
42548
42553
42582
42605
42665
42668
42672
42679
42733
42917
42985
43000
43002
43035
43059
43083
43085
43120
43185
43252
43284
43351
43403
43508
43546
43557
43673
43744
43764
43765
43794
43807
43829
43902
43978
44106
44211
44229
44292
44293
44359
44417
44430
44440
44469
44484
44506
44600
44605
44609
44856
45023
45028
45063
45095
45160
45296
45446
45496
45508
45547
45743
45798
45815
45821
45826
45842
45842
45917
45934
45944
45995
45997
45997
46015
46031
46133
46139
46144
46150
46189
46245
46359
46377
46378
46581
46608
46653
46666
46692
46750
46864
46878
46950
47020
47044
47136
47202
47328
47344
47348
47434
47436
47439
47533
47704
47768
47803
47819
47910
47938
48008
48070
48153
48169
48192
48194
48267
48302
48353
48490
48553
48597
48753
48764
48813
48880
48900
49030
49114
49185
49212
49224
49291
49351
49380
49388
49389
49490
49519
49564
49586
49602
49628
49648
49718
49728
49760
49784
49811
49876
49947
49974
50006
50148
50198
50278
50351
50406
50444
50482
50555
50574
50650
50727
50799
50820
50828
50868
50877
50962
51065
51131
51132
51135
51164
51239
51286
51444
51562
51730
51745
51806
51899
51958
51964
51980
51985
52199
52232
52324
52342
52435
52472
52554
52756
52827
52896
52914
52967
53065
53109
53225
53298
53346
53375
53548
53556
53568
53575
53667
53703
53756
53759
53886
53892
53921
53982
54093
54268
54291
54298
54381
54399
54464
54544
54571
54588
54641
54642
54646
54664
54683
54707
54746
54812
54828
54831
54837
54876
55139
55320
55393
55396
55451
55495
55536
55562
55608
55620
55644
55752
55754
55828
55866
55953
56008
56172
56199
56221
56270
56294
56321
56326
56348
56394
56464
56647
56671
56698
56702
56789
56843
56888
56952
57045
57120
57140
57146
57250
57476
57500
57546
57571
57573
57607
57755
57769
57834
57873
57964
58011
58026
58086
58098
58111
58316
58410
58484
58510
58606
58819
58835
58881
58881
58977
59002
59037
59046
59141
59261
59287
59340
59494
59529
59589
59893
59937
59961
60067
60181
60223
60264
60287
60341
60402
60437
60471
60492
60539
60570
60626
60692
60713
60752
60801
60817
60843
60863
60870
60871
60898
60939
60947
60953
61098
61103
61152
61290
61455
61491
61495
61638
61666
61686
61700
61823
61872
61963
62051
62222
62257
62355
62381
62413
62447
62547
62665
62687
62719
62748
62754
62961
62986
63003
63013
63030
63031
63049
63110
63131
63148
63289
63468
63469
63477
63505
63693
63736
63769
63791
63807
63877
63913
63989
64020
64020
64099
64115
64160
64174
64199
64286
64310
64332
64493
64523
64601
64659
64666
64771
64836
64855
64877
65041
65087
65091
65130
65375
65488
65591
65664
65671
65734
65871
65926
65941
65984
65988
66026
66046
66067
66364
66505
66536
66597
66733
66823
66855
66874
66904
66921
66922
66996
67122
67138
67336
67377
67454
67458
67538
67672
67675
67678
67829
67875
67926
67940
67968
68029
68071
68119
68136
68140
68239
68264
68322
68387
68437
68444
68447
68533
68557
68578
68603
68687
68725
68951
69038
69081
69105
69134
69410
69440
69520
69542
69542
69585
69641
69853
69946
69974
70067
70185
70359
70374
70402
70563
70579
70580
70666
70717
70726
70826
70973
71107
71135
71165
71238
71455
71462
71619
71772
71873
71951
72052
72064
72082
72136
72175
72224
72310
72325
72351
72494
72513
72527
72572
72578
72592
72650
72741
72806
72826
72834
72838
73203
73313
73352
73378
73444
73511
73612
73637
73698
73792
73802
73810
73881
73961
74109
74155
74187
74210
74256
74276
74285
74376
74550
74640
74751
74771
74822
74989
75001
75154
75184
75283
75317
75404
75482
75516
75518
75536
75569
76059
76207
76219
76408
76409
76417
76456
76556
76661
76723
76752
76754
76767
76871
76971
77039
77214
77316
77326
77387
77398
77402
77460
77478
77562
77564
77602
77752
77785
77793
77828
77848
77905
77926
77929
78128
78169
78184
78239
78252
78319
78327
78677
78693
78766
78778
78779
78815
78911
78945
79001
79129
79284
79425
79443
79443
79474
79537
79573
79583
79611
79756
79761
79813
79830
79921
80157
80170
80178
80376
80380
80403
80414
80415
80457
80519
80525
80703
80722
80838
80864
80914
80950
81007
81028
81028
81076
81097
81112
81242
81255
81256
81324
81348
81519
81688
81769
81798
81823
81874
81916
81993
81996
82089
82127
82138
82165
82188
82194
82336
82512
82590
82663
82699
82807
82839
82870
83097
83231
83257
83282
83384
83449
83528
83601
83601
83604
83756
83893
84013
84106
84354
84554
84567
84584
84588
84661
84777
84785
85035
85071
85111
85193
85206
85274
85366
85375
85437
85452
85484
85586
85588
85621
85751
85952
85966
86032
86084
86147
86252
86267
86465
86567
86940
86982
86988
86997
87008
87136
87142
87152
87457
87480
87523
87553
87655
87762
87926
88043
88086
88158
88173
88181
88262
88342
88448
88454
88492
88537
88591
88683
88746
88805
88829
88913
89128
89214
89284
89481
89559
89635
89651
89794
89800
89819
89942
90055
90056
90060
90072
90265
90390
90468
90475
90491
90513
90528
90530
90608
90626
90805
90846
90944
90964
91011
91025
91078
91104
91356
91378
91504
91518
91566
91693
91695
91839
91859
91860
92019
92065
92105
92164
92435
92452
92556
92699
92995
93108
93130
93274
93375
93392
93456
93481
93541
93606
93688
93819
93858
94005
94076
94094
94121
94180
94317
94362
94428
94450
94564
94708
94740
94763
94775
94827
94940
95132
95152
95184
95207
95328
95335
95377
95465
95491
95578
95647
95683
95842
95853
96015
96061
96220
96231
96322
96338
96341
96517
96559
96581
96630
96681
96717
96810
96919
96947
96947
97008
97098
97227
97256
97258
97260
97366
97496
97543
97629
97667
97679
97710
97746
98268
98322
98325
98387
98474
98510
98540
98666
98678
98703
98712
98720
98780
98839
98980
99061
99087
99143
99331
99517
99576
99646
99669
99755
99866
100026
100089
100173
100249
100375
100382
100395
100437
100496
100548
100587
100636
100645
100858
100928
101231
101311
101353
101363
101387
101513
101609
101728
101791
101791
101912
101918
101979
101998
102071
102198
102248
102316
102490
102593
102624
102634
102692
102763
103117
103156
103242
103255
103263
103442
103506
103543
103664
103678
103694
103728
103735
103792
103928
103956
103974
104070
104195
104234
104289
104348
104448
104453
104500
104500
104596
104613
104709
104741
104750
104799
104953
104988
105136
105176
105432
105447
105526
105650
105858
105959
105959
106147
106148
106235
106279
106350
106427
106431
106475
106526
106594
106658
106664
106739
106754
106791
106802
106854
107001
107080
107107
107146
107159
107179
107356
107358
107364
107416
107417
107539
107639
107652
107707
107739
107793
108047
108101
108137
108337
108428
108450
108637
108815
108826
108858
108889
108898
108971
109004
109137
109138
109194
109203
109220
109440
109663
109721
109877
109892
109967
109998
110112
110260
110280
110369
110431
110519
110636
110832
110915
110998
111320
111342
111430
111488
111605
111613
111710
111788
111811
111828
111847
111911
112059
112061
112310
112339
112365
112381
112493
112541
112982
112995
113007
113037
113196
113322
113662
113783
113838
113877
113948
114001
114009
114037
114119
114154
114238
114311
114400
114483
114487
114566
114572
114624
114682
114762
114911
114917
114930
114950
114998
115021
115042
115064
115078
115113
115156
115203
115231
115319
115329
115582
115618
115653
115686
115708
115724
115848
115964
115978
116117
116200
116487
116545
116645
116746
116794
116806
117032
117037
117094
117128
117203
117270
117272
117408
117437
117631
117633
117638
117764
117791
117948
117994
117998
118108
118118
118275
118325
118463
118575
118623
118628
118683
118812
118827
118972
118981
119021
119199
119326
119437
119555
119722
119747
119846
119912
120041
120084
120110
120186
120445
120593
120635
120767
120853
120947
120998
121101
121150
121237
121344
121395
121499
121507
121544
121622
121781
121938
121968
122009
122034
122114
122140
122203
122406
122485
122681
122762
122770
122833
122855
122967
122983
123220
123242
123287
123295
123303
123700
123817
123834
123879
124088
124154
124208
124281
124333
124536
124630
124702
124877
124926
124954
125049
125052
125135
125154
125315
125369
125520
125579
125612
125703
125849
125858
125878
126108
126567
126772
126789
126823
126880
126922
126932
126967
127003
127034
127052
127070
127079
127149
127209
127236
127254
127419
127537
127571
127754
127836
127977
128046
128051
128185
128246
128282
128479
128509
128562
128579
128683
128720
128992
129033
129100
129128
129559
129762
129805
129807
129816
129828
129962
130003
130060
130081
130123
130134
130139
130140
130283
130401
130681
130747
130806
130961
131134
131176
131428
131760
132015
132309
132401
132411
132467
132480
132590
132596
132670
132671
132715
132765
132765
132872
132939
133080
133146
133148
133564
133660
133760
133845
133988
134037
134062
134090
134106
134109
134118
134223
134358
134445
134513
134527
134540
134563
134605
134649
134713
134855
134893
135060
135067
135150
135213
135445
135505
135573
135969
136149
136166
136180
136505
136513
136616
136617
136706
136738
136742
136787
136790
136900
136908
136943
136959
136978
137021
137083
137219
137277
137312
137384
137391
137506
137595
137647
137717
137830
137867
137894
137922
137926
138014
138229
138340
138371
138528
138619
138695
138709
139030
139065
139124
139193
139259
139399
139509
139547
139667
139711
139736
139795
139963
140331
140622
140878
141212
141343
141344
141530
141532
141629
141705
141753
141828
142034
142213
142324
142433
142444
142780
142895
142949
142968
143109
143263
143320
143463
143512
143532
143630
143708
143712
143937
143940
144040
144047
144236
144337
144458
144591
144635
144649
144672
145116
145117
145224
145443
145462
145578
145822
146499
146522
146932
146996
147100
147227
147332
147547
147672
147673
147681
147695
147751
147908
147991
148006
148189
148195
148369
148584
148610
148649
148716
148783
148784
148800
148881
148889
148903
148915
149017
149054
149141
149156
149366
149457
149495
149613
149667
149716
149921
149926
149968
150033
150183
150199
150380
150445
150480
150493
150505
150594
150643
150794
150808
150903
150910
151047
151088
151100
151114
151158
151265
151306
151552
151727
151807
151854
151951
152014
152132
152277
152278
152325
152362
152445
152484
152635
152685
152776
153080
153135
153177
153195
153212
153248
153387
153437
153495
153815
154111
154207
154260
154267
154423
154604
154627
154840
154843
154847
154853
154992
155237
155319
155468
155473
155642
155685
155992
156112
156301
156338
156413
156627
156727
156757
156950
156953
156989
157330
157460
157479
157591
157605
157679
157693
157935
158011
158052
158176
158239
158323
158367
158494
158693
158802
158955
158999
159087
159127
159301
159773
159844
160132
160447
160482
160538
160561
160580
160626
160646
160721
160902
161221
161600
161886
162047
162047
162335
162379
162512
162524
162781
162851
162892
162951
163205
163251
163342
163419
163440
163457
163551
163665
163854
163923
164072
164492
164685
164742
165052
165116
165438
165462
165495
165530
165636
166183
166261
166334
166408
166638
166654
166676
166680
166775
166831
166861
166862
167047
167085
167096
167126
167235
167298
167380
167398
167575
167585
167763
167787
167837
167973
168062
168143
168250
168297
168429
168547
168864
168985
169164
169165
169224
169230
169373
169554
170025
170032
170136
170335
170454
170588
170650
170662
170665
170679
170718
170734
170942
170968
171362
171423
171449
171631
171650
171654
171655
171883
171985
172276
172509
172519
172548
172574
172665
172714
173017
173156
173177
173433
173532
173626
173662
173682
173997
174032
174213
174469
174528
174683
174780
174866
174969
174986
175350
175387
175475
175842
175868
175889
175999
176090
176360
176456
176542
176682
176834
177103
177125
177136
177195
177242
177633
177796
177829
177995
178155
178206
178217
178378
178487
178496
178753
178786
178796
178868
179071
179179
179305
179445
179627
179735
179807
179822
180081
180147
180202
180283
180461
180531
180574
180685
180703
180872
180937
180965
181028
181051
181357
181415
181502
181737
182029
182042
182055
182436
182710
182745
182816
183440
183592
183800
183844
183871
183958
183961
183981
184257
184738
184917
185023
185029
185140
185190
185213
185661
185831
185975
186123
186177
186268
186486
186585
186679
186810
186840
186891
186987
187034
187403
187474
187620
187844
187874
187898
188147
188290
188438
188501
188622
188644
188661
188666
188891
188936
189533
189547
189565
189872
189878
189885
189968
190153
190186
190216
190332
190429
190473
190782
190851
190944
190996
191025
191286
191426
191641
191687
191751
191816
191836
191923
192090
192154
192350
192380
192411
192574
192869
192945
193014
193022
193060
193077
193372
193374
193423
193653
193722
194389
194648
194770
195088
195088
195219
195336
195345
195537
195620
195746
195923
196353
196458
196514
196557
196622
196733
196790
196837
196969
196994
197011
197129
197129
197221
197361
197408
197607
197624
198300
198376
198462
198652
198920
199372
199484
199629
199791
200305
200455
200637
200967
201012
201078
201179
201240
201355
201470
201493
201531
201626
201653
201698
202109
202110
202461
202469
202673
202855
203141
203200
203278
203316
203504
203536
204047
204108
204135
204335
204533
204678
204804
205042
205066
205279
205467
205655
205682
205699
205820
205898
205936
206476
206502
206658
206728
207035
207565
207617
207798
207822
207938
208025
208220
208236
208286
208377
208437
208438
208961
208998
209744
210041
210269
210431
210576
210875
211273
211420
211673
211732
212229
212349
212430
212709
212802
212862
212907
213265
213279
213495
213943
214065
214585
214840
214949
215376
215409
215465
215562
215798
215909
216270
216333
216345
216514
216602
216744
216836
217430
217470
217482
217634
217697
217702
217808
218231
218324
218338
218444
218575
218602
218672
218805
219047
219903
219936
220018
220239
220302
220378
220533
220714
220726
221190
222477
222484
222829
223239
223320
223630
223669
223733
224569
224906
224955
224998
225195
225854
225864
226109
226254
226411
226476
226478
226539
226672
226683
226723
226915
227001
227162
227359
227577
227632
228288
229006
229457
229481
229556
229939
230523
230566
230653
230814
230975
231165
231175
231363
231544
231672
231694
231879
232179
232576
233600
233644
234236
234251
234567
234606
234811
234852
235296
235302
235786
235960
236015
236093
236166
236174
236304
236305
236425
236639
237964
238328
238382
238598
238903
239465
239691
240000
240102
240135
240149
240209
240241
240286
240431
240758
240904
241213
241494
241526
242351
242372
242417
242482
242756
243050
243118
243169
243204
243639
243798
244049
244129
244184
244381
244406
244780
244794
244821
245286
245289
245610
245646
246231
246556
246696
247003
247024
247271
248047
248253
248432
248775
249082
249284
249812
249912
250637
250807
250953
252017
252428
253151
253705
253734
254224
254549
255729
256250
256353
256475
256662
256779
256793
256798
257016
257016
257508
257782
257897
258149
258202
258611
258755
259026
259088
259142
260175
260226
260313
260436
260455
260624
261038
261592
262039
262424
262512
262527
262847
263926
264190
264271
264316
264639
264691
264858
265011
265083
265362
265608
265707
265775
266005
266412
266725
267183
267501
267518
267592
267606
267992
268189
268288
268468
268491
268507
268973
269374
269517
269640
269822
269853
269924
270166
270434
270457
270500
271836
271960
272011
272177
272388
272675
272996
273295
273370
273526
273749
273931
274237
274302
274606
274962
274993
275137
275280
275666
275675
276084
276153
276338
276389
276632
276998
277382
277797
278457
278686
278811
279061
279464
279998
280040
280623
280730
281126
281396
282355
282417
282571
282775
283709
283819
284036
284454
284795
284815
285016
285568
285638
286286
287276
289337
289651
289894
289962
290046
290227
290319
290621
290810
290970
290981
292333
292557
292691
293484
293645
293710
293757
293908
294190
294406
294798
294932
295517
295759
296138
296399
296479
296571
297002
297107
297115
297150
297581
298529
298831
298835
299071
299676
299795
299877
299936
301554
302135
302531
303069
303463
303915
303985
304006
304046
304163
304741
305796
305796
306322
306483
306494
306631
306871
307055
307538
307576
307627
308057
308131
308495
308803
309304
309573
310276
311091
311173
311358
311688
313206
313317
313409
314109
314160
314705
315767
315901
316511
316779
317517
318174
318318
318995
319333
319904
319950
320292
321492
321740
323024
323206
324733
324887
325006
326717
327139
328117
328372
328428
328662
329507
329607
330383
330493
331083
331151
331938
332895
332938
333123
333943
334154
335506
336451
336737
336928
337363
337424
340221
340505
340507
340626
340631
341138
341559
342117
343760
344782
345164
345964
348076
349158
349804
350031
351105
351941
352891
354453
354782
354861
354909
356025
356538
356782
357060
357758
357955
358011
358057
359123
360414
361539
361597
361684
361803
362630
363511
365026
365121
365375
368525
368596
369275
370699
371907
372476
372931
373427
373495
374210
376766
377043
377258
377551
377817
380679
380970
381006
381464
382248
382442
382924
382962
383033
383967
384438
385849
386137
387252
388282
390982
391477
391704
391947
392292
393310
393641
394944
397077
397766
397808
399572
400751
402347
404099
405456
406167
406657
406778
407733
410367
410949
411390
411478
414301
416590
421833
421909
424895
425695
426452
426809
427120
430511
431174
432221
432270
433765
435028
435713
438601
438777
444336
444352
444813
447526
447632
448039
456797
456901
457099
457109
457258
457765
465189
468201
475878
476561
483222
484771
484795
491456
494767
524317
553558
582532
582604
592634
594871
598998
