0
0
158
248
370
465
516
565
567
615
636
927
1086
1425
1655
1856
1993
2208
2427
2588
2753
2915
2982
3097
3237
3259
3402
3421
3515
3548
3577
3620
3666
3710
3724
3746
3823
3964
4000
4143
4174
4178
4203
4404
4451
4565
4566
4607
4644
4654
4657
4783
5061
5138
5165
5234
5336
5347
5410
5556
5558
5587
5618
5703
5725
5752
5871
6220
6237
6285
6306
6364
6480
6510
6590
6591
6598
6853
7013
7059
7091
7181
7387
7420
7460
7589
7701
7732
7831
7883
7910
7914
7983
8221
8231
8283
8498
8517
8542
8543
8615
8709
8745
8758
8780
8942
9057
9095
9320
9351
9529
9574
10046
10095
10207
10293
10432
10450
10491
10616
10796
10916
11180
11237
11239
11348
11395
11439
11462
11496
11549
11550
11559
11590
11602
11677
11718
11721
11751
11808
11808
11847
11859
11929
11986
12051
12080
12086
12127
12138
12209
12245
12254
12385
12535
12585
12661
12890
12954
13202
13215
13215
13353
13368
13371
13468
13474
13578
13648
13682
13730
13742
13793
13877
13945
13961
13976
14326
14381
14508
14548
14556
14581
14755
14849
14870
14948
15156
15166
15219
15270
15534
15755
15801
15808
15825
15955
16000
16046
16225
16264
16370
16646
16678
16739
16977
17041
17108
17128
17199
17225
17271
17292
17317
17574
17948
17991
18207
18247
18326
18361
18387
18562
18746
18755
18902
18960
19072
19106
19279
19294
19309
19423
19574
19727
19752
19798
20159
20164
20290
20337
20366
20454
20507
20688
20723
20921
21208
21210
21220
21243
21451
21538
21634
21838
21951
21952
21996
22073
22075
22090
22140
22341
22486
22506
22731
22848
22854
22956
22980
23045
23073
23130
23143
23241
23266
23291
23386
23484
23558
23596
23624
24014
24098
24148
24160
24327
24460
24532
24740
24839
24847
24956
24978
25036
25111
25166
25179
25269
25319
25408
25443
25476
25512
25629
25707
25711
26008
26120
26496
26566
26687
26766
26793
26834
26837
27129
27145
27576
27577
27841
27862
27891
27973
28041
28043
28091
28311
28535
28685
28704
28858
28877
28937
28997
29104
29165
29195
29268
29290
29332
29494
29524
29553
29717
29807
29905
30107
30232
30242
30275
30393
30564
30764
30864
30870
30917
31048
31094
31104
31360
31411
31433
31572
31621
31692
31756
31776
31827
32211
32229
32242
32440
32500
32523
32599
32659
32992
33085
33128
33461
33527
33567
33698
33796
33862
33879
33935
34016
34054
34087
34187
34265
34311
34384
34405
34454
34506
34677
34805
34933
34958
35217
35253
35466
35589
35793
35845
35886
35929
35976
35979
35979
36009
36120
36200
36239
36292
36508
36564
36639
36789
36821
37032
37229
37258
37409
37604
37753
37886
37898
38326
38426
38489
38495
38580
38650
38658
38688
38804
38899
38972
39083
39138
39192
39256
39382
39459
39818
39852
39919
39940
40078
40165
40329
40360
40657
40740
41009
41053
41133
41191
41213
41261
41277
41617
41829
41996
42011
42118
42128
42147
42337
42387
42438
42531
42656
42688
42743
42967
43174
43260
43306
43585
43841
43862
44070
44097
44382
44430
44541
44722
44816
44869
45029
45108
45164
45186
45241
45419
45736
45814
45838
45885
45939
45959
46082
46264
46307
46381
46587
46595
46629
46662
46761
46884
46945
47354
47357
47507
47619
47752
47806
47843
47904
48007
48099
48109
48115
48229
48321
48436
48449
48465
48565
48975
49007
49076
49102
49118
49280
49300
49316
49557
49560
49603
50014
50235
50388
50437
50595
50620
50635
50638
50655
50724
50782
50785
51040
51049
51240
51344
51406
51445
51479
51545
51728
51793
51851
52016
52453
52620
53008
53449
53482
53576
53644
53710
53796
53988
54077
54085
54122
54266
54411
54449
54491
54540
54644
55131
55171
55312
55344
55484
55586
55832
56030
56088
56110
56190
56192
56222
56243
56257
56300
56412
56613
56641
56682
56875
56913
56988
57165
57222
57374
57493
57543
57692
57733
57911
57977
58296
58357
58500
58526
58535
58563
58803
58982
59002
59024
59030
59068
59118
59132
59180
59194
59195
59354
59448
59520
59586
59601
59680
59706
59772
59856
59926
59970
59977
60118
60322
60382
60587
60589
60614
60663
60710
60964
60973
61008
61036
61322
61422
61632
61767
61808
61839
61907
62082
62083
62129
62735
63182
63364
63418
63432
63463
63551
63566
63655
63733
63782
64006
64102
64387
64428
64570
64644
64779
65058
65238
65241
65293
65340
65384
65471
65479
65659
65684
65937
65985
66132
66261
66587
66720
66883
66936
67054
67087
67172
67238
67268
67383
67878
67943
68035
68267
68336
68528
68620
68808
68874
69188
69453
69611
69814
69845
69859
69955
69955
70069
70253
70320
70342
70366
70461
70559
70562
70613
70618
70714
70727
70842
70901
70950
71195
71396
71536
71543
71562
71589
71713
71783
71794
71798
71956
71966
72210
72233
72370
72679
72687
72902
72923
73229
73467
73551
73622
73623
73640
73776
73824
73856
74055
74305
74396
74426
74584
74629
74881
74944
75302
75426
75493
75532
75576
75677
76015
76082
76185
76217
76613
76668
76749
76874
76960
76983
76993
77087
77247
77481
77541
77579
77632
77781
77793
77837
77881
77887
78016
78040
78155
78360
78375
78425
78439
78627
78637
78676
78808
78921
79226
79277
79458
79597
80096
80151
80234
80313
80484
80508
80527
80578
80666
80801
80850
80909
80967
80984
81073
81082
81135
81179
81204
81491
81628
81708
81774
81796
81979
81982
82151
82269
82565
82610
82612
82667
82873
82935
83104
83198
83211
83905
84102
84124
84318
84464
84545
84649
84728
84822
84828
84905
85062
85191
85200
85231
85523
85630
85721
85839
86060
86390
86520
86729
86739
86851
86908
86928
86932
86967
87017
87056
87116
87180
87323
87584
87875
88004
88116
88151
88183
88252
88304
88307
88369
88530
88540
88578
88675
88684
88767
88927
89420
89564
89873
89971
90266
90361
90363
90381
90461
90471
90493
90648
90684
90696
90784
90926
91023
91151
91262
91313
91457
91464
91653
91849
91913
92105
92274
92428
92614
92843
92861
92932
92941
93224
93398
93443
93487
93505
93590
93628
93736
93760
93796
93854
93912
93950
94098
94132
94154
94295
94512
94544
94548
95063
95306
95389
95395
95650
96103
96106
96153
96181
96302
96440
96771
96864
96974
96986
97068
97151
97157
97294
97477
97621
97641
97878
98072
98229
98258
98332
98504
98608
98668
98924
99210
99324
99387
99500
99615
99666
99677
100137
100212
100609
100826
100859
100864
100943
101087
101382
101383
101640
101875
102048
102175
102255
102289
102427
102481
102832
102834
102913
102914
103025
103289
103328
103729
103846
103928
103933
104245
104295
104432
104569
104675
104898
105588
105635
105948
106103
106140
106223
106230
106549
106575
106614
106762
107021
107170
107191
107332
107333
107637
107798
107921
107975
108096
108247
108381
108527
108574
108680
108702
108722
108762
109657
109776
110158
110306
110352
110397
110779
110796
110814
111117
111419
111665
111716
111831
112025
112195
112284
112420
112533
112985
113154
113154
113177
113187
113218
113349
113535
113640
113783
113888
113890
113964
114043
114120
114149
114444
114549
114726
114868
114904
115395
115507
115757
115879
115890
115919
116259
116646
116914
117002
117324
117408
117531
117577
117903
117972
118072
118223
118350
118588
118787
119015
119355
119427
119551
119926
120064
120239
120274
120321
120739
120848
120933
120941
121100
121335
121604
121732
121736
121737
121811
121974
122250
122311
122322
122769
122867
122908
123101
123136
123304
123451
123915
124025
124177
124330
124341
124457
124827
124884
125032
125327
125405
125477
125588
125686
125710
125849
126016
126305
126306
126323
126490
126753
126806
126856
127170
127195
127230
127276
127338
127352
127627
127765
127837
128080
128177
128319
128445
128586
128758
128969
128991
129022
129129
129218
129262
129378
129582
129585
129878
130034
130125
130268
130431
130527
130586
130876
130877
130922
131168
131280
131333
131386
131423
131502
131537
131563
132013
132149
132202
132680
132804
132891
132952
133132
133157
133158
133306
133361
133465
133564
133807
134006
134329
134367
134407
134554
134619
134899
134909
134966
135255
135298
135449
135788
135801
135901
135940
136191
136344
136350
136416
136421
136577
136731
136748
136892
136964
137020
137111
137413
137477
137507
137726
137863
137912
137994
138045
138299
138304
138589
138983
139031
139105
139428
139448
139575
139590
139970
140040
140713
140975
141114
141149
141185
141292
141312
141663
141812
142092
142389
142461
142776
143054
143124
143400
143658
143850
143998
144215
144365
144434
144440
144562
144606
144635
144880
144883
145025
145120
145589
145692
145914
146339
146602
146623
146654
146716
146886
147173
147484
147811
148076
148099
148182
148577
148763
148845
148989
149289
149524
150578
150641
150904
150921
151015
151341
151666
151816
151965
152016
152712
152906
152920
152969
153093
153117
153122
153215
153492
153636
153762
153832
153974
154062
154201
154238
154355
154438
154440
154512
154871
154923
155563
155697
156585
156854
157029
157411
157524
157828
158193
158260
158842
158905
159257
159368
159548
159802
160037
160208
160230
160360
160586
160600
160875
160941
161029
161441
162414
162629
162783
162813
162874
163174
163202
163382
163432
163471
163567
163872
163954
164083
164135
164335
164358
164358
164419
164528
164656
164845
164885
164890
164952
165352
165388
165517
165716
165735
165897
166006
166326
166484
166597
166973
167003
167142
167949
168065
168415
168480
168628
168862
169047
169091
169829
169845
169971
170088
170554
170595
170988
171067
171198
171397
171445
171511
171554
171774
171906
172146
172208
172611
172874
172926
172934
173415
174097
174107
174255
174373
174598
174662
174738
174892
174921
174937
174988
175776
175783
175891
175953
176047
176114
176961
177071
177570
177640
177780
177933
178085
178397
178403
178432
178741
179236
179711
179711
179859
180490
180567
180793
180874
181048
181163
181261
181317
181395
181397
181510
181623
181868
182156
182496
182509
182800
183024
183191
183220
183414
183581
183586
183829
184073
184103
184246
184485
184519
184709
185186
185595
186296
186498
186685
187146
187284
187300
187336
187486
187488
188177
188476
188571
188737
188966
189045
189260
189305
189368
189738
189801
190195
190381
190392
190398
190610
190697
190714
191300
191437
192839
193167
193676
193800
193917
194166
194385
194550
195697
195836
195913
196020
196683
197026
197365
198202
198795
198843
199179
200146
200237
200576
200742
201195
201267
201559
201760
201767
201797
201898
201946
202023
202838
203205
203909
204555
204792
204980
205043
205630
205745
206057
206219
206230
206974
207021
207293
207315
207487
207564
207735
207784
207828
208335
208468
208529
208634
208643
208716
208897
209082
209163
209611
210155
210182
210322
210439
210597
210606
210637
211471
211853
211938
212132
212470
213144
213539
213920
214210
214346
214502
214503
214775
214970
214999
215004
215053
215074
215131
215262
215554
216298
216925
216945
217183
217362
217507
217795
217839
218119
218290
218352
218574
218748
219249
219586
220907
221036
221089
221448
221957
222053
222120
223167
223372
223529
224170
224618
225086
225111
225324
225890
225957
226376
226399
226912
227304
227321
228001
228125
228171
228446
229344
229497
229699
229743
230099
230132
231689
232071
232113
232344
232562
232598
233337
233594
235334
235342
236577
236787
236789
238157
238823
239832
240016
240092
240446
241144
241372
242432
242894
243018
243146
243412
243464
243621
243960
244496
246849
248291
249067
249668
249689
250062
250402
250426
251832
252777
253112
253404
253437
254294
256228
256588
257021
257139
258122
258309
258857
259357
260196
260265
260897
261408
261451
261699
261727
261837
262210
262657
262796
262852
263620
264288
264395
264753
265209
265269
265521
265893
265971
266199
267055
267369
267719
268762
269862
271280
271624
271825
272083
273566
273771
274007
274923
276112
276319
277487
277933
278097
278302
279304
279780
279880
280179
280421
281484
282594
282630
283213
283562
283638
283794
283901
284795
285170
286533
286565
287182
288116
288692
288783
290294
290565
291896
292417
293028
294008
294046
294809
296278
296425
296822
298511
299131
299604
299789
300435
301470
301937
302223
303015
303226
303892
305143
305461
305940
307087
307369
307971
309028
309590
309732
309759
309901
310084
310307
310616
311756
311770
312229
312475
313418
314114
315459
317250
317931
320161
321310
322804
323611
324091
324219
325056
325383
325944
328073
329647
331038
331844
333707
333737
333867
335361
336245
338405
340024
340449
340504
341580
342898
344824
348482
350435
350605
351854
352086
352270
353974
358456
358500
360007
360030
360390
360423
361011
362342
363070
365604
367671
370370
371143
371300
371981
373988
375880
377196
377989
379867
380145
380762
381216
381840
385680
387659
388798
390607
392912
393673
394155
394590
395241
395263
396832
397285
398584
399103
403080
404635
409183
415328
415727
418923
422621
430719
430880
434711
440654
440913
441333
441429
447609
457150
459082
482467
492034
493946
501420
532565
533362
559732
605639
640808
