0
0
3
70
76
122
166
195
246
261
354
356
358
364
369
414
430
448
450
450
465
506
554
569
614
653
676
691
722
809
815
829
898
898
907
909
958
980
993
1013
1031
1111
1177
1216
1224
1298
1351
1401
1440
1469
1480
1483
1558
1572
1601
1615
1625
1631
1658
1714
1743
1763
1770
1775
1777
1806
1877
1879
1961
1995
2021
2088
2173
2277
2284
2303
2312
2372
2404
2453
2484
2508
2545
2547
2564
2655
2661
2727
2744
2755
2852
2912
2942
2991
3015
3019
3208
3221
3325
3412
3440
3524
3560
3568
3607
3643
3684
3722
3758
3858
4048
4062
4080
4090
4126
4228
4236
4243
4269
4345
4363
4407
4436
4483
4492
4507
4520
4526
4528
4552
4556
4559
4579
4588
4634
4650
4676
4786
4850
4858
4894
4934
4935
5164
5290
5297
5311
5311
5317
5320
5334
5349
5377
5395
5405
5426
5457
5472
5543
5564
5576
5630
5631
5710
5748
5774
5866
5878
5881
5970
6035
6059
6075
6077
6096
6105
6145
6173
6174
6192
6196
6224
6232
6309
6407
6551
6588
6595
6606
6610
6612
6631
6648
6658
6775
6811
6886
6976
6985
7009
7021
7025
7027
7072
7074
7165
7209
7222
7263
7281
7286
7289
7300
7336
7385
7412
7457
7500
7537
7543
7617
7622
7639
7641
7643
7691
7702
7739
7786
7852
7971
7984
8017
8037
8040
8063
8189
8206
8235
8287
8418
8439
8448
8487
8523
8527
8535
8599
8653
8660
8663
8709
8720
8834
8871
8910
8943
8992
9039
9076
9142
9152
9186
9187
9236
9250
9290
9400
9458
9472
9487
9497
9573
9620
9653
9783
9848
9876
9882
9907
9919
9944
9944
9959
10048
10081
10129
10193
10232
10237
10241
10260
10275
10282
10359
10472
10476
10507
10575
10660
10664
10676
10792
10801
10878
10900
10981
11033
11044
11061
11101
11205
11244
11265
11275
11309
11418
11461
11611
11626
11647
11889
11924
11977
11980
12049
12056
12081
12125
12134
12164
12164
12262
12276
12305
12367
12409
12416
12501
12525
12536
12560
12561
12570
12587
12594
12774
12885
12916
13018
13025
13077
13142
13169
13260
13291
13294
13371
13383
13517
13544
13565
13590
13732
13785
13839
13847
13878
13899
13946
13987
14095
14102
14108
14218
14312
14387
14427
14502
14533
14684
14743
14769
14791
14796
14846
14859
14879
14908
15074
15152
15195
15209
15261
15320
15445
15452
15460
15481
15489
15534
15575
15675
15742
15743
15790
15792
15834
15890
15900
15932
15957
15962
16036
16103
16119
16134
16152
16165
16265
16276
16296
16470
16558
16569
16612
16623
16637
16648
16650
16662
16684
16762
16794
16890
16926
16949
16977
17037
17060
17076
17113
17129
17144
17193
17239
17273
17299
17326
17344
17411
17422
17521
17528
17573
17606
17619
17624
17651
17661
17729
17824
17842
17862
17886
17904
17921
17955
17961
17966
17991
18070
18098
18132
18289
18292
18296
18320
18365
18396
18486
18610
18615
18702
18868
18881
18881
18898
18935
18947
18955
18974
18988
18996
18999
19005
19041
19091
19118
19149
19154
19155
19238
19239
19252
19339
19366
19367
19428
19438
19510
19511
19582
19608
19627
19688
19762
19818
19860
19977
19998
20006
20037
20043
20044
20192
20243
20264
20308
20319
20333
20337
20343
20388
20442
20470
20480
20493
20500
20509
20531
20532
20535
20543
20604
20625
20633
20810
20811
20856
20864
20922
20949
20949
21080
21084
21179
21193
21223
21254
21337
21360
21372
21437
21491
21493
21539
21678
21704
21754
21805
21830
21921
21945
21994
22006
22053
22129
22179
22191
22210
22226
22321
22332
22352
22393
22410
22500
22501
22505
22531
22562
22625
22635
22665
22694
22715
22823
22921
23000
23011
23013
23163
23187
23232
23262
23276
23336
23354
23358
23718
23763
23801
23803
23861
23873
23880
23988
24008
24042
24061
24169
24282
24310
24323
24355
24399
24420
24435
24457
24648
24682
24688
24707
24712
24744
24780
24819
24836
24917
24959
25022
25061
25073
25089
25101
25114
25214
25319
25377
25397
25483
25498
25501
25514
25535
25618
25661
25772
25783
25814
25840
25845
25848
25910
25934
25957
26006
26145
26260
26276
26286
26412
26412
26490
26573
26586
26655
26679
26711
26745
26756
26782
26815
26831
26895
26919
26961
27099
27100
27128
27135
27188
27259
27359
27431
27451
27454
27471
27559
27599
27646
27682
27694
27696
27712
27862
27914
27932
28006
28018
28037
28153
28258
28297
28299
28508
28511
28512
28647
28664
28709
28711
28735
28760
28806
28877
28930
29045
29127
29156
29182
29188
29256
29262
29314
29468
29482
29488
29575
29595
29610
29633
29749
29750
29800
29817
29852
29875
29934
30125
30140
30186
30201
30227
30333
30343
30386
30394
30496
30565
30610
30635
30697
30715
30826
30840
30859
30916
30923
30939
30966
31004
31049
31072
31101
31110
31149
31177
31218
31232
31249
31269
31296
31310
31334
31355
31362
31420
31428
31462
31542
31572
31624
31633
31634
31710
31715
31748
31807
31808
31843
31877
31906
31908
31923
31926
31950
32001
32040
32051
32111
32116
32248
32253
32315
32329
32343
32391
32400
32432
32464
32504
32581
32687
32735
32751
32755
32761
32942
33031
33192
33206
33295
33299
33336
33336
33368
33386
33470
33502
33533
33642
33681
33682
33707
33731
33849
33883
33898
33945
33954
34005
34046
34057
34082
34128
34141
34146
34229
34237
34261
34268
34318
34348
34483
34525
34529
34580
34599
34605
34701
34743
34764
34820
34946
34969
35001
35020
35055
35068
35114
35121
35171
35175
35229
35297
35412
35445
35494
35526
35553
35593
35628
35647
35660
35661
35684
35727
35735
35762
35772
35792
35816
35999
36001
36016
36080
36141
36221
36346
36421
36564
36747
36818
36818
36834
36876
36956
36999
37027
37034
37108
37134
37181
37184
37228
37260
37290
37296
37302
37306
37374
37387
37396
37470
37532
37538
37554
37563
37591
37614
37691
37752
37763
37781
37877
37891
37976
38012
38043
38058
38088
38133
38359
38459
38480
38494
38533
38633
38699
38710
38866
38878
38968
38969
38992
39078
39144
39181
39194
39321
39332
39358
39362
39379
39409
39445
39487
39516
39565
39640
39656
39682
39685
39706
39749
39834
39850
39855
39898
39920
39933
39982
40000
40036
40221
40254
40262
40265
40301
40363
40375
40394
40456
40478
40493
40588
40627
40690
40691
40701
40739
40783
40817
40826
40860
40912
40971
41010
41011
41020
41089
41280
41336
41337
41351
41522
41541
41567
41575
41585
41594
41615
41621
41621
41660
41725
41762
41775
41775
41783
41794
41889
41954
41971
41982
42125
42227
42303
42304
42364
42458
42585
42620
42660
42664
42674
42703
42716
42761
42808
42866
42948
42966
43030
43046
43171
43173
43174
43191
43285
43359
43373
43390
43407
43423
43465
43594
43626
43762
43812
43830
43922
44035
44135
44164
44212
44264
44304
44367
44484
44499
44601
44634
44654
44683
44694
44695
44697
44738
44770
44774
44802
44809
44811
44830
44901
44936
44937
44960
44961
44977
45057
45113
45129
45130
45190
45193
45453
45454
45471
45516
45517
45555
45566
45637
45699
45820
45849
45867
46026
46060
46182
46249
46326
46429
46432
46447
46515
46517
46533
46569
46794
46799
46801
46818
46825
46825
46859
46874
46973
47044
47050
47094
47135
47190
47220
47296
47388
47417
47503
47544
47660
47737
47812
48009
48035
48055
48070
48073
48098
48194
48204
48211
48308
48394
48433
48504
48559
48561
48599
48606
48610
48617
48625
48626
48632
48651
48781
48790
48847
48895
48905
48943
48982
49054
49115
49117
49220
49302
49402
49443
49510
49531
49538
49552
49631
49655
49736
49800
49801
49960
50007
50067
50140
50147
50314
50384
50440
50441
50493
50520
50583
50733
50777
50784
50913
50929
50948
50955
51010
51055
51064
51088
51168
51170
51304
51304
51329
51356
51373
51413
51432
51450
51450
51457
51467
51512
51532
51612
51649
51767
51897
51988
52025
52086
52184
52289
52341
52341
52352
52489
52561
52579
52649
52722
52846
52953
52986
53005
53079
53131
53167
53269
53417
53418
53427
53461
53462
53577
53627
53628
53644
53652
53757
53873
53876
53880
53954
54080
54095
54114
54137
54300
54493
54510
54566
54604
54712
54737
54798
54800
54891
54901
54925
54931
54966
55002
55023
55088
55196
55196
55218
55236
55253
55278
55318
55328
55363
55395
55474
55509
55523
55524
55588
55632
55638
55638
55653
55683
55706
55707
55709
55731
55789
55816
55828
55884
55898
55992
56021
56034
56162
56167
56214
56658
56708
56741
56765
56840
56848
56915
57015
57026
57057
57065
57114
57225
57227
57291
57376
57383
57397
57439
57460
57482
57494
57505
57520
57549
57570
57616
57676
57758
57813
57902
57911
57925
57952
57987
58001
58037
58041
58068
58116
58119
58165
58196
58226
58273
58273
58280
58300
58322
58351
58464
58468
58520
58528
58586
58588
58654
58662
58751
58779
58791
58945
59026
59108
59197
59202
59239
59275
59332
59439
59444
59444
59446
59548
59554
59805
59843
59863
59896
59919
59932
59938
59962
59967
59973
60050
60133
60168
60225
60346
60364
60399
60422
60447
60490
60553
60586
60640
60657
60668
60721
60793
60841
60952
60960
60993
61017
61051
61063
61069
61086
61135
61157
61171
61194
61246
61264
61287
61340
61395
61420
61455
61465
61469
61477
61495
61543
61682
61796
61876
61924
61954
62049
62129
62199
62200
62204
62319
62390
62434
62462
62465
62534
62557
62587
62652
62685
62763
62771
62814
62824
62856
62931
62938
62967
63044
63049
63089
63167
63174
63178
63195
63235
63257
63260
63270
63272
63272
63301
63452
63488
63554
63667
63793
63805
63830
63864
63883
63905
63950
64023
64061
64165
64306
64349
64452
64509
64531
64555
64561
64576
64628
64687
64707
64824
64832
64862
64865
64891
64892
64893
64938
65077
65114
65161
65220
65258
65335
65405
65460
65482
65552
65557
65592
65687
65710
65725
65921
65937
65985
66005
66143
66268
66368
66374
66421
66440
66461
66530
66607
66622
66659
66660
66680
66706
66730
66747
66779
66796
66829
66865
66869
66875
66882
67002
67174
67182
67236
67258
67268
67334
67359
67383
67447
67460
67616
67639
67673
67796
67869
67912
67955
67986
68028
68115
68124
68185
68212
68226
68241
68292
68325
68328
68370
68377
68413
68468
68625
68642
68646
68649
68716
68764
68777
68837
68879
68917
68998
69057
69107
69131
69221
69293
69435
69477
69514
69519
69536
69564
69578
69594
69618
69670
69795
69818
69848
69869
69978
69984
70124
70154
70154
70162
70188
70212
70266
70299
70321
70336
70389
70446
70541
70578
70588
70636
70653
70681
70742
70762
70765
70804
70849
70908
70963
70982
70982
71000
71025
71080
71083
71126
71131
71154
71184
71212
71239
71262
71299
71330
71392
71492
71509
71590
71643
71659
71682
71742
71797
71820
71875
71989
72032
72067
72081
72154
72162
72205
72285
72295
72320
72334
72436
72547
72611
72679
72821
72830
72855
72861
73227
73231
73254
73281
73313
73313
73554
73669
73710
73765
73803
73831
73911
73949
73960
73973
73983
74008
74140
74160
74175
74230
74304
74327
74351
74358
74408
74442
74476
74490
74500
74616
74666
74682
74711
74847
74929
75042
75119
75171
75289
75343
75358
75382
75402
75411
75525
75569
75656
75672
75689
75691
75841
75955
75973
76019
76046
76047
76058
76131
76307
76307
76350
76416
76442
76461
76475
76513
76562
76584
76625
76633
76672
76698
76767
76836
76856
76873
76891
76935
77008
77080
77085
77123
77148
77187
77246
77251
77294
77411
77463
77470
77572
77607
77725
77730
77739
77802
77856
77895
77958
78108
78128
78192
78222
78241
78288
78311
78314
78315
78318
78323
78334
78372
78377
78394
78416
78448
78465
78477
78563
78614
78617
78624
78672
78740
78836
78848
78872
78894
78938
78986
79005
79057
79065
79093
79107
79144
79269
79292
79370
79407
79453
79503
79516
79526
79534
79600
79623
79727
79747
79760
79803
79826
79863
79882
79884
79910
80003
80094
80128
80135
80141
80176
80193
80212
80282
80310
80464
80499
80511
80512
80527
80568
80596
80609
80794
80824
80839
80853
80855
80858
80917
80923
81006
81011
81185
81281
81319
81326
81328
81334
81381
81395
81521
81575
81579
81702
81704
81744
81751
81761
81765
81811
81908
81926
81933
81938
81955
81958
82003
82022
82022
82047
82081
82084
82104
82172
82240
82248
82254
82292
82321
82338
82405
82425
82506
82581
82603
82623
82666
82680
82737
82744
82779
82814
82845
82904
82914
83008
83078
83115
83194
83341
83371
83421
83452
83493
83539
83678
83697
83712
83796
83817
83988
84000
84025
84070
84207
84209
84212
84310
84312
84413
84430
84509
84530
84536
84634
84669
84812
84819
84859
84859
84901
84961
84975
84990
85027
85171
85195
85257
85279
85369
85455
85618
85680
85682
85760
85842
85942
85988
86127
86194
86218
86222
86225
86278
86316
86324
86326
86328
86343
86421
86430
86450
86462
86551
86580
86676
86780
86780
86807
86833
86961
87030
87101
87120
87187
87220
87272
87415
87492
87515
87551
87622
87650
87672
87825
87867
87944
87974
87984
88078
88197
88198
88240
88281
88308
88356
88366
88383
88425
88445
88530
88537
88669
88700
88716
88773
89082
89173
89237
89315
89416
89442
89447
89471
89622
89747
89789
89795
89867
89907
89972
90058
90309
90328
90352
90358
90406
90420
90430
90511
90527
90534
90556
90599
90667
90669
90674
90815
90928
90964
90975
91022
91044
91070
91072
91102
91122
91142
91151
91156
91159
91223
91266
91266
91307
91351
91423
91490
91569
91581
91712
91729
91807
91839
91873
91908
91928
91935
91978
92016
92040
92059
92065
92116
92304
92340
92599
92617
92644
92663
92804
92832
92915
92940
92989
93347
93456
93485
93486
93558
93576
93610
93694
93775
93798
93929
93963
94024
94050
94177
94230
94256
94430
94524
94551
94552
94570
94587
94803
94955
94972
95037
95042
95045
95093
95113
95116
95259
95283
95400
95408
95419
95443
95486
95540
95625
95695
95698
95785
95791
95802
95818
95852
95909
96047
96236
96249
96256
96279
96295
96307
96331
96388
96421
96452
96532
96534
96588
96598
96607
96663
96726
96812
96828
96838
96904
96917
96938
97000
97003
97051
97109
97166
97198
97295
97355
97439
97504
97565
97568
97585
97636
97668
97717
97723
97748
97879
97925
97975
97986
97995
98014
98067
98135
98136
98310
98323
98359
98680
98737
98783
98792
98793
98895
98944
98972
98989
99019
99111
99117
99487
99855
99872
99914
100026
100081
100128
100137
100182
100187
100243
100315
100316
100373
100389
100424
100438
100453
100549
100567
100609
100668
100672
100684
100760
100789
100791
100861
100875
100923
100940
100947
100947
100957
100966
100994
101029
101072
101095
101098
101113
101114
101206
101232
101253
101282
101335
101336
101365
101368
101368
101388
101475
101483
101538
101702
101712
101877
101985
102063
102085
102186
102188
102234
102251
102255
102265
102276
102282
102287
102356
102382
102452
102454
102489
102546
102573
102634
102673
102684
102745
102840
102986
103006
103021
103068
103212
103280
103291
103316
103326
103416
103429
103440
103490
103543
103617
103671
103740
103814
103902
103966
104026
104035
104037
104067
104077
104306
104385
104432
104498
104512
104607
104634
104807
104814
104819
104840
104851
104867
104995
104996
105014
105066
105240
105295
105325
105341
105495
105513
105534
105606
105750
105853
105893
105951
106036
106113
106225
106240
106331
106334
106446
106483
106488
106490
106507
106576
106604
106855
106897
106946
107006
107062
107096
107128
107181
107196
107213
107223
107366
107417
107459
107481
107593
107631
107711
107791
107847
107871
107890
107963
107993
108074
108171
108192
108265
108272
108472
108606
108614
108741
108750
108777
108825
108828
108843
109083
109108
109247
109251
109280
109409
109419
109429
109430
109609
109624
109672
109712
109740
109780
109792
109795
109857
109870
109889
109899
110015
110022
110034
110042
110079
110250
110269
110318
110560
110560
110561
110567
110578
110616
110674
110685
110692
110702
110745
110747
110763
110797
110802
110847
110898
110920
110944
110967
110970
111139
111140
111188
111272
111324
111334
111336
111345
111429
111502
111570
111679
111737
111757
111782
111784
111804
111909
111926
111936
111975
112004
112074
112175
112209
112215
112228
112246
112289
112305
112353
112419
112578
112587
112659
112699
112786
112813
113020
113040
113052
113077
113124
113188
113233
113281
113304
113445
113469
113470
113471
113485
113517
113620
113650
113782
113867
113871
113893
114013
114089
114115
114117
114215
114224
114271
114283
114296
114539
114548
114564
114670
114717
114752
114775
114783
114844
114882
114936
114985
115018
115092
115109
115142
115220
115250
115420
115425
115446
115471
115520
115551
115580
115744
115811
115967
116271
116412
116424
116453
116492
116684
116717
116733
116837
116848
116865
116942
117011
117055
117068
117109
117121
117127
117149
117240
117253
117310
117467
117527
117538
117566
117570
117642
117653
117768
117820
117908
117979
118033
118039
118156
118272
118402
118441
118488
118519
118624
118978
118991
119005
119095
119111
119191
119376
119429
119463
119748
119777
119804
119813
119830
119870
119924
119925
119933
119937
119976
120024
120045
120153
120225
120255
120309
120321
120423
120453
120508
120542
120546
120571
120583
120681
120752
120786
120788
120832
120883
120889
120905
120943
121073
121337
121359
121408
121578
121580
121649
121658
121668
121689
121828
121941
122010
122012
122075
122092
122103
122141
122286
122288
122304
122334
122407
122507
122726
122804
122861
122898
122998
123024
123402
123414
123473
123479
123532
123644
123672
123675
123705
123708
123855
123945
124065
124065
124108
124124
124182
124190
124194
124321
124436
124495
124515
124602
124620
124788
124815
124844
124855
124898
124934
125076
125130
125133
125146
125232
125610
125648
125732
125737
125768
125843
125956
126082
126118
126145
126187
126207
126267
126285
126457
126601
126656
126820
126850
126883
126923
126987
127136
127221
127238
127313
127357
127421
127426
127426
127434
127604
127623
127863
127885
127894
128066
128118
128186
128197
128288
128292
128377
128439
128474
128576
128685
128758
128809
128821
128863
128941
129128
129243
129332
129372
129391
129438
129550
129552
129632
129703
129769
129864
129948
130048
130138
130157
130172
130208
130418
130463
130567
130726
130763
130827
130845
130864
130875
130957
131111
131208
131492
131534
131544
131554
131579
131599
131634
131638
131658
131768
131895
131911
131972
132001
132042
132253
132562
132601
132702
132716
132820
132832
132860
133138
133195
133200
133203
133298
133303
133335
133338
133434
133437
133482
133532
133574
133622
133643
134009
134022
134074
134075
134077
134116
134155
134157
134192
134201
134318
134380
134531
134656
134691
134816
134822
134885
134917
134969
134973
135069
135072
135122
135235
135253
135329
135535
135550
135554
135633
135684
135731
135889
136054
136064
136082
136089
136153
136204
136268
136317
136374
136396
136706
136719
136727
136732
136745
136782
136834
136867
137132
137215
137258
137352
137402
137423
137506
137535
137557
137659
137714
137731
137850
137882
137886
137890
137898
137930
138027
138107
138200
138261
138276
138277
138298
138300
138311
138424
138442
138873
138909
138954
138981
139028
139041
139169
139173
139197
139246
139570
139588
139626
139755
139802
139847
139917
140123
140129
140198
140394
140497
140538
140554
140617
140647
140711
140726
140742
140844
140848
140966
141074
141120
141149
141249
141260
141271
141282
141288
141319
141438
141447
141543
141605
141747
141787
141802
141842
141874
141876
142027
142127
142145
142155
142257
142474
142539
142619
142686
142785
142817
142937
143111
143178
143180
143383
143512
143559
143607
143680
143766
143774
143784
143801
143840
144058
144287
144368
144392
144454
144472
144764
144765
144953
145037
145152
145248
145256
145292
145293
145530
145535
145535
145554
145652
145764
145828
145887
145909
145972
146177
146276
146433
146458
146484
146547
146568
146615
146645
146697
146967
147045
147057
147108
147166
147204
147444
147487
147490
147606
147834
147867
147912
147952
147983
148016
148038
148241
148374
148477
148601
148638
148812
148977
149034
149077
149084
149096
149379
149466
149483
149490
149514
149574
149575
149627
149640
149835
149942
150210
150266
150277
150305
150380
150471
150567
150592
150672
150672
150752
151126
151153
151170
151186
151234
151317
151411
151428
151476
151490
151700
151774
151800
151830
151874
151882
152205
152377
152419
152701
152789
152856
152883
153003
153004
153196
153216
153301
153395
153431
153437
153626
153701
153730
153737
153798
153839
153992
154019
154027
154140
154206
154365
154428
154638
154659
154660
154692
154693
154815
154820
154942
155146
155260
155303
155307
155332
155379
155409
155480
155513
155523
155551
155735
155924
155928
155946
156043
156052
156267
156291
156429
156491
156535
156614
156617
156793
156793
156900
157048
157096
157112
157171
157171
157225
157317
157342
157380
157448
157468
157478
157533
157550
157612
157630
157685
157692
157731
157738
157795
157852
157991
157996
158083
158128
158130
158216
158253
158262
158266
158273
158284
158312
158352
158366
158490
158756
158871
158929
158951
159304
159338
159491
159509
159546
159583
159616
159645
159800
159851
159992
160031
160041
160073
160244
160339
160387
160421
160422
160592
160622
160692
161046
161138
161210
161237
161353
161450
161460
161497
161532
161566
161668
161797
161876
161956
161981
162086
162088
162141
162202
162337
162411
162507
162547
162899
162991
163014
163049
163240
163320
163329
163344
163383
163401
163408
163432
163470
163483
163494
163748
163948
163953
164078
164128
164194
164295
164318
164421
164501
164506
164544
164558
164663
164665
164730
164734
164803
164889
165007
165065
165579
165733
165950
166002
166107
166391
166519
167127
167512
167574
167578
167668
167709
167852
168005
168021
168026
168131
168175
168197
168730
168906
168915
169112
169143
169602
169740
169741
170224
170344
170357
170403
170407
170409
170555
170582
170614
170940
170956
171051
171065
171087
171095
171134
171198
171306
171364
171380
171546
171589
171611
171762
171799
171850
172015
172030
172041
172376
172547
172603
172606
172618
172761
172786
172926
172969
173064
173176
173205
173243
173293
173464
173472
173488
173570
173614
173773
173818
173863
173897
173941
173957
173986
174017
174190
174335
174543
174558
174750
174887
174953
174962
175001
175188
175210
175293
175318
175362
175418
175511
175586
175677
175786
175859
175887
176056
176070
176220
176244
176258
176434
176436
176449
176546
176613
176696
176741
176834
176962
176988
177084
177112
177271
177303
177414
177518
177557
177644
177784
177794
177803
177811
177880
177891
177917
177996
178155
178262
178291
178317
178344
178392
178397
179196
179228
179230
179334
179435
179448
179506
179548
179568
179719
179840
179874
179907
180067
180181
180208
180269
180429
180510
180538
180655
180655
180772
180863
180904
180939
181000
181009
181038
181052
181057
181173
181247
181320
181378
181431
181441
181639
181647
181668
181698
181802
181898
182134
182191
182259
182648
182772
182811
182820
182925
182932
182968
183159
183315
183319
183487
183576
183588
183656
183687
183806
183830
183885
184034
184077
184091
184181
184214
184264
184299
184306
184313
184340
184360
184449
184468
184490
184602
184654
184961
184964
185111
185273
185634
185649
185671
185853
186126
186198
186361
186441
186782
186920
186995
187017
187077
187110
187119
187138
187414
187415
187558
187569
187632
187635
187766
187864
187938
187969
187970
188050
188084
188139
188173
188287
188296
188301
188309
188578
188801
188890
189084
189306
189583
189676
189784
189828
189832
189874
190159
190352
190375
190463
190482
190490
190541
190599
190617
190782
190912
190949
191020
191056
191118
191164
191406
191488
191514
191621
191781
191785
191815
191921
191945
192088
192098
192383
192465
192509
192798
192898
193002
193141
193327
193395
193504
193546
193697
193703
193729
193919
193934
193941
193981
194041
194108
194145
194152
194160
194245
194332
194377
194439
194708
194902
194917
194968
195256
195354
195359
195609
195686
195833
195945
196032
196034
196232
196544
196595
196672
196932
196935
197129
197136
197155
197296
197362
197426
197447
197483
197530
197560
197652
197716
197800
197853
197899
198051
198211
198335
198354
198388
198720
198727
198763
198780
198800
198947
198982
199003
199111
199196
199202
199386
199390
199476
199630
199799
199824
199896
200290
200313
200354
200370
200401
200448
200571
200735
200749
200820
200877
200888
200955
200973
201053
201175
201241
201282
201305
201344
201345
201417
201442
201481
201546
201830
202073
202378
202703
202740
202911
203123
203134
203199
203220
203299
203299
203345
203437
203573
203704
203862
203922
204095
204096
204141
204192
204767
204837
204949
205313
205317
205486
205884
205973
206129
206407
206448
206725
206821
206900
207053
207070
207086
207108
207131
207197
207310
207323
207414
207424
207478
207604
207622
207635
207713
208151
208235
208696
208961
208968
209015
209015
209084
209084
209091
209123
209169
209291
209307
209600
209874
210079
210138
210197
210273
210545
210545
210573
210604
210631
210672
210744
210751
210888
211119
211381
211409
211761
211921
212253
212421
212516
212521
212726
213255
213641
213705
213728
213871
213891
213913
214135
214202
214262
214338
214367
214458
214900
215132
215305
215358
215580
215592
215713
215724
215738
215990
216009
216049
216096
216355
216397
216523
216809
216818
216904
216908
217008
217021
217087
217168
217288
217438
217508
217677
217723
218767
219027
219120
219367
219649
219665
219817
219845
219847
219906
219952
220196
220353
220612
220814
221037
221056
221270
221573
221591
221636
221643
221756
221966
222154
222434
222466
222521
222563
222676
222783
222862
223119
223361
223414
223458
223671
223910
223947
224287
224503
224605
224739
224878
224935
225006
225029
225081
225093
225095
225282
225436
225471
225594
225936
225943
226117
226425
226604
226634
226834
226909
227236
227578
227692
227717
227790
227836
228159
228250
228263
228466
228573
228621
228878
228903
228921
229179
229191
229338
229772
229857
229993
230039
230139
230199
230392
230510
230645
230695
230799
230854
230916
230955
231016
231075
231108
231227
231382
231440
231502
231691
231723
231933
232032
232134
232181
232204
232211
232284
232311
232526
232654
232734
232953
233101
233157
233205
233246
233335
233440
233558
233587
233596
233718
233744
233762
233917
233935
233975
234171
234228
234249
234293
234311
234464
234549
234858
234947
235058
235251
235329
235400
235599
235701
235701
235753
235856
236015
236071
236079
236146
236168
236223
236270
236403
236440
236586
236599
236671
236985
237090
237359
237769
237948
237968
238011
238085
238301
238762
238804
239089
239128
239288
239297
239336
239337
239524
239699
240054
240195
240374
240433
240480
240509
240620
240836
240929
241079
241257
241348
241375
241979
241998
242023
242188
242271
242471
242816
242852
242923
242973
243502
243826
243992
244123
244723
244851
244895
245018
245143
245420
245480
245712
245957
246079
246314
246327
246486
246563
246645
246804
246826
246859
247936
248124
248168
248237
248244
248407
249064
249241
249405
249438
249463
249494
249550
250318
250384
250387
250681
250797
250813
251094
251115
251386
251408
251774
251917
251997
252098
252221
252802
252928
253103
253144
253214
253390
253619
253739
254004
254073
254117
254153
254233
254338
254404
254695
254816
254840
254934
254963
255001
255010
255127
255619
255783
255825
255981
256105
256150
256401
256489
256514
256544
257312
257430
257545
258390
258985
259028
259300
259329
259365
259388
259491
259515
259598
259603
259684
259857
260141
260155
260188
260396
260475
260601
260771
260856
260912
260997
261195
261542
261645
261744
262078
262198
262205
262277
262284
262467
262565
262666
262676
262785
262825
263240
263639
263931
264506
264631
264693
264943
265109
265283
265623
266095
266261
266346
266441
266521
266658
266959
267515
267604
267659
267671
267792
267928
267933
268058
268743
268764
268842
269029
269069
269201
269326
269630
270079
270105
270274
270297
270632
270857
271012
271543
271807
271968
272085
272284
272397
272587
272805
272820
273046
273192
273329
273411
273429
273507
273744
273772
273913
275195
275312
275398
275432
275434
275646
275648
275765
275766
275795
275871
276004
276506
276522
276647
276945
276959
277117
277121
277469
277533
278887
278942
279194
279322
279384
279637
279868
279966
280233
280543
280640
280657
280706
280993
281464
281552
281555
281776
281838
281892
282124
282337
282686
282712
282779
283125
283129
283164
283303
283325
283550
283579
283625
283733
283995
284624
284882
285558
285832
285922
285945
286711
286790
286886
287025
287038
287397
287525
287758
287848
287910
288167
288273
289032
289276
289486
289761
289832
290009
290098
290108
290433
290670
290739
291701
292104
292206
292280
292840
292841
293270
293525
293558
293869
293981
293995
294171
294262
294267
294446
294527
294637
294698
294775
294983
295287
295355
295531
295707
296750
297171
297307
297658
297951
298033
298245
298599
298681
298731
298756
298931
299288
299315
299786
299858
300051
300076
300200
301198
301939
302049
302072
303466
303555
303574
303688
304253
304478
304542
304639
305052
305466
305960
306231
306562
306951
307416
307786
307896
307902
307975
308244
308477
308770
308908
308961
309079
309963
310123
310134
310288
310311
310421
311693
311762
312042
312367
312693
313426
313667
314066
314323
314389
314747
315105
315189
315298
315459
315588
315954
316322
316488
316634
317177
317765
318511
318592
319217
319860
319887
319963
320187
320345
320825
320971
321108
321362
321854
323158
323369
323457
323723
324400
324534
324665
324674
325527
325917
327473
327848
328017
328130
328130
328691
329099
329558
329898
329990
331340
331612
332231
332756
333674
334166
334196
335310
335315
335619
335677
335727
335829
335850
336211
336556
336622
337821
338706
338928
339244
339512
339513
339533
339904
339920
340095
340274
341710
342121
342372
344271
344664
344666
344851
345440
345707
345804
347053
347282
348443
349764
350244
350414
351630
351985
352014
352867
353560
353644
353747
353833
354165
356332
358479
358870
359595
361118
361132
361813
361977
362195
362805
362933
363346
363750
364635
364731
365898
366910
367214
367721
367988
368406
368862
369578
369936
370383
370843
371008
371471
371685
371730
372256
372670
374371
374609
377712
378047
378706
379027
379290
379732
380727
380818
383190
383867
384109
384429
384906
385077
385424
385747
386474
386551
387045
387358
387427
389016
390291
392287
393641
393738
393929
393965
394119
395216
395525
396676
397498
399148
399199
400103
400330
400551
400913
403225
403751
403805
404079
405040
405385
407119
411020
411114
411487
412524
417625
422090
422479
423862
425189
428451
429281
430928
431825
433399
433805
434108
435999
436386
437479
443395
446827
447682
448330
448375
449024
450940
452056
452694
458677
463175
465236
467796
468352
468751
470193
480620
480919
481889
484502
484851
487685
489777
490201
498275
499903
501459
507313
515104
517257
519283
529165
543708
548194
557315
557554
561251
572792
607465
649288
