0
0
7
24
43
138
139
158
166
177
188
202
224
243
274
281
293
322
341
460
513
539
621
624
631
636
639
647
700
751
752
799
862
866
870
901
924
976
1002
1004
1106
1162
1198
1211
1247
1301
1318
1342
1401
1411
1421
1464
1517
1533
1563
1591
1599
1601
1632
1657
1712
1765
1782
1873
1909
1986
2005
2217
2283
2328
2345
2448
2574
2655
2685
2713
2771
2834
2853
2892
2920
2948
2958
3017
3027
3041
3082
3130
3308
3489
3507
3577
3631
3737
3755
3915
3920
3978
3988
4002
4092
4152
4231
4231
4366
4450
4466
4551
4561
4629
4663
4725
4760
4855
4858
4918
4945
4986
4996
5004
5013
5014
5080
5091
5136
5226
5240
5287
5300
5322
5568
5603
5606
5633
5672
5696
5786
5806
5916
6010
6057
6095
6150
6251
6343
6356
6385
6395
6450
6466
6498
6609
6659
6714
6765
6819
6919
6973
7142
7202
7241
7241
7262
7281
7301
7329
7339
7443
7500
7510
7513
7614
7628
7746
7779
7866
7895
7949
8100
8147
8219
8374
8473
8507
8578
8587
8590
8604
8681
8783
8831
8863
8925
8965
8985
8990
9066
9066
9082
9118
9125
9262
9377
9404
9487
9514
9543
9656
9667
9673
9685
9686
9713
9752
9787
9810
9840
9845
9862
9872
9937
9962
10074
10219
10289
10308
10323
10384
10401
10408
10418
10435
10490
10563
10642
10654
10769
10785
10798
10803
10876
10892
10908
10981
10994
11040
11092
11118
11124
11137
11179
11224
11224
11227
11373
11380
11449
11478
11500
11517
11524
11584
11679
11711
11720
11757
11783
11842
11854
11904
11912
11969
12008
12011
12027
12031
12064
12139
12208
12226
12443
12456
12471
12517
12525
12567
12579
12596
12597
12627
12678
12745
12751
12895
12900
13045
13152
13223
13250
13289
13292
13298
13401
13467
13486
13502
13519
13571
13596
13631
13636
13675
13714
13811
13822
13890
13905
13932
13933
13967
13998
14044
14058
14129
14310
14326
14392
14908
14959
14972
15030
15076
15102
15121
15122
15312
15330
15370
15386
15435
15446
15454
15461
15552
15601
15617
15642
15720
15764
15847
15862
15873
15925
15974
16041
16082
16097
16132
16199
16212
16320
16324
16333
16338
16406
16536
16625
16642
16645
16724
16725
16803
16878
16890
16916
16970
16984
17061
17061
17085
17090
17187
17193
17245
17252
17261
17341
17360
17420
17446
17467
17478
17519
17542
17590
17665
17752
17765
17785
17799
17831
18059
18095
18098
18208
18241
18251
18304
18428
18458
18511
18522
18535
18573
18592
18597
18614
18634
18673
18754
18775
18837
18853
18868
18880
18887
18930
18946
18955
18986
19000
19010
19030
19055
19129
19176
19206
19259
19277
19283
19289
19295
19340
19372
19375
19403
19455
19474
19546
19549
19557
19561
19615
19689
19710
19784
19817
19881
19900
20059
20114
20116
20182
20188
20192
20240
20316
20348
20383
20385
20388
20417
20550
20581
20614
20625
20680
20787
20819
20853
20894
21033
21054
21296
21379
21427
21445
21465
21474
21523
21630
21650
21652
21662
21734
21783
21805
21918
21937
21954
22061
22068
22099
22113
22118
22135
22182
22193
22195
22216
22225
22319
22329
22407
22436
22504
22514
22550
22555
22574
22604
22612
22642
22662
22703
22706
22721
22777
22888
22897
22992
23033
23092
23097
23098
23146
23190
23263
23266
23272
23278
23283
23288
23397
23404
23524
23549
23554
23583
23620
23730
23787
23791
24015
24031
24083
24099
24148
24152
24160
24164
24192
24277
24332
24442
24469
24500
24530
24594
24656
24667
24684
24689
24783
24878
24889
24940
25018
25038
25140
25161
25284
25338
25348
25362
25397
25411
25424
25486
25541
25591
25669
25690
25712
25729
25788
25814
26022
26070
26080
26242
26249
26319
26399
26467
26471
26752
26795
26812
26815
26851
26891
26918
27089
27116
27135
27165
27199
27207
27270
27309
27424
27438
27446
27509
27633
27641
27646
27647
27717
27756
27758
27787
27798
27801
27830
27863
27995
28018
28223
28274
28340
28418
28447
28578
28627
28681
28729
28741
28742
28758
28888
28905
28917
28987
29042
29089
29110
29115
29178
29292
29425
29429
29459
29466
29477
29509
29577
29622
29622
29690
29728
29787
29853
29914
29952
29967
30030
30117
30133
30147
30157
30168
30196
30350
30407
30412
30429
30447
30476
30510
30555
30627
30726
30780
30786
30860
30881
30977
30994
31004
31036
31036
31037
31080
31103
31124
31134
31384
31407
31674
31788
31861
31870
31982
31997
32043
32064
32105
32119
32147
32244
32326
32392
32394
32515
32579
32641
32678
32701
32752
32787
32788
32813
32916
32946
32984
32987
33002
33037
33180
33204
33206
33293
33302
33341
33377
33541
33564
33595
33671
33686
33720
33805
33815
33904
33944
33992
34032
34052
34081
34179
34224
34264
34352
34445
34453
34477
34489
34551
34596
34614
34674
34763
34864
34885
34889
35021
35037
35091
35105
35138
35193
35243
35550
35550
35584
35691
35694
35705
35712
35793
35896
35897
35971
36014
36024
36108
36139
36153
36162
36162
36196
36278
36314
36352
36413
36436
36468
36555
36612
36639
36673
36675
36740
36778
36803
36837
36838
36863
36923
36928
37030
37098
37163
37168
37181
37198
37201
37208
37259
37320
37327
37416
37430
37459
37462
37504
37528
37530
37533
37536
37562
37589
37717
37741
37943
38021
38160
38181
38203
38222
38367
38415
38431
38443
38488
38492
38506
38557
38577
38632
38755
38936
38943
39027
39099
39163
39183
39184
39234
39252
39263
39268
39276
39277
39298
39322
39379
39457
39489
39590
39756
39777
39791
39791
39930
40004
40014
40046
40053
40060
40126
40152
40254
40359
40400
40522
40831
40876
40949
40963
41017
41040
41084
41107
41113
41196
41219
41263
41325
41391
41421
41470
41492
41511
41556
41575
41578
41600
41612
41677
41748
41800
41818
41903
41909
41970
41982
41983
41986
42002
42007
42011
42019
42057
42107
42109
42116
42123
42212
42231
42278
42288
42310
42394
42500
42565
42587
42607
42619
42624
42667
42741
42879
43019
43029
43030
43120
43128
43166
43204
43253
43324
43407
43409
43423
43445
43468
43476
43479
43482
43596
43749
43750
43777
43787
43812
43907
43943
44139
44169
44202
44205
44206
44329
44331
44361
44451
44476
44531
44550
44557
44673
44713
44717
44749
44852
44864
44899
44947
45088
45089
45096
45140
45168
45213
45234
45254
45264
45297
45303
45440
45455
45559
45580
45613
45667
45713
45783
45876
45883
45981
45983
45996
46020
46103
46104
46287
46357
46423
46474
46667
46817
46880
47015
47155
47170
47186
47224
47251
47252
47280
47448
47480
47524
47590
47595
47601
47625
47649
47776
47813
47824
47953
47964
48011
48057
48109
48117
48156
48170
48187
48342
48592
48668
48708
48722
48776
48819
48837
48844
48991
49078
49087
49144
49152
49205
49302
49305
49355
49375
49431
49482
49580
49585
49708
49733
49794
49799
49813
49910
49978
49983
50105
50167
50205
50207
50374
50391
50407
50441
50454
50519
50589
50620
50642
50742
50827
50892
50909
50934
50951
50954
51241
51257
51309
51418
51456
51534
51614
51634
51700
51764
51874
52010
52034
52127
52137
52165
52180
52221
52252
52265
52317
52418
52484
52493
52549
52698
52758
52809
52922
52926
52983
53003
53094
53109
53124
53128
53142
53217
53230
53346
53391
53500
53536
53617
53699
53708
53794
53840
53938
54262
54296
54301
54378
54386
54407
54441
54466
54576
54704
54716
54735
54810
54900
55009
55102
55142
55153
55163
55204
55235
55255
55299
55389
55409
55558
55610
55640
55756
55825
55833
55837
55945
55986
56003
56076
56124
56151
56195
56280
56291
56301
56362
56586
56589
56684
56728
56822
56855
56888
56935
57072
57106
57267
57279
57285
57306
57450
57462
57551
57569
57640
57682
57722
57729
57729
57740
57784
57916
57983
58002
58008
58012
58014
58091
58107
58117
58166
58304
58378
58399
58423
58490
58593
58632
58639
58645
58754
58903
59235
59245
59297
59400
59426
59427
59498
59544
59642
59739
59746
59775
59779
59826
59894
59925
60018
60062
60118
60173
60332
60437
60465
60523
60560
60643
60651
60662
60708
60709
60727
60771
60827
60883
60901
60907
60969
60983
61000
61180
61270
61289
61414
61445
61639
61656
61679
61725
61731
61777
61779
61808
61829
61875
61917
61987
61997
62020
62081
62087
62127
62213
62233
62267
62346
62603
62613
62699
62709
62785
62814
62845
62858
62888
62927
62930
62945
63015
63148
63178
63276
63304
63312
63399
63423
63477
63540
63667
63741
63761
63885
63921
63950
63951
64010
64024
64027
64064
64146
64209
64268
64330
64438
64496
64504
64580
64637
64647
64724
64741
64780
64825
64855
64856
64870
64973
65052
65060
65077
65138
65181
65182
65183
65202
65301
65313
65466
65553
65577
65659
65787
65794
65815
65828
65900
65940
66015
66018
66028
66037
66120
66290
66458
66524
66537
66587
66598
66606
66615
66651
66745
66754
66780
66825
66846
66881
66918
66972
67027
67113
67165
67165
67233
67302
67335
67408
67520
67540
67629
67635
67676
67697
67704
67755
67774
67785
67827
67838
67840
67918
68156
68178
68189
68195
68200
68244
68256
68417
68459
68599
68616
68658
68673
68721
68722
68802
68804
68934
68948
68952
68959
68975
69004
69038
69105
69149
69302
69357
69397
69439
69458
69509
69533
69621
69630
69751
69757
69763
69820
69857
69877
69887
69891
69909
70008
70098
70101
70177
70224
70244
70277
70385
70404
70458
70521
70559
70602
70680
70701
70704
70860
70873
70913
71127
71149
71160
71163
71169
71186
71278
71358
71368
71407
71455
71523
71592
71667
71677
71709
71714
71723
71790
71790
71829
71845
71966
72172
72196
72213
72275
72280
72329
72330
72494
72506
72603
72689
73119
73139
73157
73216
73388
73403
73439
73447
73549
73601
73684
73697
73714
73777
73819
73910
73920
74004
74008
74046
74092
74177
74255
74316
74317
74325
74340
74441
74500
74688
74851
74882
74964
75050
75166
75182
75186
75241
75247
75252
75361
75366
75371
75441
75455
75458
75555
75566
75599
75610
75641
75785
75810
75873
75902
75919
75924
75935
75982
76022
76165
76309
76414
76418
76544
76546
76561
76609
76669
76693
76724
76792
76878
76936
76949
76955
76985
76989
77003
77049
77069
77141
77196
77259
77278
77343
77401
77435
77502
77520
77563
77566
77602
77605
77615
77684
77699
77708
77725
77782
77784
77879
77988
78133
78146
78261
78264
78402
78476
78794
78831
78841
78867
78881
78906
78976
78993
79090
79143
79145
79165
79178
79208
79243
79250
79257
79275
79286
79336
79443
79515
79675
79690
79726
79729
79805
79903
79924
79954
80008
80030
80062
80078
80119
80184
80190
80235
80569
80598
80733
80780
80784
80791
80806
80893
80893
81019
81228
81249
81259
81268
81269
81288
81449
81478
81529
81546
81614
81709
81723
81762
81763
81768
81894
81896
81965
81996
81997
82048
82091
82173
82181
82201
82213
82274
82300
82316
82373
82457
82659
82669
83020
83047
83075
83085
83123
83124
83137
83319
83329
83336
83355
83443
83581
83591
83594
83661
83744
83893
83931
83934
83937
83938
83946
83985
84110
84126
84139
84145
84147
84150
84153
84175
84183
84371
84445
84478
84501
84509
84539
84654
84800
84821
84824
84831
84927
85002
85045
85304
85316
85349
85363
85390
85422
85446
85469
85482
85498
85528
85567
85587
85617
85666
85668
85711
85778
85791
85844
85857
85908
86023
86087
86087
86147
86150
86347
86350
86482
86531
86568
86619
86703
86755
86789
86805
86950
86960
87299
87309
87352
87395
87475
87488
87497
87731
87737
87799
87816
87998
88003
88049
88078
88180
88212
88306
88329
88352
88401
88565
88609
88667
88702
88705
88731
88804
88859
88897
88899
88929
89002
89145
89244
89252
89299
89466
89479
89628
89761
89765
89900
90058
90059
90092
90236
90258
90262
90320
90325
90371
90382
90553
90579
90660
90709
90742
90813
90839
90933
90981
90983
90999
91085
91222
91267
91268
91332
91416
91427
91441
91479
91637
91690
91760
91801
91912
91936
91983
91988
92262
92279
92350
92372
92385
92420
92507
92663
92760
92938
93062
93280
93340
93431
93488
93514
93563
93571
93676
93686
93714
93803
93884
93904
93984
94009
94078
94093
94116
94238
94289
94310
94315
94317
94335
94554
94582
94638
94724
94775
94791
94817
94841
94932
94959
94966
94980
95040
95157
95193
95219
95258
95296
95337
95338
95517
95736
95739
95936
95940
95969
95982
96088
96126
96272
96492
96510
96592
96813
96846
96975
96984
97000
97041
97113
97129
97140
97190
97233
97256
97304
97330
97452
97499
97547
97615
97654
97697
97726
97769
97779
97868
97887
98068
98122
98286
98362
98386
98420
98464
98464
98508
98659
98736
98800
98814
98819
98853
98870
99148
99219
99711
99779
99855
99942
100250
100301
100313
100407
100436
100489
100557
100573
100623
100775
100840
100867
100879
101086
101268
101512
101546
101640
101766
101813
101849
101957
101961
101983
101986
102007
102037
102061
102067
102132
102146
102322
102453
102498
102505
102529
102533
102555
102563
102563
102622
102720
102729
102802
102846
102921
102984
103088
103093
103194
103280
103381
103637
103797
103880
103911
103965
103975
104034
104038
104121
104284
104382
104392
104439
104444
104545
104615
104777
104793
104996
104998
105116
105232
105407
105471
105513
105522
105559
105607
105675
105699
105700
105723
105758
105846
105930
105943
106003
106227
106267
106282
106298
106567
106584
106707
106841
106852
106907
106911
106919
106940
107060
107179
107235
107245
107250
107271
107350
107399
107448
107532
107599
107620
107686
107788
107797
107854
107953
108030
108106
108113
108122
108154
108164
108373
108561
108589
108771
108876
108920
108996
109157
109362
109557
109575
109674
109738
109762
109811
109851
109855
109900
109905
110002
110087
110094
110102
110129
110160
110191
110409
110494
110498
110499
110516
110814
110999
111001
111036
111085
111124
111124
111678
111685
111712
111852
111882
111946
111958
111965
112005
112021
112062
112097
112190
112203
112299
112365
112392
112409
112463
112488
112500
112539
112546
112669
112781
112818
112862
112880
112976
113103
113105
113115
113120
113129
113392
113424
113477
113500
113510
113524
113528
113558
113707
113873
113941
114085
114114
114119
114205
114317
114601
114753
114762
114793
114933
114990
115085
115096
115127
115136
115277
115367
115437
115497
115523
115556
115642
115679
115728
115793
115900
115938
115989
116214
116217
116325
116432
116457
116459
116481
116486
116506
116602
116624
116801
116888
117024
117025
117052
117181
117226
117414
117448
117556
117634
117635
117701
117722
117737
117909
118023
118056
118079
118098
118188
118289
118341
118397
118402
118519
118557
118652
118734
118901
119048
119052
119094
119190
119217
119226
119326
119326
119403
119448
119720
119806
119967
120088
120150
120290
120300
120415
120423
120434
120493
120620
120638
120656
120777
120779
120806
120832
120857
120924
120998
121008
121032
121063
121069
121099
121170
121276
121345
121361
121398
121514
121542
121595
121744
121746
121763
121983
122033
122115
122223
122422
122529
122707
122799
122901
122913
123002
123078
123239
123247
123342
123371
123424
123481
123503
123519
123646
123686
123815
123819
123822
123968
123975
124007
124102
124111
124119
124160
124174
124198
124262
124277
124284
124320
124321
124411
124418
124459
124516
124533
124736
124761
124773
124970
125000
125035
125104
125110
125170
125170
125438
125466
125470
125679
125740
125881
126199
126253
126432
126470
126615
126632
126777
126789
126921
127132
127228
127411
127422
127431
127558
127579
127581
127586
127708
127778
127816
127922
128062
128079
128154
128157
128328
128452
128497
128580
128646
128676
128756
128884
128928
128965
129190
129216
129292
129453
129624
129713
129794
130083
130097
130352
130356
130373
130425
130446
130454
130506
130534
130589
130652
130677
130697
130720
130797
130894
130909
130937
130968
130975
131092
131119
131531
131615
131625
131636
131708
131828
132023
132026
132030
132068
132088
132283
132295
132340
132405
132469
132525
132607
132646
132675
132681
132723
132810
132814
133199
133457
133528
133665
133702
133854
133899
134006
134174
134496
134498
134516
134547
134602
134646
134735
134747
134995
135096
135105
135105
135225
135306
135524
135550
136159
136530
136557
136633
136705
136712
136736
136764
136770
136778
136861
136897
136936
136979
136983
137116
137131
137132
137203
137482
137547
137569
137671
137738
137764
138033
138067
138067
138166
138419
138590
138687
138711
138736
138834
138915
139017
139056
139060
139087
139193
139345
139414
139483
139544
139624
139634
139787
139800
139805
139871
140052
140194
140256
140288
140358
140385
140415
140697
140806
140853
140932
141006
141202
141223
141319
141377
141511
141572
141577
141587
141670
141841
142024
142093
142107
142395
142431
142465
142593
142629
142824
142825
142852
142955
142987
143004
143098
143154
143203
143307
143310
143319
143403
143494
143502
143546
143553
143570
143576
143617
143775
143911
143931
143942
143945
144085
144125
144207
144320
144378
144515
144533
144722
144850
144890
144904
144973
145470
145707
145782
145787
145955
145997
146000
146070
146335
146468
146655
146886
146911
146941
146978
146996
147049
147288
147306
147344
147352
147445
147447
147459
147496
147541
147628
147683
147724
147804
147815
147962
148113
148122
148142
148174
148208
148298
148321
148323
148436
148511
148719
148719
148726
148790
148912
149025
149111
149181
149182
149321
149366
149438
149537
149611
149613
149615
149676
149746
149750
149790
149815
149818
149929
150038
150108
150180
150189
150225
150242
150281
150301
150305
150330
150336
150336
150449
150919
151073
151114
151116
151211
151260
151267
151300
151312
151318
151476
151551
151698
151700
151774
151817
151847
151920
152011
152050
152068
152082
152129
152184
152286
152336
152355
152446
152480
152504
152553
152594
152615
152648
152761
153152
153178
153300
153449
153731
153761
153784
153968
154410
154606
154629
154645
154760
154792
154811
154820
154915
154933
155131
155346
155400
155406
155443
155472
155473
155479
155688
155752
156206
156214
156361
156381
156595
156670
156759
156771
156812
156971
157012
157076
157140
157165
157232
157245
157356
157421
157481
157518
157518
157535
157538
157613
157634
157666
157724
157806
157940
158122
158265
158298
158383
158491
158493
158523
158551
158643
158899
158998
159160
159171
159236
159266
159324
159472
159564
159654
159771
159793
159857
159882
159986
160104
160138
160217
160332
160341
160385
160501
160538
160667
160668
160861
161053
161127
161217
161228
161446
161574
161670
161728
161853
161870
161900
161951
161980
162131
162289
162290
162311
162332
162480
162603
162636
162776
162808
162819
162877
162928
163079
163127
163133
163147
163287
163416
163519
163647
163783
163800
163811
163848
163866
163893
163908
164097
164207
164323
164491
164516
164542
164589
164625
164846
164908
164926
164968
164969
164979
165079
165087
165188
165462
165510
165521
165859
165930
165938
165970
166064
166097
166350
166368
166375
166381
166467
166611
166669
166674
166706
166769
166853
166886
166984
167092
167098
167235
167243
167368
167509
167580
167702
168032
168032
168362
168376
168418
168483
168494
168520
168716
168802
168881
169265
169750
169814
169864
169981
170135
170156
170189
170192
170199
170235
170538
170633
170643
170685
170697
170712
170864
170866
171060
171086
171097
171103
171207
171217
171327
171346
171452
171484
171514
171564
171613
171618
171933
171985
172093
172186
172391
172416
172503
172687
172726
172747
172777
172816
172866
172912
172984
173017
173599
173783
173848
173935
174091
174105
174140
174252
174297
174304
174329
174338
174347
174418
174462
174471
174691
174799
174878
174925
174980
175000
175122
175131
175146
175488
175569
175601
175671
175826
175971
176079
176364
176498
176533
176702
176834
176863
176864
176901
176960
176983
177056
177150
177317
177398
177644
177669
177803
178320
178348
178669
178684
178765
178767
178777
178937
178976
179027
179131
179208
179266
179340
179349
179354
179383
179483
179711
179802
179881
179898
179983
180102
180110
180189
180288
180332
180866
180876
180903
180909
181018
181022
181078
181089
181173
181365
181395
181959
182006
182013
182159
182230
182239
182331
182347
182355
182519
182561
182581
182612
182628
182653
182669
182726
182777
182793
182873
182881
182909
183043
183121
183148
183232
183257
183388
183429
183808
183883
183954
184062
184067
184172
184365
184471
184767
184896
184921
185004
185284
185561
185667
185724
185820
185888
186025
186168
186322
186411
186426
186464
186501
186508
186604
186659
187018
187087
187114
187115
187372
187634
187817
188031
188185
188273
188549
188561
189096
189250
189291
189382
189464
189663
189678
189686
189785
189890
189906
189925
190003
190368
190382
190636
190664
190860
190868
191022
191055
191067
191299
191319
191535
191547
191910
191932
192014
192161
192204
192276
192401
192416
192530
192669
192809
192875
193025
193121
193219
193373
193405
193563
193594
193658
193708
193823
193913
193974
193990
194040
194116
194129
194183
194489
194521
194647
194717
194851
194874
194914
194965
195164
195276
195412
195481
195507
196105
196141
196146
196483
196755
196891
197049
197335
197697
197804
198101
198140
198505
198575
198822
198875
198908
199006
199040
199042
199089
199280
199336
199432
199457
199515
199569
199632
199916
200141
200263
200525
200877
200921
201158
201172
201403
201683
202113
202763
202852
202906
203121
203122
203164
203225
203242
203331
203396
203404
203566
203663
203683
203722
203732
203733
203848
203930
204088
204305
204316
204446
204674
204716
205284
205469
205724
205938
206074
206088
206102
206157
206164
206217
206278
206343
206502
206552
206594
207046
207211
207277
207583
208166
208172
208466
208467
208849
208873
208920
209021
209191
209380
209642
209659
209671
209842
210106
210200
210430
210479
210646
210824
210837
211032
211074
211644
211681
211695
212131
212136
212210
212368
212506
212561
212589
212599
212682
212708
212875
212963
213235
213256
213475
213735
213869
213925
213934
214149
214235
214265
214412
214445
214467
214528
214544
214622
214757
214781
215042
215193
215288
215315
215404
215448
215604
215658
215870
216308
216337
216347
216839
216903
217016
217184
217299
217623
217728
218327
218328
218377
218799
218808
218880
218900
218962
218970
219161
219204
219317
219410
219413
219645
219683
219764
219772
219849
219888
220551
220620
220726
220736
220863
221000
221263
221446
221486
221504
221591
221679
221798
221876
221922
222307
222389
222554
222574
222641
222684
222909
222943
222969
223015
223214
223557
223820
223840
223903
223916
224233
224313
224337
224495
224710
224794
224844
225195
225198
225290
225517
225677
226178
226434
226448
226490
226638
226707
226876
227352
227907
227967
228156
228174
228610
228660
228663
228711
228729
228869
230200
230296
230345
230438
230744
231004
231078
231090
231303
231869
231935
232007
232432
232524
232877
232883
232976
233005
233148
233259
233282
233320
233376
233500
233622
233643
233661
233814
234177
234257
234517
234865
235193
235262
235814
235945
236370
236511
236570
236881
237200
237233
237750
237752
237829
238056
238112
238150
238388
238407
238417
239226
239362
239414
239433
239709
239727
240042
240100
240507
240562
240718
240751
240783
240798
240852
240967
241047
241211
241535
241623
242032
242077
242209
242221
242752
242998
243158
243299
243483
243723
243766
243789
243838
243858
244013
244289
244423
244732
244856
245402
245425
245671
245958
246354
246543
246578
246878
247142
247411
247498
247728
248073
248242
248412
248430
248436
248708
248774
249106
250196
250212
250338
250689
251005
251113
251148
251199
251209
251445
251659
251716
251796
251879
251973
252040
252194
252666
252700
252908
252966
252988
253352
253439
253582
253591
253725
254205
254410
254561
255079
255091
255560
256021
256156
256592
256639
256717
256987
257015
257055
257119
257201
257329
257405
257520
257747
257773
257801
257883
258135
258307
258576
258754
258967
259161
259181
259513
259730
259827
260020
260708
261391
261658
261658
261760
262015
262050
262976
263050
263074
263091
263198
263351
263401
263413
263528
264050
264367
264832
265090
265124
265544
265666
265698
265734
265830
265855
265954
266254
266518
266698
266795
266837
267207
267377
267464
267527
268304
268481
268760
269047
269173
269419
269930
270016
270096
270484
270526
270553
270682
270777
270879
271234
271287
271797
272022
272086
272153
272439
272809
272835
272921
273021
273079
273323
273479
273497
273744
273776
274220
274246
274455
274624
274632
274895
275060
275313
275317
275440
275551
275564
275597
275784
275904
276017
276142
276231
276290
276302
276360
276479
276587
276946
277185
277293
277385
277984
278313
278332
278434
278534
279616
279880
280128
280614
280758
280872
281330
281804
281843
282210
282355
282667
282766
282777
283042
283240
283369
283408
283585
283871
283957
283959
284009
285363
285632
285981
286634
286703
286848
286900
286911
287005
287358
287784
288308
288422
288585
288779
288879
288930
289021
289114
289433
289518
290076
290138
290220
290352
291116
291228
291409
291985
292342
292416
293099
293398
293516
293564
293892
293934
294027
294040
295637
295975
296311
296403
296404
296969
297477
297946
298583
298743
298968
300095
301090
301667
301944
302070
302125
302309
302814
304019
304166
304323
304566
304720
307019
307120
308241
308550
310045
310362
310484
310544
310973
311480
311542
311619
312135
312462
312609
312989
313519
313782
313993
314041
314304
314675
315113
315250
315451
316439
317359
317532
317842
317874
317880
318410
319439
320017
320655
322357
322644
322674
322973
323220
323533
323703
324635
325162
325359
325484
326027
327060
328030
328409
328634
328970
329613
329621
330227
330381
330900
331210
331574
332037
333218
333822
333959
334338
334825
334913
336882
337801
338933
339359
339888
339934
340322
340660
340942
341137
341342
342059
342554
343127
343201
343848
344002
344173
344692
346846
347007
347345
347541
348541
348750
348818
349626
350108
350555
351257
351338
351694
351944
353246
354012
354243
354543
357261
357591
357853
358015
358234
358328
359090
361368
361701
361782
362078
362976
363156
363470
363727
364119
364761
365052
365654
366989
367001
367579
368214
368588
369462
369619
371058
371080
371638
371717
372444
372612
372637
373357
373506
373561
373716
373777
373780
373861
373932
375689
376119
376931
378946
379133
379224
379361
379616
381059
381175
381300
381415
381911
382434
382787
385460
385892
387875
388930
389136
390177
390740
391597
392320
392472
392929
393319
394009
394530
394679
395056
395601
395830
400347
400433
402023
402109
402187
403746
403858
404844
406910
407105
407127
411263
412550
412780
413164
413850
414257
414297
414556
415074
415309
415907
418191
419330
420151
420867
420961
421014
421311
422991
423501
427088
427434
427814
429903
433499
436316
438648
438785
439894
441729
444021
447862
447978
450119
453594
453634
454444
454954
459912
460994
467153
468949
470938
471615
473685
480246
489199
497458
502324
507498
517912
519298
523510
533931
538943
546226
558554
558673
562197
583726
