0
0
90
140
486
555
778
1046
1071
1162
1167
1210
1230
1291
1436
1691
1697
1771
1799
2036
2109
2218
2344
2375
2455
2552
2643
2770
2800
3226
3347
3347
3384
3512
3608
3731
3754
3825
4092
4226
4586
4627
4674
4694
5187
5196
5239
5548
5679
5692
5781
5790
5932
6186
6250
6299
6899
6964
6990
7011
7082
7300
7364
7371
7456
7746
7749
8213
8347
8511
8561
8626
8701
8917
9096
9150
9241
9309
9326
9374
9583
9609
9643
9663
9684
9731
10236
10301
10469
10549
10575
10840
11290
11327
11513
11614
11629
11646
11670
11965
12180
12488
12909
12985
13041
13183
13509
13510
13511
13547
13667
13701
13839
13903
14148
14282
14284
14341
14417
14430
14836
14999
15374
15598
15641
15728
16036
16468
16705
16733
16788
16793
16853
17146
17158
17347
17511
17523
18154
18180
18226
18388
18626
18631
18704
18731
18778
18890
18990
19115
19187
19275
19281
19348
19391
19494
19519
19542
19601
19810
19827
20121
20331
20333
20350
20561
20755
21002
21090
21165
21322
21325
21594
21678
21889
22231
22300
22553
22681
22839
22863
23360
23412
23437
23485
23685
23784
23801
23900
24074
24146
24151
24556
24618
24709
24724
25069
25116
25131
25154
25155
25278
25401
25981
26004
26009
26181
26374
26407
26593
26616
26819
26914
26976
27018
27044
27070
27347
27473
27710
28015
28055
28069
28077
28555
28688
28710
28851
28853
28886
28898
28900
28995
29342
29394
29469
29475
29586
29690
29780
29828
29870
29985
30055
30082
30894
31003
31082
31095
31103
31502
31526
31543
31698
32242
32346
32381
32411
32444
32642
32923
32990
33086
33090
33214
33432
33656
33951
34103
34396
34506
34702
34721
34774
34921
35195
35252
35340
35346
35452
35455
35605
35673
35749
35968
36007
36101
36598
36651
36754
36839
36944
36960
36990
37027
37034
37078
37120
37255
37269
37403
37407
37465
37683
37834
38077
38199
38261
38395
38417
38561
38650
38742
38918
39015
39092
39128
39264
39299
39337
39437
39471
39508
39887
40213
40428
40448
40871
40942
40971
41031
41462
41574
41617
41678
41911
41926
42166
42211
42263
42292
42445
42528
42911
43216
43635
43716
43969
44003
44033
44091
44254
44353
44415
44497
44529
44857
45033
45086
45086
45198
45247
45306
45349
45404
45869
45903
46003
46070
46151
46240
46309
46309
46904
46943
47071
47098
47313
47437
47594
48059
48087
48359
48375
48449
48453
48572
48612
48809
49116
49187
49207
49452
49479
49504
49739
49815
49836
49974
50050
50103
50181
50544
50686
50785
50820
50906
50990
50992
51189
51426
52065
52273
52316
52561
52756
52997
53011
53146
53200
53258
53316
53637
53708
53716
53780
53834
53849
53991
54324
54343
54614
54648
55039
55107
55373
55528
55536
55568
55574
55648
55653
55961
56533
56714
56765
56777
57102
57572
57599
57727
57763
58119
58255
58261
58542
58615
58648
58834
58908
59043
59199
59333
59557
59572
59707
59859
60662
60680
60766
60787
60998
61056
61143
61337
61380
61452
61502
61835
61920
61948
62413
62432
62705
62748
63000
63667
63672
63886
63935
63979
64038
64177
64386
64495
64803
64823
64872
65071
65168
65191
65403
65919
65987
66101
66341
66514
66681
66800
67114
67383
67634
68154
68318
68455
68945
69054
69355
69382
69629
69781
69921
70211
70331
70393
70415
70505
70542
70566
70592
70927
70987
71031
71130
71161
71344
71467
71612
71814
71842
71942
72040
72070
72399
72632
72639
72784
73212
73345
73511
73573
73784
73852
73853
73856
74073
74087
74412
74534
74658
75136
75236
75240
75275
75617
76114
76334
76506
76837
76838
76921
77147
77547
77580
77738
77790
77808
77836
77859
77871
78002
78125
78152
78454
78671
78730
78874
79086
79151
79474
79606
79627
79745
79969
80184
80220
80234
80262
80509
80892
80987
80994
81410
81542
81581
81708
81712
81758
81759
82021
82181
82414
82505
82576
82589
83101
83107
83312
83312
83335
83727
84234
84240
84250
84596
84607
84670
84917
85027
85075
85183
85344
85474
85476
85572
85991
86119
86459
86622
86787
86890
86944
86949
86951
87129
87168
87505
87543
87599
87868
88095
88133
88326
88462
88981
89156
89174
89356
89369
89654
89690
89717
90129
90153
90376
90517
90718
90757
91269
91340
91547
91619
91894
92168
92226
92381
92452
92503
92508
92762
92959
93118
93167
93169
93199
93924
94389
94603
94741
94873
95085
95241
95426
95442
95491
95872
96083
96102
96586
96710
96994
97308
97385
97481
97523
97595
97599
97773
97824
97965
98120
98171
98679
99685
99751
99793
99817
100403
100410
100620
100850
100898
100949
100978
101029
101322
101349
101513
101999
102237
102534
102591
102659
102737
102875
102900
102990
103102
103349
103389
103552
103671
103883
103927
104058
104104
104211
104312
104531
104636
104991
105030
105757
105915
105929
106124
106200
106291
106593
106635
106758
106786
106814
107092
107119
107587
107783
107958
108066
108218
108287
108404
108598
108684
109014
109173
109432
109588
109731
109742
109847
109853
110042
110047
110751
110886
111057
111279
111563
111764
111767
111916
112029
112395
112746
112758
113230
113241
113295
113478
113624
113637
113910
114088
114090
114219
114421
114548
114688
114730
114761
114986
115017
115298
115464
115648
115735
115760
115774
115870
115999
116104
116245
116271
116345
116876
117055
117093
117343
117426
117922
117951
118164
118374
118378
119363
119671
119721
119823
119826
119976
120079
120115
120352
120447
120717
120730
121129
121560
121781
121815
122407
122453
123183
123197
123462
123730
123733
123910
124139
124175
124573
125088
125669
125808
125885
126258
126497
126660
126783
126816
126817
126834
126851
127219
127306
127396
127404
128063
128247
128353
128552
129026
129743
129755
129882
129899
130279
130655
130669
131142
131212
131220
131288
131305
131309
131311
131350
131962
131972
132015
132088
132212
132267
132342
133396
133434
133450
133482
133589
134073
134286
134423
134598
134617
135191
135521
135689
135732
135921
136103
136305
136336
136960
137428
137633
138046
138097
138686
138734
138784
139103
139623
139732
140003
140107
140244
140308
140436
140759
140864
141029
141296
142017
142038
142235
142279
142322
142460
142660
142697
143065
143117
143279
143836
144067
144158
144573
145011
145910
146062
146264
146353
146596
146687
146839
147015
147043
147248
147314
147351
147407
147552
147931
148354
148830
148945
149322
149693
149717
149791
149918
150047
150298
150627
151012
151067
151253
151569
151801
152059
152177
152401
152541
152599
152746
153699
153935
154573
154738
154865
154927
155400
156572
156692
156745
156771
156771
157044
157342
157744
158464
158657
158874
159636
159670
159902
160171
160185
160194
160634
160730
161672
161805
161859
162143
162868
162872
164136
164236
164259
164292
165099
165118
165163
166185
166200
166275
167009
167258
167524
167529
167739
168147
168283
168590
169188
169583
169652
169700
170159
170494
170583
170755
170756
170853
171431
171700
172038
172392
172451
173675
174138
174198
174579
174697
175106
175293
175874
176098
176261
176495
176508
177104
177585
178195
178261
178818
178838
179469
179582
179971
180004
180755
181066
181296
181478
182451
184178
184857
184999
185058
185169
185795
185873
186363
186614
186853
186966
187253
187376
187439
187574
187655
187718
189173
190361
190481
190835
190995
191017
191102
191121
191693
191844
192032
192088
192549
192637
192638
192756
192975
193067
193909
194010
194258
195012
195291
195600
195606
196019
196077
198612
198979
199093
199524
200042
200842
200986
201272
201447
201731
202027
203134
203346
203584
203827
204088
204197
205169
205216
205251
205314
205321
205657
206207
206345
206649
206921
207248
207722
207769
208867
208887
208928
209480
209836
210343
210613
211087
211088
211835
211996
212302
212695
212911
213354
213647
213713
214099
214553
215570
215810
216051
216885
217253
217525
218166
218460
219135
219834
219880
219993
220155
220509
220520
222152
222212
222296
223255
223631
223756
224221
224561
224941
225086
225494
225612
227151
227563
227754
227929
228998
229126
229993
230011
230168
231304
231503
231557
231607
232274
232993
233798
234122
234959
235430
235756
237011
237229
237357
237448
238200
238201
238204
238232
238282
239192
239454
240535
240563
240577
240583
241193
243019
243293
243738
243919
244237
244499
245272
245584
247085
249135
249741
250119
250198
250237
250572
250716
251206
252289
252993
254162
254649
254860
255310
255398
255639
257337
259968
261280
261486
261532
261564
261640
262778
262930
263621
264227
265732
266763
266907
267977
268032
269507
269639
270591
271565
272012
272378
272691
272800
273128
273327
274015
276507
276610
277413
277790
278893
279166
279530
280075
280408
283663
284475
284545
284762
285071
286199
286517
286789
286887
287002
287024
287100
287999
289589
290456
291050
291086
292247
292546
292696
293142
293368
300087
300397
301204
302175
302800
303215
303598
303736
304477
305094
306149
306950
307143
307345
309047
309737
309845
309979
310023
311191
311500
315512
316370
317115
318024
322008
323180
324067
324759
325070
326581
327462
327958
327979
330210
331292
332143
332288
333581
335235
336631
338660
339500
342012
343045
343343
344389
348998
349449
352826
354646
355303
355758
356757
357824
360288
360303
364014
364879
365181
366973
371511
373269
377207
379501
381638
381851
386884
388454
390383
393660
398003
400433
403233
414628
415734
426029
429636
432176
432329
432892
433668
443612
449799
459128
460026
467798
468243
473699
476046
476953
486885
492071
505213
517352
518497
527732
566737
590503
625433
