0
0
8
131
454
494
522
587
709
904
974
1151
1167
1214
1229
1245
1336
1486
1546
1580
1597
1674
1974
2255
2261
2316
2329
2436
2472
2543
2604
2710
2737
2762
2823
2835
2899
3080
3116
3264
3275
3377
3381
3401
3431
3564
3625
3709
3731
3770
3794
3877
3915
4031
4070
4236
4312
4334
4373
4385
4594
4645
4659
4731
4759
4818
4852
4969
5030
5033
5135
5153
5179
5295
5313
5336
5366
5371
5382
5397
5479
5687
5848
5959
5963
5981
6080
6303
6356
6459
6597
6630
6645
6827
6831
6969
7130
7235
7385
7605
7686
7799
7981
8224
8356
8363
8390
8466
8507
8651
8673
8773
8808
9009
9060
9089
9106
9138
9265
9321
9353
9359
9409
9471
9569
9586
9714
9740
9758
9919
9961
10032
10266
10292
10296
10299
10365
10375
10379
10395
10472
10600
10629
10683
10731
10767
10878
10952
11096
11149
11189
11225
11235
11454
11606
11663
11688
11729
11866
11899
11946
12010
12050
12135
12186
12254
12456
12582
12728
12738
12757
12792
13105
13175
13219
13477
13567
13592
13805
13834
13916
13956
14134
14144
14308
14344
14373
14583
14671
14746
14767
14801
14839
14870
14907
14991
15096
15100
15104
15230
15237
15317
15353
15436
15506
15529
15629
15674
15860
15886
15964
16008
16103
16177
16435
16463
16502
16548
16584
16655
16961
17041
17072
17078
17167
17170
17231
17259
17271
17273
17326
17367
17400
17430
17582
17667
17670
17773
17899
17998
18103
18204
18276
18321
18389
18438
18451
18633
18793
18966
19110
19160
19270
19323
19338
19348
19393
19564
19656
19760
19903
19930
19981
19997
20164
20215
20283
20345
20448
20457
20499
20575
20615
20679
20705
20719
20816
20852
20884
20901
20939
20948
21005
21063
21175
21223
21265
21349
21524
21563
21662
21732
21780
21825
21845
21880
22000
22002
22154
22164
22191
22279
22337
22346
22352
22604
22671
22681
22735
22856
22997
23041
23129
23234
23361
23387
23443
23448
23514
23808
23820
23886
24237
24323
24435
24476
24493
24560
24620
24663
24677
24715
24719
24778
24780
24802
24854
24884
24890
24949
24956
25009
25063
25070
25261
25271
25448
25481
25488
25672
25746
25792
25863
25938
26009
26017
26038
26084
26149
26567
26586
26693
26707
26707
26768
26910
26936
27024
27107
27130
27248
27363
27410
27495
27692
27710
27765
27785
27800
27820
27876
27985
27989
28051
28066
28101
28121
28141
28146
28203
28323
28477
28600
28724
28751
28816
28873
28902
28902
28908
28932
29001
29004
29130
29171
29200
29261
29281
29290
29346
29379
29436
29483
29642
29653
29695
29780
29793
29885
30028
30115
30130
30154
30233
30335
30346
30432
30478
30654
30688
30753
30771
30772
30806
30844
30982
31084
31158
31185
31210
31331
31457
31592
31601
31661
31686
31780
31884
31941
31964
32088
32131
32163
32223
32284
32315
32369
32430
32478
32499
32541
32577
32598
32649
32876
33099
33121
33294
33543
33544
33601
33616
33644
33712
33755
33873
34142
34279
34323
34339
34367
34386
34463
34643
34676
34701
34753
34805
34832
34910
35180
35187
35236
35281
35380
35485
35488
35497
35568
35568
35579
35593
35637
35657
35714
35816
35948
35989
36043
36121
36202
36228
36305
36398
36444
36451
36526
36651
36736
36833
36937
36945
37025
37066
37088
37117
37127
37198
37202
37221
37248
37383
37392
37407
37440
37555
37747
37888
37891
37960
38033
38421
38500
38543
38689
38703
38796
38895
39027
39233
39412
39548
39711
39818
39884
39895
39904
39909
39995
40048
40108
40121
40170
40223
40305
40306
40373
40553
40757
40893
41058
41121
41157
41157
41206
41270
41494
41581
41635
41861
41999
42115
42219
42223
42226
42434
42449
42453
42471
42474
42488
42598
42655
42752
42779
42855
42898
42953
43111
43153
43217
43343
43351
43380
43501
43544
43611
43703
43794
43814
43845
43847
43875
43961
44046
44191
44250
44315
44334
44382
44392
44451
44468
44492
44579
44668
44739
44773
44855
44884
44932
44934
44953
44972
44973
45075
45239
45272
45409
45459
45488
45735
45859
46229
46325
46344
46398
46408
46432
46872
47172
47349
47401
47411
47566
47595
47596
47619
47701
47724
47741
47803
47805
47879
47935
48054
48064
48177
48414
48440
48538
48559
48639
48759
48766
48812
48824
48966
49112
49180
49202
49284
49313
49455
49465
49503
49689
49704
49940
49979
50171
50184
50212
50214
50240
50247
50253
50292
50357
50600
50652
50680
50764
50868
50930
50944
50996
51065
51233
51313
51400
51402
51421
51432
51464
51494
51596
51693
51809
52007
52010
52063
52232
52240
52478
52517
52715
52790
52818
52846
52950
53014
53038
53165
53246
53276
53298
53423
53560
53676
53705
53729
53899
53925
53987
54125
54191
54227
54238
54352
54392
54455
54457
54460
54631
54641
54647
54722
54778
54967
55005
55077
55182
55285
55321
55330
55343
55370
55444
55468
55704
55887
55923
55937
56273
56536
56665
56822
56833
56870
56904
57096
57252
57293
57303
57534
57535
57785
57921
58009
58088
58136
58215
58320
58333
58400
58487
58618
58625
58728
58777
58778
58814
58865
58875
59129
59211
59239
59280
59331
59405
59441
59571
59677
59703
59828
59838
59900
59917
60030
60214
60267
60765
61040
61243
61502
61512
61640
61803
61808
61808
61876
61890
62153
62643
62794
62799
62832
62880
62948
62964
63023
63064
63067
63203
63269
63337
63657
63659
63676
63813
63845
63897
63979
63998
64043
64071
64083
64152
64250
64303
64449
64598
64601
64795
64833
64853
64876
64944
64964
65031
65076
65174
65206
65213
65258
65274
65491
65632
65751
65823
65843
65889
66094
66121
66286
66470
66651
66814
66844
66921
67021
67668
67799
67975
67978
68090
68185
68256
68324
68415
68471
68506
68511
68656
68712
68764
68779
68779
68815
68850
68920
68988
69056
69571
69696
69776
69946
70001
70013
70027
70101
70134
70264
70352
70405
70588
70746
70750
70815
70826
71316
71361
71537
71647
71752
72004
72216
72332
72522
72554
72874
72906
73014
73042
73072
73073
73096
73342
73403
73436
73484
73753
73836
73922
73947
73951
74034
74155
74208
74218
74319
74494
74502
74504
74542
74604
74620
74676
74766
74990
75033
75063
75139
75167
75247
75307
75349
75449
75515
75542
75711
75784
75807
75975
76061
76244
76465
76521
76562
76589
76736
76911
77168
77171
77362
77380
77423
77433
77472
77477
77494
77544
77621
77903
78014
78161
78203
78441
78473
78474
78623
78635
78657
78732
78750
78862
78886
79019
79044
79279
79289
79420
79539
79724
79794
79804
79894
79937
79970
80011
80034
80124
80248
80270
80314
80325
80350
80383
80439
80736
80763
80810
80986
81039
81069
81092
81096
81282
81287
81457
81616
81622
81685
81835
81872
81896
81935
82021
82049
82114
82359
82452
82530
82536
82560
82877
82968
83291
83296
83303
83363
83441
83509
83516
83744
83805
84110
84218
84275
84469
84518
84523
84590
84685
84695
84734
84892
85014
85216
85270
85412
85502
85678
85707
85710
85715
85722
85954
86100
86202
86310
86317
86508
86528
86882
86988
87143
87284
87416
87472
87475
87484
87494
87614
87615
87672
87776
88001
88068
88079
88122
88192
88271
88294
88343
88389
88396
88411
88792
88962
88977
88982
89049
89085
89205
89210
89518
89581
89641
89745
89752
89984
90198
90249
90288
90321
90332
90341
90693
90711
90865
90920
91045
91051
91102
91266
91528
91537
91849
91890
91891
91966
91987
92119
92199
92228
92461
92472
92720
92843
92929
92982
92996
93028
93081
93094
93120
93228
93397
93512
93522
93691
93762
93946
94275
94305
94467
94522
94672
94675
94748
94920
95000
95121
95392
95470
95520
95587
95709
95878
95891
95905
96043
96080
96273
96544
96549
96631
96699
96805
96915
97139
97317
97442
97474
97486
97511
97581
97867
97899
97977
98071
98086
98301
98417
98511
98531
98533
98539
98569
98588
98624
98685
98763
98783
98796
98879
98897
98900
99206
99384
99462
99486
99631
99733
99837
99884
99912
99929
100088
100140
100145
100190
100378
100519
100520
100656
100685
100807
100932
101212
101604
101628
101800
101934
101979
102045
102063
102156
102236
102337
102431
102699
102826
103020
103052
103251
103257
103620
103639
103708
103754
104208
104291
104315
104325
104627
104678
104688
104695
104743
104886
104955
105095
105124
105248
105552
105569
105696
105919
105939
106074
106163
106235
106244
106384
106467
106551
106640
106685
106766
106913
106934
107080
107159
107280
107291
107312
107584
107611
107630
107652
107763
107768
107822
107865
107983
108028
108044
108093
108211
108783
108886
108991
108993
109041
109043
109181
109281
109991
110275
110368
110436
110802
110871
111072
111110
111119
111383
111435
111533
111539
111741
111801
111823
112181
112251
112349
112523
113059
113142
113259
113279
113312
113513
113603
113612
113659
114062
114085
114168
114237
114342
114472
114518
114525
114526
114608
114657
114904
114915
114947
114985
115012
115032
115063
115068
115100
115324
115335
115391
115467
115863
116478
116494
116701
116769
116875
117048
117129
117165
117187
117474
117521
117654
117728
117990
118144
118304
118371
118480
118560
118700
118724
118743
118877
119012
119166
119326
119514
119629
119674
119683
119723
119757
120050
120050
120137
120193
120506
120545
120561
120565
120585
120589
120743
120832
120963
121050
121072
121182
121204
121289
121302
121362
121550
121652
121659
121691
121698
121749
121801
121839
122368
122405
122457
122592
122681
122732
122946
123108
123209
123568
123654
123655
123886
123889
124130
124203
124386
124396
124397
124614
124654
124835
124865
124909
124931
125141
125282
125334
125409
125714
125754
125964
126338
126441
126551
126618
126717
126735
126779
126791
126870
126915
126941
127053
127182
127492
127560
127576
127677
127735
127887
128023
128061
128226
128397
128641
128733
129046
129066
129175
129228
129300
129311
129358
129359
129511
129582
129833
129895
129922
130318
130333
130348
130413
130793
130879
130914
131095
131139
131305
131341
131429
131437
131447
131484
131638
131739
131864
132055
132137
132186
132235
132298
132300
132498
132699
132753
132886
132907
132928
133042
133090
133117
133216
133231
133245
133262
133330
133382
133382
133584
133696
133720
133743
133766
133849
133866
133916
133931
133956
134086
134205
134238
134377
134430
134517
134590
134617
134702
134718
134819
134984
135157
135247
135374
135423
135579
135619
136027
136310
136448
136480
136591
136611
136871
136920
136969
137026
137180
137220
137262
137321
137384
137402
137473
137551
137575
137659
137694
137717
137826
137853
137894
138134
138418
138448
138706
139024
139043
139157
139157
139347
139479
139701
139829
139909
140100
140202
140241
140261
140483
140938
141212
141237
141485
141696
141793
141858
141864
141980
142074
142320
142340
142523
143382
143523
143571
143586
143903
143922
143951
144026
144034
144311
144465
144693
144694
144791
144824
144921
145052
145055
145298
145514
145522
145543
145552
145836
146400
146888
147101
147175
147297
147321
147370
147649
147689
147774
148040
148196
148310
148507
148609
148618
148872
149047
149067
149407
149421
149578
149696
149915
150178
150340
150358
150454
150605
150639
150703
150704
150871
151490
151621
151723
152098
152120
152624
153226
153294
153506
153556
153719
153828
154024
154098
154199
154477
154515
154519
154668
154811
154919
155021
155081
155086
155107
155155
155182
155213
155243
155418
155823
156169
156199
156288
156289
156318
156322
156422
156647
156711
156950
157088
157227
157281
157396
157507
158030
158031
158459
158518
158828
158847
158996
159017
159104
159407
159473
159608
159711
159739
159919
159947
160121
160467
160554
161074
161101
161108
161125
161203
161515
161650
161806
161817
162129
162492
162496
162538
162565
162579
162605
162756
163180
163192
163253
163269
163399
163508
163528
163879
164342
164441
164545
165446
165456
165660
165663
165832
165929
166013
166021
166121
166143
166541
166633
166691
167018
167203
167269
167498
167554
167983
168042
168134
168140
168329
168331
168408
169042
169127
169259
170010
170495
170521
170527
171050
171083
171157
171496
171796
172220
172294
172366
172372
172380
172549
173059
173158
173324
173608
173840
173964
174283
174283
174363
174402
174419
174711
175019
175069
175152
175175
175626
175792
176073
177118
177475
177739
177918
177944
178129
178202
178531
179020
179044
179123
179191
179342
179588
179630
179652
179720
179854
180047
180163
180292
180435
180442
180617
180882
180887
180900
181324
181438
181633
181666
181801
181819
182332
182366
182554
182585
182683
182709
182830
182910
182922
183177
183426
183911
184114
184118
184349
184446
184474
184508
184534
184586
184631
184687
185104
185107
185605
185679
186005
186211
186590
187190
187212
187259
187261
187262
187296
187519
187522
187576
187686
187723
187943
187983
188028
188183
188245
188259
188363
188541
188574
188584
188683
189023
189197
189625
189905
189994
190032
190050
190195
190463
190788
191121
191362
191503
192206
192778
192895
193118
193271
193559
193752
193800
194079
194207
194364
194441
194462
194613
194739
194920
195113
195117
195368
195368
195473
195603
195973
196306
196488
196641
196860
196949
197279
197466
197491
197735
198456
198811
199147
199229
199278
199394
199653
199757
200163
200405
200444
200547
200618
200790
201022
201184
201245
201724
201745
201799
201990
202046
202165
202275
202860
202968
203452
203470
203575
203935
204516
204984
205075
205104
205318
205620
205653
205830
205852
205910
206052
206365
207165
207269
207513
207619
208143
208682
208791
208814
208895
208898
209207
209961
210234
210436
210764
210780
211016
211417
211510
212480
212598
212676
213437
213532
213571
213777
213855
213919
214157
214159
214473
214642
214695
215263
215295
215379
216014
216191
216204
216331
216620
216732
216813
216951
217472
217681
217744
218408
218435
218520
218812
218813
218891
219232
219550
219931
219949
220417
220732
220773
220990
221240
221488
221738
221750
221786
221973
222468
222471
222526
223276
223400
223466
223904
223961
224475
224508
224693
224783
224874
225361
225910
226133
226697
226946
227067
227201
227534
227839
227876
228066
228387
228408
229418
229929
229931
230517
230545
230556
230623
230901
231270
231585
231645
233263
233975
234015
235335
235465
235668
236520
236773
236996
237047
237538
238146
238201
238479
238589
239045
239071
239244
239630
240235
240469
240497
240612
241193
241337
241530
241665
241827
242235
243084
243157
243463
243635
244268
244329
244342
244838
244978
245020
246286
246459
247005
247125
247886
247944
248554
248916
249846
250098
250467
250473
250480
251134
251280
251430
251546
252158
252318
252399
252543
253371
253906
254085
254281
254307
254422
254578
254748
255402
255441
255533
255930
257086
257234
257501
258273
258409
259049
259518
260829
260879
261003
261498
261959
262030
262407
262549
262918
262926
262977
263570
264867
265449
265761
265763
266092
266224
266290
267128
267335
267423
268422
268613
268765
268998
269509
269751
270419
270973
271192
271281
271407
271791
271928
271929
271974
273181
273366
273373
273930
274019
274251
274456
275664
276080
276148
276242
276246
276568
276798
276997
277574
278082
278279
279100
280559
280685
281428
282108
282628
283074
284488
284832
284896
285513
285825
285964
286146
286300
286635
288451
288752
290505
290684
290695
291062
291669
291860
291898
293489
293653
293850
294281
294769
294795
295310
295991
296271
297008
297115
297190
297541
299060
300308
300514
301510
301672
301871
302072
303095
303553
303626
304042
305019
305437
305920
306033
306261
306489
307822
307910
308228
312537
313254
313385
313428
313810
313980
314198
314233
314484
314870
316004
316102
317905
318572
319918
322764
325235
325351
325864
327047
328823
329269
330293
332557
333390
335712
336038
336243
336667
336854
337411
337743
337818
340089
340874
341016
342766
342811
343241
343736
344112
345879
346536
347482
348919
349397
349698
350521
351030
351774
352437
355275
355546
355548
356571
356906
357897
358392
358471
361354
362773
362928
363929
364775
365997
367014
367451
367998
371909
373908
374841
374908
376675
377277
377695
377696
378294
379417
380468
381418
382638
384268
384401
384693
391278
391310
392047
392117
392529
394472
396087
397551
397855
399704
399820
401043
401689
402181
402260
406000
407531
408499
408530
415528
416705
416960
417053
418091
420767
425005
426114
427041
429484
430627
433953
434455
434734
439429
439438
439815
441920
445529
447898
449984
451226
454896
456392
457475
458339
465358
470450
471795
473872
477236
481591
484261
496932
499997
507742
513351
515154
517453
530055
537460
553337
578803
598253
