0
0
94
99
177
285
310
362
367
420
432
435
505
547
576
588
601
633
650
650
768
877
1253
1367
1375
1470
1503
1515
1574
1634
1646
1674
1705
1722
1789
1803
1811
1844
1875
1932
1946
2018
2042
2085
2134
2158
2182
2222
2224
2228
2245
2323
2336
2535
2540
2567
2652
2750
2808
2833
2856
2887
3030
3095
3128
3132
3272
3295
3327
3355
3469
3532
3573
3657
3827
3880
4005
4147
4174
4193
4222
4278
4289
4348
4443
4483
4493
4527
4663
4816
4909
4968
4993
4997
5018
5093
5112
5120
5133
5152
5255
5298
5298
5352
5355
5429
5433
5448
5525
5556
5606
5652
5677
5678
5770
5846
5903
5911
5918
6037
6145
6173
6178
6234
6268
6290
6296
6297
6384
6386
6467
6478
6502
6529
6662
6664
6737
6741
6771
6811
6845
6846
6864
6920
6936
6984
7196
7237
7248
7256
7294
7312
7390
7435
7502
7545
7548
7584
7687
7739
7750
7769
7803
7924
8028
8186
8204
8292
8304
8333
8423
8442
8443
8446
8562
8605
8630
8734
8860
8972
8984
9140
9194
9203
9273
9291
9507
9598
9684
9788
9870
9871
9941
10038
10097
10132
10143
10214
10317
10330
10367
10370
10582
10622
10662
10703
10755
10756
10905
11060
11301
11327
11383
11437
11446
11492
11510
11515
11538
11636
11664
11732
11802
11831
12058
12101
12131
12377
12385
12421
12438
12451
12522
12551
12575
12593
12625
12650
12707
12730
12827
12833
12889
12967
13159
13280
13352
13391
13425
13448
13483
13558
13578
13605
13645
13719
13758
13781
13821
13901
14056
14071
14133
14296
14308
14393
14417
14527
14664
14737
14774
14803
14869
14881
14916
14979
15024
15075
15087
15103
15130
15148
15289
15333
15359
15415
15445
15478
15507
15653
15668
15670
15683
15690
15792
15881
15971
15992
16012
16035
16060
16154
16163
16241
16285
16324
16326
16338
16361
16371
16400
16489
16492
16557
16563
16595
16636
16667
16675
16741
16746
16787
16813
16855
16917
16958
17042
17065
17162
17202
17211
17372
17406
17407
17601
17653
17691
17858
17874
17940
17987
17990
18002
18100
18251
18299
18319
18336
18387
18389
18419
18591
18662
18887
18915
18936
18937
18988
19037
19057
19059
19061
19226
19230
19404
19498
19507
19608
19642
19718
19750
19756
19797
19798
19930
19939
20042
20048
20049
20099
20275
20295
20392
20394
20439
20498
20596
20626
20661
20678
20814
20834
20843
21018
21075
21168
21238
21359
21394
21413
21468
21530
21638
21725
21746
21748
21767
21770
21850
21851
21878
21886
21967
22017
22044
22113
22134
22142
22238
22269
22367
22441
22520
22535
22602
22614
22699
22705
22767
22791
22865
22985
23072
23126
23126
23130
23150
23191
23226
23280
23314
23339
23385
23410
23577
23606
23621
23645
23667
23757
23850
23875
23900
23925
24001
24177
24311
24334
24374
24376
24397
24565
24606
24750
24782
24790
24849
25108
25170
25258
25275
25353
25399
25450
25536
25547
25556
25577
25621
25660
25707
25732
25779
25830
25895
25968
26106
26157
26197
26206
26260
26351
26354
26396
26445
26498
26524
26582
26596
26658
26680
26802
26802
26806
26854
26867
26886
26895
26940
27063
27080
27101
27114
27153
27211
27222
27254
27273
27318
27359
27419
27428
27475
27576
27655
27743
27752
27812
28010
28023
28055
28077
28113
28146
28151
28155
28252
28282
28334
28369
28403
28475
28487
28490
28540
28543
28621
28666
28673
28865
28867
28903
28918
28952
28960
28973
28988
29003
29066
29090
29171
29227
29244
29267
29272
29338
29712
29716
29726
29761
29768
29779
29803
29943
29980
29990
30046
30059
30090
30093
30126
30250
30353
30384
30561
30574
30577
30656
30661
30729
30753
30823
30856
30886
30910
30985
31037
31123
31164
31186
31289
31416
31450
31460
31713
31724
31726
31758
31826
31883
31931
32014
32033
32046
32096
32182
32253
32329
32373
32403
32475
32494
32495
32539
32597
32689
32736
32774
32807
32849
32919
32929
33009
33021
33036
33139
33139
33210
33223
33274
33274
33283
33394
33449
33456
33457
33518
33533
33574
33636
33780
33839
33847
33884
33893
33954
34043
34058
34066
34089
34103
34236
34239
34254
34271
34307
34321
34371
34396
34408
34492
34496
34580
34606
34625
34755
34854
34936
34946
34957
34961
34970
35078
35234
35383
35390
35391
35422
35444
35469
35502
35545
35560
35660
35688
35689
35785
35792
35813
35944
36111
36128
36143
36168
36191
36234
36293
36460
36644
36646
36653
36756
36802
36857
36945
36966
36970
37132
37274
37319
37339
37361
37372
37372
37551
37638
37672
37682
37762
37780
37815
37891
37932
38139
38146
38181
38208
38224
38264
38290
38462
38522
38582
38677
38704
38745
38752
38840
38882
38931
38971
39148
39160
39350
39358
39373
39416
39419
39438
39506
39510
39652
39658
39676
39744
39767
39793
39806
39824
39883
39955
39969
40235
40331
40336
40675
40709
40712
40733
40848
41146
41154
41193
41232
41251
41285
41357
41376
41389
41497
41530
41530
41535
41777
41794
41830
41830
41830
41931
42101
42173
42347
42370
42465
42522
42575
42680
42706
42711
42727
42746
42820
42870
42968
43045
43091
43103
43125
43150
43154
43159
43298
43303
43372
43383
43458
43537
43603
43663
43678
43682
43696
43770
43782
43815
43863
43875
43887
43994
44028
44033
44108
44207
44307
44348
44364
44402
44437
44477
44499
44627
44649
44716
44727
44751
44818
44926
44933
44972
45007
45067
45154
45207
45222
45240
45269
45307
45459
45533
45665
45676
45720
45937
45982
46028
46149
46200
46308
46388
46400
46473
46605
46753
46816
46942
46959
46966
46996
47012
47032
47053
47064
47116
47142
47181
47235
47245
47366
47443
47581
47612
47628
47726
47733
47748
47769
47786
47854
47868
47948
47950
47980
47993
48053
48136
48142
48165
48175
48228
48282
48312
48335
48466
48510
48572
48572
48592
48604
48606
48607
48693
48721
48784
48802
48818
48865
49031
49056
49127
49153
49218
49311
49354
49359
49405
49432
49504
49507
49614
49781
49885
49917
49931
49965
50001
50026
50067
50118
50145
50145
50169
50170
50234
50235
50286
50289
50328
50342
50357
50359
50371
50402
50475
50558
50562
50624
50642
50788
50819
50879
51053
51090
51200
51290
51313
51342
51403
51417
51464
51501
51501
51503
51515
51538
51689
51728
51739
51742
51748
51759
51824
51885
51893
52077
52101
52125
52164
52224
52353
52409
52469
52477
52507
52519
52519
52581
52686
52719
52732
52737
52878
53029
53106
53177
53223
53306
53339
53361
53376
53383
53384
53394
53401
53403
53427
53455
53598
53601
53649
53789
53796
53817
53939
53994
54113
54114
54116
54163
54391
54510
54709
54714
54737
54801
54853
54857
54864
54878
54905
54939
55032
55260
55273
55282
55428
55473
55486
55514
55563
55588
55597
55664
55724
55789
55805
55889
55911
56007
56037
56067
56078
56116
56133
56159
56162
56170
56215
56289
56315
56447
56471
56607
56701
56846
56871
56892
56925
56950
57027
57096
57100
57159
57386
57403
57451
57455
57487
57533
57546
57549
57593
57628
57642
57735
57771
57944
58010
58014
58114
58132
58235
58295
58372
58401
58476
58574
58592
58798
58837
58911
58949
59048
59064
59067
59091
59117
59123
59188
59202
59239
59389
59445
59462
59635
59638
59667
59722
59749
59772
59775
59812
59888
59924
59995
60022
60064
60093
60145
60191
60210
60220
60267
60360
60377
60379
60388
60426
60504
60640
60679
60696
60717
60793
60870
60932
61145
61181
61248
61292
61365
61394
61394
61462
61491
61552
61724
61849
61921
61989
62000
62090
62120
62135
62160
62202
62236
62239
62370
62388
62441
62456
62485
62522
62576
62587
62684
62717
62729
62775
62783
62888
62892
62944
62967
63340
63472
63576
63606
63607
63646
63694
63703
63855
63870
64072
64143
64188
64205
64239
64331
64394
64421
64486
64585
64592
64660
64685
64727
65026
65027
65074
65095
65212
65519
65532
65567
65693
65842
65987
66056
66149
66154
66187
66197
66228
66237
66338
66397
66446
66537
66636
66721
66961
67061
67079
67080
67108
67219
67237
67260
67274
67307
67358
67471
67574
67575
67610
67773
67795
67847
67884
67963
67972
67975
68068
68111
68114
68124
68178
68180
68234
68281
68380
68423
68452
68497
68569
68645
68653
68692
68728
68737
68755
68765
68882
68909
68944
68945
69005
69083
69178
69179
69221
69262
69275
69289
69493
69529
69534
69738
69787
69826
69834
69859
69861
69892
69899
70086
70307
70329
70338
70377
70407
70465
70511
70513
70700
70701
70707
70830
70881
71040
71058
71166
71300
71300
71508
71532
71593
71613
71722
71738
71788
71793
71871
72042
72068
72095
72111
72125
72388
72392
72404
72459
72515
72613
72848
72949
72979
73057
73075
73123
73171
73171
73248
73276
73464
73537
73582
73622
73717
73778
73924
73951
74067
74148
74172
74228
74263
74280
74373
74382
74401
74405
74419
74450
74495
74496
74499
74639
74677
74723
74772
74815
74834
74848
74911
74938
74967
74970
75024
75025
75044
75079
75090
75093
75098
75113
75117
75118
75202
75303
75413
75501
75575
75659
75776
75876
75904
76088
76125
76169
76380
76418
76430
76512
76525
76530
76548
76557
76582
76600
76621
76685
76711
76813
76817
76918
76946
76957
76983
76998
77172
77233
77609
77666
77719
77725
77738
77751
77765
77774
77892
77929
77942
77996
77996
78094
78191
78257
78281
78324
78404
78452
78518
78534
78583
78600
78604
78645
78652
78656
78663
78733
78789
78813
78831
78871
78897
78914
78944
78971
79064
79091
79092
79150
79161
79323
79332
79333
79342
79369
79426
79505
79536
79753
79938
79994
80083
80129
80172
80232
80251
80312
80400
80444
80465
80587
80618
80697
80715
80727
80810
80844
80972
80982
81079
81126
81257
81263
81340
81382
81440
81497
81606
81711
81734
81734
81904
82081
82179
82233
82251
82347
82404
82417
82487
82500
82539
82550
82653
82735
82806
82833
82852
82878
83032
83110
83113
83137
83144
83194
83251
83275
83297
83392
83487
83770
83831
83908
83938
83994
83995
84030
84085
84132
84417
84444
84479
84500
84531
84557
84602
84649
84668
84709
84738
84754
84866
84891
84910
84952
84968
85006
85057
85085
85301
85338
85406
85475
85592
85618
85658
85662
85682
85715
85760
85937
85942
86187
86217
86329
86378
86429
86434
86444
86460
86498
86542
86547
86654
86840
86866
86906
86925
86933
86944
86974
87069
87147
87163
87225
87287
87315
87346
87405
87471
87471
87559
87605
87608
87609
87649
87694
87712
87748
87754
87757
87809
87891
88016
88061
88083
88157
88233
88327
88346
88435
88500
88597
88663
88666
88761
88818
88871
88910
88984
89010
89082
89115
89309
89411
89509
89530
89815
89879
90127
90256
90260
90282
90336
90498
90520
90538
90548
90561
90593
90767
90874
90971
90998
91013
91044
91056
91160
91169
91170
91198
91315
91499
91584
91585
91715
91744
91778
91842
91884
91899
91935
91948
92006
92066
92083
92097
92232
92254
92265
92267
92372
92380
92405
92483
92484
92493
92571
92648
92897
92999
93016
93054
93094
93158
93159
93202
93254
93306
93451
93641
93714
93785
93863
93989
94031
94127
94179
94186
94275
94422
94538
94558
94642
94708
94726
95022
95100
95243
95249
95254
95270
95284
95286
95317
95516
95676
96013
96119
96145
96186
96262
96277
96315
96326
96347
96418
96435
96491
96491
96587
96688
96874
96939
97020
97038
97087
97384
97423
97423
97432
97466
97488
97812
97842
97891
97922
97948
97987
98008
98010
98051
98074
98219
98282
98342
98464
98487
98574
98605
98605
98612
98625
98671
98768
98854
98968
98986
99115
99161
99195
99353
99507
99583
99683
99717
99719
99766
99868
99972
100035
100048
100084
100161
100256
100304
100346
100560
100663
100697
100751
100761
100778
100932
101109
101130
101193
101258
101380
101410
101503
101523
101535
101536
101593
101600
101633
101706
101756
101819
101892
101926
101933
101973
101980
102045
102150
102373
102414
102636
102734
102737
102785
102952
102962
102996
103005
103220
103367
103507
103523
103574
103694
103702
103734
103748
103801
103818
103857
104086
104088
104151
104177
104187
104207
104231
104232
104461
104496
104548
104609
104614
104645
104684
104809
104842
104912
104957
104996
105002
105029
105098
105195
105279
105322
105426
105452
105528
105575
105698
105699
105789
105811
105832
105861
105902
105917
106036
106059
106108
106156
106159
106206
106221
106305
106348
106488
106567
106575
106766
106824
106863
106924
106955
107074
107285
107589
107614
107738
107757
107792
107815
107855
107856
107859
108086
108092
108136
108235
108304
108459
108519
108531
108587
108613
108668
108771
108779
108820
108826
108835
109190
109240
109408
109453
109745
109748
109763
109769
109816
109912
110030
110110
110135
110220
110290
110351
110392
110395
110409
110418
110451
110583
110611
110664
110749
110841
110894
110898
110915
110938
110967
111009
111266
111293
111440
111520
111696
111711
111734
111750
111825
111833
111852
111909
111982
112090
112109
112112
112127
112144
112302
112358
112389
112467
112553
112721
112814
112954
112965
113005
113009
113037
113259
113278
113621
113694
113744
113800
113871
113877
113929
113941
113953
113983
114046
114077
114096
114289
114335
114360
114374
114566
114573
114719
114792
114816
114858
114869
114897
114995
115029
115042
115145
115175
115241
115310
115496
115623
115633
115650
115842
115937
116073
116075
116111
116321
116380
116403
116424
116492
116582
116627
116630
116686
116735
116748
116781
116781
116842
116879
116973
117107
117195
117223
117318
117337
117340
117358
117410
117535
117569
117687
117742
117904
117967
118023
118071
118175
118244
118332
118334
118389
118462
118524
118574
118595
118623
118684
118764
118964
119033
119048
119186
119348
119616
119748
119776
119804
119847
119902
119948
119955
119982
120109
120310
120357
120485
120541
120617
120683
120773
120793
120952
120955
121002
121016
121060
121331
121388
121494
121603
121670
121697
121705
121728
121913
121933
121973
122029
122149
122178
122225
122348
122366
122369
122381
122410
122435
122497
122718
122902
123008
123026
123094
123131
123140
123184
123231
123270
123272
123299
123496
123551
123762
123932
123953
123967
124003
124014
124083
124140
124279
124303
124621
124848
124872
124880
124961
124998
125005
125016
125095
125096
125142
125207
125248
125365
125718
125719
125801
125809
125826
125876
125893
126033
126034
126157
126222
126265
126320
126346
126528
126562
126805
126822
127069
127084
127210
127224
127259
127268
127327
127421
127484
127642
127654
127744
127867
127947
128186
128199
128299
128480
128486
128501
128637
128654
128676
128855
128878
128984
129081
129153
129196
129423
129441
129465
129573
129611
129671
129834
129909
129951
129957
129993
130026
130051
130054
130083
130111
130137
130169
130357
130398
130493
130507
130746
130764
130890
130918
130960
130982
131008
131156
131165
131172
131207
131237
131391
131440
131515
131729
131740
131778
131842
131948
131954
132057
132115
132122
132160
132239
132285
132339
132616
132727
132807
132973
132978
133078
133243
133454
133543
133653
133736
133786
133864
133869
133877
133879
133890
133896
133926
134033
134055
134207
134254
134403
134612
134660
134689
134766
134800
134875
134965
134999
135164
135221
135240
135314
135390
135562
135687
135740
135782
135805
135854
135951
135970
135982
136160
136212
136269
136284
136463
136515
136548
136734
136987
137097
137102
137136
137167
137176
137230
137304
137343
137505
137505
137574
137615
137637
137735
137862
137910
138020
138065
138126
138196
138259
138335
138489
138603
138612
138672
138739
138924
139106
139210
139266
139441
139513
139653
139668
139772
139784
139858
139904
139974
140003
140067
140105
140329
140339
140409
140469
140475
140522
140560
140567
140581
140606
140752
140815
140904
140905
140910
141069
141096
141109
141134
141176
141176
141204
141284
141309
141329
141351
141438
141491
141903
141960
142047
142111
142137
142406
142530
142634
142812
142872
142984
142991
143000
143135
143251
143329
143450
143526
143677
143769
143838
144085
144106
144133
144504
144576
144607
144686
144768
144929
145152
145221
145347
145429
145539
145550
145839
145864
145949
146000
146006
146086
146200
146249
146336
146572
146637
146697
146786
146796
146868
146871
146911
146917
146984
147068
147113
147152
147212
147222
147296
147366
147449
147488
147498
147638
147699
147765
147867
148322
148368
148540
148568
148812
148942
148969
149204
149295
149395
149714
149737
149870
150103
150132
150198
150202
150218
150293
150327
150327
150337
150413
150417
150426
150473
150509
150568
150624
150692
151059
151182
151240
151250
151488
151510
151550
151701
151798
151850
151863
151962
151995
152037
152045
152077
152196
152360
152383
152768
152821
152824
152901
152943
153052
153066
153089
153408
153454
153529
153559
153593
153777
153795
153809
153812
153824
153843
153873
153975
154013
154141
154167
154207
154411
154636
154734
155001
155423
155470
155680
155990
156115
156202
156225
156282
156363
156463
156610
156747
156950
157218
157362
157409
157641
157692
157860
158031
158078
158112
158143
158188
158221
158314
158385
158433
158536
158559
158560
158644
158672
158792
158821
158897
158992
159000
159169
159326
159350
159448
159497
159688
159793
159895
159978
160057
160080
160424
160488
160523
160577
160641
160833
161002
161057
161102
161237
161363
161366
161597
161656
161823
161857
161909
162047
162069
162178
162289
162366
162992
163000
163009
163081
163128
163206
163367
163569
163675
163735
163736
163737
163821
163946
164143
164325
164360
164374
164672
164717
165076
165092
165310
165461
165549
165779
165783
165901
165959
166220
166266
166331
166394
166760
166807
166809
166904
166918
166926
167048
167058
167082
167091
167108
167149
167210
167246
167301
167373
167500
167556
167640
167675
167805
167898
167911
167923
167935
167955
168100
168125
168294
168396
168488
168546
168915
169271
169447
169502
169615
169698
169834
169844
169897
170092
170280
170377
170388
170395
170403
170552
170564
170667
170829
170953
170974
170989
170990
171017
171026
171031
171463
171475
171475
171523
171593
171816
171859
171873
171896
172046
172249
172260
172340
172689
172748
172890
172912
172949
173033
173111
173375
173518
173568
173694
173700
173905
173915
174092
174096
174100
174265
174458
174686
174705
174714
174736
174760
174836
174924
175074
175191
175548
175633
175777
175836
176053
176521
176860
177106
177120
177255
177373
177441
177492
177537
177620
177795
177913
177924
178048
178078
178366
178518
178582
178620
178769
178774
178801
179153
179255
179345
179541
179855
179917
180045
180061
180230
180310
180324
180578
180698
180744
180781
180834
180962
181077
181226
181387
181406
181486
181668
181682
181773
181874
181878
181922
181992
182061
182062
182068
182260
182368
182546
183014
183044
183066
183276
183543
183675
184012
184421
184422
184466
184513
184647
184650
184768
184781
184816
184848
184887
185033
185229
185229
185292
185352
185353
185511
185698
185808
185922
186132
186183
186266
186289
186829
186933
187085
187130
187243
187315
187330
187377
187477
187482
187486
187830
187837
187940
187982
188180
188222
188258
188277
188496
188511
188598
188646
189229
189234
189255
189366
189427
189430
189469
189617
189618
189661
189717
189745
189971
190078
190305
190339
190382
190433
190463
190777
190815
190862
191125
191547
191681
192004
192015
192114
192348
192380
192416
192490
192565
192574
192952
193106
193461
193554
193761
193787
193894
194011
194015
194066
194092
194167
194336
194347
194356
194450
194457
194580
194614
194715
194715
194876
195203
195490
196336
196550
196956
197070
197101
197146
197166
197304
197305
197349
197437
197543
197813
197830
197948
198029
198036
198109
198122
198132
198194
198346
198363
198465
198546
198789
198965
199025
199070
199147
199344
199515
199596
199665
199782
199788
199951
200177
200190
200221
200292
200296
200339
200378
200593
200615
200759
200803
200927
201008
201212
201234
201344
201458
201488
201639
201718
201777
202209
202856
202922
203196
204103
204210
204226
204296
204447
204602
204625
204631
204819
204829
204839
205112
205295
205376
205564
205649
205671
205809
205841
205948
205989
206028
206169
206336
206355
206381
206627
206760
207095
207098
207143
207263
207303
207490
207622
207758
207806
208102
208243
208267
208950
209083
209846
209879
210009
210144
210475
210903
211035
211044
211117
211123
211304
211481
211525
211776
211918
212108
212240
212312
212485
212598
212630
212636
212701
212845
212960
213022
213077
213124
213204
213263
213361
213723
213750
213863
214341
214347
214654
214763
214980
214993
215040
215084
215579
215640
215705
215825
215862
216187
216234
216611
216619
216687
216807
217055
217075
217145
217488
217646
217911
217922
217940
218611
218741
218836
218940
219189
219507
219521
219665
219778
219829
220468
220859
220870
221201
221232
221315
221335
221355
221521
221965
222127
222458
222495
222525
222977
222979
223076
223141
223355
223789
223793
223837
223958
224141
224607
224607
224944
225124
225255
225309
225810
226091
226557
226962
227196
227223
227448
227523
227527
227728
227805
227813
228109
228565
228583
228741
228793
228817
228890
229309
229446
229781
229965
230134
230198
230399
230596
230624
230892
230896
231124
231415
231477
231653
231820
231877
231885
232003
232283
233100
233241
233357
233368
233470
234020
234238
234252
234285
234424
234454
234470
234673
234758
235138
235197
235300
235468
235527
235529
235700
235909
235953
236031
236477
236517
236662
236802
237051
237123
237335
237516
237571
237706
237863
237864
237978
238189
238430
238494
238723
238797
238945
238962
239214
239322
239647
239653
239822
239965
239988
240231
240238
240379
240475
240568
240646
241033
241212
241230
241435
241578
241619
241703
241904
242355
242532
242682
242976
242990
242994
243465
243605
243717
243867
244023
244151
244329
244407
244410
244516
244672
244696
245120
245214
245520
245628
245744
245788
245916
246054
246229
246371
246720
246804
247290
247473
247673
247679
248511
248591
248721
248922
249774
249843
249863
249936
250034
250640
250670
251063
251294
251365
251480
252062
252151
252424
252902
252986
253085
253121
253321
253331
253357
253364
253490
253907
253960
254393
254703
255447
255952
256022
256141
256203
256385
256538
256544
256993
257012
257020
257674
257704
257891
258195
258226
258302
258512
258704
258744
259162
259983
260034
260411
260529
260541
260933
261047
261432
261850
262214
262236
262540
262691
263075
263094
263397
263529
263585
263838
263849
263880
264305
264510
264664
264970
264990
265057
265132
265236
266734
266762
266916
267278
267341
267364
267419
267723
267830
267928
268298
268315
268525
268868
269116
269133
269214
270052
270110
270480
270522
270573
271311
271389
271394
271879
272434
272449
272527
272732
272761
272967
273272
274550
275174
275206
275414
275583
275856
276012
276329
276594
276625
276632
276817
276831
277525
277584
278060
278187
278997
279251
279455
280051
280418
280892
280999
281080
281119
281178
281229
281444
281450
281628
282133
282525
282753
283031
283771
284528
285129
285399
285547
286041
286050
286244
286277
286858
287487
287642
288102
288137
288138
289556
289589
289765
289951
290206
290515
290536
291574
291762
291783
291878
292197
292521
292929
293241
294110
294554
294750
294973
295251
295512
295703
296098
296111
297071
297140
297209
297223
297252
297635
298312
298338
298797
299091
299316
299392
299699
299756
299769
300105
300384
300574
300585
300701
300989
301180
301268
301468
301651
301695
302215
302371
302673
302856
303225
303525
303552
304072
304101
304220
305346
305898
305903
305945
306028
306840
307041
307279
307782
307868
308614
308676
310052
310342
310815
311759
311883
312195
312398
313516
313550
314265
314762
315846
315973
316080
316321
316399
316460
317436
317538
317642
317900
318171
318338
318448
319870
320770
321339
321523
321800
321834
322038
322115
322261
322329
322484
322802
324342
324781
324942
325501
325761
328385
328443
328470
328757
328824
328873
329118
329357
329458
329736
329937
330077
331295
332467
332616
332874
333928
334094
334319
334347
334813
335163
335229
335545
336615
336678
336927
337183
337640
338069
338735
338773
339559
339893
341335
341414
341669
341690
341694
342461
342696
342827
343044
343126
343234
344675
344962
345518
345742
346975
347148
347245
347411
347576
347772
347842
348295
348427
348459
348926
349433
349628
350097
350457
350498
352085
353628
353973
354812
355243
355649
355810
356001
356412
357666
359985
359986
360389
361302
361618
361729
362026
362888
362948
363355
364505
367728
369078
369684
370272
370474
370619
370950
371299
371565
372786
372793
374931
376991
377714
378182
378996
379225
379446
379804
380161
380384
380932
384263
384843
385511
386892
388703
391498
391763
392274
393279
393309
393327
393352
394070
394985
395529
395933
397767
398334
398512
398966
399573
402587
406125
406398
408888
409272
409390
410063
414326
414887
415438
416635
421215
421587
426409
426930
432393
433137
438010
438165
438425
449359
452334
452538
453351
454036
455489
458548
460031
460770
467956
473897
474073
476533
478823
479839
480481
481368
481529
486566
487149
491068
501329
506715
514692
517483
523720
545106
546173
547065
560089
570462
592348
