0
0
161
183
216
256
415
533
548
619
620
662
686
843
926
993
998
1014
1132
1169
1217
1245
1247
1350
1367
1397
1492
1603
1633
1635
1675
1685
1741
1892
1896
1958
1960
1962
2049
2229
2286
2381
2425
2440
2454
2601
2645
2736
2838
2860
2860
2895
2996
3011
3014
3037
3072
3076
3174
3399
3409
3466
3485
3586
3915
3926
3938
3978
4042
4075
4331
4377
4426
4458
4466
4477
4507
4518
4564
4573
4618
4716
4717
4720
4828
4871
4982
5001
5016
5029
5150
5206
5358
5465
5500
5540
5550
5602
5607
5632
5653
5776
5817
5946
6095
6426
6471
6530
6542
6588
6603
6606
6649
6716
6736
6769
6802
6893
6939
6959
7062
7121
7151
7159
7268
7276
7331
7386
7397
7408
7435
7440
7534
7544
7599
7640
7647
7661
7676
7704
7706
7716
7804
7943
7967
8087
8091
8298
8306
8502
8708
8738
8857
8890
8945
8981
9031
9088
9113
9129
9154
9230
9308
9351
9512
9517
9532
9595
9602
9618
9724
9928
9946
10091
10140
10153
10158
10171
10188
10211
10295
10381
10434
10458
10474
10614
10667
10715
10801
10857
10880
10889
10894
10943
11026
11046
11100
11109
11261
11299
11356
11447
11584
11750
11846
11852
11941
12084
12107
12168
12175
12187
12190
12213
12225
12323
12349
12352
12356
12380
12467
12503
12542
12564
12628
12730
12738
12907
12990
13242
13245
13246
13258
13279
13300
13321
13331
13396
13457
13504
13504
13524
13571
13785
13891
13931
13953
13962
13971
13997
13999
14055
14103
14156
14178
14222
14242
14248
14474
14511
14585
14620
14620
14634
14659
14756
14780
14824
14919
14933
14979
15062
15153
15281
15342
15444
15457
15482
15498
15508
15722
15736
15800
15819
15838
15880
15883
16038
16047
16061
16146
16162
16179
16187
16200
16240
16255
16327
16348
16371
16402
16478
16486
16532
16655
16721
16872
16970
17045
17078
17144
17163
17205
17286
17297
17298
17469
17503
17520
17553
17577
17739
17848
17934
17985
17988
18037
18096
18252
18274
18376
18405
18419
18625
18676
18729
18731
18745
18909
19011
19046
19054
19130
19244
19251
19255
19261
19282
19287
19522
19526
19567
19627
19723
20000
20125
20201
20215
20326
20383
20404
20429
20434
20459
20467
20473
20514
20548
20557
20613
20623
20644
20854
21008
21051
21067
21122
21166
21215
21238
21346
21479
21485
21512
21554
21633
21649
21691
21700
21715
21782
21922
21939
22055
22146
22218
22262
22263
22323
22337
22477
22695
22731
22981
23038
23044
23064
23114
23124
23240
23414
23456
23575
23601
23666
23757
23760
23765
23774
23860
23994
24134
24155
24175
24195
24202
24249
24258
24355
24389
24446
24467
24475
24551
24559
24573
24657
24678
24685
24692
24734
24835
24906
24952
25131
25269
25275
25283
25311
25326
25379
25408
25442
25443
25466
25498
25550
25576
25592
25601
25606
25607
25650
25666
25906
26008
26017
26161
26237
26270
26298
26364
26399
26418
26487
26493
26510
26511
26554
26569
26576
26593
26618
26775
26776
26806
26850
26883
26909
26910
26947
27101
27185
27190
27211
27259
27289
27306
27307
27420
27460
27482
27535
27586
27631
27679
27719
27731
27832
27849
27898
27925
27956
27970
27976
27995
28028
28037
28064
28102
28122
28141
28150
28163
28210
28232
28448
28521
28529
28544
28546
28569
28626
28737
28882
28903
28946
29005
29049
29055
29081
29097
29112
29187
29265
29294
29431
29514
29533
29879
30002
30123
30132
30146
30174
30184
30234
30251
30299
30311
30463
30513
30684
30709
30799
30837
30928
31011
31061
31086
31092
31110
31196
31224
31252
31262
31306
31354
31467
31497
31584
31665
31800
31973
31989
32060
32071
32085
32109
32133
32141
32171
32202
32218
32229
32303
32423
32430
32439
32501
32538
32632
32668
32673
32762
32829
32980
33027
33031
33146
33174
33183
33230
33263
33343
33370
33387
33482
33486
33491
33567
33673
33816
33883
33943
34017
34082
34124
34136
34141
34216
34217
34242
34258
34305
34328
34381
34451
34527
34563
34570
34587
34600
34669
34786
34933
34981
35013
35051
35095
35247
35266
35518
35519
35577
35639
35655
35776
35815
35854
35980
36045
36047
36075
36090
36120
36122
36268
36294
36376
36393
36397
36411
36591
36700
36944
36948
37034
37074
37099
37121
37137
37199
37214
37330
37331
37373
37384
37669
37670
37698
37812
37932
37993
38045
38179
38194
38245
38321
38354
38424
38558
38678
38682
38763
38847
38849
38880
38905
38983
39020
39174
39229
39267
39328
39443
39450
39453
39474
39523
39579
39593
39692
39747
39757
39808
39907
39965
40115
40214
40255
40275
40291
40319
40329
40367
40438
40458
40526
40618
40619
40637
40666
40675
40795
40827
40985
41073
41080
41106
41165
41279
41346
41371
41383
41390
41543
41548
41568
41570
41589
41599
41600
41657
41699
41700
41801
41921
42017
42017
42062
42177
42336
42371
42453
42460
42538
42561
42562
42606
42652
42699
42744
42779
42783
42824
42843
42875
42895
42920
42976
42992
43005
43043
43188
43264
43274
43318
43451
43595
43659
43685
43689
43715
43715
43720
43828
43849
43956
44017
44115
44125
44146
44200
44329
44371
44395
44568
44821
44915
45091
45097
45097
45132
45142
45170
45244
45354
45356
45486
45491
45586
45604
45608
45643
45754
45770
45773
45911
45950
45989
46109
46152
46231
46287
46337
46359
46388
46431
46436
46553
46554
46637
46649
46672
46675
46716
46733
46758
46795
46802
46813
46843
46853
46930
47015
47043
47045
47067
47081
47141
47218
47284
47397
47435
47465
47572
47619
47693
47809
47843
47906
47944
47958
48152
48244
48325
48628
48669
48722
48743
48790
48998
49015
49027
49062
49212
49245
49348
49408
49488
49498
49507
49560
49571
49652
49843
50058
50205
50320
50328
50331
50341
50371
50375
50472
50519
50525
50534
50568
50648
50745
50750
50823
50830
50846
50871
51050
51096
51146
51214
51226
51349
51352
51393
51415
51451
51467
51482
51596
51615
51630
51632
51692
51760
51846
51891
51914
51979
52017
52081
52129
52158
52285
52294
52348
52371
52459
52493
52500
52624
52698
52742
52769
52940
53106
53307
53411
53552
53572
53593
53658
53661
53681
53824
53849
54017
54060
54200
54267
54402
54573
54582
54650
54697
54726
54792
54815
54824
54837
54869
54873
54889
55003
55047
55135
55170
55324
55390
55451
55494
55628
55653
55852
55868
55872
56012
56026
56070
56109
56165
56263
56320
56338
56511
56514
56528
56578
56672
56714
56785
56824
56846
56868
56951
56966
57157
57183
57187
57289
57340
57374
57388
57446
57478
57494
57542
57626
57733
57752
57775
57927
58082
58147
58190
58248
58278
58328
58328
58337
58363
58374
58499
58539
58636
58644
58782
58788
58815
58853
58858
58879
58954
58973
59038
59073
59125
59129
59157
59160
59260
59277
59431
59447
59526
59530
59566
59580
59649
59657
59690
59715
59778
59953
59993
60073
60100
60135
60194
60259
60310
60453
60527
60535
60569
60676
60688
60695
60714
60715
60844
60934
61012
61029
61195
61219
61292
61359
61407
61408
61536
61578
61673
61766
61939
61963
61999
62013
62053
62066
62073
62305
62336
62398
62597
62645
62649
62668
62740
62754
62818
62872
62877
62883
62934
62961
62982
63042
63145
63326
63459
63461
63463
63493
63631
63640
63741
63838
63864
63869
64024
64054
64108
64146
64274
64369
64392
64541
64580
64597
64636
64636
64668
64756
64833
64885
64942
64948
65061
65076
65115
65131
65269
65322
65363
65406
65424
65454
65668
65688
65865
65869
65877
65977
66046
66089
66090
66257
66268
66297
66351
66474
66547
66580
66641
66703
66722
66731
66802
66819
66869
67048
67112
67115
67139
67318
67324
67338
67506
67614
67614
67621
67688
67706
67799
67845
67904
67989
68010
68123
68180
68417
68430
68438
68577
68672
68694
68822
68917
68928
69022
69067
69077
69090
69092
69131
69188
69218
69304
69469
69535
69565
69667
69669
69684
69708
69789
69840
69843
69906
69986
70002
70007
70021
70067
70119
70183
70193
70216
70286
70293
70396
70417
70510
70526
70563
70657
70724
70824
70862
70918
71024
71206
71268
71328
71335
71371
71432
71533
71554
71661
71677
71683
71686
71692
71736
71747
71764
71832
71959
71994
72003
72006
72079
72144
72230
72326
72477
72608
72738
72738
72772
72781
72901
73156
73228
73228
73434
73657
73663
73668
73687
73894
74031
74034
74052
74053
74182
74247
74286
74404
74504
74507
74557
74559
74720
74765
74775
74886
74910
74996
75007
75047
75201
75300
75455
75477
75547
75862
75896
76009
76023
76038
76180
76184
76357
76399
76401
76436
76497
76531
76576
76649
76650
76702
76750
76811
76907
76940
77050
77210
77267
77361
77623
77636
77688
77796
77862
77908
78004
78162
78188
78352
78353
78384
78526
78539
78676
78753
78780
78794
78802
78891
78898
79151
79154
79283
79424
79704
79736
79832
79843
79988
80060
80072
80130
80131
80139
80209
80342
80373
80379
80476
80549
80560
80576
80756
80848
81160
81182
81212
81308
81334
81390
81491
81552
81628
81692
81715
81858
81860
81861
81895
81962
82028
82028
82245
82263
82291
82340
82452
82573
82665
82722
82896
82956
82982
83097
83317
83335
83408
83422
83437
83502
83534
83541
83737
83745
83820
83941
83983
84088
84260
84310
84339
84347
84510
84511
84522
84602
84756
84801
84932
85041
85044
85075
85209
85211
85381
85391
85432
85565
85617
85644
85681
85890
85898
85898
85969
85971
85990
85999
86091
86111
86260
86398
86437
86589
86647
86675
86749
86772
86863
86978
87022
87106
87365
87488
87525
87637
87798
87809
87991
88090
88119
88129
88183
88192
88273
88313
88404
88468
88471
88526
88719
88731
88760
88778
88869
89035
89088
89107
89234
89250
89256
89266
89287
89327
89387
89608
89654
89693
89722
89744
89747
89944
89972
89974
90037
90144
90162
90216
90255
90264
90328
90352
90438
90678
90764
90789
90977
91055
91093
91212
91216
91415
91566
91582
91592
91644
91649
91695
91802
91809
91936
91950
92142
92174
92260
92534
92606
92624
92648
92832
92909
92967
93106
93124
93126
93180
93256
93340
93497
93523
93542
93617
93644
93692
93924
94067
94167
94179
94183
94220
94235
94256
94347
94422
94434
94836
94885
94888
94908
94944
95031
95048
95108
95188
95299
95333
95358
95403
95439
95457
95617
95661
95836
95968
96069
96076
96149
96153
96270
96339
96485
96566
96683
96748
96749
96784
96798
96926
97190
97248
97310
97408
97420
97579
97602
97617
97646
97743
97749
97760
97789
97837
97839
97945
97957
97998
98066
98156
98224
98238
98287
98365
98386
98565
98583
98663
98671
98696
98781
98818
98904
98963
99008
99070
99176
99268
99324
99365
99580
99823
99861
99900
99914
99962
100415
100550
100596
100608
100618
100651
100675
100727
100797
100870
100874
100908
100947
100960
101013
101239
101497
101522
101581
101690
101830
101854
101890
101902
101928
101967
101969
102048
102249
102344
102388
102600
102697
102739
102740
102790
102936
103028
103053
103176
103234
103387
103601
103630
103636
103645
103713
103716
103875
103941
103974
104112
104199
104366
104422
104481
104634
104839
104948
104950
105135
105304
105342
105349
105378
105399
105424
105550
105682
105803
105871
105876
105924
105969
106056
106143
106178
106190
106212
106360
106369
106584
106661
106721
106753
106786
106934
106945
107116
107144
107264
107324
107361
107389
107405
107522
107529
107662
107782
107782
107971
108079
108090
108168
108241
108288
108290
108425
108457
108468
108505
108527
108616
108628
108820
108840
108934
108950
108983
109097
109114
109131
109176
109284
109404
109630
109752
109796
110049
110160
110180
110241
110252
110508
110524
110571
110674
110695
110712
110753
110805
110813
110930
110952
111005
111047
111071
111158
111249
111287
111458
111527
111604
111629
111767
111864
112092
112118
112161
112198
112235
112472
112472
112475
112532
112566
112667
112686
112687
112702
112896
112985
113127
113333
113541
113617
113764
113813
113918
114071
114094
114158
114239
114336
114466
114519
114527
114543
114596
114712
114804
115017
115024
115073
115133
115137
115199
115222
115229
115230
115327
115352
115467
115565
115579
115691
115820
115867
115907
116159
116217
116390
116521
116682
116806
116822
116911
116989
117032
117038
117040
117044
117225
117257
117263
117478
117518
117539
117627
117762
117799
117865
117944
118159
118188
118378
118389
118420
118488
118622
118645
118735
118867
118881
118974
119183
119203
119336
119380
119421
119425
119478
119492
119503
119643
119856
120070
120084
120098
120136
120209
120299
120305
120339
120344
120492
120502
120571
120648
120671
120678
120690
120691
120801
120873
121068
121151
121226
121236
121240
121294
121323
121356
121365
121405
121445
121641
121666
121742
121777
121861
121886
121918
121976
122040
122042
122099
122117
122147
122261
122400
122513
122799
122843
122947
123001
123066
123443
123479
123656
123813
123899
123977
124003
124140
124221
124283
124336
124440
124583
124841
124903
124918
125012
125035
125270
125286
125339
125465
125504
125823
125871
126064
126070
126142
126146
126147
126260
126266
126398
126453
126551
126559
126586
126601
126653
126683
126868
126868
126925
126969
127039
127042
127662
127672
127755
127780
127848
127925
128125
128428
128534
128535
128671
128814
128821
128881
128903
129273
129990
130041
130102
130179
130214
130218
130350
130583
130738
130759
130821
131055
131197
131203
131379
131438
131917
132080
132208
132295
132367
132447
132480
132546
132562
132584
132589
133167
133287
133540
133547
133780
133880
133895
133929
133946
134021
134470
134517
134548
134563
134570
134668
134737
134869
134947
134999
135172
135243
135408
135791
135994
136023
136179
136271
136354
136466
136566
136611
136689
136781
136809
137122
137124
137323
137383
137516
137524
137619
137649
137653
137699
137722
137861
137977
138107
138177
138177
138264
138333
138469
138511
138536
138539
138628
138917
138958
138976
139222
139318
139589
139627
139808
139843
139965
139966
140278
140334
140401
140467
140569
140783
140974
141006
141034
141109
141118
141157
141187
141197
141507
141561
141650
141675
141827
142058
142147
142352
142401
142795
142807
142860
143048
143063
143068
143226
143318
143486
143492
143624
143886
143974
144012
144038
144178
144211
144257
144316
144448
144523
144658
144868
144909
144939
145026
145168
145279
145378
145385
145394
145553
145713
145725
145797
145834
145840
146037
146080
146146
146195
146270
146439
146838
147191
147238
147402
147403
147528
147663
147876
147926
148030
148042
148490
149170
149188
149297
149325
149454
149586
149618
149662
149914
150151
150212
150766
150806
150891
150907
150951
150969
150982
151010
151059
151109
151129
151227
151230
151282
151295
151314
151948
152082
152178
152568
152925
153054
153064
153196
153198
153225
153615
153631
153759
153800
153893
153907
154005
154010
154052
154099
154143
154163
154284
154357
154515
154643
154714
154863
154951
155035
155161
155407
155423
155503
155554
155740
155762
155827
155981
156060
156084
156130
156136
156137
156177
156191
156274
156454
156461
156650
156660
156698
156745
156832
156924
156977
157017
157145
157175
157175
157183
157264
157321
157326
157375
157412
157483
157559
157638
157705
158065
158110
158120
158226
158264
158393
158644
158766
158805
158892
158917
158947
159321
159449
159593
159771
159872
160002
160029
160258
160318
160334
160335
160661
160889
160909
160957
160967
161065
161121
161189
161249
161329
161329
161481
161483
161511
161587
161795
161812
161820
161865
161897
162170
162172
162238
162361
162487
162519
162617
162649
162709
162832
163478
163708
163758
163776
163847
164119
164224
164251
164349
164362
164375
164653
164726
164912
164974
165135
165138
165365
165505
165585
165734
165984
166036
166072
166267
166310
166513
166565
166593
166638
166790
166930
166954
166984
166997
167124
167372
167392
167396
167616
167622
167836
167843
167951
168000
168111
168155
168217
168233
168463
168532
168597
168611
168700
168991
169126
169455
169479
169527
169689
169836
169964
169967
169977
170011
170088
170111
170247
170291
170361
170367
170715
170733
170740
170779
170879
170934
171166
171171
171442
171562
171712
172109
172315
172347
172445
172446
172488
172583
172741
172760
173087
173151
173360
173543
173674
174051
174083
174121
174337
174347
174467
174541
174773
174814
174880
175031
175254
175749
175799
176052
176251
176310
176471
176485
176649
176830
176930
176969
177011
177049
177376
177762
177806
177946
178035
178061
178121
178430
178807
178810
179022
179183
179222
179493
179556
179869
179895
179936
180162
180398
180527
180539
180776
180796
181029
181117
181664
181774
181979
182053
182137
182287
182366
182517
182730
182770
182774
182913
182934
182951
182976
183219
183303
183366
183469
183488
183584
183633
183831
183835
183875
183979
184362
184683
184813
184838
184866
185120
185451
185602
185651
185782
185843
185846
185945
186035
186258
186334
186531
186576
186625
186847
186901
187128
187141
187214
187227
187228
187269
187321
187417
187426
187597
187656
187743
187962
187966
187972
187979
188171
188175
188228
188250
188474
188546
189236
189489
190131
190131
190157
190407
190572
190742
190758
190823
191204
191254
191328
191348
191370
191506
191511
191734
191749
191821
191872
192100
192328
192506
192617
192633
192650
192665
193278
193283
193538
193665
193690
194003
194077
194128
194170
194346
194615
194638
194925
194987
195095
195762
195783
195971
196123
196269
196448
196489
196626
196634
196671
196681
196776
196827
197061
197073
197142
197176
197240
197265
197323
197329
197349
197447
197678
197715
197720
197839
198192
198465
198636
198658
199077
199388
199414
199864
199949
200103
200415
200429
200450
200488
200790
200796
201142
201547
201643
201906
202007
202226
202786
202963
203009
203129
203215
203244
203826
203985
204129
204208
204277
204352
204467
204505
204704
204792
204920
205205
205233
205244
205271
205273
205519
205932
205944
206798
206881
207002
207057
207245
207308
207724
208110
208140
208285
208369
208664
208704
208740
208969
208972
209056
209403
209593
209678
209715
209772
209957
210196
210323
210346
211029
211152
211602
212087
212104
212118
212279
212500
212521
212722
212752
212803
212866
213029
213172
213557
213653
213712
213793
213840
213966
214011
214082
214287
214342
214626
214736
214932
215230
215450
215550
215683
215717
215824
215936
216204
216312
216505
216627
216639
216646
216652
216652
216703
216936
216979
217012
217026
217266
217338
217466
217508
217711
218017
218221
218310
218425
218560
218578
218611
219089
219257
219394
219421
219575
220066
220096
220688
220721
220930
220979
221551
221645
221819
221923
221935
221984
222191
222303
222474
222566
223099
223146
223349
223350
223518
223700
223833
223855
223989
224114
224366
224558
225588
225622
226243
226602
226671
226785
227306
227594
228038
228158
228246
228416
228433
228484
228518
228659
229008
229341
229718
229955
230299
230300
230342
231206
231325
231459
231765
231876
232256
232460
232674
232836
232888
233004
233664
233666
234074
234094
234099
234258
234384
234497
234629
234662
235033
235100
235182
235527
235832
236154
236427
236497
236729
236763
236775
236898
236996
237424
237930
238042
238438
238618
238732
238775
238928
239147
239153
239574
239639
239843
239861
240288
240561
240741
240766
240976
241403
241840
241997
242155
242172
242271
242282
242403
242423
242941
243456
243599
243749
243823
243950
244149
244210
244638
244881
244916
245977
246084
246602
246633
246660
246665
246927
247266
247618
247644
247766
247891
248110
248856
248919
249337
250069
250255
250342
250562
250642
250858
250877
251156
252278
252706
252766
252787
253004
253556
253746
253863
254035
254194
254516
254624
254743
254848
254925
255114
255142
255418
255694
255767
256164
256354
256485
256534
256854
257293
257370
257828
258188
258815
258982
259032
259189
259454
259474
260978
261172
261490
261532
262147
262898
262918
263474
263626
264024
264046
264197
264318
264369
265374
266014
266388
266656
266672
266761
266931
267064
267310
267537
268104
268208
268606
268769
268870
268971
269002
269392
269950
270076
270129
270315
270318
270332
270532
270789
271201
271211
271298
271449
271471
271584
271986
272679
272773
273977
274002
274266
274317
275127
275669
275933
275979
276865
277457
277473
278035
278271
278668
278911
278914
279182
279695
279762
280075
280229
280447
280502
280930
281633
281695
281887
282223
282492
282599
282700
282797
282979
283068
283079
283165
283355
283486
283741
283845
284282
284630
286219
286416
286480
287204
287500
288230
288345
288380
288432
288477
288746
289244
289977
290182
290263
290309
291109
291463
292151
292176
292702
292925
293588
293651
293687
293774
293811
293863
294240
294442
295064
295187
295948
296059
296287
296699
297336
297777
297824
298085
298098
298843
299528
300207
300998
301305
301381
301902
302432
302611
302851
303013
303814
304610
304768
304806
305013
305478
305570
306190
307879
308303
308503
308939
309346
309887
310727
311134
311163
311853
312039
312124
312770
312810
313672
313675
313793
314767
315341
316932
317919
317960
318062
318602
318895
319021
319202
319614
320301
320463
320980
321600
321671
321819
322054
322157
322693
323020
324889
325076
325250
325291
325377
326049
326205
326407
326445
326610
327352
327424
327939
329196
329913
330509
330679
331140
331577
331687
332588
333230
334230
335081
336319
336509
336595
336742
338227
338546
339909
340617
340953
341454
341560
342093
342432
343708
343731
347487
349454
349814
350323
350450
351455
351546
351710
353805
354162
355746
356254
356480
357409
357619
357654
357767
357974
358155
359663
360837
361882
362241
362926
363010
363496
366005
366939
368003
368492
368891
370385
370504
370648
371845
371870
374119
375061
375265
376401
377807
378229
378288
378957
379670
380633
380902
381378
381385
384433
385867
388524
389779
393156
394393
396183
403074
403345
405238
405874
406612
410467
411134
411248
412198
412924
415138
416515
417437
419471
419555
420952
422051
423819
424607
425140
425578
427754
428119
428744
429826
430432
430640
432337
433437
433490
433761
433822
436904
437650
441278
441667
443064
444200
448486
449737
451719
453192
454740
466044
469521
469634
470748
471175
471890
472399
483527
490543
491583
498268
518421
524012
526845
557474
564427
