0
0
129
313
375
397
422
498
524
566
595
675
704
754
755
921
925
996
1039
1045
1111
1115
1225
1228
1266
1295
1451
1521
1532
1563
1572
1583
1618
1622
1700
1823
1839
1855
1901
1969
2009
2016
2032
2093
2111
2134
2137
2199
2326
2443
2446
2484
2514
2576
2644
2679
2690
2740
2749
2766
2772
2929
3030
3109
3119
3124
3140
3157
3185
3214
3260
3284
3295
3393
3508
3539
3570
3626
3659
3714
3803
3840
3911
4020
4053
4059
4079
4138
4227
4229
4250
4258
4264
4380
4394
4455
4465
4517
4718
4868
4940
5012
5242
5323
5337
5390
5397
5477
5545
5566
5653
5670
5699
5709
5728
5769
5813
5966
5974
5985
6007
6017
6025
6177
6212
6215
6220
6254
6290
6324
6328
6349
6420
6473
6514
6518
6521
6538
6580
6627
6674
6702
6702
6745
6797
6808
6810
6818
6883
6893
6942
6995
7014
7033
7068
7135
7169
7178
7215
7238
7298
7349
7457
7457
7658
7659
7721
7781
7788
7791
7829
7836
7859
8005
8007
8058
8128
8185
8199
8250
8451
8472
8485
8576
8607
8616
8698
8714
8725
8745
8790
8856
8870
8872
8879
8911
8955
8978
9203
9294
9327
9348
9492
9648
9666
9689
9713
9740
9749
9895
9899
9911
9934
10013
10048
10190
10225
10360
10387
10441
10457
10459
10486
10537
10563
10596
10634
10657
10668
10719
10737
10787
10876
10878
10890
10919
10976
10992
11005
11021
11023
11040
11110
11216
11245
11263
11334
11413
11538
11593
11650
11669
11698
11734
11798
11820
11929
12097
12139
12340
12383
12404
12461
12474
12482
12485
12548
12632
12661
12747
12768
12798
13014
13018
13071
13126
13132
13269
13277
13343
13487
13519
13602
13635
13673
13764
13783
13818
13827
13865
13976
14052
14066
14069
14224
14319
14426
14448
14465
14533
14542
14598
14614
14614
14615
14687
14727
14761
14825
14858
14894
14916
14930
14980
15019
15036
15050
15128
15136
15166
15193
15286
15297
15298
15307
15343
15393
15471
15480
15524
15627
15793
15851
15881
15918
16044
16047
16094
16177
16257
16262
16277
16308
16349
16418
16489
16507
16575
16686
16730
16731
16732
16817
16820
16836
16943
17041
17063
17071
17086
17128
17138
17150
17172
17205
17235
17265
17363
17365
17483
17487
17551
17570
17574
17584
17592
17615
17620
17645
17732
17784
17791
17835
17856
17859
17887
17994
18001
18015
18111
18174
18218
18322
18338
18450
18633
18641
18721
18806
18852
18863
18871
18930
18931
18953
18973
19005
19015
19101
19145
19186
19246
19274
19277
19305
19337
19365
19377
19383
19558
19740
19757
19777
19825
19868
19946
19967
19980
19991
20048
20073
20095
20220
20230
20267
20305
20326
20332
20349
20502
20559
20602
20613
20714
20731
20786
20788
20948
21019
21047
21073
21085
21125
21236
21249
21277
21345
21552
21555
21575
21604
21688
21754
21817
21877
21893
21978
22053
22090
22108
22194
22208
22249
22265
22288
22312
22354
22355
22366
22472
22480
22493
22521
22529
22564
22633
22646
22648
22662
22733
22753
22755
22779
22810
22865
22894
22895
22927
22943
22988
23007
23013
23034
23131
23187
23206
23208
23334
23346
23447
23599
23615
23652
23797
23901
23921
23975
24032
24108
24127
24154
24256
24311
24393
24427
24437
24634
24668
24669
24672
24706
24729
24837
24912
24971
25093
25143
25179
25199
25200
25361
25391
25455
25461
25467
25518
25545
25595
25597
25643
25682
25754
25812
25817
25841
25956
25975
26049
26100
26108
26141
26198
26265
26322
26348
26361
26363
26385
26498
26499
26593
26606
26657
26723
26731
26792
26843
26858
26870
27002
27020
27022
27028
27180
27240
27255
27393
27510
27540
27588
27665
27695
27701
27705
27742
27841
27889
27989
28025
28082
28114
28173
28215
28229
28252
28254
28274
28395
28510
28602
28604
28636
28717
28751
28829
28837
29038
29043
29050
29053
29089
29102
29125
29133
29173
29182
29211
29213
29300
29300
29345
29345
29351
29361
29373
29378
29393
29417
29438
29462
29601
29660
29671
29731
29749
29773
29803
29824
29840
29857
29897
29963
29975
29994
30033
30201
30364
30400
30489
30545
30570
30720
30840
30848
31006
31058
31083
31102
31143
31193
31268
31269
31317
31383
31414
31502
31506
31559
31573
31602
31603
31609
31647
31688
31769
31797
31813
31839
32024
32034
32206
32224
32234
32246
32387
32459
32477
32526
32545
32554
32554
32749
32989
33102
33102
33157
33164
33176
33406
33482
33483
33523
33581
33601
33603
33604
33625
33704
33771
33877
33891
33976
33976
34040
34047
34073
34115
34149
34217
34239
34251
34255
34265
34291
34312
34437
34451
34495
34581
34668
34669
34694
34713
34730
34875
34990
35099
35112
35123
35190
35202
35225
35284
35294
35348
35437
35439
35451
35481
35583
35666
35758
35800
35809
35898
35911
36090
36131
36186
36188
36236
36264
36275
36311
36318
36334
36336
36337
36376
36378
36430
36453
36465
36482
36517
36577
36608
36689
36695
36761
36829
36876
36877
36948
37040
37045
37054
37060
37076
37117
37147
37180
37211
37225
37233
37234
37247
37352
37372
37394
37534
37610
37638
37732
37802
37831
37914
37927
37966
37969
37996
37998
38021
38036
38103
38150
38157
38219
38233
38400
38448
38566
38601
38630
38881
38906
39217
39325
39337
39497
39539
39546
39621
39637
39655
39850
39971
40010
40013
40062
40119
40191
40207
40231
40259
40273
40371
40442
40500
40520
40590
40610
40618
40635
40694
40731
40733
40746
40821
40929
41011
41016
41095
41109
41139
41183
41225
41250
41263
41304
41324
41330
41367
41372
41386
41590
41615
41640
41650
41668
41673
41794
41818
41830
41838
41850
41948
41951
41969
42013
42037
42038
42049
42121
42122
42170
42227
42321
42521
42525
42619
42648
42712
42717
42868
42889
42952
42975
43029
43031
43073
43097
43104
43123
43270
43334
43345
43458
43522
43613
43624
43660
43680
43729
43797
43820
43837
43838
44061
44061
44191
44200
44322
44374
44381
44402
44419
44429
44433
44446
44454
44482
44536
44632
44707
44729
44743
44769
44829
44867
44911
45015
45040
45042
45089
45113
45120
45141
45168
45187
45206
45212
45224
45228
45254
45295
45342
45344
45415
45525
45576
45602
45639
45721
45831
45836
45956
45969
46006
46317
46390
46425
46492
46507
46570
46592
46654
46689
46689
46703
46854
46859
46872
46972
47075
47104
47193
47199
47269
47312
47496
47534
47572
47659
47707
47717
47725
47792
47794
47850
47912
47954
47961
47970
48005
48032
48094
48312
48314
48325
48460
48565
48606
48639
48668
48673
48732
48884
48990
49040
49047
49051
49113
49136
49203
49265
49267
49335
49362
49378
49383
49503
49631
49669
49674
49691
49719
49727
49831
49838
49879
49964
50122
50131
50206
50225
50229
50246
50294
50322
50341
50347
50352
50409
50419
50422
50441
50524
50605
50627
50741
50748
50750
50795
50870
50886
50889
51088
51172
51316
51409
51449
51537
51553
51576
51611
51690
51757
51762
51811
51895
51902
51906
51914
51930
51990
52052
52082
52084
52104
52105
52276
52313
52335
52355
52538
52578
52756
52776
52788
52792
52906
53000
53107
53166
53203
53246
53261
53272
53341
53353
53445
53454
53586
53614
53724
53735
53781
53834
53995
54006
54026
54050
54086
54193
54292
54332
54451
54519
54532
54555
54580
54674
54747
55019
55076
55090
55108
55109
55156
55163
55172
55179
55184
55194
55218
55238
55338
55371
55428
55431
55501
55515
55530
55538
55556
55569
55732
55857
55909
56139
56159
56232
56382
56572
56630
56643
56645
56745
56793
56802
56852
56912
57010
57013
57049
57090
57283
57342
57431
57431
57463
57577
57637
57638
57639
57656
57724
57789
57892
57938
57995
58068
58076
58084
58225
58236
58247
58355
58378
58445
58535
58590
58598
58683
58684
58748
58751
58830
58891
58903
58916
58977
59231
59288
59311
59312
59352
59367
59372
59420
59450
59530
59572
59573
59580
59672
59801
59867
59897
59906
59917
59962
59967
59982
60002
60172
60231
60256
60441
60477
60483
60569
60787
60866
60885
60982
61032
61040
61103
61121
61256
61328
61394
61493
61502
61530
61563
61570
61594
61693
61803
61985
61996
62025
62041
62183
62241
62292
62316
62512
62561
62608
62875
62913
62952
63015
63027
63030
63165
63366
63397
63491
63520
63586
63631
63657
63669
63716
63776
63791
64003
64035
64141
64258
64328
64345
64444
64559
64573
64621
64627
64659
64663
64667
64715
64716
64754
64838
64840
64845
64862
64889
64893
64932
64984
65082
65120
65123
65190
65235
65295
65297
65387
65400
65404
65427
65473
65502
65549
65576
65605
65719
65725
65747
65816
65822
66006
66055
66089
66314
66316
66345
66399
66516
66568
66734
66769
66830
66844
66947
66966
67006
67085
67089
67131
67133
67175
67198
67219
67221
67282
67289
67405
67433
67454
67503
67508
67550
67560
67579
67581
67598
67604
67666
67712
67718
67879
67887
67890
67941
67943
67971
67986
68096
68276
68319
68376
68496
68498
68498
68508
68554
68747
68776
68783
68820
68889
68910
68967
68978
69014
69063
69084
69099
69150
69248
69482
69588
69668
69685
69690
69818
69830
69862
69994
70201
70209
70238
70429
70438
70442
70476
70508
70509
70526
70555
70696
70705
70729
70825
70842
70843
70873
70874
70954
71032
71061
71131
71191
71319
71433
71439
71517
71586
71586
71594
71605
71694
71779
71816
71839
71846
71887
71953
71964
71982
72004
72058
72094
72095
72283
72367
72403
72510
72525
72554
72594
72640
72704
72743
73104
73154
73181
73215
73239
73358
73358
73496
73739
73748
73856
73868
73894
73926
73954
74038
74043
74043
74047
74067
74101
74322
74330
74333
74386
74448
74491
74517
74558
74649
74668
74672
74678
74845
74911
74932
74964
74964
74987
75021
75108
75119
75133
75221
75267
75268
75358
75396
75516
75666
75711
75824
75873
75935
75938
75962
76028
76214
76234
76245
76260
76293
76320
76384
76389
76392
76497
76523
76561
76658
76688
76758
76779
76850
76952
77142
77214
77255
77289
77302
77335
77367
77379
77387
77412
77418
77453
77505
77542
77627
77691
77693
77762
77808
77843
77860
77899
77942
78000
78072
78149
78225
78247
78301
78308
78336
78361
78420
78669
78678
78713
78767
78807
78831
78853
78872
78996
79019
79023
79058
79113
79214
79223
79240
79317
79342
79465
79567
79568
79629
79723
79796
79801
79859
79869
79876
79969
80120
80134
80169
80241
80305
80426
80463
80544
80587
80611
80636
80726
80808
80870
80884
80905
81008
81073
81080
81178
81180
81193
81256
81334
81377
81417
81485
81514
81665
81685
81737
81776
81797
81815
81820
81849
81861
81960
81980
82010
82085
82125
82199
82242
82312
82503
82533
82649
82658
82713
82716
82767
82856
82859
82879
82904
82994
83018
83042
83059
83179
83230
83303
83350
83381
83486
83496
83569
83657
83723
83753
83765
83794
83934
84044
84209
84310
84395
84469
84475
84507
84564
84675
84690
84715
84769
84797
84961
85006
85029
85053
85072
85079
85119
85156
85157
85295
85311
85323
85363
85375
85429
85518
85527
85534
85686
85694
85701
85717
85856
86048
86058
86276
86369
86430
86539
86670
86739
86806
86819
86877
86886
86989
87007
87013
87052
87171
87246
87249
87540
87581
87597
87617
87659
87690
87714
87826
87877
87911
87933
87982
88006
88014
88137
88199
88214
88293
88335
88393
88461
88619
88661
88712
88720
88730
88758
88800
88820
88829
88939
89104
89110
89120
89134
89160
89190
89195
89243
89285
89296
89336
89342
89375
89411
89427
89526
89754
89759
89956
90056
90130
90174
90177
90203
90214
90332
90524
90641
90692
90698
90779
90816
90861
90902
90940
90988
91010
91078
91147
91327
91350
91383
91406
91410
91524
91550
91554
91559
91602
91645
91645
91654
91695
91772
91774
91906
91922
92069
92208
92241
92449
92671
92826
92951
92982
93051
93066
93145
93152
93157
93211
93228
93499
93507
93542
93623
93666
93686
93746
93751
93800
93811
93944
94090
94254
94298
94301
94334
94460
94578
94700
94776
94822
94859
94928
94946
94972
94974
95015
95047
95135
95213
95248
95268
95305
95387
95589
95600
95648
95716
95729
95746
95887
96344
96471
96670
96675
96847
96924
96952
96986
97004
97057
97185
97257
97282
97285
97327
97414
97430
97474
97511
97574
97637
97680
97683
97756
97788
97801
97808
97898
97910
98055
98068
98138
98169
98378
98473
98519
98535
98616
98674
98679
98688
98706
98826
99011
99033
99127
99147
99162
99187
99198
99207
99245
99291
99368
99380
99466
99476
99559
99947
99947
99967
100081
100236
100278
100301
100301
100336
100382
100390
100487
100531
100577
100998
101075
101100
101107
101137
101441
101467
101540
101637
101638
101644
101749
101793
101793
101825
101838
101909
101937
101986
102138
102246
102308
102334
102447
102477
102525
102608
102645
102653
102794
102851
102953
103007
103083
103090
103130
103141
103245
103561
103620
103657
103684
103715
103727
103745
103753
103835
103991
104160
104194
104316
104335
104405
104425
104475
104488
104640
104658
104739
104940
104966
105114
105124
105267
105300
105441
105617
105667
105810
105963
105973
106185
106187
106293
106317
106348
106415
106461
106477
106668
106754
106804
106953
107061
107087
107164
107182
107251
107321
107324
107337
107363
107470
107509
107519
107538
107591
107683
107960
107974
108118
108178
108235
108248
108323
108381
108445
108627
108647
108767
108797
108799
108920
108927
108993
109077
109287
109317
109354
109374
109496
109521
109661
109675
110000
110070
110153
110169
110331
110332
110333
110376
110413
110565
110582
110592
110619
110645
110667
110721
110746
110864
110967
111021
111075
111141
111169
111264
111276
111283
111355
111387
111408
111446
111455
111470
111474
111557
111739
111785
111806
111918
112006
112075
112190
112197
112250
112284
112304
112321
112418
112541
112593
112595
112716
112734
112859
112893
113015
113212
113417
113620
113686
113710
113856
114002
114171
114250
114255
114257
114299
114370
114570
114594
114691
114725
114743
114932
114993
115006
115013
115040
115052
115120
115132
115176
115179
115275
115310
115316
115371
115415
115506
115636
115645
115707
115720
115753
115779
115814
115976
116066
116070
116277
116348
116536
116592
116855
116889
116990
117213
117292
117321
117445
117474
117508
117658
117704
117723
117845
117891
117906
117906
118026
118053
118079
118089
118103
118141
118241
118468
118469
118550
118637
118678
118772
118804
118806
118818
119047
119066
119130
119144
119149
119176
119227
119287
119460
119465
119642
119966
119975
120077
120096
120107
120133
120136
120155
120185
120187
120213
120245
120308
120331
120365
120422
120427
120457
120500
120525
120526
120725
120745
120779
120807
120811
120878
120937
121097
121100
121126
121260
121358
121370
121610
121644
121697
121714
121722
121809
121839
121990
122002
122011
122064
122172
122212
122291
122327
122384
122453
122454
122687
122805
122910
122918
122920
122979
123131
123202
123225
123266
123315
123467
123477
123536
123542
123583
123599
123715
123735
123849
123870
123875
123898
123955
124020
124036
124063
124156
124183
124190
124267
124483
124558
124559
124589
124632
124673
124758
124910
124931
124968
124984
125042
125069
125079
125111
125188
125217
125283
125304
125322
125365
125456
125623
125639
125832
125942
125954
125984
125990
126078
126100
126165
126175
126246
126325
126460
126733
126772
126868
126899
126938
126979
126984
127144
127271
127315
127316
127347
127421
127661
127721
127855
128146
128163
128357
128393
128531
128547
128569
128664
128774
128944
129015
129114
129253
129293
129423
129427
129440
129705
129715
129984
130105
130206
130245
130269
130380
130385
130597
130609
130691
130702
130726
130811
130895
130910
131167
131216
131217
131288
131400
131535
131836
131845
131884
132098
132149
132326
132478
132597
132873
133041
133113
133160
133185
133259
133313
133384
133438
133438
133440
133509
133534
133661
133758
133915
134048
134369
134418
134430
134503
134537
134573
134607
134641
134670
134701
134722
134740
134752
134848
134900
134967
134991
135027
135029
135422
135472
135498
135561
135662
135674
135688
135692
135777
135865
135889
135908
135923
135953
136064
136164
136174
136276
136376
136616
136628
136652
136674
136925
136971
137029
137088
137186
137281
137328
137378
137380
137448
137494
137523
137556
137805
137947
137951
137954
138030
138044
138223
138238
138239
138323
138388
138404
138520
138559
138610
138666
138726
138757
138826
138844
138917
139012
139049
139077
139077
139092
139094
139126
139128
139170
139207
139223
139418
139476
139524
139870
139952
139962
140089
140127
140131
140161
140214
140388
140435
140642
140731
140891
140896
140916
141167
141220
141589
141606
141635
141656
141666
141812
141848
141857
142064
142210
142295
142317
142497
142618
142627
142653
142843
142871
142997
143097
143133
143135
143454
143521
143522
143534
143816
143826
143834
143962
144038
144040
144087
144210
144523
144565
144671
144859
144946
145000
145062
145133
145156
145219
145387
145473
145595
145606
145739
145934
146136
146176
146247
146480
146480
146565
146615
146622
146631
146647
146652
146738
146771
146874
146879
147062
147131
147244
147485
147557
147593
147624
147637
147723
147765
147798
147887
147930
147937
147949
148041
148066
148309
148373
148390
148519
148647
148676
148823
148963
148996
149002
149034
149427
149493
149567
149626
149637
149672
149809
149831
150012
150157
150262
150302
150377
150392
150425
150472
150486
150578
150675
150725
150799
150847
150932
150991
151094
151310
151411
151755
151783
151798
151843
151878
151996
152118
152194
152215
152221
152259
152327
152415
152490
152508
152519
152529
152668
152712
152763
152767
152838
153023
153076
153207
153259
153421
153625
153637
153745
153814
153855
153871
153895
153924
154104
154157
154162
154169
154250
154256
154258
154295
154333
154522
154711
154753
154863
154875
154899
154982
155209
155226
155328
155626
155687
155805
155849
155912
155927
155979
155980
156105
156433
156487
156602
156624
156653
156662
156875
156930
157023
157083
157122
157301
157351
157360
157377
157381
157439
157484
157542
157653
157802
157802
157819
157840
157879
157943
158042
158158
158238
158307
158431
158488
158756
158831
158939
159309
159330
159428
159470
159496
159500
159538
159547
159783
159815
160243
160286
160475
160654
160695
160696
160705
160722
160750
160756
160802
160851
160911
161191
161503
161562
161733
161741
161952
161953
161962
162100
162113
162150
162152
162295
162383
162481
162545
162616
162731
162798
162820
162907
163161
163179
163193
163273
163280
163281
163405
163521
163531
163759
163977
163989
164046
164152
164209
164252
164350
164434
164512
164544
164554
164558
164559
164579
164580
164593
164785
164878
164900
164979
165012
165038
165085
165300
165303
165312
165414
165439
165714
166056
166145
166196
166365
166455
166572
166650
166652
166666
166717
166972
166979
167063
167093
167111
167243
167392
167460
167798
167834
167911
167922
167967
167977
168015
168139
168142
168190
168393
168449
168519
168770
168825
168935
168998
169018
169231
169487
169488
169511
169666
169691
169858
169863
169968
170165
170199
170230
170291
170306
170351
170464
170502
170790
170887
170907
170907
170930
170973
171055
171121
171141
171214
171218
171338
171472
171531
171540
171659
171796
171824
171907
171929
171988
172139
172297
172302
172312
172421
172426
172481
172504
172669
172793
172954
173020
173262
173263
173335
173440
173443
173473
173497
173502
173510
173620
173847
173942
173972
173974
174069
174382
174503
174649
174658
174826
174934
175018
175196
175582
175614
175635
175744
175888
175889
175925
175929
175932
175985
176046
176114
176131
176234
176413
176428
176451
176461
176466
176613
176630
177169
177222
177250
177428
177428
177436
177437
177457
177660
177705
177919
177993
178125
178152
178197
178243
178496
178710
178861
179327
179503
179684
179851
180131
180158
180257
180268
180285
180403
180449
180535
180598
180793
181026
181028
181050
181180
181258
181364
181439
181514
181829
181905
182041
182175
182204
182214
182404
182430
182517
182558
182661
182795
182845
182881
182902
183021
183032
183140
183604
183630
183696
183754
183778
183855
183878
183891
183938
183962
184152
184185
184279
184340
184346
184500
184617
184839
185121
185184
185221
185356
185395
185481
185957
186016
186453
186459
186468
186528
186583
186732
186865
187099
187336
187460
187597
187663
187844
188027
188231
188266
188419
188588
188650
189134
189164
189419
189912
190156
190203
190314
190342
190350
190358
190413
190623
190819
190889
190978
191024
191059
191103
191155
191303
191458
191499
191533
191625
191764
192019
192034
192199
192256
192662
192749
192906
192910
192915
192989
193140
193226
193256
193264
193292
193311
193365
193495
193590
193785
194104
194207
194272
194394
194589
194800
194861
195014
195038
195408
195511
195544
195636
195656
195732
195892
196184
196579
196678
196867
197194
197238
197319
197391
197467
197782
197839
198105
198582
198585
198795
198884
199147
199306
199475
199697
199934
200044
200256
200320
200501
200752
200994
201017
201126
201132
201254
201464
201724
201785
202092
202121
202193
202203
202280
202444
203076
203144
203151
203246
203352
203374
203377
203408
203680
203753
203957
203998
204053
204071
204598
204656
204673
204784
204923
204972
205313
205366
205536
205669
205742
205782
205799
206141
206337
206415
206465
206664
206755
206837
207019
207081
207088
207300
207351
207451
207547
207566
208102
208145
208259
208513
208514
208562
208787
208934
208961
209044
209111
209135
209137
209174
209314
209896
209966
210018
210022
210050
210130
210290
210538
210546
210751
210874
211067
211109
211112
211227
211398
211561
211956
212416
212474
212598
212702
212703
212866
212922
212939
213024
213284
213493
213608
213734
213743
213797
213843
214034
214289
214393
214485
214507
214555
214567
214623
215064
215107
215190
215249
215603
215796
215834
215955
216019
216112
216279
216290
216764
216785
216888
216936
217141
217167
217413
217463
217620
217898
218234
218667
218917
219355
219401
219594
219644
219787
219864
219865
219897
219994
220043
220098
220225
220330
220429
220437
220497
220510
220688
220821
220852
220867
221122
221250
221259
221296
221339
221466
221537
221776
222304
222603
222691
222723
222771
222972
223513
223607
223669
224394
224407
224525
224669
224830
225397
225639
225777
225886
225922
226677
226705
227050
227133
227194
227279
227294
227569
227595
227792
227883
228248
228371
228383
228580
228740
229090
229316
229778
229807
230176
230234
230345
230397
230407
230417
230702
230714
230826
230842
230963
231221
231230
231285
231343
231844
231857
231934
232117
232190
232300
232375
232480
232570
232610
232771
233043
233089
233292
233539
233768
233886
233967
234048
234305
234638
234928
235292
235636
235660
235662
236571
236688
236738
236884
236920
237077
237585
237600
238149
238252
238349
238371
238384
238660
238834
238873
239065
239179
239213
239684
239754
239756
240323
240685
240793
241309
241415
241470
241553
241650
241667
242088
242139
242479
242626
242998
243083
243166
243344
243577
243714
243775
243937
244169
244217
244248
245400
245528
245934
246161
246234
246406
246593
246762
247165
247233
247310
247393
247628
247720
247775
248135
248194
248301
248557
249013
249069
249162
249295
249783
249880
250031
250164
250307
250384
250432
250530
250827
250978
251029
251216
251459
252055
252240
252571
252805
253165
253174
253387
253449
253543
253710
254018
254432
254580
254583
255893
257111
257477
258065
258205
258266
258416
258554
258573
259349
259547
259604
259818
259826
259833
260009
260449
260479
260489
260495
260545
260700
260887
260959
261199
261284
261454
261727
262215
262647
262983
263024
263281
263371
263616
263912
264145
264515
264591
264771
264954
265312
265706
266076
266142
266499
266793
266884
267051
267061
267283
267312
267710
267852
268132
268464
268631
268670
268675
268813
269052
269515
269652
269758
269966
270130
270250
270264
270582
270769
271167
271341
271434
271443
271546
271788
271958
272041
272090
272314
272551
272865
273692
273810
273844
274174
274466
274476
274510
274560
274568
274650
274896
275046
275165
275365
275427
275756
275947
275955
276109
276125
276240
276292
277055
277184
277222
277451
277821
277822
278334
278754
278885
279091
279732
279918
279949
280002
280196
280394
280616
280726
280804
280907
281084
281531
281607
281874
282228
282333
282755
282810
283014
283196
283228
283350
283382
284058
284139
284780
284840
285422
285479
286488
286498
286895
287141
287423
287512
287567
287734
287743
287786
287941
288470
288663
288991
289197
289288
289445
289852
289992
290325
290537
290954
291283
291362
291628
291846
292106
292226
292872
293019
293212
293696
293781
294043
294268
294304
294388
294913
295238
295407
296122
296713
296869
297316
298142
298264
298606
298659
299018
299141
299190
299507
300017
300299
300499
300553
300917
300955
301296
301632
301795
302071
303139
303513
303520
304233
304260
304492
304541
305102
305307
305436
305959
306135
306531
306609
307187
308700
308866
309049
309325
310215
310310
310322
310525
310854
311243
311619
312215
312943
313824
314684
314710
314908
315218
315227
315836
316791
316842
317230
317363
317546
317870
318139
318181
318418
318521
318577
319888
320305
320654
321455
321497
321691
322034
322064
322620
322921
323147
323272
323331
324636
324657
324678
324787
324840
325184
326030
326782
327042
327210
327335
327362
328175
328601
330308
330369
330596
330835
331146
331168
332028
332142
332237
332535
332553
332767
332876
333258
333757
335867
336618
337276
337371
337552
337802
337993
338116
339229
339744
340000
340471
340971
341650
342175
342203
342226
342712
344504
344906
345278
345337
345782
346242
347230
347283
347299
347794
348458
348642
348667
348727
349391
351379
353341
354270
354994
355130
355326
355489
356412
356997
358368
359248
359423
359669
360373
362014
362400
363244
363252
363668
364380
364411
364485
365138
365387
367597
367671
368976
368982
369726
369818
370096
371583
372253
372398
374401
374946
377587
381319
381776
382721
382867
382976
383654
383924
384743
385216
386782
386879
387074
387310
388413
389663
389917
390439
390678
391770
391783
392642
393472
393645
395033
395110
395395
395476
397107
397633
399624
400144
401868
402725
404878
407087
407810
408233
410597
410711
411165
411636
412542
413022
414935
414958
416365
419563
419907
421618
422420
422800
425046
426659
426720
431810
434741
438858
439507
439544
439841
441543
444188
446177
446545
447038
448420
451022
452234
454493
454583
456511
457827
462076
466340
466621
466916
471747
471890
473239
483405
495942
496229
497445
498883
507244
517413
518996
532845
543205
547631
550590
560290
561842
577748
587184
629462
681562
