0
0
88
126
131
178
225
243
267
354
362
365
438
462
591
603
651
702
790
812
1048
1060
1063
1082
1206
1278
1311
1380
1568
1626
1752
1813
2023
2037
2061
2083
2252
2271
2364
2395
2401
2422
2442
2467
2539
2545
2592
2642
2656
2660
2664
2728
2813
2875
2886
2940
2973
3095
3163
3167
3223
3268
3300
3358
3368
3370
3409
3445
3467
3525
3553
3560
3682
3722
3748
3779
3782
3811
4064
4194
4237
4315
4320
4334
4367
4383
4416
4587
4604
4650
4680
4689
4812
4835
4921
4933
5001
5020
5021
5055
5081
5247
5254
5296
5348
5370
5408
5444
5543
5554
5583
5587
5590
5592
5620
5676
5724
5742
5817
5870
5880
5885
5902
6011
6038
6048
6069
6127
6183
6247
6270
6346
6441
6444
6499
6527
6561
6614
6627
6700
6702
6751
6875
6917
7170
7206
7281
7402
7403
7541
7647
7722
7725
7751
7763
7828
7828
8022
8101
8147
8169
8200
8217
8243
8262
8301
8402
8434
8494
8502
8527
8548
8571
8675
8772
8785
8864
8905
9025
9201
9210
9331
9370
9378
9457
9468
9519
9599
9614
9622
9667
9724
9749
9775
9862
9905
10010
10054
10142
10145
10170
10172
10174
10191
10195
10219
10247
10264
10345
10418
10462
10617
10673
10706
10722
10800
10889
10924
10995
11047
11073
11116
11124
11125
11132
11138
11454
11455
11524
11562
11605
11629
11638
11682
11704
11736
11781
11841
11926
11982
12008
12014
12033
12087
12102
12193
12223
12228
12276
12368
12451
12507
12664
12665
12722
12744
12754
12857
12979
13028
13030
13204
13333
13381
13396
13424
13434
13474
13506
13553
13577
13598
13601
13611
13636
13655
13682
13687
13733
13815
13887
13940
14002
14075
14094
14183
14199
14296
14325
14363
14365
14375
14522
14533
14548
14612
14649
14651
14689
14691
14697
14707
14768
14816
14896
14935
14938
14996
15029
15056
15119
15146
15150
15165
15171
15224
15274
15295
15443
15446
15460
15477
15560
15582
15586
15597
15599
15696
15699
15703
15703
15819
15848
15851
15881
15893
15905
15961
16082
16233
16260
16395
16407
16465
16518
16529
16543
16591
16675
16683
16771
16778
16792
16831
16839
16870
16967
17040
17050
17127
17134
17139
17206
17248
17295
17317
17338
17445
17527
17533
17588
17600
17601
17601
17631
17675
17886
17936
17944
18027
18037
18059
18092
18184
18205
18216
18234
18411
18436
18440
18443
18568
18703
18756
18797
18811
18811
18876
18933
18983
19168
19237
19266
19268
19271
19308
19430
19442
19507
19583
19672
19716
19803
19809
19958
20025
20054
20184
20200
20261
20312
20528
20582
20725
20807
20812
20853
20960
20974
21024
21026
21145
21184
21204
21218
21308
21328
21336
21393
21401
21405
21424
21457
21568
21581
21639
21648
21759
21783
21876
21949
21959
21971
22055
22156
22179
22227
22285
22293
22442
22496
22507
22527
22555
22729
22790
22807
22929
23018
23063
23065
23073
23127
23151
23175
23199
23270
23303
23485
23509
23524
23635
23679
23742
23752
23793
23818
23821
23872
23878
23958
23970
24106
24147
24324
24335
24347
24349
24362
24454
24497
24523
24553
24620
24746
24779
24869
24875
24933
25074
25081
25112
25186
25186
25197
25260
25261
25262
25342
25360
25364
25414
25440
25461
25529
25542
25580
25694
25758
25792
25864
25898
25912
25920
25922
25942
25945
25954
25960
26052
26069
26181
26192
26256
26263
26284
26357
26393
26509
26545
26663
26707
26819
26840
26848
26902
26946
26951
26968
27079
27101
27124
27163
27271
27324
27346
27424
27559
27568
27595
27595
27600
27603
27662
27678
27767
27822
27828
27842
27895
28097
28128
28131
28204
28209
28217
28278
28316
28330
28449
28485
28542
28661
28738
28824
29017
29099
29163
29301
29310
29353
29365
29381
29398
29399
29493
29499
29572
29673
29674
29711
29721
29746
29755
30059
30116
30235
30309
30313
30341
30348
30395
30401
30403
30409
30439
30453
30484
30531
30532
30568
30568
30703
30735
30749
30788
30858
30858
30914
30929
30969
31051
31051
31108
31233
31309
31346
31347
31425
31502
31574
31615
31629
31633
31663
31753
31759
31781
31825
31830
31895
31920
32112
32136
32155
32181
32325
32421
32456
32465
32539
32540
32624
32672
32693
32695
32714
32787
32840
32844
32847
33000
33036
33053
33234
33246
33263
33302
33331
33386
33407
33460
33469
33519
33689
33707
33754
33755
33768
33860
33945
34023
34057
34134
34256
34284
34293
34300
34301
34322
34330
34432
34471
34514
34579
34579
34632
34671
34675
34796
34799
34803
34842
34974
35002
35002
35012
35024
35034
35084
35109
35169
35270
35304
35347
35499
35585
35589
35753
35784
35806
35830
35854
35901
35909
35948
36029
36123
36162
36171
36221
36377
36424
36442
36652
36706
36784
36856
36874
36879
37053
37075
37080
37100
37103
37209
37278
37333
37341
37450
37453
37579
37629
37655
37660
37667
37730
37849
37863
37880
37880
37885
38071
38080
38142
38165
38168
38189
38223
38225
38266
38304
38377
38390
38432
38485
38506
38511
38552
38601
38669
38711
38711
38715
38777
38837
38842
38891
38892
38970
39098
39242
39408
39492
39493
39493
39543
39567
39614
39615
39687
39747
39849
39996
40003
40200
40297
40401
40411
40428
40602
40651
41023
41110
41132
41200
41333
41471
41479
41543
41557
41579
41701
41733
41761
41875
41879
41898
41952
42035
42074
42087
42121
42125
42140
42229
42237
42264
42390
42433
42440
42462
42508
42572
42595
42691
42762
43224
43315
43383
43402
43435
43512
43524
43545
43573
43766
43881
43903
43905
43910
43919
43981
43989
44045
44126
44358
44439
44485
44533
44634
44689
44719
44803
44854
44913
44971
44976
44996
45018
45043
45159
45220
45271
45332
45335
45352
45450
45472
45477
45524
45538
45553
45718
45756
45782
45811
45978
46053
46115
46196
46339
46378
46633
46743
46864
46896
46998
47018
47087
47164
47190
47359
47425
47433
47438
47444
47457
47524
47543
47553
47613
47634
47634
47643
47649
47662
47702
47736
47769
47784
47890
47944
48014
48025
48082
48272
48335
48372
48395
48478
48500
48595
48852
48911
48937
49025
49029
49106
49149
49179
49209
49263
49358
49560
49588
49590
49599
49615
49761
49763
49833
49898
49952
50068
50071
50133
50137
50212
50212
50295
50355
50371
50403
50420
50521
50602
50630
50671
50682
50682
50705
50818
50850
50910
50921
51131
51182
51219
51257
51306
51328
51353
51388
51390
51411
51472
51475
51515
51525
51536
51566
51622
51674
51700
51810
51839
51855
51873
51993
52016
52032
52055
52127
52140
52142
52145
52154
52163
52193
52228
52235
52298
52420
52518
52568
52613
52618
52660
52726
52766
52798
52920
52978
52980
53027
53060
53083
53170
53194
53233
53262
53352
53382
53571
53616
53649
53660
53672
53688
53740
53749
53778
53782
54178
54223
54318
54411
54458
54510
54535
54542
54584
54584
54597
54693
54785
54852
54887
54954
55032
55176
55187
55228
55279
55289
55293
55334
55656
55667
55668
55703
55721
55828
55865
55868
55874
55929
55992
56080
56155
56276
56320
56376
56387
56402
56457
56468
56490
56561
56639
56655
56785
56785
56827
56889
56923
56948
57049
57094
57213
57406
57413
57448
57478
57515
57568
57570
57582
57600
57617
57836
57862
57876
57877
57946
58001
58080
58099
58201
58349
58362
58378
58448
58490
58496
58618
58625
58631
58722
58738
58819
58848
58867
58875
58891
58997
59003
59123
59186
59197
59212
59278
59321
59349
59357
59498
59759
59846
59967
60009
60036
60073
60108
60148
60197
60312
60428
60475
60646
60689
60785
60860
60985
61037
61099
61101
61127
61206
61220
61257
61258
61289
61304
61381
61384
61405
61466
61527
61531
61587
61596
61650
61747
61815
61815
61855
61894
61946
61995
62171
62249
62349
62402
62515
62592
62655
62665
62793
62839
62869
62884
62892
62895
63053
63062
63080
63124
63197
63280
63467
63473
63494
63647
63722
63787
63796
63828
63914
63921
63931
64022
64040
64044
64120
64206
64229
64287
64300
64332
64342
64349
64401
64411
64505
64507
64538
64751
64784
64799
64839
64858
65029
65033
65072
65151
65161
65193
65220
65248
65285
65302
65374
65401
65427
65448
65451
65715
65716
65749
65831
65867
65946
65952
65968
66108
66127
66179
66280
66364
66375
66560
66582
66688
66763
66783
66807
66871
66906
66940
66976
66978
67003
67016
67055
67162
67210
67430
67441
67506
67561
67579
67630
67752
67844
67871
67875
67891
67927
67931
67990
68187
68273
68307
68380
68425
68582
68639
68652
68661
68778
68854
68863
68873
68916
69039
69122
69124
69235
69268
69278
69402
69416
69471
69611
69709
69849
69911
69914
69956
69962
69968
69983
69996
70005
70020
70067
70148
70213
70266
70422
70431
70548
70624
70668
70810
71029
71167
71184
71372
71390
71422
71439
71474
71530
71543
71591
71633
71783
71812
71943
71973
72025
72082
72250
72272
72356
72369
72455
72498
72578
72651
72670
72685
72727
72846
72888
72904
73163
73218
73235
73287
73338
73350
73380
73390
73398
73497
73584
73630
73748
73851
73962
74006
74019
74080
74098
74244
74328
74331
74479
74717
74925
74927
74931
74978
74986
75017
75057
75081
75130
75207
75242
75245
75295
75331
75370
75413
75451
75474
75508
75640
75696
75759
75828
75873
76277
76391
76559
76752
76921
77015
77028
77110
77135
77211
77228
77301
77393
77447
77481
77526
77593
77616
77749
77749
77755
77784
77869
77894
77964
78059
78115
78160
78219
78224
78237
78316
78337
78379
78386
78438
78689
78705
78823
78895
78898
78919
79015
79182
79199
79208
79223
79368
79586
79744
79765
79787
79827
79984
80123
80138
80237
80256
80347
80385
80458
80672
80738
80742
80815
80846
80853
81033
81060
81084
81102
81162
81276
81335
81354
81440
81457
81459
81517
81523
81590
81711
81758
81759
81798
81821
81835
81849
81870
82021
82032
82041
82089
82111
82195
82345
82382
82399
82433
82476
82580
82703
82837
82840
82863
82881
82885
82977
83158
83225
83262
83302
83453
83470
83537
83544
83573
83618
83640
83654
83655
83677
83706
83725
83768
83862
84007
84149
84274
84448
84473
84529
84566
84591
84648
84870
84922
84976
84990
85087
85089
85108
85123
85129
85261
85412
85474
85483
85497
85559
85661
85700
85725
85764
85773
85834
85843
85991
86091
86120
86272
86381
86477
86566
86748
86769
86801
86825
86843
86875
86971
87017
87022
87072
87098
87179
87183
87259
87281
87281
87354
87448
87457
87477
87583
87593
87682
87699
87700
87752
87819
87826
87842
87899
87940
87971
88005
88032
88159
88180
88188
88269
88325
88438
88643
88652
88656
88677
88707
88757
88759
88849
88872
88873
88879
89155
89262
89406
89414
89432
89518
89522
89597
89675
89803
89822
89904
89947
90029
90035
90186
90194
90219
90344
90360
90369
90534
90538
90568
90575
90594
90669
90781
90846
90875
90911
90916
91160
91308
91321
91362
91395
91472
91477
91495
91565
91611
91618
91713
91900
91931
92052
92151
92157
92405
92445
92447
92504
92530
92531
92621
92644
92714
92746
92778
92969
93018
93047
93110
93281
93428
93434
93454
93467
93495
93504
93547
93557
93607
93676
93686
93800
93837
93846
93862
93903
93924
93932
93939
93985
94056
94056
94083
94120
94241
94251
94329
94329
94491
94524
94584
94585
94613
94677
94735
94767
94814
94885
95004
95008
95022
95105
95227
95340
95523
95549
95742
95828
95837
95850
95857
95895
95908
95946
96092
96124
96194
96257
96342
96405
96438
96504
96544
96647
96664
96847
96850
96910
96973
97077
97151
97155
97157
97224
97327
97490
97520
97710
97733
97763
97792
97841
98050
98168
98378
98471
98499
98617
98657
98665
98751
98849
98885
98899
98913
99018
99098
99148
99170
99239
99305
99354
99563
99606
99644
99649
99832
99843
99845
100008
100039
100047
100091
100137
100210
100272
100317
100344
100421
100491
100505
100520
100560
100574
100576
100615
100656
100767
100830
100840
101022
101103
101212
101307
101362
101374
101449
101463
101496
101560
101613
101664
101720
101773
101949
101971
101972
102077
102083
102119
102312
102620
102659
102808
102842
102866
102902
102935
102978
103158
103166
103211
103229
103236
103330
103410
103468
103485
103529
103554
103592
103694
103760
103899
103927
104034
104047
104090
104110
104202
104207
104323
104357
104363
104465
104606
104609
104636
104664
104763
104866
104877
104923
104945
104963
105011
105025
105043
105125
105244
105290
105394
105395
105453
105458
105543
105559
105566
105625
105727
105802
105857
105895
105938
106056
106066
106070
106080
106173
106227
106265
106372
106377
106572
106676
106697
106859
106873
106905
106936
106939
107019
107038
107069
107086
107171
107237
107433
107475
107500
107624
107664
107758
107788
107977
108108
108114
108131
108166
108277
108285
108297
108306
108350
108362
108438
108547
108623
108775
108864
109079
109175
109324
109339
109402
109444
109514
109548
109563
109568
109631
109683
109805
109825
110045
110117
110146
110190
110449
110482
110516
110561
110574
110580
110678
110727
110826
110892
110898
110935
110987
110992
111098
111202
111404
111491
111511
111643
111815
111834
111889
112013
112018
112096
112187
112262
112314
112495
112510
112562
112614
112646
112665
112669
112946
112979
113037
113101
113120
113211
113215
113296
113368
113422
113760
113785
113803
113816
113859
113867
113957
113968
113985
114014
114058
114085
114118
114136
114158
114176
114209
114251
114253
114305
114553
114625
114639
114828
114950
115063
115094
115175
115255
115285
115355
115396
115538
115663
115844
115871
116093
116272
116294
116307
116344
116422
116492
116505
116535
116645
116671
116704
116712
116752
116783
116869
117055
117168
117225
117595
117678
117700
117775
117810
117829
118040
118175
118203
118328
118361
118454
118541
118583
118589
118607
118817
118963
118982
119032
119040
119056
119063
119146
119204
119450
119499
119524
119672
119733
119795
119848
119866
119879
119930
119958
120103
120190
120239
120341
120399
120400
120470
120494
120535
120594
120611
120626
120741
120746
120775
120786
120815
120889
120940
121029
121087
121125
121208
121396
121406
121503
121691
121765
121815
121853
122040
122045
122047
122077
122088
122202
122258
122309
122433
122463
122604
122608
122611
122711
122842
122894
123011
123017
123111
123238
123286
123449
123450
123549
123778
123795
123806
123814
123839
123883
123916
124361
124370
124421
124445
124631
124632
124648
124648
124662
124668
124680
124841
124903
124946
125011
125035
125050
125251
125361
125525
125559
125561
125592
125746
125912
126050
126080
126116
126193
126265
126352
126446
126533
126552
126556
126626
126671
126895
126915
126997
127167
127179
127214
127230
127246
127254
127270
127507
127727
127775
127798
127896
127961
127992
128002
128005
128007
128022
128086
128215
128420
128443
128645
128681
128730
128903
129203
129266
129299
129342
129421
129461
129724
129749
129754
129755
129779
129782
129787
129802
129876
129918
129997
130090
130311
130488
130560
130587
130594
130622
130651
130707
130729
130805
130853
130920
131140
131362
131453
131493
131537
131584
131728
131755
131823
131825
131831
131909
131992
132065
132337
132370
132431
132733
132786
132811
132864
132897
133048
133070
133080
133083
133110
133297
133314
133428
133598
133615
133673
133763
133867
133924
134075
134109
134376
134558
134661
134848
134850
134959
135201
135208
135305
135427
135525
135577
135667
135924
136066
136273
136295
136333
136354
136446
136473
136492
136709
136761
136785
136791
136826
136833
136917
136981
137006
137037
137075
137093
137107
137136
137230
137288
137353
137383
137499
137575
137817
138115
138116
138158
138223
138273
138284
138298
138405
138445
138591
138593
138668
138964
138978
139010
139014
139165
139240
139261
139819
139848
139858
139924
139929
140002
140061
140110
140211
140246
140263
140460
140469
140699
140779
140812
140880
140881
140897
141142
141153
141273
141483
141522
141586
141596
141613
141653
141676
141747
141770
141896
141936
141969
142064
142082
142157
142188
142284
142312
142331
142331
142350
142434
142484
142498
142563
142570
142646
142813
143294
143497
143499
143506
143538
143655
143673
143749
143778
143803
144062
144124
144245
144256
144328
144367
144395
144505
144671
144690
145189
145259
145449
145639
145646
145769
146130
146389
146433
146555
146555
146559
146605
146635
146711
146784
146850
147006
147019
147047
147302
147368
147418
147430
147544
147645
147674
147727
147778
147842
147881
148068
148167
148223
148292
148343
148361
148501
148502
148509
149136
149191
149193
149232
149413
149435
149452
149535
149683
149882
149960
150018
150024
150050
150360
150634
150650
150692
150699
150742
150753
150780
150903
151013
151160
151299
151316
151409
151616
151729
151774
151816
151860
151874
152006
152228
152246
152498
152565
152673
152831
152976
153177
153258
153352
153529
153537
153543
153581
153619
153645
153677
153808
153882
153952
153993
154022
154044
154129
154152
154202
154329
154404
154643
154782
154919
155041
155184
155211
155337
155518
155534
155556
155679
155700
155708
155710
155837
155982
156004
156015
156355
156356
156411
156498
156503
156505
156728
156905
156947
157025
157060
157122
157248
157495
157499
157507
157582
157586
157603
157680
157812
157819
157875
157892
158198
158273
158305
158323
158717
158787
158795
158934
158966
159014
159036
159262
159390
159433
159440
159479
159595
159843
159895
159920
160109
160199
160227
160420
160426
160432
160636
160930
160971
160971
161055
161237
161258
161318
161442
161455
161471
161535
161565
161604
161611
161668
161678
161689
161737
161747
161782
162149
162379
162511
162709
162841
163080
163122
163368
163429
163673
163749
164162
164264
164390
164436
164494
164503
164516
164542
164594
164633
164792
165079
165363
165419
165429
165773
165775
166161
166195
166265
166450
166474
166966
167018
167183
167185
167500
167910
167924
168206
168234
168501
168569
168580
168636
168730
168803
168842
168854
169053
169246
169299
169389
169598
169822
170385
170525
170578
170578
170595
170728
170757
170783
170865
171137
171162
171275
171284
171318
171422
171443
171493
171598
171826
171938
171952
172215
172405
172572
172588
172783
172842
172933
172935
172937
173041
173167
173177
173336
173497
173531
173623
173629
173649
173680
173848
173863
173934
173976
174076
174537
174600
174696
174776
175130
175254
175310
175675
176119
176128
176267
176295
176398
176485
176813
176884
176893
176901
176972
177078
177159
177217
177395
177668
177716
177888
178008
178153
178199
178225
178342
178436
178505
178931
178936
179262
179322
179523
179527
179848
179894
180021
180039
180357
180372
180404
180470
180605
180761
180830
180845
180882
180953
181003
181053
181133
181152
181397
181434
181609
181861
182027
182184
182239
182251
182286
182443
182665
182725
182850
182986
183184
183246
183249
183258
183752
184050
184086
184120
184210
184240
184375
184471
184480
184690
184925
184962
185050
185239
185330
185731
185905
186043
186171
186282
186366
186493
186507
186621
186935
186969
187173
187243
187273
187575
187618
187766
187800
187940
188087
188187
188520
188812
188850
188934
189043
189127
189447
189464
189636
189724
189746
189776
189897
190113
190141
190167
190186
190202
190302
190321
190641
190654
190715
190828
191068
191163
191325
191350
191860
191927
192030
192064
192123
192128
192167
192292
192310
192462
192807
192957
193606
193819
194130
194139
194390
194400
194415
194738
194867
194871
194905
194926
194960
195505
195707
195808
195820
195893
195909
195910
195911
195947
196228
196312
196330
196522
196671
196696
196717
196790
196807
196875
196908
196937
197132
197159
197203
197256
197540
197713
197883
198083
198160
198476
198476
198544
198587
198616
198649
198771
198839
199065
199289
199496
199550
199731
199821
199870
200015
200146
200693
200768
201152
201312
201432
201504
202120
202249
202375
202387
202482
202602
202776
202828
203280
203315
203401
203506
203650
204132
204244
204250
204365
204368
204430
204576
204699
204718
204855
204936
205079
205419
205755
205809
205874
205919
206093
206231
206280
206418
206535
206951
206983
207064
207074
207109
207172
207177
207197
207251
207353
207526
207557
207608
207873
208080
208126
208279
208542
208559
208665
208739
208774
208837
208924
209022
209102
209354
209731
209767
209768
209859
209871
210126
210274
210415
210457
210545
210565
210662
210675
211156
211193
211292
211446
211651
211685
211818
212114
212201
212310
212311
212321
212412
212475
212718
212855
213016
213098
213584
213624
213680
213749
213895
213968
213981
213982
214117
214261
214325
214741
214865
214873
215045
215398
215444
215507
215541
215585
215942
216036
216151
216524
216525
216707
216710
216774
216940
216995
217178
217207
217343
217370
217432
217923
217927
217931
217972
217973
218317
218487
218623
218719
219115
219660
219685
219849
219853
219882
219908
219931
219944
219960
220353
220392
220589
220634
220924
220934
221115
221207
221236
221321
221417
221518
221665
221731
221765
221921
222020
222211
222231
222474
222536
222954
223024
223031
223302
223394
223430
223587
223608
223651
223657
223693
223759
223915
223936
224052
224107
224302
224466
224568
224571
224786
224842
224864
224898
225066
225133
225199
225208
225518
225604
226095
226164
226257
226433
226605
226782
226795
226957
227015
227127
227194
227391
227487
227662
227767
228646
228656
228673
228840
228854
229151
229400
229404
229434
229643
229808
229904
230061
230159
230610
230759
230855
230878
231350
231503
231519
231622
231655
231752
231838
231989
232209
232501
232802
233128
233216
233547
233903
234080
234380
234749
235064
235160
235449
235503
235505
235531
235630
235640
235900
236308
236554
236617
236736
236765
236792
236852
236883
237087
237103
237246
237257
237322
237457
237571
237938
237993
238080
238410
238576
238580
238586
238660
238670
238755
239493
239549
239585
239765
240293
241615
241669
241851
242104
242178
242522
242833
242981
242989
243038
243112
243393
243967
244815
245001
245057
245614
245865
245920
245973
246025
246090
246633
247264
247342
247386
248101
248125
248496
248783
249149
249657
250210
250282
250310
250435
250619
250620
250985
251144
251465
251618
251667
251752
251819
251870
252021
252274
252277
252447
252669
253034
253244
253253
253436
253498
253653
253727
253883
254169
254430
254441
254754
255146
255150
255583
255600
255815
255888
255944
256516
256538
256562
256635
257120
257141
257163
257378
257400
257802
257820
258041
258373
258625
258625
258741
258894
258994
259229
259407
259514
259728
259835
260047
260134
260416
260934
260964
261028
261087
261511
261725
262248
262448
262573
262695
262728
262909
263007
263222
263716
263802
263891
264251
264846
264904
265024
266314
266423
266687
267490
267818
267875
267894
268087
268474
268546
268695
269132
269285
269363
269388
270691
270893
270903
271259
271496
271533
271747
271804
272344
272680
273065
273494
273644
273877
273935
273966
274369
275359
275726
275776
276715
276789
276807
276896
277164
277286
277636
277764
277859
278066
278639
279364
279582
279586
279931
280024
280188
280856
281186
281732
281911
282142
282170
282632
282706
283412
284037
284102
284179
284180
284361
284674
285074
285225
285392
285488
285496
285565
285632
286108
286631
286633
286726
286801
287275
287500
287886
288024
288293
288340
288704
288988
289620
289696
290181
290418
290952
290983
291361
291653
292022
292684
292894
293407
293457
293922
294019
294297
294931
295078
295621
295744
296409
298202
298946
299859
299952
300166
300244
301113
302165
302663
302752
303020
303271
303294
303512
303561
304266
304447
304518
304681
305605
305836
306681
306789
306926
307217
307472
307639
308368
308704
309083
309271
311097
311269
311669
311847
312176
312281
312676
312968
314140
314646
314886
315137
315857
315969
316085
316154
316471
316909
316953
317280
318830
319828
319994
320059
320206
320595
320610
320747
323544
323997
325007
325929
326499
327111
327334
328314
328504
329672
330043
330306
330596
330677
330703
331564
331616
331923
332041
333018
333306
334001
334199
335634
335667
337242
338458
339148
339445
339648
339815
340652
340759
340831
341117
341356
341541
341551
341822
341970
342166
342199
342415
342764
343265
344502
344511
344881
345236
345575
346124
346611
348347
349210
350040
350875
351819
352285
352320
352749
353310
353753
353840
354203
359964
360134
360774
361004
361140
361956
362567
362793
364013
364127
364372
364473
365427
365902
366384
366408
368431
368771
369010
369530
369731
369863
370340
370815
371034
372194
372932
373259
373417
373448
374243
375196
376454
376954
377262
381615
382946
386436
387697
389063
390377
390405
393880
394379
395639
399148
399411
400623
402188
403580
405591
406793
407079
410931
411390
412667
413077
414865
415061
416773
420579
420899
421154
422992
423074
423865
425596
426523
426987
429691
430453
430711
431257
433248
437027
438222
439196
440499
440606
440901
441839
456212
458467
459273
459411
460110
460875
465783
469739
470761
477796
480829
487231
487657
491956
492487
515355
532429
536937
540743
566429
581258
582143
590816
