0
0
18
50
179
201
311
458
484
513
628
761
828
832
853
864
875
915
1021
1100
1155
1155
1399
1523
1571
1603
1856
1880
1918
1983
2008
2008
2052
2100
2200
2220
2426
2463
2494
2520
2557
2800
2849
3001
3015
3025
3050
3107
3165
3378
3709
3714
4039
4090
4099
4124
4139
4188
4203
4209
4323
4361
4363
4394
4419
4420
4442
4467
4472
4491
4491
4512
4607
4699
4777
4831
4851
4865
4898
4967
4988
5024
5054
5263
5292
5326
5394
5585
5597
5616
5812
5848
5859
5874
5924
5966
5969
5990
5991
6012
6107
6332
6362
6436
6471
6517
6646
6874
6940
6987
7077
7171
7190
7252
7352
7358
7368
7395
7459
7538
7547
7640
7788
7844
7886
7890
7943
7945
7962
7992
8020
8086
8249
8280
8379
8394
8415
8618
8836
8864
8990
9051
9137
9155
9200
9342
9476
9513
9576
9693
9693
9705
9766
9822
10107
10483
10573
10596
10718
10865
10892
10964
11000
11032
11058
11107
11123
11175
11326
11395
11552
11576
11651
11750
11754
11756
11862
12155
12236
12313
12408
12409
12483
12500
12506
12509
12531
12558
12614
12618
12671
12700
12743
12954
13097
13140
13221
13226
13321
13459
13546
13665
13676
13772
13778
13805
13839
13871
13957
13993
14108
14188
14256
14317
14348
14361
14370
14381
14492
14551
14712
14927
14983
15017
15077
15093
15132
15182
15192
15329
15370
15648
15652
15675
15683
16099
16153
16306
16358
16363
16422
16582
16591
16665
16741
16782
16811
16899
16962
17052
17130
17222
17235
17281
17385
17659
17690
17730
17817
17832
17847
18051
18162
18269
18289
18300
18306
18413
18425
18431
18491
18498
18581
18607
18696
18777
18983
18998
19009
19112
19116
19214
19245
19304
19347
19392
19432
19464
19543
19595
19610
19665
19757
19869
20066
20078
20078
20117
20256
20268
20316
20328
20332
20373
20408
20433
20563
20646
20874
20969
21058
21155
21171
21277
21381
21575
21601
21606
21704
21893
22031
22089
22124
22162
22176
22244
22340
22385
22452
22499
22513
22665
22710
22828
22854
22913
23029
23032
23187
23188
23214
23243
23250
23428
23485
23637
23670
23677
23750
23757
23831
23907
24130
24149
24212
24214
24298
24425
24469
24588
24634
24865
24896
24978
25058
25099
25204
25484
25554
25717
25767
25775
25807
25833
25873
25903
25961
26025
26071
26083
26089
26101
26108
26202
26277
26444
26511
26581
26669
26830
27052
27183
27221
27308
27336
27533
27538
27555
27748
27977
28007
28050
28152
28323
28352
28388
28508
28663
28687
28702
28770
28777
28894
28933
29074
29147
29152
29233
29331
29344
29423
29471
29505
29508
29540
29624
29651
29707
29734
29792
29892
29976
29994
30157
30192
30192
30209
30305
30335
30337
30364
30489
30496
30534
30633
30709
30834
30971
31039
31076
31111
31218
31284
31423
31435
31439
31477
31576
31664
31665
31793
32019
32078
32097
32171
32182
32258
32344
32386
32443
32494
32603
32750
32766
32835
32955
32992
32993
33066
33070
33125
33146
33343
33434
33633
33667
33773
33886
33933
34107
34338
34581
34596
34687
34718
34720
34875
35070
35146
35158
35336
35360
35362
35457
35484
35538
35633
36115
36399
36579
36770
36955
36962
37072
37246
37295
37310
37487
37545
37859
37863
38100
38170
38195
38235
38377
38439
38483
38572
38572
38648
38876
39003
39031
39061
39123
39191
39225
39290
39392
39576
39603
39659
39660
39665
39672
39734
39811
39817
39850
39871
40001
40062
40149
40169
40181
40275
40511
40529
40625
40638
40684
40747
40765
40852
40884
41121
41124
41134
41162
41235
41255
41309
41404
41415
41451
41456
41462
41477
41762
41804
41950
41974
42052
42066
42067
42093
42149
42312
42358
42361
42370
42386
42448
42510
42527
42597
42620
42622
43031
43069
43143
43546
43558
43630
43640
43677
43686
43705
43713
43742
43748
43770
43815
44070
44104
44151
44268
44327
44355
44362
44382
44413
44436
44530
44607
44623
44680
44815
45023
45092
45195
45216
45232
45363
45368
45372
45373
45405
45407
45517
45556
45585
45600
45707
45748
45930
46035
46106
46136
46379
46425
46514
46682
46793
46833
46860
46979
47075
47127
47138
47180
47232
47314
47402
47470
47501
47526
47543
47627
47629
47751
47770
47794
48102
48153
48337
48352
48455
48633
48743
48764
48795
48798
48810
48816
48839
48915
48950
49068
49086
49323
49328
49380
49559
49582
49747
49827
49834
49854
49879
49912
49962
50270
50276
50279
50297
50402
50411
50694
50750
50762
50815
51011
51047
51064
51074
51180
51193
51353
51357
51400
51599
51656
51840
52027
52060
52116
52176
52196
52227
52286
52381
52402
52514
52679
52688
52693
52734
52808
52809
52867
52942
52953
53165
53175
53210
53564
53583
53746
53794
53800
53882
53936
53963
54122
54197
54221
54276
54433
54790
54792
54800
54846
54996
54997
55047
55090
55218
55227
55278
55420
55577
55584
55766
55805
55830
55869
55872
55883
55887
55974
56063
56151
56506
56571
56591
56638
56729
56890
56913
56920
56958
57029
57052
57059
57060
57205
57352
57402
57428
57471
57480
57505
57577
57686
57769
57772
57979
58112
58128
58152
58267
58302
58410
58569
58812
58964
58990
58994
59001
59035
59038
59059
59095
59181
59467
59551
59637
59711
59776
59776
59840
60056
60058
60095
60123
60206
60250
60417
60582
60636
60640
60665
60710
60716
60752
61215
61264
61388
61406
61406
61529
61536
61702
61754
61870
62040
62099
62215
62223
62226
62285
62371
62500
62541
62546
62667
62697
62830
62846
63323
63361
63495
63548
63637
63705
63845
64030
64060
64067
64067
64300
64409
64435
64502
64681
64723
64836
64872
65056
65128
65189
65469
65554
65651
65694
65818
65946
66151
66172
66209
66314
66317
66467
66542
66562
66576
66810
66831
66861
66966
67282
67328
67550
67683
67789
67806
67927
68052
68103
68150
68246
68264
68277
68328
68365
68460
68505
68507
68752
68795
68809
68846
68898
68957
68975
69027
69029
69531
69536
69616
69678
69743
69796
69820
69941
69987
70008
70009
70024
70162
70188
70288
70362
70437
70480
70490
70562
70608
70781
70786
70864
70931
71164
71217
71335
71376
71388
71452
71508
71687
71851
71911
71923
72062
72084
72301
72306
72564
73077
73097
73160
73242
73282
73318
73330
73398
73458
73516
73562
73718
73719
73742
73768
74018
74029
74095
74106
74146
74200
74232
74321
74430
74520
74596
74643
74685
74706
74750
75027
75141
75144
75255
75263
75371
75379
75431
75519
75571
75606
75708
75922
75936
75967
75969
76074
76084
76150
76172
76238
76462
76541
76635
76878
77378
77442
77509
77651
77721
78001
78056
78085
78278
78507
78722
78844
78922
79053
79153
79245
79252
79257
79318
79419
79810
79958
80062
80209
80238
80258
80334
80366
80372
80393
80407
80559
80615
80627
80830
80877
81136
81177
81221
81465
81563
81647
81893
82065
82068
82121
82185
82195
82223
82345
82366
82438
82472
82497
82691
82854
82881
82895
82944
82986
83163
83186
83352
83372
83502
83602
83903
83906
83930
84023
84137
84140
84697
84747
84891
84911
84952
85146
85246
85424
85485
85569
85613
85664
85696
85746
85762
85816
86291
86409
86552
86679
86711
86722
86726
86736
86776
87038
87065
87161
87227
87270
87329
87335
87372
87435
87487
87560
87601
87771
87898
87938
88072
88109
88174
88216
88412
88441
88747
88916
89020
89248
89329
89390
89397
89441
89488
89580
89616
89701
89763
89801
89816
89905
90042
90113
90245
90727
90770
91079
91147
91242
91336
91464
91640
91782
92074
92090
92134
92216
92277
92295
92367
92402
92458
92755
92861
92863
92898
93123
93279
93307
93347
93580
93601
93673
93727
93776
93845
93940
93962
94141
94300
94306
94741
94820
94834
94881
94967
95052
95157
95193
95310
95434
95450
95474
95533
95554
95587
95707
95714
95814
95893
95903
95932
95979
96242
96277
96366
96404
96443
96525
97174
97356
97406
97506
97701
97777
97857
97918
97952
98036
98107
98276
98344
98352
98353
98724
98838
99269
99369
99428
99480
100041
100116
100135
100230
100309
100362
100471
100537
100555
100613
100681
100688
100811
100924
101074
101156
101198
101311
101397
101465
101535
101590
101659
101697
101819
101840
101910
102143
102255
102303
102355
102398
102412
102457
102472
102509
102758
102858
102944
103254
103583
103707
103846
103914
103962
104009
104016
104041
104162
104167
104173
104195
104311
104406
104496
104520
104534
104621
104639
104688
104751
104855
104939
104974
105032
105298
105302
105398
105589
105608
105654
105769
105875
106046
106404
106540
106686
106815
106848
106881
106902
107008
107278
107352
107414
107450
107576
107676
107716
107900
108063
108100
108130
108138
108165
108223
108263
108274
108567
108653
108980
109030
109033
109040
109208
109274
109288
109595
109663
109673
109825
110057
110076
110335
110460
110478
110534
110629
110717
110774
110798
111312
111385
111411
111415
111483
111572
111612
112144
112270
112331
112402
112499
112656
112690
112780
112918
113023
113147
113285
113341
113394
113673
113703
113834
113993
114059
114233
114236
114246
114308
114368
114598
114700
114712
114742
114760
114951
114977
115008
115009
115054
115239
115380
115511
115634
115698
115744
115762
115770
115916
115918
116010
116085
116099
116178
116178
116232
116270
116281
116440
116538
116768
116789
116794
116832
117027
117155
117204
117292
117343
117511
117532
117537
117879
117894
117928
118033
118147
118169
118171
118198
118649
118859
118866
118913
118945
119244
119482
119514
119581
119597
119611
119941
120410
120568
120645
120677
120820
120899
120974
121033
121084
121215
121217
121285
121759
121780
121795
122089
122097
122186
122278
122300
122358
122395
122408
122495
122614
122698
122848
123219
123364
123366
123432
123439
123765
123776
123808
123833
124072
124097
124220
124233
124293
124415
124436
125068
125134
125265
125441
125453
125716
125746
125928
125944
125966
126335
126510
126533
126602
126869
127067
127333
127570
127690
127735
128054
128069
128147
128238
128325
128490
128634
128695
128834
128880
129212
129617
130035
130111
130236
130382
130392
130411
130560
130564
130662
130742
130860
130866
130996
131041
131153
131228
131339
131822
131958
132152
132217
132288
132542
132632
132716
132778
132782
132851
133054
133064
133067
133093
133095
133143
133346
133438
133445
133487
133650
133669
133838
133889
133895
134256
134329
134695
134820
134988
135032
135052
135073
135151
135228
135336
135406
135521
135666
135745
135856
135871
135895
136011
136175
136191
136366
136516
136608
136716
137108
137275
137328
137589
137684
137719
137811
138102
138219
138291
138970
139031
139309
139385
139517
139548
139962
140193
140309
140323
140812
140930
141378
141394
141558
141836
141960
142067
142146
142623
142644
142649
142969
143079
143188
143583
143629
144029
144036
144094
144182
144265
144276
144335
144409
144480
144651
144892
145044
145143
145201
145221
145318
145588
145685
145694
145768
146110
146157
146165
146535
146763
146879
147350
147352
147377
147408
147445
147725
147787
147821
147908
148035
148108
148141
148191
148250
148369
148450
148563
148642
148912
149027
149108
149127
149157
149192
149620
149711
149752
149755
149923
150117
150167
150296
150358
150388
150433
150443
151010
151091
151110
151199
151244
151503
151504
151557
151619
151632
151670
151768
151893
152015
152385
152533
152597
152887
152905
152977
153344
153529
153539
153723
153749
153858
153873
153949
154161
154497
155119
155205
155233
155357
155364
155602
155666
155880
155995
156099
156118
156215
156631
156981
157099
157169
157336
157475
157532
157552
157576
157750
157752
157783
157879
158032
158329
158375
158645
158770
158832
159066
159213
159521
159568
159874
160029
160110
160163
160658
160706
160739
161410
161520
161546
161663
161981
162062
162653
162694
162740
163053
163295
163386
163402
163688
163799
163940
164050
164081
164144
164191
164325
164396
164468
164508
164595
164773
164907
165130
165176
165188
165213
165359
165402
165468
165579
165640
165991
166288
166322
166426
166793
166796
167020
167161
167164
167312
167342
167385
167477
167488
167665
167981
168163
168207
168333
168434
168524
168588
168657
168700
168806
168859
168957
169386
169421
169448
169561
169727
169737
169965
170071
170277
170301
170337
170940
171175
171262
171291
171471
171555
171621
171786
171815
171828
171839
172314
172480
172797
173049
173111
173187
173196
173493
173514
173549
173622
173623
173747
174408
174588
175044
175265
175370
175390
175442
175614
175723
175727
175798
175873
175971
176137
176322
176469
176714
176835
176866
177046
177235
177498
177530
177549
177583
177584
177601
177609
177940
178438
178645
179124
179269
179318
179384
179477
179669
179678
179704
179930
179993
180066
180483
180499
180571
180725
180865
181014
181065
181125
181183
181358
181629
181677
181779
181971
182195
182331
182702
182799
182856
182876
182986
183598
183601
184146
184493
184493
184508
184744
184890
184897
184971
185223
185283
185652
186472
186496
186685
186754
186916
187062
187110
187178
187235
187482
187532
187693
187794
187889
187966
187989
188312
188513
188518
189276
189670
190183
190278
190726
190980
190988
191104
191134
191290
191369
191369
191583
191766
191846
192088
192096
192414
192469
192553
192592
192788
193625
193767
193822
193879
194094
194215
194397
194445
194720
195030
195174
195319
195841
195905
195935
196154
196245
196430
196558
196605
196786
196938
196965
197022
197075
197111
197354
197411
197413
197697
197823
198033
198789
198809
198912
199050
199061
199737
200007
200011
200047
200138
200803
200868
201106
201147
201184
201221
201463
202107
202153
202272
202298
202540
203143
203274
203518
203580
203826
203963
204085
204255
204276
204388
204418
204484
204611
204618
204764
205074
205077
205173
205716
206301
206328
206602
206849
207267
207862
208293
208717
209178
209201
210142
210441
210503
211096
211406
211490
211764
211764
211836
211893
212223
212251
212259
212628
213690
213729
213887
213892
214012
214113
214113
214332
214882
214936
215112
215165
215263
215636
215731
216081
216360
216706
216807
216938
217047
217052
217195
217742
217834
217969
218291
218648
218699
218754
219123
219474
219574
220512
221114
221273
221525
221562
221573
221606
221720
221833
222118
222555
222611
223056
223200
223348
223400
223439
223893
223935
224149
225194
225256
225324
225512
225708
225990
226086
226144
226663
226683
226690
226788
226896
226934
227058
227136
227624
227803
228150
228395
228725
228837
229069
229152
229428
229441
230272
230527
230586
230907
230911
230917
231112
231136
231149
231203
231441
231847
232117
232689
233126
233533
233745
233855
233878
233998
234033
234906
235206
235279
235426
236295
236321
236893
237140
237164
237262
237794
237856
237861
237986
238146
238323
238594
238657
238716
238778
238857
239152
240044
240116
240518
240608
240949
241033
241895
241899
242361
242444
243023
243163
243494
243725
244062
244145
244435
244737
245026
245113
245138
245426
245427
245534
245896
246478
246582
246625
246757
246761
246953
247085
247963
248279
248596
248631
248676
248718
248971
249092
249578
250263
250455
250548
250586
250615
250850
251293
251385
251880
252210
252473
252654
252868
253089
253147
253169
253247
253868
254255
254387
254408
254697
254944
255356
256050
256175
256218
256243
256379
256532
256545
257154
257221
257269
257459
259164
259490
259919
261329
262357
263098
263258
263375
263511
263738
263868
263931
264186
264450
265059
265276
265407
265967
266076
266425
266495
266642
266794
266983
267025
267115
267240
267277
267542
267862
268217
268544
269625
269782
269925
269933
269939
269994
270072
270194
270214
270888
271106
271194
271696
272904
273099
273382
273462
273627
274401
274478
274489
274510
274677
274698
275055
275099
275582
275868
276954
277770
279063
279193
279220
279761
279959
280471
280714
281195
281251
281739
281816
281969
283368
283451
283479
283769
284523
285057
285069
285320
285983
286978
287006
287231
288277
288668
288912
289149
289322
290085
290280
290504
290842
290887
291209
291249
292107
292840
292958
293090
293099
293525
293553
293605
294255
294344
294365
294499
294505
294542
294789
295224
295554
295779
297476
297931
297972
298574
298579
298706
299020
299601
299776
299860
299884
300041
302081
302248
302543
303027
303102
303202
303378
303915
304339
304945
305659
305837
306050
306092
306198
307343
308574
308581
310018
310344
310819
310903
311184
312000
312382
312720
312842
313201
313546
313738
314541
315995
316627
317353
317944
320158
321321
324637
324807
325620
325928
326049
326185
328425
328879
329074
330407
330752
331435
331808
333969
334805
335049
335447
335506
335978
336561
338076
339084
339399
339627
340015
340606
342009
343877
344042
345988
346145
346152
346819
346889
347797
348613
351133
351898
353185
353408
354257
354612
354673
356446
356529
356677
357394
358477
358563
360264
360687
360911
361092
361654
361880
362709
362801
362842
363011
363757
364090
364439
365314
365741
366927
367867
368213
368955
370255
370921
371970
372603
373424
374175
375253
375473
375675
376098
377722
378089
379434
382013
384123
386112
394343
394395
395275
395777
396631
396854
398927
401824
407612
413229
416445
421045
421945
423971
428026
433219
433769
438763
440974
442295
443653
444828
444867
451569
451672
465730
468226
473695
489113
492572
499839
501259
509609
512613
514216
536853
537514
547789
554271
572900
611923
