0
0
158
220
234
308
700
702
745
753
779
828
864
919
948
992
1102
1132
1152
1155
1155
1700
1752
1795
1813
1933
2071
2117
2118
2145
2194
2212
2252
2329
2832
3002
3005
3100
3118
3131
3151
3221
3251
3406
3408
3484
3512
3600
3608
3610
3636
3728
3735
3738
3825
3887
3909
4040
4058
4059
4117
4136
4155
4240
4302
4326
4329
4427
4525
4528
4574
4668
4822
4937
4956
5090
5138
5268
5275
5408
5415
5534
5546
5550
5557
5610
5666
5675
5723
5742
5792
5919
5953
5965
5966
6158
6245
6489
6597
6598
6641
6645
6722
6953
6960
6964
7032
7113
7146
7195
7224
7316
7590
7699
7825
7834
7890
7957
8059
8142
8193
8408
8418
8498
8521
8536
8651
8726
8755
8873
8873
9160
9203
9277
9283
9314
9376
9431
9508
9541
9564
9680
9703
10064
10201
10221
10270
10369
10387
10443
10555
10572
10585
10816
10949
11097
11259
11374
11437
11510
11596
11849
11865
11876
11947
11953
12081
12282
12386
12480
12586
12611
12613
12623
12643
12782
12895
12920
13053
13093
13216
13293
13355
13482
13493
13593
13605
13680
13694
13920
14026
14126
14218
14392
14409
14429
14431
14538
14623
14703
14733
14816
14904
14976
14981
15000
15269
15350
15359
15374
15377
15409
15557
15656
15725
15738
15741
15826
15838
15863
15909
15991
15995
16002
16119
16272
16290
16496
16571
16586
16700
16801
16836
16852
16922
17000
17011
17024
17049
17054
17088
17180
17297
17328
17359
17566
17773
17794
17797
17921
17925
18090
18330
18570
18612
18823
18938
19008
19028
19045
19071
19127
19200
19207
19212
19246
19274
19292
19353
19543
19581
19734
19816
19855
19861
19880
19916
19922
19972
20051
20070
20135
20161
20208
20275
20280
20538
20596
20645
20671
20777
20861
20886
20908
21094
21281
21392
21432
21435
21561
21572
21596
21605
21608
21613
21681
21725
21792
21823
21833
21917
22179
22220
22370
22397
22482
22677
22766
22879
22952
23039
23171
23385
23576
23602
23639
23673
23779
23891
23933
23935
24026
24193
24280
24339
24492
24600
24607
24624
24716
24741
24754
24799
24963
25110
25190
25284
25307
25394
25431
25553
25571
25589
25713
25817
25906
26060
26104
26230
26304
26490
26508
26720
26755
26834
26856
26874
26914
26925
26982
27058
27201
27247
27257
27349
27472
27548
27551
27640
27650
27811
27903
27937
27958
28001
28061
28099
28241
28536
28580
28587
28609
28610
28643
28683
28720
28803
28839
29181
29245
29250
29267
29271
29320
29357
29373
29517
29536
29547
29561
29644
29647
29788
29799
29808
29871
29875
29893
29897
29919
29925
29952
30132
30137
30358
30517
30574
30650
30669
30717
30735
30846
30862
30876
30957
31044
31072
31123
31270
31295
31434
31440
31495
31515
31782
32057
32068
32304
32429
32479
32499
32575
32620
32623
32639
32661
32752
32762
32926
32955
33180
33202
33246
33337
33414
33419
33580
33607
33612
33644
33716
33754
33762
33780
33793
33905
33987
34329
34413
34431
34493
34734
34806
34846
34930
34958
35088
35167
35286
35458
35541
35737
35776
35898
36042
36045
36169
36327
36367
36436
36464
36497
36509
36587
36647
36859
36898
36907
36922
37027
37030
37116
37277
37321
37325
37362
37371
37440
37539
37581
37820
37854
37862
38021
38074
38168
38199
38344
38445
38557
38651
38979
39000
39028
39029
39061
39236
39242
39281
39292
39531
39613
39642
39699
39728
39801
39979
40018
40069
40073
40194
40203
40251
40342
40394
40403
40642
40714
40889
41010
41044
41055
41068
41086
41090
41201
41269
41313
41321
41391
41480
41516
41636
41856
42017
42134
42229
42404
42423
42438
42451
42453
42498
42560
42727
42756
42854
42873
42942
42967
43135
43164
43167
43199
43239
43322
43489
43532
43563
43659
43825
43829
43873
43931
43938
43971
44037
44082
44096
44247
44273
44338
44346
44395
44482
44484
44568
44688
44722
44988
45006
45026
45171
45246
45365
45635
45655
45692
45722
45732
45759
45815
46068
46100
46191
46206
46226
46275
46367
46369
46377
46394
46473
46639
46913
46986
47033
47091
47106
47132
47141
47148
47203
47258
47347
47348
47386
47413
47706
47744
47804
47848
47848
47865
47873
47877
47901
47935
47963
48015
48101
48302
48330
48345
48370
48373
48492
48646
48715
48781
48852
48873
48961
49174
49266
49630
49642
49675
49713
49773
49792
49946
49999
50071
50107
50174
50227
50258
50718
50752
50756
50786
50871
50999
51089
51164
51276
51359
51364
51368
51635
51721
51835
51941
51987
52071
52176
52195
52297
52337
52577
52685
52726
52817
52875
52890
52994
53189
53212
53237
53238
53303
53382
53431
53657
53668
53722
53784
53827
53865
53948
54240
54242
54399
54420
54442
54470
54537
54633
54666
54693
54714
54794
54858
54881
55103
55177
55285
55295
55313
55524
55531
55591
55811
56245
56267
56272
56348
56388
56636
56673
56688
56698
56797
56878
56911
56949
57090
57120
57139
57166
57353
57559
57682
57787
57818
57854
58059
58243
58365
58400
58601
58699
58881
58933
58935
58990
59006
59066
59163
59468
59497
59514
59545
59594
59655
59697
59726
59782
59835
59900
59908
59951
59973
59994
59999
60008
60082
60105
60157
60157
60402
60444
60542
60644
60683
60690
60706
61111
61144
61266
61443
61645
61779
62081
62097
62104
62146
62268
62318
62378
62415
62493
62645
62737
62806
62817
63077
63298
63453
63653
63661
63896
63898
63905
63972
64065
64245
64342
64447
64600
64684
64733
64747
64761
65042
65104
65202
65297
65445
65446
65463
65628
65750
65807
65851
65855
65887
65898
65902
65908
65943
66048
66112
66123
66214
66349
66508
66599
66637
66745
66778
66788
66793
66801
66913
66933
67119
67275
67328
67350
67352
67385
67596
67605
67713
67818
67942
67984
68316
68506
68588
68658
68698
68715
68807
68822
68822
68905
68996
69040
69060
69127
69174
69236
69307
69343
69425
69512
69719
69739
69768
69815
69857
69882
70064
70229
70229
70333
70419
70675
70689
70696
70737
70814
70867
70976
70989
71076
71088
71368
71523
71589
71778
71793
71855
71878
72134
72176
72199
72293
72427
72452
72552
72674
72737
72755
72763
72776
72788
72790
72862
73073
73457
73575
73620
73833
74114
74198
74357
74376
74471
74481
74528
74529
74671
74724
74765
74853
74858
74883
74932
75026
75057
75073
75278
75364
75391
75393
75400
75617
75821
75940
76013
76041
76225
76267
76290
76311
76351
76401
76596
76622
76648
76772
76859
76935
77051
77090
77131
77203
77248
77259
77287
77401
77488
77557
77588
77636
77982
78150
78172
78457
78492
78724
78744
78832
78846
78866
78910
78918
78925
78994
79042
79072
79101
79183
79188
79344
79359
79422
79541
79613
79759
79791
79811
79932
80092
80100
80267
80327
80353
80634
80682
80719
80773
80777
80809
80918
81018
81063
81071
81071
81120
81264
81378
81379
81515
81535
81782
81783
81855
81857
81975
82033
82249
82256
82411
82568
82740
82764
82946
82995
83218
83352
83426
83457
83744
83757
83817
84368
84472
84709
84828
84865
85306
85312
85334
85411
85518
85630
85668
85700
85994
86010
86085
86163
86297
86365
86388
86482
86530
86571
86629
86787
86788
86893
86976
87027
87195
87248
87253
87354
87358
87451
87456
87637
87716
87777
87805
87866
88085
88099
88335
88422
88590
88656
88688
88743
88830
88956
89067
89234
89260
89282
89295
89593
89720
89835
89958
89972
90262
90337
90350
90359
90387
90468
90469
90551
90698
90761
90817
90881
91075
91264
91630
91758
91762
91842
92040
92218
92403
92441
92447
92550
92666
92702
92718
92745
92841
92896
92954
93105
93178
93369
93409
93447
93581
93638
93679
93682
93763
93835
93920
93945
93959
93986
94227
94288
94356
94614
94678
94693
94696
94758
94778
94932
94959
95044
95109
95123
95185
95187
95268
95270
95403
95417
95578
95703
95761
95787
95989
96181
96230
96296
96319
96406
96478
96540
96761
96779
96815
97112
97160
97173
97198
97239
97381
97396
97562
97577
97594
97766
97851
97974
97983
98002
98012
98093
98220
98280
98332
98394
98540
98570
98598
98625
98627
98649
98739
98803
98856
98914
99194
99233
99298
99321
99365
99713
99813
99938
99939
100032
100060
100099
100214
100257
100301
100393
100395
100397
100488
100594
100711
100738
100785
100914
100978
100981
100991
101022
101043
101078
101264
101327
101422
101467
101497
101524
101743
101856
101903
102119
102210
102258
102306
102637
102664
102720
102735
102921
102966
103020
103116
103123
103143
103261
103270
103396
103402
103491
103492
103529
103574
103658
103677
103727
103733
103847
103969
103984
104072
104267
104274
104510
104655
104695
104750
104834
104888
105029
105114
105116
105215
105243
105369
105411
105527
105539
105590
105690
105709
105923
105931
105949
106267
106424
106520
106534
106801
107180
107264
107346
107527
107543
107581
107596
107598
107600
107669
107773
107832
107929
107945
108004
108239
108239
108277
108324
108529
108627
108754
108923
108983
109257
109300
109409
109649
109668
110118
110201
110213
110364
110467
110523
110561
110660
110679
110710
110806
111166
111190
111235
111615
111689
111993
112154
112419
112477
112718
112763
112768
112770
112868
112946
113094
113203
113736
113812
113910
114199
114295
114295
114429
114453
114456
114624
114711
114933
115156
115181
115488
115629
115811
115922
115992
116037
116111
116127
116131
116145
116230
116389
116464
116547
116770
116799
117038
117185
117233
117259
117280
117397
117478
117705
117725
118064
118126
118146
118485
118515
118785
118874
118952
119052
119110
119164
119251
119289
119440
119536
119644
119772
119804
119894
120126
120190
120224
120543
120563
120695
120902
120954
120956
120958
120998
121140
121179
121280
121344
121353
121495
121710
121742
121801
121849
121974
122085
122104
122106
122210
122282
122475
122478
122490
122565
122631
122678
122804
122820
122920
122922
122985
123105
123300
123410
123500
123501
123523
123589
123599
123615
124002
124060
124296
124421
124465
124520
124552
124615
124698
124832
125177
125387
125431
125569
125579
125670
125880
126059
126093
126349
126521
126560
126614
126803
126913
126946
127004
127212
127429
127445
127568
127642
127669
127833
127966
127994
128057
128143
128144
128216
128413
128423
128501
128605
128727
129127
129183
129563
129893
130021
130103
130256
130288
130339
130396
130891
130947
131144
131173
131191
131214
131264
131278
131296
131520
131580
131618
131674
131723
131796
131859
131878
132004
132148
132259
132356
132528
132696
132864
132980
133031
133070
133132
133141
133198
133223
133446
133640
133872
133935
134181
134227
134365
134402
134890
135048
135220
135242
135693
135782
135924
135944
135995
136088
136089
136091
136160
136234
136244
136372
136418
136567
136655
136815
136839
136923
136999
137427
137466
137516
137766
137782
137849
137999
138169
138345
138385
138385
138599
138622
138691
138713
138721
138770
139021
139312
139452
139475
139500
139534
139784
139824
139830
139927
140016
140079
140562
140569
140679
140736
140874
140920
140994
141118
141132
141146
141239
141277
141355
141403
141698
141915
141976
141989
142064
142198
142401
142484
142710
142870
142880
142958
142960
142993
143004
143078
143094
143265
143323
143371
143403
143485
143512
143535
143551
143606
143628
143661
143749
143820
143992
144004
144061
144139
144288
145101
145607
145748
145879
145953
146374
146416
146680
146709
146788
146851
146882
147047
147073
147378
147595
148104
148604
148791
149097
149181
149519
149774
149930
150039
150096
150363
150442
150502
150744
150800
150906
150973
151016
151108
151165
151412
151595
151801
152069
152094
152170
152282
152283
152292
152319
152378
152523
152548
152575
152604
152650
152889
153094
153182
153198
153219
153230
153504
153671
153762
153848
153882
153965
153983
154032
154205
154361
154394
154939
154948
154997
155051
155056
155483
155764
155809
155939
156074
156319
156623
157221
157284
157324
157556
157600
158305
158390
158617
158803
158879
159022
159196
159201
159250
159472
159584
159769
159775
159912
159925
160060
160424
160437
160595
160765
161637
161755
161842
162054
162169
162195
162231
162258
162375
162489
162596
162805
162815
163231
163293
163489
163925
164048
164061
164063
164147
164256
164558
164568
164626
164643
165115
165125
165172
165195
165329
165393
165627
165725
165884
165912
165952
166018
166046
166101
166502
166566
166620
166646
166707
166971
167127
167181
167349
167691
167722
167823
167884
167953
167980
167985
168020
168209
168224
168230
168236
168917
169178
169197
169204
169302
169516
169669
169801
170005
170046
170114
170143
170540
170923
170969
170995
171190
171264
171271
171507
171619
172936
173608
173648
173822
174336
174418
174467
174507
174710
174738
174786
174797
174916
174948
174982
175016
175122
175360
175567
175632
175643
175748
175932
176188
176197
176358
176574
176609
176613
176655
176882
177034
177319
177422
177636
177932
178115
178149
179794
179889
180160
180196
180248
180384
180398
180439
180586
180887
181135
181492
181849
181955
181958
182544
182643
182683
182840
182943
183085
183126
183213
183477
183559
184031
184077
184282
184285
184569
184798
185460
186003
186141
186303
186326
186359
186464
186588
186592
186640
187074
187120
187233
187288
187746
187814
188020
188174
188267
188298
188402
188449
188458
188626
188799
188927
188943
188968
189150
189185
189244
189331
189815
190767
190873
191043
191098
191420
191519
191786
191796
191889
192119
192162
192210
192248
192250
192412
192565
192626
192653
192685
192696
192851
192877
192895
192914
193085
193347
193545
193554
193609
193647
194089
194142
194272
194336
194768
195071
195101
195126
195506
195586
195618
195629
196020
196091
196172
196827
196842
197001
197283
197602
197772
197941
198017
198134
198413
198514
198609
198981
199276
199278
199367
199603
199760
199767
199866
199958
200183
200317
200381
200589
200612
200836
200901
200925
200942
201007
201489
201634
201737
201826
202247
202329
202367
202611
202989
203317
203563
203565
203604
203766
203783
204088
205162
205261
205469
206162
206270
206719
207330
208066
208164
208288
208360
208698
208798
209005
209033
209513
209579
209703
209833
209925
209946
210448
210545
210552
210621
210644
210826
210926
210983
211582
211684
211783
211881
211892
211909
212061
212289
212409
213193
213268
213375
214033
214437
215025
215488
215554
215597
215900
215981
216028
216065
216193
216305
216324
216354
216434
216518
216620
216723
216938
216997
217648
218092
218206
218439
219114
219128
219388
219532
220126
220146
220418
220801
221033
221171
222304
222425
223030
223214
223297
223311
223436
223534
223565
223596
224031
224190
224403
224541
224814
224930
225303
225368
225754
226462
226923
227222
227713
227919
228180
228403
228603
228974
229455
229636
229858
229940
230062
230452
230806
231335
231630
231831
232174
232297
232479
232535
232565
232579
232892
233947
234125
234322
234612
234949
235068
235071
235337
235534
235666
235950
235964
236048
236156
236242
236322
236884
237356
237575
238216
238417
238875
239158
239216
239627
239771
239857
240301
240371
240551
240852
241262
241446
241588
241946
242735
242742
242788
243124
243727
243840
243856
243963
244129
244207
244301
245179
245191
245479
245708
245848
245954
246128
246294
246338
246508
246570
246971
247396
247641
248872
248918
250200
250274
251064
251360
251427
251991
252031
252330
252820
252930
253044
253084
253531
253639
253684
253752
254358
254506
254914
255204
255205
255722
255950
256087
256144
256317
256484
257269
257616
257958
258117
258254
258532
259500
260121
260159
260285
260396
260626
260675
261071
261130
261419
261590
261967
261985
262320
262486
262645
262798
263928
264460
264781
264796
264928
265059
265193
265308
266024
266047
266162
266176
266217
266558
266682
267005
268718
269103
269548
269693
270248
270356
271514
271591
272847
273400
273468
273648
274164
274384
274967
275520
275736
275867
275949
276621
277106
277751
277925
278338
278898
278939
279173
279203
279308
279372
280268
280433
280575
280698
280737
281538
281570
281877
282554
282771
283425
283630
284111
284386
284626
285441
286219
286697
286973
287094
287121
288080
288104
288408
288695
289458
289714
290396
290411
290770
291366
291568
292214
292349
292928
294043
294539
294546
295105
295252
295814
296714
296834
297046
298031
298397
298440
299838
300376
300460
300601
300728
301043
301048
301353
302253
302930
303008
303499
303548
305027
305338
306360
307572
308789
308899
310355
310554
310805
310879
311205
311304
311847
311873
312010
312149
312255
312321
312513
312597
312846
312888
312927
313598
313611
314234
314627
315283
315488
315773
316157
316555
316644
317189
317921
318887
319541
320428
321561
321663
321793
323140
324833
325132
325456
325493
326133
327476
328842
329124
329211
329387
330115
330853
331319
331846
332077
333456
333770
334082
334103
335125
336832
337418
337514
337808
338694
340325
341042
341798
341952
342879
342957
343742
344201
344847
346817
346849
347341
348881
348958
350393
350406
350882
351493
352064
353671
354227
355191
355726
356807
356816
358722
358893
362324
362477
362492
362520
364401
364554
365506
367585
370200
370294
371847
372729
372779
375061
375349
377796
377992
379066
379612
381061
381970
382316
382816
384063
390253
391548
391998
392101
392953
393450
394165
395256
396996
397191
400162
403813
405797
407519
409712
410270
411736
413715
413883
414027
415854
419192
419444
421070
421561
421970
426928
429674
432067
432299
436383
440820
453355
459546
464094
466714
467761
469053
471163
472282
475011
480338
480708
484833
488689
490279
505260
506726
507402
508545
509167
524588
528070
544896
563906
574193
590357
591781
618474
