0
0
18
20
24
24
57
113
121
126
171
214
239
242
286
303
386
458
477
487
702
742
766
809
916
945
1005
1071
1150
1153
1195
1205
1213
1249
1282
1285
1300
1344
1364
1416
1450
1599
1627
1660
1708
1817
1870
1965
1965
2002
2055
2216
2273
2279
2368
2403
2425
2430
2469
2656
2709
2751
2803
2832
2844
2854
2897
2960
3080
3082
3092
3150
3203
3209
3244
3260
3280
3288
3293
3330
3377
3403
3464
3464
3503
3507
3583
3583
3591
3605
3685
3697
3720
3909
4043
4085
4092
4160
4181
4213
4225
4322
4325
4325
4356
4360
4404
4426
4448
4478
4654
4661
4709
4780
4945
4973
5021
5036
5148
5170
5193
5201
5232
5272
5335
5365
5383
5404
5512
5623
5672
5771
5821
5922
5937
5961
5981
6003
6108
6123
6136
6196
6222
6222
6233
6276
6323
6337
6402
6424
6429
6450
6503
6570
6600
6612
6625
6640
6902
6905
6946
6974
6983
6985
7062
7062
7077
7089
7194
7236
7274
7284
7353
7380
7383
7421
7495
7525
7526
7627
7635
7650
7650
7696
7739
7779
7811
7866
7872
7877
7891
7897
7921
7925
8030
8130
8193
8200
8262
8295
8311
8323
8369
8443
8452
8520
8551
8590
8641
8643
8666
8688
8759
8782
8811
8855
8905
8968
8975
9082
9097
9162
9216
9348
9495
9518
9568
9626
9670
9709
9786
9882
9919
9960
9969
9972
10017
10020
10061
10085
10321
10324
10328
10372
10377
10386
10414
10435
10445
10450
10468
10469
10497
10497
10590
10611
10629
10704
10737
10770
10804
10917
10952
11038
11367
11380
11386
11408
11432
11465
11475
11506
11522
11561
11636
11677
11678
11745
11770
11810
11822
11880
11914
11955
12011
12061
12061
12097
12111
12144
12157
12160
12183
12209
12213
12217
12222
12231
12239
12295
12356
12380
12382
12448
12459
12481
12523
12584
12618
12696
12707
12737
12811
12844
12858
12880
12895
12927
12983
13003
13019
13063
13120
13135
13216
13254
13333
13340
13397
13431
13481
13499
13653
13706
13742
13781
13842
14056
14061
14135
14164
14181
14313
14331
14491
14525
14545
14584
14598
14695
14761
14806
14825
14845
14850
14929
14957
14971
15104
15202
15257
15269
15329
15332
15448
15549
15596
15600
15622
15695
15730
15734
15826
15878
15922
15959
16001
16051
16075
16101
16192
16262
16306
16389
16396
16400
16482
16514
16521
16601
16613
16651
16663
16836
16881
16882
16893
16937
16944
16971
17032
17037
17243
17263
17287
17312
17429
17542
17548
17628
17646
17710
17749
17778
17838
17872
18017
18020
18098
18118
18141
18146
18147
18230
18330
18428
18504
18527
18624
18691
18696
18698
18761
18791
18800
18840
18896
18939
18967
19008
19035
19049
19134
19237
19250
19276
19409
19416
19424
19443
19546
19649
19672
19835
19844
19904
19906
19914
19932
19955
20015
20016
20038
20054
20093
20174
20190
20305
20314
20406
20407
20456
20463
20538
20542
20550
20559
20643
20680
20743
20787
20832
20948
20949
21046
21126
21168
21185
21265
21351
21398
21577
21634
21662
21775
21779
21791
21813
21830
21838
21855
21862
21923
21932
21934
22017
22025
22062
22226
22242
22274
22584
22675
22680
22692
22717
22728
22831
22847
23005
23053
23185
23249
23316
23341
23341
23439
23457
23539
23539
23614
23674
23711
23731
23779
23834
23928
23938
24038
24131
24132
24184
24206
24243
24245
24313
24321
24364
24418
24455
24544
24558
24615
24676
24681
24689
24736
24802
24848
24950
24955
25075
25099
25251
25339
25356
25433
25578
25597
25606
25762
25775
25853
25881
25905
25919
25920
25931
26034
26040
26068
26131
26162
26176
26184
26209
26218
26221
26243
26244
26366
26393
26429
26472
26475
26577
26589
26649
26696
26835
26878
26891
26907
26908
26946
26966
27023
27199
27221
27229
27242
27243
27243
27260
27304
27348
27505
27596
27655
27904
27995
28021
28031
28151
28260
28262
28266
28273
28544
28549
28561
28654
28732
28825
28855
28909
28932
28936
29049
29130
29199
29219
29238
29264
29278
29285
29370
29405
29405
29418
29440
29540
29549
29572
29632
29686
29710
29785
29802
29852
30002
30149
30178
30184
30207
30214
30227
30240
30251
30381
30471
30508
30555
30577
30639
30641
30919
30976
31006
31012
31060
31079
31226
31348
31369
31397
31485
31588
31617
31679
31689
31701
31726
31761
31769
31825
31840
31957
31958
32018
32111
32208
32301
32301
32343
32363
32421
32433
32479
32482
32581
32676
32832
32887
32936
33099
33116
33140
33249
33271
33317
33324
33455
33584
33659
33730
33795
33842
34000
34011
34047
34066
34094
34124
34237
34298
34319
34327
34341
34456
34458
34513
34531
34686
34691
34755
34831
34844
34847
34864
34904
34978
35026
35139
35178
35292
35370
35450
35467
35577
35590
35644
35683
35729
35867
35885
35921
35936
35948
35968
36292
36297
36298
36416
36450
36475
36717
36847
36921
36931
36994
37030
37046
37061
37140
37148
37163
37177
37188
37192
37197
37203
37230
37290
37358
37375
37408
37505
37524
37551
37599
37627
37642
37690
37705
37762
37820
37884
37942
37959
38047
38098
38159
38171
38234
38290
38358
38398
38515
38637
38661
38677
38692
38818
38879
38885
38892
38919
39194
39205
39208
39252
39312
39366
39434
39453
39542
39604
39654
39676
39696
39712
39745
39767
39786
39810
39841
39866
39881
39907
39964
39988
40224
40229
40291
40318
40353
40462
40496
40521
40584
40680
40717
40891
40891
40927
40931
41055
41080
41097
41108
41220
41222
41312
41335
41395
41421
41484
41557
41591
41695
41714
41753
41836
41883
41902
41914
41916
42006
42170
42172
42183
42243
42245
42273
42425
42431
42449
42464
42500
42508
42578
42605
42630
42703
42768
42795
42804
42844
42864
42910
42953
42957
43114
43166
43191
43223
43225
43288
43370
43499
43552
43559
43607
43889
43897
43939
43978
44005
44026
44046
44102
44117
44216
44330
44336
44375
44420
44491
44578
44585
44614
44631
44640
44743
44879
44964
44996
45012
45195
45276
45302
45339
45404
45523
45597
45655
45773
45781
45840
45915
45950
46036
46169
46365
46373
46474
46496
46502
46516
46586
46591
46603
46636
46807
46911
47092
47146
47154
47201
47242
47257
47260
47268
47301
47310
47324
47337
47421
47425
47485
47491
47687
47900
47998
48037
48122
48159
48287
48325
48333
48346
48392
48409
48442
48460
48462
48469
48486
48574
48613
48637
48649
48736
48753
48827
48831
48917
48920
48924
49094
49127
49195
49226
49231
49257
49308
49377
49383
49431
49492
49496
49601
49604
49616
49622
49633
49644
49651
49687
49775
49796
49844
49856
49906
49922
49946
50027
50036
50046
50072
50143
50190
50280
50302
50318
50335
50336
50456
50499
50628
50716
50722
50754
50817
50858
51041
51056
51225
51469
51479
51520
51523
51568
51576
51604
51762
51790
51861
51895
51929
52069
52135
52194
52246
52379
52470
52523
52527
52533
52557
52571
52701
53075
53231
53246
53374
53430
53477
53492
53524
53572
53726
53753
53776
53874
53935
54060
54097
54160
54215
54232
54263
54304
54317
54321
54340
54386
54414
54494
54504
54509
54516
54724
54726
54894
54907
54927
54932
55350
55371
55393
55463
55474
55504
55516
55551
55564
55599
55600
55607
55612
55641
55650
55666
55682
55716
55737
55755
55906
55938
56022
56049
56149
56182
56186
56210
56212
56216
56226
56228
56334
56423
56481
56592
56593
56596
56639
56711
56716
56739
56886
56982
57002
57011
57053
57077
57265
57555
57576
57741
57819
57878
57881
57929
58047
58085
58123
58145
58262
58392
58465
58560
58593
58702
58797
58798
58819
58839
58842
58852
58901
58965
59024
59053
59112
59148
59171
59317
59366
59370
59428
59497
59528
59585
59782
59822
59838
59865
60025
60157
60310
60491
60570
60672
60688
60752
60792
60806
60844
60984
61010
61062
61141
61145
61149
61177
61240
61266
61417
61417
61488
61532
61674
61682
61737
61810
61863
61942
61982
62153
62193
62298
62354
62383
62445
62472
62512
62559
62705
62740
62751
62834
62888
63000
63278
63339
63376
63504
63605
63635
63653
63740
63776
63796
63814
63820
63838
63952
63981
63984
64006
64014
64017
64031
64090
64131
64145
64182
64188
64218
64228
64249
64304
64335
64354
64441
64449
64555
64593
64715
64729
64817
64879
64898
64994
65027
65115
65119
65189
65503
65580
65595
65674
65772
65779
65820
65890
65990
66005
66065
66122
66132
66156
66156
66238
66245
66341
66383
66393
66393
66414
66444
66461
66559
66601
66630
66639
66649
66741
66831
66942
66976
67019
67098
67259
67280
67288
67290
67331
67495
67521
67837
67864
67940
68102
68137
68140
68179
68206
68209
68319
68327
68370
68616
68637
68679
68691
68766
68844
68887
68960
68963
68964
69093
69288
69320
69360
69478
69481
69491
69597
69598
69738
69815
69873
69918
70063
70086
70210
70255
70262
70269
70276
70337
70340
70375
70378
70411
70432
70463
70464
70517
70531
70566
70696
70739
70800
70904
71030
71073
71102
71160
71171
71309
71348
71420
71423
71432
71504
71534
71546
71579
71621
71650
71792
71815
71906
71979
72157
72262
72271
72396
72406
72734
72780
72838
72846
72898
73170
73257
73342
73594
73594
73639
73660
73671
73835
73886
73901
73945
74037
74040
74105
74153
74159
74206
74249
74373
74434
74518
74548
74559
74594
74606
74609
74640
74685
74714
74753
74792
74861
74932
75292
75334
75346
75353
75398
75546
75582
75591
75655
75665
75734
75737
75879
75963
76064
76236
76341
76365
76423
76529
76601
76624
76695
76826
76844
76848
76873
77010
77059
77066
77134
77197
77206
77227
77278
77346
77448
77463
77568
77616
77791
77881
77900
77925
78019
78026
78057
78119
78149
78229
78263
78312
78437
78576
78590
78595
78653
78793
78864
78914
79018
79082
79121
79156
79262
79276
79390
79769
79801
79822
79832
79890
79983
80145
80180
80239
80279
80316
80324
80393
80460
80469
80644
80664
80693
80776
80782
80799
80837
80945
80988
81030
81068
81103
81113
81118
81139
81145
81186
81302
81341
81393
81417
81462
81467
81467
81559
81577
81685
81691
81776
81797
81799
81861
81966
82010
82029
82091
82190
82248
82300
82401
82428
82683
82744
82757
82816
82939
82966
83269
83286
83334
83425
83464
83566
83575
83718
83754
83959
83987
84027
84033
84245
84325
84364
84501
84542
84557
84621
84697
84708
84750
84773
84807
84812
84831
84852
85014
85024
85049
85086
85108
85272
85394
85410
85507
85528
85699
85771
85833
85946
86029
86029
86148
86149
86161
86262
86366
86477
86531
86550
86611
86697
86766
86786
86808
86878
86937
87044
87077
87120
87253
87256
87277
87277
87292
87304
87317
87406
87473
87533
87552
87783
87851
87919
87928
88059
88355
88455
88455
88500
88708
88753
88826
88903
89092
89159
89184
89467
89538
89545
89559
89584
89715
89790
89802
89964
89995
89996
90031
90203
90290
90309
90514
90557
90604
90643
90672
90719
90870
90879
90930
90973
91006
91058
91100
91206
91253
91291
91356
91413
91426
91489
91493
91562
91739
91851
91880
91914
92050
92057
92123
92169
92212
92215
92218
92360
92477
92587
92708
92852
92902
92940
92959
92979
93247
93339
93394
93454
93705
93775
94191
94217
94245
94296
94373
94420
94445
94524
94573
94657
94674
94678
94705
94747
94751
94876
94918
95165
95235
95293
95345
95349
95380
95414
95420
95542
95578
95775
95845
95953
96076
96169
96203
96357
96379
96411
96464
96489
96577
96702
96729
96746
96885
96892
96963
97022
97079
97182
97340
97386
97478
97600
97603
97647
97687
97848
97856
97861
97895
97942
98067
98073
98139
98240
98306
98413
98435
98438
98568
98641
98650
98722
98892
99086
99095
99131
99224
99274
99324
99480
99498
99656
99702
99716
99730
99912
100098
100103
100136
100164
100336
100408
100585
100630
100637
100685
100727
100738
100828
100887
100967
101082
101102
101255
101262
101268
101527
101532
101542
101770
101812
101992
102042
102059
102102
102224
102254
102309
102315
102316
102369
102549
102567
102571
102603
102626
102744
102749
102804
102848
102891
103001
103078
103172
103396
103427
103481
103650
103793
103821
103864
103941
103960
104087
104327
104382
104440
104511
104623
104632
104745
104855
104880
104988
105121
105149
105151
105254
105279
105329
105385
105805
105830
105849
106048
106112
106194
106303
106417
106589
106599
106617
106686
106803
106838
106925
106965
106988
107015
107018
107026
107214
107243
107264
107292
107349
107470
107483
107591
107615
107617
107707
107719
107809
107837
107879
107882
107963
107980
108122
108387
108393
108441
108504
108700
108764
108770
108909
108998
109014
109116
109121
109159
109269
109274
109459
109496
109546
109599
109751
109856
109963
109977
110128
110162
110212
110247
110290
110409
110475
110497
110501
110602
110619
110634
110736
110897
110957
110972
111115
111151
111248
111423
111550
111628
111794
111894
111904
111985
111999
112348
112481
112536
112553
112746
112858
112962
113028
113205
113259
113306
113356
113386
113576
113599
113651
113665
113896
113929
113972
113973
113982
114037
114042
114123
114137
114300
114339
114388
114398
114458
114474
114516
114535
114754
114996
115050
115142
115225
115226
115238
115335
115377
115395
115478
115501
115538
115595
115723
115737
116001
116016
116189
116247
116298
116405
116616
116685
116692
116711
116843
116899
116908
116986
117008
117018
117022
117072
117094
117216
117230
117308
117309
117381
117559
117641
117796
117897
118109
118179
118239
118305
118334
118361
118389
118431
118482
118631
118671
118678
118789
118797
118812
118856
118892
118922
118928
119145
119225
119237
119374
119447
119801
120133
120413
120476
120521
120582
120619
120764
120978
120984
121150
121255
121391
121450
121494
121541
121699
121803
122123
122171
122184
122219
122277
122364
122596
122606
122635
122685
122721
122723
122751
122787
122789
122827
122934
122984
123026
123076
123290
123452
123630
123778
124180
124215
124226
124272
124300
124340
124434
124444
124471
124677
124879
124895
124953
124968
125007
125024
125028
125130
125267
125334
125497
125587
125683
125750
125799
125814
125817
125828
125866
125913
126056
126421
126476
126540
126635
126660
126792
126821
126986
127121
127167
127233
127241
127333
127343
127395
127405
127496
127533
127645
127690
127698
127703
127811
127816
127850
127885
127886
127893
128026
128057
128109
128153
128228
128313
128314
128428
128465
128472
128517
128683
128811
128815
128854
128873
128914
128984
129074
129101
129121
129249
129316
129553
129586
129845
130084
130111
130220
130287
130327
130507
130558
130562
130698
130776
130950
130960
130991
131017
131043
131050
131189
131381
131452
131542
131650
131660
131894
132098
132100
132116
132204
132208
132223
132279
132300
132651
132873
133254
133309
133325
133406
133424
133643
133999
134320
134322
134447
134501
134559
134839
135072
135218
135249
135250
135356
135541
135810
135829
135922
135924
135998
136006
136047
136106
136148
136241
136397
136882
137007
137029
137086
137103
137282
137308
137336
137441
137447
137448
137542
137546
137546
137657
137782
137800
137817
137934
137966
137968
137998
138023
138149
138172
138204
138265
138302
138306
138314
138370
138402
138637
138771
138846
138945
139044
139082
139083
139120
139128
139158
139399
139465
139516
139688
139746
139915
139960
140079
140109
140343
140591
140779
140908
140911
140916
140916
141027
141029
141099
141114
141213
141295
141295
141330
141456
141616
141621
141834
141973
142084
142254
142380
142588
142716
142719
142793
143177
143227
143277
143367
143436
143452
143474
143597
143821
143854
144237
144285
144319
144333
144433
144476
144520
144560
144747
144779
144993
145026
145255
145430
145602
145606
145637
145901
145948
146096
146129
146454
146571
146797
146814
146825
146923
146925
147005
147011
147106
147146
147197
147207
147220
147229
147238
147274
147292
147347
147595
147646
147648
147791
147814
147945
148377
148554
148557
148574
148617
148679
148679
148748
149097
149193
149225
149238
149289
149423
149430
149451
149481
149652
149751
149855
149961
150244
150365
150367
150424
150529
150586
150746
150779
150836
151202
151207
151350
151629
151654
151727
151763
151818
152067
152123
152133
152156
152327
152371
152537
152588
152728
152761
152877
153263
153324
153464
153565
153606
153632
153700
153707
154030
154220
154245
154267
154402
154505
154544
154557
154682
154782
154857
155035
155207
155454
155621
155921
155993
156001
156042
156052
156119
156248
156397
156705
156979
157059
157178
157209
157227
157297
157435
157793
157886
157932
157936
158072
158231
158356
158411
158412
158607
159016
159158
159357
159396
159402
159419
159585
159738
159766
159915
160061
160097
160269
160278
160329
160495
160533
160627
160662
160917
160977
160996
161073
161075
161143
161296
161459
161462
161498
161532
161683
161812
161834
161843
161879
161916
162154
162547
162605
163027
163097
163290
163381
163515
163550
163557
163737
163766
163962
164046
164071
164286
164348
164416
164515
164728
164870
164900
164994
165388
165740
165918
165940
166044
166044
166060
166130
166144
166413
166426
166460
166478
166562
166626
166654
166816
167228
167342
167551
167607
167766
167768
167771
167793
167799
167869
167941
168096
168156
168158
168206
168238
168240
168253
168357
168449
168537
168746
169333
169482
169509
169520
169528
169551
169558
169725
169734
169808
169867
169929
170084
170120
170120
170237
170269
170292
170296
170362
170372
170507
170549
170654
170995
171138
171522
171532
171794
171803
171862
171917
171930
172062
172269
172277
172396
172459
172490
172843
172883
172897
173215
173612
173802
173816
173937
173955
173997
174159
174201
174326
174345
174583
174849
174923
175039
175315
175395
175403
175407
175466
175751
175886
176047
176136
176145
176187
176406
176546
176594
176710
176724
176906
176985
177072
177232
177312
177491
177530
177559
177912
178131
178248
178550
179041
179042
179153
179171
179300
179331
179494
179649
179842
179903
180062
180094
180120
180178
180246
180318
180337
180648
180894
181007
181010
181040
181060
181239
181251
181312
181484
181708
181733
181752
181755
181878
181933
181957
182073
182290
182368
182449
182462
182602
182958
183147
183205
183280
183402
183423
183433
183499
183561
183582
183708
183717
183800
183885
184057
184210
184273
184377
184408
184447
184525
184638
184770
184856
185015
185110
185179
185559
185604
185887
186025
186027
186062
186088
186144
186405
186979
187035
187182
187305
187467
187656
187712
188010
188236
188336
188437
188437
188477
188655
188820
188879
188947
189089
189153
189242
189264
189268
189778
189783
189863
189866
190237
190245
190252
190381
190384
190401
190504
190542
190681
190693
190828
190857
190871
190926
190984
191046
191111
191211
191449
191467
191545
191546
191636
191649
191755
191913
192042
192148
192254
192480
192488
192493
192580
192640
192877
193032
193302
193334
193440
193442
193452
193859
193994
194078
194115
194134
194152
194335
194470
194518
194706
194788
194815
195046
195150
195255
195559
195633
195683
196008
196027
196136
196363
196400
196508
196754
196899
196919
196975
197003
197172
197189
197240
197414
197670
197972
198064
198133
198154
198446
198579
198580
199191
199229
199318
199420
199423
199623
199644
199726
199974
199993
200010
200080
200185
200259
200370
200398
200504
200596
200862
200991
201019
201037
201082
201249
201465
201487
201653
201777
201932
202391
202457
202609
202688
202710
202834
202945
202989
203022
203232
203303
203412
203676
203886
203986
203999
204144
204849
204912
205524
205591
205742
206377
206391
206636
206690
206746
206785
206816
206884
207217
207289
207574
207594
207677
207843
207984
208339
208643
208644
208752
208802
209044
209160
209480
209512
209514
209730
209775
209806
209835
209857
209935
210094
210314
210382
210601
211139
211186
211479
211506
211561
211608
211885
211974
212074
212131
212145
212190
212302
212534
212574
212676
212780
212894
212939
212975
213079
213109
213256
213290
213387
213619
213662
213737
213844
213850
213856
213927
213949
213969
214039
214160
214166
214201
214463
214541
214678
214862
214949
214964
215224
215245
215246
215253
215605
215729
215889
215985
216108
216313
216317
216355
216391
216472
216695
217051
217093
217268
217282
217640
217776
217846
217853
217898
217923
218358
218428
218587
219305
219524
219557
219718
219859
220011
220146
220156
220293
220312
220564
220987
221138
221146
221366
221441
221502
221571
221613
221919
222119
222273
222335
222613
222795
222796
223017
223053
223114
223263
223477
223477
223506
223828
224022
224413
224705
225277
225278
225335
225448
225629
226172
226287
226392
226465
226466
226510
226536
226817
227053
227155
227270
227369
227381
227422
227975
227995
228088
228373
228504
228913
228992
229263
229415
229718
229798
229920
230157
230280
230393
230513
230689
230752
231361
231444
231577
231718
231720
231894
231933
232034
232184
232914
233288
233335
233786
234005
234027
234044
234185
234232
234808
235071
235676
235723
236089
236253
236255
236276
236415
236979
237315
237384
237732
237771
238199
238223
238444
238469
239555
239956
240054
240173
240284
240353
240669
240964
241103
241141
241301
241344
241362
241385
241630
241635
241648
241747
241981
242052
242329
242923
243197
243604
243650
243726
243741
243772
243782
243849
243894
243932
244102
244423
244469
245049
245250
245641
245883
246197
246611
246861
247127
247164
247292
247352
247503
247979
248263
248861
248898
248974
249219
249328
250172
250177
250273
251130
251225
251649
252093
252095
252293
252617
253298
253375
253661
253741
253799
254515
254856
254914
254950
255069
255398
255578
255721
256132
256328
256409
256569
256973
257809
258060
258087
258182
258932
258994
259216
259843
259977
260106
260313
260456
260736
260941
260993
261321
261351
261362
262195
262213
262468
262726
262826
263366
264301
264383
264464
264948
265098
265110
265255
265599
265882
266149
266301
266543
266634
266757
266801
267095
267109
267472
267714
268251
268444
268455
268734
269099
269226
269284
269553
269760
270076
270493
270885
271252
271711
272072
272420
272718
272804
273014
273033
273109
273137
273213
273410
273544
273649
273710
274052
274150
274327
275823
276887
276915
277287
277960
277981
278694
278876
279438
279699
280095
280195
280323
280415
280477
280577
281192
281344
281354
281594
281750
282268
283787
284225
284253
284443
284486
284989
284998
285083
285453
286066
286256
287087
287469
288021
288038
288146
288440
288451
288711
288998
289361
289535
289889
289933
290072
290144
290258
290339
290453
290617
290754
290932
291284
291394
291773
291916
291952
292021
292120
293012
293133
293361
293598
293921
294435
294481
294916
294953
295183
295767
295912
296685
296819
297665
297977
298251
298663
299255
299335
299953
300103
300268
300519
300565
300650
300986
301095
301462
301783
302406
303042
303948
304227
304680
305188
305888
306509
306615
307446
307715
307902
308149
308190
308894
309387
309481
309490
309505
309754
310891
311246
311285
311949
311987
312802
313240
313315
314271
314606
314828
314906
314949
314963
315112
317151
317169
317726
317784
317808
320532
321243
321323
322104
322599
322688
323047
323238
323833
323952
324144
324709
325707
327070
328301
328714
328866
330333
330376
330407
330483
331817
332877
334268
334475
334609
335934
337092
338166
338230
338437
339612
340257
340502
342052
342425
342702
343700
346516
347616
348180
349953
350283
350516
350644
350871
351324
352511
352538
352962
353807
354130
357651
357834
358683
359127
359667
359896
360789
360812
360992
361157
361668
362272
363541
363763
365710
366371
368800
369477
370463
370854
371907
372173
372528
373808
374211
374558
376110
376439
376703
378284
380484
380923
381312
382908
383545
383844
384720
386173
388101
390666
392226
395565
396147
397649
398806
398846
402924
405554
406822
407082
408632
410407
410663
411515
413400
414742
417108
419652
421601
425896
426697
432358
433143
438065
439310
441207
449102
450323
450793
453487
455787
456485
457853
458300
461130
461647
470141
473441
474966
482675
492149
492453
493148
498406
501280
503923
512546
517718
518287
523587
524750
534222
551104
556858
561735
604031
634813
649306
