0
0
241
362
387
536
555
1098
1206
1333
1400
1541
1597
1736
2061
2149
2234
2239
2360
3124
3179
3217
3502
3722
3816
3929
4214
4732
5883
5914
5975
5988
6422
6807
6832
7216
7273
7293
7689
7707
8082
8195
8441
8624
8922
9170
9393
9749
9988
10171
10225
10360
10415
10476
10612
10699
10794
11598
12689
12936
13044
13637
13648
14339
14340
14412
14613
14767
14946
15064
15115
15416
15534
16026
16232
16245
16325
16443
16447
16571
16648
17206
17265
17749
17793
17951
18334
18582
18669
18902
20147
20247
20250
20265
20389
20401
20644
20816
20874
20991
21106
21258
21613
21801
21955
22031
22783
23080
23349
23441
23566
23812
24050
24127
24486
24548
24700
24829
24963
25415
25597
25907
25913
26028
27384
27419
27479
27495
27738
28049
28502
28609
29008
29947
30283
30912
30913
30958
31375
31382
31516
31517
31555
31797
32180
32499
33241
33474
33498
33887
33911
34134
34694
34718
35344
35550
35920
35944
36477
37008
37106
37418
37762
37844
37895
38182
38327
38335
38474
38566
38924
39570
39573
39593
39798
39871
39886
39912
39972
40319
40669
40823
40993
41210
41690
41946
42497
42637
42731
43622
43682
44001
44023
44026
44688
45099
45114
45143
45424
45502
45561
45740
45786
45878
46199
46307
46345
46502
46506
46874
47062
47162
47302
47514
47575
47728
47757
48166
48599
49061
49081
49167
49405
49738
50330
50334
50635
50842
50928
52021
52040
53357
53371
53438
53468
53688
53871
54032
54042
54344
54732
54859
55158
55258
55327
55793
56254
56348
56774
56787
56841
57105
57539
58237
58470
59641
59730
59734
59855
59951
60276
60611
60852
60858
61388
61968
62354
62603
63877
64715
65318
66075
66128
66133
66328
66960
67471
67576
68051
68269
69192
70507
71562
72303
72323
72844
72885
73501
73528
73531
73817
73873
73893
73916
74137
74554
75103
75121
76869
76927
77680
77715
78139
78371
78726
79091
79188
79624
79906
80048
80116
80189
80344
80602
82416
82448
82667
82681
82684
83024
83433
84093
84307
84551
84821
85067
85892
85901
85928
87218
87454
87617
87704
88343
89022
89057
89475
90171
90331
90399
90434
90677
91635
91954
92284
92571
92610
92839
93341
93528
93846
93942
94341
94456
94795
95410
95517
95654
95839
96166
96895
97057
97180
97569
97799
98142
98355
100120
100241
100663
100995
101252
101260
101645
102050
102132
103446
103773
103994
104649
104725
104907
105336
105822
105826
105896
105924
106989
107317
107543
108268
108836
109944
110406
111540
111548
111610
112759
112811
113222
113949
114186
114205
115716
115801
115968
116174
116868
117177
117391
118146
118411
119013
119499
119891
120849
121091
121856
122229
122346
122472
122695
122839
122874
123301
123679
125321
125414
125447
125985
127503
127619
127681
127805
128894
129177
129247
130070
130316
130412
130520
130833
130950
131072
131091
131143
131904
131925
131998
132055
132213
132596
133417
133582
134336
135090
135164
135255
135873
136013
136083
136195
136266
136359
136975
137820
138700
138925
139213
139991
140451
140846
142320
142520
142891
143008
143631
144936
144972
144987
146392
146438
146704
147183
147538
148288
148508
148693
149715
150010
150122
150233
150277
150882
151021
152415
152765
154206
154407
154432
154720
155154
155606
156303
158463
159177
160095
160283
160397
160616
161262
161263
161455
162030
163139
163983
164200
164652
166350
168889
169015
169179
169460
169677
170577
171206
171305
171410
171585
171815
172219
173192
173202
175001
175161
176769
177305
177431
177452
178519
180168
180468
181000
182165
182694
184474
185982
186523
187089
189541
189581
189985
190408
190549
192290
192804
193307
193495
193843
194083
194203
194266
196333
196740
198637
200047
200121
201220
201883
201903
202472
203616
205175
205320
208330
208653
208701
209645
210534
213452
214007
215177
215656
216068
216613
217057
217553
218870
219648
220490
220638
220906
223284
223888
223902
223906
225857
226116
226925
228410
228537
228637
228948
231429
232516
232604
232916
235034
237933
238225
239128
240221
240442
240710
243828
244035
244215
245100
245296
245347
245543
250185
250234
251548
254221
254549
257228
257375
257702
258594
259362
259386
259783
259799
262790
264121
264781
265212
268284
268655
268978
278982
279731
281108
281921
282624
284578
286504
287494
289192
291708
291985
292583
292648
293354
294533
294661
294720
295591
298594
298803
299941
301935
304074
304940
306809
308038
308986
311482
312731
314395
316180
317175
318093
320046
320464
322451
323541
324163
327308
328270
332030
335142
336065
339047
339828
344128
348601
356917
357675
357857
361501
363471
363550
364303
371177
373654
373922
374582
375053
375500
376955
377464
380357
390903
392211
394012
397432
399336
400708
412180
417063
424785
425265
426815
427448
430377
455105
459639
474593
496087
497064
532676
544475
