0
0
186
277
696
1097
1232
1275
1276
1786
2038
2530
2615
2686
2854
2930
3132
3326
3477
3497
3865
3899
4111
4158
4330
4339
4966
5044
5104
5278
5568
5843
5914
6198
6454
6575
6695
6721
7051
7211
7309
7382
7867
8004
8519
8614
8842
8903
8915
8943
9079
9119
9560
9673
9765
9842
9902
10091
10220
10414
10599
10742
11047
11269
11283
11833
11851
11878
11897
12346
12614
12740
12783
12899
13297
13390
13537
13554
13667
13772
13948
13964
13995
14039
14101
14145
14281
14356
14600
14704
14829
15013
15268
15455
15462
15694
15803
15849
16109
16167
16303
16574
16637
16644
16794
16965
17046
17362
17436
17575
17771
17993
18034
18322
18484
18665
18973
19167
19443
19678
19779
19841
19980
20082
20533
20658
20825
20882
21880
22163
22285
22769
22814
22817
22825
22865
23076
23138
23388
23449
23451
23716
23839
24238
24493
24782
24959
24963
25665
25808
25986
26006
26051
26103
26147
26151
26213
26560
27179
27260
27277
27303
27353
27620
27874
27880
28223
28522
28727
28959
29073
29083
29932
29983
30076
30179
30433
30434
30466
30591
30796
30824
30983
31286
31877
32397
32744
32774
33090
33350
33723
34182
34306
34608
34616
34911
34930
35060
35072
35179
35700
36294
36354
36382
36978
37213
37480
37574
37616
38161
38322
38450
38474
38479
38550
38757
38827
38829
38919
39048
39592
39690
40189
40262
40312
40378
40790
40880
41073
41101
41224
41272
41360
41543
41766
42094
42775
43151
43225
43281
43347
43419
43473
43822
43957
43979
44024
44110
44196
44260
44586
44697
44700
44759
44770
45066
45373
45408
45450
45588
46693
47147
47175
47614
47625
47784
48215
48278
48500
48538
48565
48725
48812
49005
49290
49300
49534
49691
49758
49814
49892
50067
50368
50396
50484
50494
50583
50696
50698
50735
50742
51033
51075
51211
51519
51809
51886
52067
52245
52487
52800
53102
53137
53382
53557
53900
54017
54134
54332
54395
54635
55231
55239
55288
55370
55800
55983
56012
56045
56061
56115
56309
56581
56702
56762
56788
56947
56989
57062
57403
58104
58406
58538
59192
59209
59316
59518
59524
59588
59633
59822
59989
60014
60155
60163
60317
61151
61160
61439
61563
61894
62442
62521
62596
63216
63488
63501
63606
63714
64060
64178
64197
64624
65196
65639
65672
66041
66145
66255
66340
66414
66634
66654
66758
67087
67368
67409
67498
67620
67696
67870
68464
68532
68645
69293
69485
69677
69947
70095
70128
70430
70464
70723
70737
70753
70954
71031
71207
71522
71701
71776
71950
72377
72785
72911
72984
73245
73661
73986
74126
74362
74464
74496
74995
75164
75218
75650
75972
76571
76689
76841
76905
76958
77151
77377
77846
78238
78376
79032
79304
79360
79565
79815
80042
80121
80254
80617
80900
80908
81010
81036
81187
81555
81696
81786
81961
82314
82681
83208
83336
83379
84115
84680
84836
84899
84998
85277
85337
86521
87020
87176
87197
87472
87640
87695
87812
87913
88574
88644
88819
88830
89064
89543
89580
89734
89906
90070
90482
90989
91087
92213
92233
92252
92539
92670
92985
93072
93133
93598
94092
94730
95593
95685
95929
96532
96829
96993
97317
97833
97838
97908
98017
98241
98752
99576
99822
100261
100275
100371
100744
100856
101244
101254
101467
101762
101838
101868
102001
102240
102545
102676
103386
103672
103674
103708
104027
104368
104408
104576
104836
104837
104896
105209
105306
105348
105378
105504
105647
105712
105761
106499
106622
106698
106919
106946
107122
107271
107846
108054
108226
108286
108363
108549
108893
109011
109207
109673
109831
109860
109867
110082
110097
110135
110199
110283
110424
110451
110552
110625
110704
110856
111006
111321
111710
111718
111731
111842
112119
112555
112857
112987
113065
113195
113625
113933
113958
114359
114719
115016
115268
115550
115702
115895
116002
116052
116802
116947
117141
118014
118440
118989
119657
119694
120065
120197
120204
120583
120615
120707
120827
120950
120952
120965
121080
121251
121665
121758
122105
122168
122414
122653
123049
123314
124002
124390
124484
124599
124732
124769
125085
125157
125383
125489
126040
126441
126764
126787
127201
127646
127658
128917
129292
129849
129898
130962
131477
131863
132136
132769
133353
133486
133901
134301
134599
134777
135197
135322
135419
136105
136275
136316
136609
136889
136956
137056
138068
138472
138519
138771
138817
139348
140072
140185
140532
140604
140911
141110
141256
143071
143279
144059
144605
144728
145244
145308
145554
145687
145732
146466
146815
146863
147442
148001
148037
148098
148156
148164
148286
148376
148706
148831
149059
149394
149763
149891
149910
149949
150317
150839
150903
151172
151300
151622
151807
152062
152360
152785
152809
152839
152930
153058
153706
153766
154191
154788
154981
155094
155423
155614
155764
155768
156088
156676
156814
157036
157359
157463
157500
158041
158100
158446
158826
158872
158985
159029
159684
160892
161486
161980
162122
162263
162534
162552
163030
163287
163298
163432
163693
163778
164182
164301
164520
165219
165281
165497
166614
167192
167213
167612
167830
167975
168809
170715
170857
170903
170975
171220
171262
171725
171965
172111
172570
172903
173474
173571
173715
173887
173938
173955
174072
174129
174541
175829
175901
175926
176454
176973
177316
177688
177761
177814
179684
179723
179748
180202
180332
180839
181581
181664
183090
183279
183347
184637
185039
186207
186211
186938
187162
187290
187383
187564
188330
188344
189059
190492
190751
192017
192039
194540
194643
194682
195293
196119
196487
197253
197929
198058
198125
198429
199593
199656
200827
201821
201996
202303
202582
202709
202736
202785
203205
203335
203544
203923
203980
204048
204593
204743
205271
205635
205974
206082
206435
208078
208319
208411
208676
208763
208917
208944
209848
211176
211774
211998
212477
212492
212833
212876
212944
213603
214193
215171
215631
216877
218177
218319
218813
218831
219661
219839
221423
221922
222798
223893
224031
224484
225066
226626
226729
227421
228037
228113
229131
229849
229914
230367
230383
231480
231563
231746
232172
233625
235288
237157
237203
237538
239918
240675
242044
242649
243605
244725
245604
245709
245760
246690
246764
247073
247236
247283
248176
248413
248414
248958
251255
251333
252497
253299
254893
255264
256818
257423
257612
257625
258233
258373
258879
259614
259699
260571
262455
262986
263219
263281
265895
266980
270911
271753
273636
273823
274422
274952
276443
277527
278528
278764
278787
279787
279903
279965
282151
282901
282992
283746
285065
285213
285991
286463
286660
287184
287195
287215
287315
288143
289048
290346
291527
293978
294213
294512
295002
295178
296523
296996
297128
297271
297318
302394
303703
304710
305897
306262
309771
310634
314534
315196
316656
318908
322565
322684
324310
324787
326109
329776
329941
330400
335101
336489
337674
339263
350658
353330
356159
357892
360726
360755
362445
363756
364863
365027
369698
372162
372381
373667
374007
377424
378108
382206
395781
397274
401554
406805
413174
415180
417338
419737
425112
425439
427624
445600
462915
467707
471885
474010
474860
477568
482912
483047
485880
491798
493930
552741
578803
