0
0
68
179
214
314
320
351
355
393
400
504
587
681
698
717
730
828
917
1121
1180
1188
1295
1323
1352
1395
1410
1414
1429
1438
1508
1578
1778
1793
1829
1893
1970
2102
2139
2203
2205
2231
2236
2249
2270
2318
2337
2346
2569
2600
2601
2623
2820
2840
2860
3089
3148
3187
3195
3203
3246
3265
3327
3380
3414
3495
3515
3584
3585
3599
3627
3699
3752
3765
3793
3914
3916
3922
3958
3996
4038
4068
4155
4323
4423
4431
4463
4510
4513
4579
4628
4631
4641
4663
4678
4702
4769
4805
4814
4895
4918
5037
5069
5139
5158
5187
5236
5346
5383
5404
5506
5534
5600
5633
5633
5641
5701
5734
5760
5770
5907
5910
5954
6078
6097
6131
6214
6236
6270
6283
6364
6380
6414
6424
6429
6434
6528
6682
6733
6758
6853
6972
7006
7042
7083
7197
7235
7270
7328
7530
7572
7597
7613
7641
7668
7764
7822
7846
7939
7964
8040
8105
8108
8111
8148
8359
8360
8392
8516
8637
8685
8822
8920
8965
9197
9258
9420
9481
9490
9601
9640
9760
9782
9795
9844
9923
9966
9981
9983
9993
10090
10111
10149
10167
10190
10224
10263
10284
10335
10345
10360
10386
10425
10457
10490
10551
10603
10692
10718
10743
10792
10818
10834
10851
10852
10899
10963
10971
10994
10994
11002
11073
11111
11126
11163
11253
11263
11438
11461
11491
11508
11514
11570
11604
11611
11622
11652
11668
11713
11750
11770
11806
12017
12102
12176
12251
12265
12273
12311
12372
12396
12406
12409
12462
12495
12511
12634
12690
12715
12908
12915
12934
12963
12981
13072
13098
13213
13278
13394
13538
13620
13656
13761
13823
13847
13988
13995
14075
14123
14141
14146
14157
14176
14293
14299
14335
14351
14396
14422
14516
14522
14546
14554
14590
14597
14723
14731
14803
14842
15010
15046
15048
15133
15206
15207
15225
15249
15361
15417
15448
15462
15487
15491
15505
15506
15513
15518
15696
15714
15796
15974
16052
16230
16258
16258
16259
16312
16322
16358
16369
16438
16469
16545
16568
16662
16690
16727
16818
16820
16853
16921
16956
17052
17075
17154
17200
17213
17290
17294
17302
17415
17594
17622
17801
17833
17887
17985
18081
18111
18185
18216
18217
18247
18430
18477
18483
18536
18570
18731
18777
18834
18898
18900
19060
19222
19365
19413
19418
19457
19619
19743
19753
19790
19885
19890
19910
19924
20004
20053
20112
20123
20167
20196
20281
20299
20313
20381
20446
20450
20481
20481
20534
20537
20539
20856
20883
20966
21019
21100
21136
21223
21239
21266
21291
21293
21303
21416
21525
21526
21573
21703
21704
21798
21800
21864
21864
21873
21875
22023
22040
22057
22066
22190
22268
22269
22311
22404
22544
22698
22801
22868
22938
22948
22985
23104
23240
23307
23381
23390
23403
23500
23544
23571
23572
23589
23605
23638
23732
23751
23760
23846
23864
23894
23896
23912
23984
24142
24174
24397
24466
24483
24604
24673
24776
24824
24837
24840
24918
24937
24965
24972
24994
25022
25056
25190
25211
25326
25382
25440
25452
25497
25526
25573
25580
25585
25657
25715
25721
25807
25906
26010
26047
26112
26142
26190
26224
26293
26304
26351
26378
26395
26424
26444
26487
26625
26628
26645
26657
26685
26753
26779
26882
26886
26911
26939
26985
27024
27138
27255
27444
27482
27532
27630
27633
27710
27728
27802
27841
27982
27986
28000
28006
28124
28178
28182
28297
28302
28330
28464
28561
28605
28660
28683
28713
28717
28742
28762
28779
28811
28821
28884
28945
29002
29188
29205
29263
29356
29441
29462
29557
29576
29628
29656
29687
29745
29756
29776
29781
29880
29890
29958
29999
30014
30129
30132
30174
30431
30441
30530
30678
30721
30750
30755
30771
30949
30980
31018
31074
31215
31309
31420
31515
31555
31584
31623
31674
31713
31785
31800
31824
31867
31921
31938
31984
31986
31993
32042
32177
32393
32534
32624
32624
32627
32724
32788
32809
32917
32990
33035
33115
33384
33386
33570
33663
33739
33810
33831
33885
33925
33940
34012
34055
34108
34129
34134
34196
34228
34262
34344
34365
34513
34534
34567
34572
34993
35036
35060
35096
35201
35385
35443
35527
35615
35670
35785
35793
35961
36136
36217
36226
36231
36231
36322
36396
36396
36426
36520
36639
36694
36700
36941
37073
37091
37115
37119
37136
37258
37367
37405
37430
37455
37458
37459
37459
37502
37534
37556
37585
37592
37598
37620
37625
37681
37685
37795
37929
38003
38123
38207
38253
38338
38370
38382
38435
38459
38510
38574
38671
38886
38974
39079
39121
39128
39199
39216
39268
39402
39463
39512
39513
39516
39534
39560
39697
39819
39929
40005
40029
40130
40141
40171
40255
40260
40390
40421
40481
40521
40557
40672
40689
40693
40714
40726
40784
40831
40839
40844
40974
40982
41007
41020
41048
41078
41080
41108
41116
41124
41140
41212
41234
41281
41302
41370
41387
41550
41556
41606
41654
41748
41801
41824
41832
41874
41993
42114
42258
42317
42319
42383
42402
42445
42539
42555
42689
42726
42904
42971
42982
42984
43108
43129
43144
43187
43200
43254
43326
43387
43483
43517
43631
43642
43667
43951
44218
44283
44297
44303
44321
44353
44396
44405
44452
44467
44474
44553
44650
44683
44685
44724
44844
44951
44959
45096
45119
45132
45157
45205
45235
45383
45423
45461
45517
45662
45728
45775
45776
45873
45908
45983
45985
46041
46069
46190
46193
46217
46226
46297
46320
46333
46341
46358
46451
46508
46572
46786
46829
46883
46908
46929
47057
47061
47073
47152
47153
47339
47488
47577
47583
47720
47793
47817
47880
47890
47967
48105
48109
48234
48239
48241
48392
48478
48499
48509
48591
48599
48645
48709
48916
49014
49014
49033
49094
49104
49168
49216
49237
49251
49374
49418
49520
49521
49522
49589
49630
49710
49781
49814
49821
49856
49863
49935
50080
50092
50119
50119
50177
50287
50305
50476
50489
50588
50590
50696
50894
50916
50927
51072
51179
51214
51216
51219
51223
51229
51239
51259
51333
51428
51560
51666
51978
52016
52019
52044
52301
52349
52452
52485
52575
52595
52746
52771
52807
52813
52872
52875
53126
53182
53233
53236
53351
53444
53454
53540
53552
53555
53564
53583
53605
53609
53720
53722
53797
53900
53907
53938
54007
54047
54047
54047
54102
54175
54229
54285
54319
54353
54390
54460
54469
54485
54518
54543
54751
54752
54791
54796
54830
54871
54896
54902
54943
55050
55090
55118
55132
55234
55274
55279
55308
55342
55348
55348
55516
55533
55541
55566
55720
55789
55858
55869
55872
55921
55949
55985
56053
56201
56242
56278
56283
56297
56344
56649
56650
56673
56681
56714
56916
56942
57032
57110
57172
57305
57310
57387
57428
57444
57460
57497
57505
57587
57729
57926
58053
58130
58255
58264
58315
58386
58436
58514
58642
58649
58652
58953
58976
59000
59004
59011
59024
59035
59133
59177
59236
59254
59285
59308
59439
59494
59611
59729
59764
59814
59902
59904
59969
59988
60004
60019
60129
60194
60253
60272
60322
60367
60402
60407
60442
60503
60567
60594
60620
60831
60856
60869
60885
60921
60963
61061
61161
61186
61198
61270
61370
61412
61423
61534
61543
61702
61761
61767
61769
61779
61821
61874
61892
61973
61973
62067
62179
62214
62222
62276
62292
62331
62354
62432
62454
62468
62480
62559
62598
62598
62696
62765
62855
62886
62911
62925
62961
62999
63039
63191
63334
63561
63586
63601
63610
63628
63649
63660
63685
63742
63757
63783
63815
63859
63948
64002
64028
64031
64046
64080
64196
64213
64213
64267
64268
64334
64334
64500
64528
64630
64747
64761
64871
64952
64961
64987
65044
65100
65137
65386
65437
65549
65625
65673
65696
65748
66021
66094
66115
66208
66324
66434
66633
66659
66698
66760
66835
66855
66973
66993
67165
67208
67263
67396
67520
67752
67941
68006
68019
68080
68085
68134
68136
68250
68258
68312
68360
68389
68404
68407
68530
68629
68653
68755
68824
68826
68864
68954
68986
69136
69164
69240
69274
69323
69353
69572
69611
69635
69773
69813
69837
69863
69884
70128
70139
70149
70247
70272
70291
70393
70537
70587
70589
70613
70621
70653
70661
70708
70712
70792
70803
70836
70845
71207
71307
71339
71504
71529
71553
71587
71601
71720
71785
71793
71869
71938
71947
72045
72095
72211
72417
72421
72426
72476
72616
72641
72747
72843
72893
72894
72901
72942
72967
72984
72994
73043
73062
73100
73135
73156
73243
73261
73375
73393
73428
73500
73528
73628
73675
73927
73947
73961
73979
74015
74163
74225
74239
74243
74258
74279
74302
74380
74397
74400
74433
74537
74570
74573
74598
74673
74698
74713
74752
74786
74787
74795
74807
74811
74825
75104
75234
75260
75283
75304
75351
75365
75374
75382
75390
75405
75462
75493
75517
75732
75883
75893
76067
76104
76187
76221
76273
76332
76338
76360
76605
76706
76867
76881
76886
76927
76957
77023
77063
77244
77329
77408
77420
77433
77472
77473
77504
77509
77543
77630
77653
77688
77696
77724
77740
77770
77786
77832
77854
77871
77943
77978
78017
78087
78098
78107
78231
78303
78560
78586
78682
78887
78891
79190
79225
79316
79497
79506
79751
79767
79915
80159
80243
80247
80339
80421
80471
80750
80769
80792
80796
80802
80823
80842
81106
81227
81486
81498
81522
81589
81619
81658
81662
81664
81707
81758
81781
81812
81889
82011
82043
82111
82163
82229
82254
82291
82349
82377
82386
82412
82431
82454
82479
82492
82515
82536
82570
82748
82767
82850
82886
82932
82936
83048
83093
83206
83244
83260
83285
83334
83369
83383
83389
83435
83456
83481
83607
83627
83764
83767
83829
83875
83903
83938
83963
84121
84221
84271
84404
84539
84599
84639
84728
84732
84803
84816
84886
84984
85034
85043
85053
85109
85140
85330
85700
85702
85805
85836
85878
86000
86364
86374
86457
86563
86569
86723
86728
86842
86957
87019
87114
87154
87183
87280
87379
87451
87729
87786
87816
87819
87821
87904
87920
87978
87986
88139
88172
88309
88316
88388
88419
88435
88640
88660
88744
88839
88963
88988
89013
89091
89132
89351
89421
89592
89813
89931
89935
89983
90014
90103
90113
90164
90240
90272
90286
90429
90509
90615
90642
90668
90677
90679
90704
90846
90907
90937
91023
91036
91073
91076
91096
91125
91183
91322
91344
91422
91452
91522
91533
91552
91573
91576
91631
91635
91650
91741
91758
91776
91842
91873
91958
92190
92273
92366
92551
92614
92651
92652
92663
92678
92687
92708
92761
92781
92791
92826
92883
92886
92931
92982
93009
93345
93373
93439
93461
93494
93511
93604
93639
93723
93801
93827
93838
93863
93916
93984
94056
94082
94160
94234
94270
94570
94617
94624
94655
94662
94676
94688
94740
94799
94923
94969
95119
95194
95250
95272
95311
95319
95360
95405
95547
95851
95865
95925
95977
95989
96249
96341
96404
96406
96635
96750
96806
96809
96894
96960
97024
97070
97082
97154
97462
97477
97482
97769
97856
97889
98173
98188
98270
98320
98377
98382
98416
98499
98573
98619
98630
98802
99025
99060
99388
99391
99404
99479
99525
99560
99620
99636
99809
100050
100134
100164
100172
100197
100279
100283
100320
100345
100364
100412
100413
100476
100552
100562
100603
100613
100641
100661
100754
100863
100907
100974
101042
101064
101109
101230
101283
101400
101531
101553
101590
101601
101616
101821
101930
101959
102037
102101
102129
102167
102213
102289
102349
102367
102423
102437
102509
102510
102617
102622
102666
102736
102805
102807
102843
102898
102910
102979
103040
103133
103167
103332
103353
103365
103372
103538
103553
103579
103824
103845
103968
104093
104145
104226
104259
104391
104454
104539
104601
104787
104812
105060
105273
105327
105439
105510
105708
105783
105856
105874
106035
106073
106383
106438
106568
106570
106835
106973
107041
107254
107316
107383
107425
107452
107470
107498
107544
107554
107566
107677
107730
107921
107927
107956
107997
108079
108095
108137
108154
108202
108227
108335
108393
108586
108695
108711
108717
108775
108805
108825
108916
109015
109159
109162
109201
109334
109342
109385
109450
109454
109496
109510
109645
109775
109872
109917
109974
110082
110289
110471
110552
110801
110817
110817
110832
110888
110902
110989
111001
111079
111109
111125
111224
111245
111280
111466
111519
111536
111631
111642
111741
111787
111911
112000
112023
112037
112298
112398
112473
112633
112647
112668
112841
112877
112917
112980
113019
113027
113234
113280
113289
113405
113480
113647
113652
113670
113716
113772
113808
113837
113994
113996
114014
114218
114222
114267
114292
114321
114370
114382
114391
114481
114486
114521
114633
114750
114829
115066
115192
115319
115381
115834
115858
115868
115917
116460
116585
116812
117050
117180
117244
117251
117269
117321
117413
117510
117610
117803
117859
117918
117969
118002
118081
118112
118121
118123
118259
118298
118467
118579
118643
118840
118842
118922
119087
119087
119104
119188
119199
119203
119222
119273
119340
119573
119806
119937
120160
120166
120185
120221
120266
120485
120528
120542
120826
120864
120887
120891
120928
121051
121212
121246
121250
121268
121287
121416
121487
121496
121512
121541
121544
121954
122096
122207
122259
122346
122384
122655
122750
122809
122903
122992
123022
123158
123168
123175
123456
123465
123479
123626
123647
123853
123935
124086
124206
124346
124380
124507
124579
124715
124752
124908
124944
125063
125112
125159
125301
125381
125447
125461
125516
125535
125569
125584
125595
125864
126048
126273
126308
126315
126322
126330
126498
126714
126758
126780
126830
126930
127030
127035
127073
127104
127115
127183
127269
127321
127369
127410
127414
127460
127697
127710
127714
127805
127861
127908
127974
128097
128161
128195
128262
128302
128325
128423
128425
128445
128531
128587
128654
128809
128892
129035
129078
129235
129259
129464
129465
129554
129706
129754
129850
129869
129924
129948
129999
130020
130077
130201
130245
130260
130312
130331
130684
130763
130811
130898
130918
130955
130979
131078
131249
131301
131574
131797
131827
131859
131921
132019
132681
132919
133167
133258
133379
133534
133648
133721
133898
134002
134086
134114
134219
134220
134398
134399
134579
134715
134850
134873
135064
135194
135240
135384
135489
135627
135716
135757
135799
136093
136123
136168
136281
136389
136468
136718
136719
136727
136734
136766
136948
136991
136998
137053
137092
137093
137337
137431
137440
137475
137509
137827
137963
138020
138138
138145
138371
138477
138687
138711
138711
138775
138979
138994
138998
139316
139854
139986
140036
140094
140258
140310
140647
140648
140660
140820
140824
141207
141229
141482
141484
141618
141667
141767
141780
142002
142267
142330
142366
142372
142482
142498
142527
142761
142925
142980
143006
143039
143197
143445
143500
143690
143804
143813
143820
143845
143875
144231
144268
144314
144687
144692
144715
144851
144926
144967
145108
145208
145280
145345
145470
145545
145556
145587
145624
145691
145844
145952
146051
146215
146276
146309
146315
146393
146436
146491
146715
146920
147175
147216
147224
147455
147493
147493
147564
147974
148047
148087
148135
148216
148578
149437
149728
149866
149931
149971
150028
150039
150166
150237
150251
150299
150319
150337
150400
150615
150656
150684
150690
150701
150795
151425
151439
151592
151663
151674
151893
151928
151954
152048
152049
152063
152119
152263
152293
152512
152560
152768
152935
153223
153269
153347
153386
153477
153526
153592
153739
153744
153807
154057
154128
154189
154212
154241
154309
154406
154534
154574
154622
154872
155008
155246
155276
155556
155572
155612
155740
155777
155902
156095
156166
156295
156323
156348
156433
156448
156598
156642
156665
156838
156949
157052
157083
157103
157109
157125
157170
157339
157365
157559
157583
157800
157965
158008
158065
158249
158635
158827
158935
158954
159065
159128
159206
159305
159352
159407
159487
159499
159648
159659
159818
159833
160059
160059
160135
160259
160387
160466
160485
160629
160754
160774
161039
161097
161510
161713
161805
161883
161928
162014
162144
162313
162392
162404
162594
162775
162780
162815
162901
162909
162913
163062
163415
163826
163830
164091
164296
164334
164337
164357
164534
164568
164658
164670
164745
164770
164777
164833
164967
165122
165177
165478
165538
165692
165701
165851
165890
165904
165912
165945
166212
166280
166375
166438
166479
166644
166734
166905
167046
167059
167072
167175
167318
167463
167762
167781
167896
167982
168173
168221
168315
168340
168443
168793
168800
168857
168860
168955
168978
169054
169104
169136
169163
169382
169489
169491
169521
169536
169657
169681
169817
169863
169989
170544
170636
170655
170669
170805
170832
170894
171180
171273
171384
171431
171713
171786
171865
171895
171941
172166
172224
172296
172622
172676
172990
173088
173229
173245
173261
173286
173619
173753
173842
173894
174033
174146
174198
174390
174396
174421
174430
174464
174465
174587
175006
175057
175113
175231
175316
175363
176347
176455
176504
176617
176838
176913
176936
177047
177200
177227
177449
177564
177594
177640
177764
177868
177873
178228
178344
178493
178548
178580
178638
178677
178743
178987
179045
179131
179255
179270
179293
179700
179757
179792
180001
180006
180217
180296
180458
180663
180680
180801
180944
180961
180963
181106
181128
181397
181699
181727
181852
181885
181929
181964
181977
182022
182022
182134
182241
182399
182409
182967
183151
183185
183250
183395
183436
183620
183766
183794
183856
183991
183995
184025
184223
184421
184427
184484
184530
184545
184590
184827
184882
185243
185301
185340
185419
185459
185678
185786
186326
186686
186703
186783
186832
186851
186856
186964
187000
187376
187427
187558
188133
188389
188414
188484
188530
188587
188698
188760
188761
188849
188907
188993
189012
189022
189097
189202
189361
189630
189748
189769
189844
190014
190154
190194
190465
190673
190801
190892
191317
191319
191387
191544
191623
191723
191914
192193
192194
192204
192293
192383
192573
192730
192976
193015
193025
193569
193608
193757
193813
194009
194060
194093
194176
194237
194261
194272
194367
194423
194598
194613
194621
194782
195038
195079
195320
195351
195387
195499
195527
195682
195980
196035
196757
196808
196862
197046
197401
197438
197463
197622
197626
197630
197707
197711
197721
197915
197926
197977
198178
198244
198624
198847
199609
199943
200005
200021
200110
200650
200652
200717
200864
200999
201036
201122
201414
201418
201483
201550
201741
202263
202294
202728
202739
202879
202905
202926
203173
203274
203277
203545
203664
203813
203830
203884
203960
204154
204586
204633
204804
204962
205399
205426
205514
205575
205755
205939
206056
206076
206458
206462
206563
206901
206910
206929
206986
206991
207073
207203
207249
207319
207423
207542
207603
207623
207656
207816
207916
208034
208076
208182
208358
208390
208553
208655
208829
209006
209060
209506
209680
209753
209789
209901
209930
210116
210265
210302
210355
210388
210410
210552
210579
210622
210723
210896
211173
211185
211445
211473
211601
211710
211712
211836
211904
212050
212057
212222
212600
212723
213074
213075
213227
213258
213514
213850
214176
214384
214579
214608
214735
214849
214970
215033
215048
215374
215502
215762
215819
215847
215920
216127
216277
216288
216455
216600
216676
217059
217085
217090
217106
217215
217342
217388
217438
217735
217779
217863
218346
218487
218508
218719
218768
218837
218867
218982
219090
219144
219190
219507
219680
220384
220664
220992
221365
221697
221817
221880
222697
222789
222951
223072
223279
223436
223644
223705
223870
223892
223935
223944
224025
224104
224151
224512
224690
224884
224941
225146
225357
225494
225775
226008
226083
226203
226324
226615
226684
226747
226905
227041
227295
227332
227359
227447
227547
227717
227756
227794
228157
228194
228197
228348
228476
228938
229496
229544
229724
229866
230180
230238
230454
230571
230810
231023
231537
231730
232174
232571
232611
232728
233160
233422
233635
233652
233734
234301
234494
234891
235215
235808
236769
237447
237606
237684
237940
238536
238596
238861
238863
239230
239377
239379
240065
240174
240288
240586
240783
240838
240864
240936
241201
241233
241266
241877
241992
242032
242482
242649
242680
242798
242960
242998
243702
243752
243791
243964
244197
244282
244298
244413
244738
244892
244916
245207
245209
245286
245433
245603
246061
246168
246327
246516
246524
246730
246946
246983
247167
247219
247229
247355
247536
247604
248266
248297
248542
248557
248650
248937
249180
249385
249552
249556
249586
249652
249656
250448
250699
250852
250951
251298
251377
251717
251781
251831
252286
252426
252690
252717
253091
253162
253193
253209
253374
253386
253415
253636
254169
254324
254402
254575
254739
255004
255695
255823
256483
256791
256854
256978
256994
257086
257107
257513
257616
258332
258439
259026
259509
259637
259666
260183
260188
260246
260393
260554
260626
260866
260964
262341
263013
263028
263453
263590
263923
264285
264942
265069
265198
265281
266257
266264
266530
266667
267374
267495
267563
267590
268387
268411
268862
269237
269536
269743
269965
270102
270123
270405
270664
270694
270753
271275
271320
271545
271826
271881
271951
272134
272268
272292
272368
272959
272998
273075
273744
273881
273921
274001
274042
274515
274655
274822
274938
275807
275808
275816
276123
276159
276332
276455
276463
276490
277882
278026
278386
279431
279629
279714
279830
280056
280179
280589
281328
281587
282061
282066
282152
282560
282591
282672
282819
282874
283168
283326
283653
284062
284072
284238
284454
284512
284636
285175
286065
286170
286223
286310
286365
286615
286678
288594
288634
289192
289383
289544
289997
290014
290401
290720
291084
291367
292322
292692
292739
293116
293291
293950
294272
294921
295020
295222
295347
296074
296321
297050
297965
298034
298358
298881
299146
299301
299794
299973
300019
300338
300483
300485
300494
300604
300626
301260
301312
301643
302128
302614
302729
303027
303126
303330
303345
303717
304100
304446
304738
304917
304970
305053
305175
305224
305459
305945
306348
307139
307456
307645
308356
308454
309750
309792
310003
310032
310366
310448
311016
311976
312586
312669
312735
312840
312949
313200
313382
313471
314853
315461
315505
315713
315713
315907
315925
316276
316342
316734
316854
316994
317624
319855
320407
320771
320827
323036
323251
324248
324458
324741
325119
325541
325965
326074
326151
326281
326534
326671
327211
327547
327601
327833
328432
328774
329505
330380
331028
331750
331802
332035
332273
332499
332695
332708
333112
333119
333223
333423
333798
334318
334886
334982
335418
335555
335733
336230
336643
337706
338228
339786
340026
341246
342203
343251
343984
344481
345013
345090
345445
345835
345869
346217
346837
347063
347188
348835
349338
349855
349998
350554
350595
350933
351287
351763
352189
352610
352627
352856
355613
356057
357189
357367
357395
357651
359311
361562
363292
364711
366734
368218
368735
370315
370657
370700
370903
371639
372443
372632
374819
374849
375135
375168
376410
377194
377258
377781
379492
379829
381316
381681
383024
383719
385005
385691
386759
387148
388121
391732
392550
394997
396249
397220
401039
405654
406859
411376
411644
411804
414635
417272
417899
420053
421137
421386
422925
423637
425542
427496
427521
431024
431799
439015
441143
445209
447856
449567
450578
453623
455525
455525
456598
458085
461471
461929
467628
468437
471555
474613
478198
480937
486640
487983
488011
492917
499820
501676
502387
502436
503552
520709
520842
536662
540413
542241
572388
648017
