0
0
94
165
260
271
316
327
354
423
596
685
748
777
907
977
1085
1122
1386
1524
1538
1567
1587
1643
1761
1802
1904
1909
1966
2020
2024
2043
2105
2114
2158
2282
2357
2376
2406
2415
2600
2818
2876
2913
2955
2998
3056
3141
3239
3253
3269
3394
3494
3628
3691
3807
3850
3909
3925
3969
4112
4112
4211
4231
4256
4313
4398
4410
4471
4517
4557
4632
4672
4682
4757
4850
4880
4919
4935
5002
5089
5096
5138
5237
5320
5465
5477
5486
5601
5653
5662
5691
5848
5849
6123
6141
6157
6321
6373
6477
6536
6596
6707
6778
6871
6940
6942
7000
7022
7028
7152
7156
7193
7195
7228
7268
7273
7294
7329
7344
7388
7537
7698
7932
7939
8012
8341
8380
8394
8455
8558
8577
8584
8586
8604
8663
8696
8826
8898
8904
9050
9055
9058
9203
9302
9391
9633
9683
9705
9766
9852
9898
9926
9933
9940
9985
9988
9988
10205
10251
10277
10291
10350
10369
10411
10467
10486
10593
10630
10664
10764
10771
10805
10947
11052
11140
11168
11175
11333
11380
11430
11538
11580
11686
11713
11816
11825
11873
11908
11917
11925
12023
12099
12180
12201
12229
12313
12350
12392
12393
12419
12546
12546
12569
12570
12586
12614
12705
12777
12829
12860
12894
12901
12979
13025
13343
13378
13388
13440
13501
13689
13700
13772
13788
13848
13879
13918
13925
14069
14089
14146
14151
14201
14413
14572
14574
14637
14679
14747
14828
15009
15016
15130
15205
15205
15275
15360
15389
15560
15573
15651
15673
15690
15740
15786
15895
15908
16073
16142
16243
16295
16331
16392
16705
16731
16741
16773
16864
16871
16964
16983
16987
17098
17128
17199
17230
17300
17343
17451
17455
17510
17648
17652
17674
17713
17766
17788
17793
17837
17909
18019
18039
18082
18089
18116
18181
18282
18364
18399
18414
18449
18477
18552
18584
18631
18927
18952
18963
18981
18998
19019
19054
19172
19192
19204
19212
19255
19304
19380
19425
19516
19561
19565
19758
19828
19876
19902
19969
19988
20072
20085
20097
20216
20262
20350
20518
20526
20629
20634
20634
20652
20688
20708
20842
20948
20963
20974
20984
21012
21403
21475
21526
21635
21650
21652
21690
21800
21965
22036
22039
22105
22123
22234
22300
22309
22423
22452
22454
22550
22639
22749
22775
22818
22920
22962
22965
22974
22978
23328
23342
23367
23409
23426
23514
23529
23736
23827
23837
23897
23924
23980
24119
24239
24333
24355
24405
24406
24490
24518
24559
24574
24619
24637
24671
24733
24826
24945
24984
25034
25099
25150
25179
25223
25282
25317
25318
25431
25485
25511
25565
25601
25686
25691
25891
25891
25915
26028
26122
26255
26284
26311
26374
26384
26459
26543
26665
26863
27208
27244
27346
27350
27374
27435
27539
27580
27692
27699
27731
27853
27899
27959
27986
28050
28116
28274
28309
28336
28357
28439
28453
28557
28584
28596
28650
28672
28713
28779
28814
28828
28899
29055
29097
29196
29223
29287
29289
29291
29306
29367
29371
29397
29462
29611
29660
29730
29734
29864
29908
29934
29936
30047
30124
30136
30152
30210
30296
30651
30771
30812
30947
31020
31062
31076
31279
31355
31403
31421
31438
31530
31578
31654
31703
31707
31851
31891
31915
31948
31958
31981
32003
32018
32052
32209
32260
32298
32303
32312
32385
32477
32576
32677
32735
32829
32883
32917
32963
32987
33038
33086
33100
33152
33175
33191
33285
33377
33425
33461
33466
33543
33555
33642
33684
33904
34064
34119
34268
34403
34994
35100
35139
35151
35167
35221
35262
35308
35325
35385
35453
35479
35528
35530
35542
35559
35560
35582
35702
35720
35770
35774
35804
35849
35868
35871
35919
36045
36083
36270
36291
36310
36413
36435
36454
36497
36507
36645
36698
36741
36750
36786
36848
36892
36911
36934
37217
37374
37386
37423
37433
37461
37592
37606
37716
37717
37746
37794
37795
37813
37896
38097
38132
38170
38272
38427
38748
38921
39032
39073
39086
39124
39140
39145
39145
39305
39331
39334
39359
39362
39444
39457
39573
39627
39782
39829
39972
39982
40089
40258
40397
40444
40464
40469
40480
40525
40550
40563
40654
40669
40712
40728
40812
40890
40965
41053
41080
41115
41178
41199
41254
41317
41412
41465
41561
41609
41610
41792
41807
41850
41854
41871
41959
41977
41997
42105
42117
42182
42284
42434
42527
42535
42643
42695
42727
42774
42816
42833
42860
42866
43033
43080
43332
43425
43449
43468
43498
43524
43639
43655
43704
43718
43983
44071
44131
44244
44273
44465
44542
44568
44727
44798
44843
44849
44976
45004
45042
45115
45127
45171
45281
45451
45471
45536
45690
45995
46037
46085
46273
46353
46400
46419
46494
46505
46512
46557
46630
46702
46767
46792
46815
46868
46878
46937
47093
47101
47141
47236
47292
47391
47438
47595
47601
47616
47696
47702
47814
47914
47974
48040
48088
48117
48194
48253
48325
48349
48384
48405
48431
48474
48525
48574
48720
48750
48802
48880
48965
49043
49043
49078
49088
49166
49209
49321
49347
49440
49475
49491
49494
49550
49593
49636
49687
49779
49797
49896
50132
50279
50307
50354
50587
50754
50852
50889
50968
51191
51319
51381
51429
51656
51657
51706
51744
51806
51810
51821
51835
52119
52120
52262
52278
52296
52317
52438
52514
52557
52620
52807
52984
53007
53028
53109
53139
53226
53232
53375
53477
53534
53649
53741
53918
53922
54106
54196
54368
54453
54575
54667
54683
54886
54915
55097
55102
55105
55290
55322
55357
55443
55494
55541
55551
55614
55734
55760
55881
56156
56269
56279
56527
56598
56659
56678
56783
56900
56946
56952
56965
57159
57376
57423
57462
57597
57895
57903
58008
58011
58022
58042
58110
58112
58161
58178
58236
58276
58479
58498
58565
58630
58682
59015
59024
59042
59133
59193
59207
59366
59466
59516
59520
59532
59564
59643
59666
59685
59865
60056
60071
60111
60176
60301
60322
60367
60388
60390
60391
60408
60417
60488
60548
60587
60601
60631
60635
60677
60799
60991
61124
61395
61458
61528
61536
61576
61593
61654
61674
61752
61758
61815
61858
61919
62008
62055
62175
62213
62233
62524
62703
62715
62734
62749
62750
62764
62789
62794
62887
62908
63101
63433
63649
63689
63740
63869
63925
63975
63977
63987
64026
64035
64050
64174
64205
64576
64853
64902
64962
65016
65157
65547
65800
65840
65921
65983
66028
66158
66299
66493
66545
66715
66935
67013
67089
67095
67142
67246
67282
67297
67337
67363
67511
67525
67620
67621
67626
67860
67900
67905
67925
67964
68018
68048
68152
68169
68204
68253
68305
68361
68387
68392
68509
68534
68712
68729
68732
68758
68771
68777
68804
68864
68867
68873
68881
69002
69005
69063
69159
69239
69291
69301
69494
69707
69729
69764
69945
69979
70111
70153
70190
70193
70221
70269
70296
70399
70403
70573
70596
70821
70826
70929
70983
71017
71092
71128
71280
71367
71413
71432
71467
71485
71487
71516
71547
71618
71723
71769
71802
71808
71824
71962
72068
72091
72132
72153
72311
72363
72540
72556
72675
72678
72718
72766
72856
72879
72982
73320
73323
73406
73458
73764
73778
74072
74110
74208
74237
74238
74283
74315
74407
74459
74565
74587
74712
74740
74751
74843
74938
74967
75004
75035
75041
75064
75249
75412
75484
75510
75583
75666
75705
75711
75860
75910
75942
75952
76114
76126
76139
76256
76289
76313
76329
76375
76453
76663
76706
76777
76977
77173
77268
77271
77315
77350
77365
77468
77570
77610
77658
77694
77699
77771
77774
77802
77817
77842
77853
77942
77966
78073
78183
78378
78437
78456
78563
78580
78588
78692
78699
78762
78895
78925
79125
79172
79221
79240
79287
79318
79325
79443
79446
79485
79655
79658
79713
79869
80022
80081
80161
80218
80237
80276
80370
80383
80436
80474
80631
80667
80778
80815
80950
80984
81209
81244
81433
81541
81541
81551
81619
81698
81718
81803
81955
81975
81996
82304
82329
82339
82367
82606
82607
82676
82941
83077
83223
83357
83391
83412
83510
83565
83608
83629
83639
83712
83760
83761
83850
83875
84127
84209
84241
84291
84442
84478
84496
84504
84506
84511
84517
84649
84764
84775
84903
84927
84959
85325
85366
85417
85540
85543
85553
85675
85676
85763
85780
85818
85872
86010
86174
86275
86292
86326
86461
86578
86756
86773
86786
86800
86849
86901
86902
87065
87110
87194
87343
87594
87623
87796
87869
87896
87963
87999
88065
88150
88281
88384
88407
88424
88427
88439
88507
88632
88632
88728
88747
88928
88952
89071
89210
89423
89475
89634
89644
89749
89781
89857
90025
90162
90177
90275
90281
90361
90517
90522
90557
90587
91093
91132
91640
91667
91740
91813
91815
91829
91921
92209
92328
92331
92492
92502
92814
92848
92912
92970
93044
93189
93235
93298
93446
93632
93679
93688
93702
93717
93865
93881
93885
93905
94150
94157
94168
94223
94309
94433
94475
94561
94603
94703
94781
94834
95070
95123
95180
95356
95379
95482
95566
95624
95879
96052
96120
96237
96276
96362
96414
96425
96461
96488
96534
96590
96771
96867
97024
97127
97231
97313
97323
97390
97414
97414
97425
97427
97618
97636
97767
97910
97923
98086
98109
98184
98307
98426
98430
98521
98543
98635
98787
98810
98823
98900
98946
98950
99041
99175
99211
99335
99337
99363
99392
99577
99887
99906
100212
100272
100310
100419
100495
100566
100844
100876
100908
100971
101058
101084
101149
101191
101228
101267
101278
101362
101699
101841
101846
101913
101980
102123
102146
102294
102453
102467
102537
102677
102686
102789
102908
102933
102945
102983
103085
103132
103220
103292
103454
103524
103563
103642
103826
103987
104170
104225
104337
104338
104470
104505
104546
104630
104662
104740
104749
104829
105001
105157
105210
105504
105561
105672
105734
105979
106038
106118
106133
106187
106322
106392
106479
106521
106606
106778
106839
106858
106960
106968
107023
107038
107199
107206
107209
107260
107416
107449
107549
107562
107589
107723
107741
107747
107818
108106
108139
108171
108272
108312
108377
108403
108564
108599
108696
108697
108793
109010
109015
109141
109216
109269
109283
109446
109462
109600
109613
109757
109763
109872
110021
110074
110078
110129
110165
110283
110337
110351
110483
110628
110818
110862
110911
111056
111096
111113
111136
111161
111250
111338
111478
111562
111771
111813
111888
111933
112009
112058
112098
112223
112267
112345
112432
112532
112587
112671
112818
113230
113252
113295
113368
113420
113583
113631
113642
113665
113707
113812
113875
114087
114138
114267
114378
114382
114384
114385
114480
114519
114578
114843
115004
115365
115381
115433
115611
115628
115709
115748
115852
116136
116200
116220
116236
116244
116317
116386
116448
116539
116702
116790
116904
117022
117258
117267
117283
117418
117438
117517
117571
117602
117640
117778
117779
117809
118061
118200
118220
118238
118443
118565
118653
118680
118730
118758
118812
118828
119070
119098
119122
119270
119292
119324
119328
119349
119419
119453
119486
119528
119683
119919
120005
120018
120036
120041
120270
120395
120423
120454
120535
120561
120568
120576
120577
120658
120790
120811
120901
121030
121118
121175
121300
121633
121645
121795
121805
121808
121866
121867
121954
122110
122135
122170
122183
122575
122624
122725
122914
123009
123196
123225
123474
123574
123659
123810
123816
123988
124152
124313
124349
124358
124473
124549
124614
124636
124818
124858
124939
125130
125168
125176
125273
125440
125496
125534
125698
125713
125842
125966
126073
126114
126237
126243
126361
126504
126575
126718
126945
126947
126974
126995
127037
127140
127367
127552
127637
127673
127693
127811
127825
128090
128218
128233
128258
128433
128446
128590
128665
128674
128707
128714
128718
128822
128925
129076
129267
129316
129417
129461
129522
129699
129734
129925
130013
130084
130240
130253
130400
130532
130555
130587
130679
130764
130849
130988
131200
131204
131218
131218
131268
131268
131285
131331
131375
131470
131534
131743
131745
131918
132076
132285
132295
132296
132403
132672
132700
132867
132879
132943
132994
133142
133280
133364
133373
133531
133734
133738
133739
133761
133777
133839
133954
134041
134042
134066
134080
134566
134576
134780
134844
134919
135095
135124
135172
135299
135447
135742
135753
135803
135820
135933
135942
136017
136079
136089
136102
136129
136624
136709
136764
136789
137180
137185
137504
137594
137639
137663
137754
138342
138363
138503
138519
138701
138871
138882
138939
139027
139200
139292
139601
139602
139606
139679
139693
139880
139989
140208
140394
140735
140744
140881
140904
141130
141421
141423
141569
141668
142139
142163
142180
142510
142621
142677
142765
142768
142793
142850
142882
143156
143434
143465
143492
143628
143676
143911
143982
144233
144689
144765
144775
144862
144981
145082
145184
145374
145417
145451
145475
145528
145723
145809
145822
145889
145909
145944
145961
145967
145994
146226
146450
147022
147053
147086
147558
147826
148169
148208
148235
148310
148325
148397
148472
148502
148626
148726
148903
148980
148990
149004
149073
149144
149155
149204
149223
149262
149339
149456
149861
149923
149937
150025
150047
150090
150135
150464
150539
150562
150806
150807
150901
150927
151001
151029
151074
151147
151250
151332
151342
151492
151682
151714
151871
152101
152239
152424
152536
152737
153027
153169
153446
153487
153739
153920
153937
153975
154056
154145
154213
154478
154553
154577
154656
154772
155130
155216
155302
155334
155450
155464
155549
155878
155912
155975
156205
156314
156352
156406
156475
156526
156579
156688
156912
156938
156963
156973
157089
157131
157470
157548
157725
157768
157829
157915
158005
158037
158073
158344
158347
158351
158406
158522
158608
158658
159068
159251
159369
159411
159424
159449
159454
159551
159830
160157
160160
160266
160412
160438
160580
160604
160622
160826
160889
160891
160893
161041
161169
161335
161561
161662
161704
161823
162175
162292
162423
162441
162590
162606
162701
162702
162720
162766
162853
163133
163183
163258
163422
163423
163614
163631
163714
163781
163919
164053
164296
164348
164452
164914
164916
165056
165066
165101
165172
165443
165760
165893
165902
166136
166295
166387
166444
166482
166647
166669
166778
166808
166823
167003
167278
167440
167738
167900
167980
168088
168145
168425
168507
168853
168994
169083
169177
169306
169468
169554
169723
169920
170143
170244
170250
170252
170479
170805
170920
171051
171067
171131
171144
171416
171552
171892
172332
172387
172486
172493
172720
172786
172792
172947
173495
173516
173563
173647
173680
174034
174057
174137
174141
174181
174225
174399
174596
174610
174638
174766
174902
174935
175015
175289
175372
175566
175652
175700
175767
175880
176243
176280
176361
176508
176586
176757
176871
176908
176919
176967
177036
177094
177200
177206
177301
177307
177389
177401
177579
177594
177597
177634
177732
177760
177977
177990
178120
178276
178328
178548
178580
179151
179183
179226
179349
179702
179766
179806
179833
179927
180023
180084
180089
180325
180343
180422
180563
180754
180806
181121
181204
181267
181343
181424
181644
181693
181734
181765
182183
182203
182211
182229
182366
182418
182480
182516
182542
182704
182831
183406
183484
183877
184036
184058
184072
184236
184292
184389
184417
184866
184901
185150
185269
185736
185938
186078
186091
186104
186114
186184
186198
186227
186234
186442
186549
186693
186775
186896
186995
187041
187161
187582
187587
187788
187798
187819
187902
187904
187937
188019
188982
189000
189001
189155
189218
189364
189415
189483
189507
189579
189605
189614
189679
189865
189914
190232
190461
190756
190760
190840
191247
191386
191434
191463
191552
191617
191655
191729
191921
192001
192404
192624
192856
192967
192996
193035
193214
193457
193467
193535
193651
193996
194800
194872
194963
195299
195870
195943
195968
196086
196110
196198
196234
196272
196316
196501
196671
196820
196873
197637
197680
197740
197787
197844
197854
197929
198042
198589
198841
198952
199136
199188
199208
199688
199827
200055
200160
200190
200322
200403
200546
200617
201033
201045
201402
201811
201843
201912
202168
202168
202801
202868
203073
203698
203698
203943
203944
204138
204214
204450
204563
204839
204892
204984
205042
205339
205457
205998
206414
206762
206951
207131
207229
207537
207571
207625
207637
207860
208008
208008
208151
208425
208607
208688
208844
208989
209287
209488
210072
210220
210238
210492
210697
210767
210805
210897
211181
211482
211586
211690
211893
211928
212282
212366
212512
212790
212958
212986
213054
213155
213349
213367
213446
213753
213982
214076
214214
214468
214722
215596
216205
216225
216537
216935
216988
217021
217044
217114
217316
217442
217646
217688
218094
218983
219070
219091
219662
219846
219878
220149
220445
220621
220918
221007
221101
221165
221552
221597
221742
222215
222443
222507
222545
222546
222617
222832
222850
223035
223342
223518
223976
223979
224080
224110
224236
224472
224608
224696
224733
224933
225669
226273
226358
226795
226847
227193
227316
227465
227499
227618
227626
227674
228014
228147
228452
228676
229837
229934
230077
230260
230412
230765
230878
230896
230972
231171
231909
232218
232229
232421
233409
233649
233711
233740
233760
234582
234748
234800
234962
235309
235429
235684
235714
235797
235807
236302
236332
236406
236484
236790
237808
237881
238523
238833
239317
239523
239546
239651
239843
240120
240167
240375
240441
240864
240988
241025
241292
241498
241624
242135
242297
242358
242359
242740
242875
243481
243614
243694
244029
244257
244399
245066
245127
245569
245725
246227
246447
246597
246784
246837
247034
247766
248006
248552
248967
249014
249074
249234
249354
249630
250085
250455
250710
250928
250937
250976
250979
251371
251416
251670
252140
252901
252943
253254
253853
254057
254474
254898
255233
255480
256437
256686
256846
256882
257074
257162
257300
257969
258574
258977
259672
259964
260312
260319
260994
261030
261138
261228
261673
261850
262041
262346
262600
262702
263721
263877
264051
264129
264958
265123
265393
265428
265531
266076
266235
267101
267174
268213
268425
268512
269687
269690
270128
270131
270293
270674
270937
270994
271298
272534
272764
272765
272884
273524
274087
274378
274713
275459
275468
275490
275965
276090
276222
276420
277773
277816
277980
278139
278971
279038
279562
279705
279775
280123
280303
280511
280893
280969
281279
281888
282153
282419
282696
282889
283416
283815
283828
284317
284473
285351
285880
286240
286301
286604
286755
287406
288097
288398
288634
288733
289594
289728
290392
291492
291530
291901
292167
292499
293075
293311
294532
294987
295683
297065
298931
299090
299212
299593
300015
300133
300155
301083
301200
302592
303546
303592
303613
304575
304966
305986
306125
306224
308391
308758
309215
309598
309847
309912
310139
311601
311826
312244
312506
313587
314745
314975
316726
317124
317870
318243
318799
319658
319812
319962
320003
320487
320657
320847
321893
322222
322351
322528
322633
323069
323270
324296
324996
326905
328108
328133
328377
329331
329726
330396
330962
333215
333414
334010
334306
334962
335076
335087
338596
339005
339018
339396
340138
340233
340242
341611
341746
342179
344749
345310
345617
346179
347139
350617
350920
352400
352750
352791
352817
353881
354931
355207
355425
355931
355956
357132
358390
358671
359010
360694
361901
362031
362288
362542
362676
363033
364378
364710
364725
365695
366006
366595
366830
367204
367482
368722
373909
374431
374749
374893
375727
375838
375869
375939
376129
376351
376592
377354
380971
381002
382150
382710
384041
385037
385512
389280
390247
391794
391928
392113
394917
395109
406206
406758
408996
414035
416714
417543
420607
421152
421161
421266
425225
426011
430052
430085
430121
430938
434282
438157
439281
439783
440120
448633
449306
455091
456480
458664
462439
463964
465674
472383
472568
473213
477178
482978
484037
486187
486216
487112
492467
495858
504608
506481
513376
535785
587851
588395
