0
0
21
22
61
87
97
122
179
240
249
276
327
358
376
465
478
520
591
648
671
695
723
901
917
992
1029
1033
1051
1133
1237
1240
1279
1340
1354
1473
1567
1596
1598
1659
1688
1692
1746
1796
1884
1963
2143
2161
2256
2288
2360
2411
2520
2635
2650
2653
2704
2907
2943
2949
3014
3045
3049
3053
3068
3079
3123
3138
3230
3261
3274
3321
3432
3514
3576
3662
3684
3733
3765
3822
3862
3888
4074
4086
4134
4148
4219
4282
4318
4343
4388
4405
4436
4462
4484
4698
4701
4705
4723
4762
4810
4833
4893
4905
4958
5000
5044
5051
5103
5148
5153
5274
5317
5328
5358
5442
5465
5546
5562
5568
5649
5670
5736
5770
5779
5852
5882
5908
5994
6046
6077
6101
6131
6201
6243
6281
6283
6344
6360
6418
6461
6528
6648
6743
6791
6792
6856
6874
6889
7053
7067
7114
7172
7174
7252
7289
7304
7411
7421
7502
7597
7609
7613
7628
7693
7747
7752
7830
7878
8058
8162
8185
8188
8203
8317
8371
8472
8560
8584
8684
8821
8867
8901
8922
8924
9001
9027
9191
9279
9321
9329
9361
9368
9368
9458
9479
9568
9591
9633
9738
9824
9838
9923
9926
9941
9959
9965
9976
10139
10176
10211
10224
10293
10476
10592
10631
10647
10929
10949
10951
11014
11310
11363
11377
11388
11422
11423
11436
11437
11590
11843
11844
11878
11955
11969
12032
12042
12169
12206
12264
12298
12342
12345
12378
12382
12413
12563
12662
12763
12771
12796
12798
12838
12853
12858
12871
12970
12983
13006
13128
13146
13198
13274
13275
13338
13339
13375
13379
13384
13392
13405
13506
13537
13546
13585
13608
13679
13692
13724
13731
13749
13954
14008
14008
14064
14219
14239
14244
14363
14407
14480
14486
14551
14581
14725
14786
14882
14898
14927
14934
14959
14976
15002
15005
15174
15216
15270
15331
15387
15461
15495
15523
15551
15583
15588
15599
15623
15634
15641
15724
15785
15880
15909
15913
15915
15931
15972
15973
16071
16204
16224
16257
16257
16285
16410
16459
16646
16729
16731
16842
16848
17022
17044
17097
17215
17257
17375
17541
17555
17558
17590
17626
17631
17637
17641
17658
17745
17798
17835
18011
18088
18090
18169
18209
18251
18252
18372
18375
18439
18466
18469
18632
18686
18733
18769
18773
18787
18845
18873
18990
19050
19076
19147
19219
19257
19260
19265
19308
19457
19497
19508
19639
19645
19669
19701
19864
19885
19925
19931
19965
20040
20045
20108
20172
20250
20307
20428
20568
20662
20753
20790
20876
20907
20924
21043
21047
21049
21062
21073
21077
21088
21096
21196
21207
21223
21375
21390
21407
21414
21484
21542
21555
21636
21661
21688
21784
21865
21867
21902
21903
22054
22078
22098
22128
22129
22290
22297
22437
22496
22531
22556
22611
22635
22751
22766
22805
22827
22908
22980
22997
23023
23155
23195
23241
23256
23310
23424
23457
23539
23604
23617
23623
23717
23769
23783
23928
23929
23948
24051
24096
24179
24208
24233
24440
24453
24453
24476
24610
24693
24706
24740
24774
24796
24812
24866
24883
24892
25010
25035
25054
25275
25284
25298
25316
25334
25364
25476
25519
25572
25589
25594
25612
25690
25752
25800
25967
25984
26125
26346
26362
26398
26509
26548
26550
26650
26691
26705
26738
26813
26820
26848
26894
26897
26969
27006
27070
27101
27146
27166
27221
27234
27251
27334
27353
27359
27466
27473
27478
27495
27505
27560
27567
27589
27591
27644
27653
27685
27709
27823
28164
28176
28197
28222
28259
28373
28374
28462
28712
28715
28794
28822
28903
28915
28925
28944
29049
29071
29089
29103
29138
29174
29193
29201
29264
29299
29336
29401
29410
29498
29545
29553
29660
29691
29698
29765
29800
29813
29874
29889
29898
29946
29988
30010
30074
30136
30187
30295
30326
30390
30404
30436
30490
30542
30548
30653
30665
30681
30704
30787
30826
30946
30968
31024
31097
31165
31212
31274
31338
31350
31458
31518
31594
31603
31610
31644
31660
31668
31709
31768
32083
32132
32243
32248
32267
32297
32415
32431
32598
32606
32618
32621
32636
32718
32772
32803
32827
33011
33066
33153
33202
33332
33354
33426
33455
33473
33570
33623
33629
33654
33671
33704
33709
33763
33790
33810
33879
33888
33914
33956
33977
34030
34057
34092
34120
34141
34237
34273
34387
34470
34499
34564
34568
34588
34597
34607
34608
34618
34652
34700
34736
34737
34826
34869
34951
34954
35015
35050
35130
35188
35196
35200
35249
35271
35274
35284
35323
35417
35419
35430
35434
35458
35465
35501
35532
35533
35629
35702
35744
35881
35920
35945
35982
36016
36111
36126
36153
36167
36178
36237
36261
36294
36553
36583
36594
36767
36827
36869
37004
37029
37042
37066
37203
37204
37227
37341
37392
37500
37633
37709
37725
37824
37902
37987
38036
38097
38101
38151
38167
38232
38352
38365
38387
38429
38536
38619
38637
38701
38721
38729
38738
38881
38910
39014
39266
39313
39414
39456
39459
39527
39634
39816
39839
39893
39934
39975
40002
40043
40086
40087
40102
40203
40225
40262
40324
40331
40387
40388
40389
40395
40431
40508
40641
40647
40721
40721
40735
40739
40811
40828
40832
40849
40893
40999
41038
41057
41180
41190
41242
41290
41296
41321
41343
41431
41454
41566
41597
41658
41708
41712
41781
41857
41867
41879
41944
41995
42019
42037
42048
42080
42095
42166
42210
42305
42356
42487
42559
42660
42754
42832
42861
42994
43032
43038
43058
43113
43154
43221
43233
43242
43274
43308
43316
43378
43395
43421
43426
43503
43529
43640
43648
43661
43709
43734
43741
43790
43918
43926
43992
44020
44102
44118
44146
44175
44322
44355
44368
44430
44432
44482
44570
44683
44713
44734
44823
44875
44988
44996
45009
45013
45056
45192
45264
45318
45329
45376
45391
45420
45430
45461
45571
45599
45615
45649
45669
45710
45775
45792
45899
45920
46004
46110
46180
46378
46508
46532
46623
46633
46689
46732
46792
46896
46949
47098
47199
47263
47355
47448
47482
47545
47545
47571
47578
47719
47812
47823
47862
47918
47924
47936
48005
48084
48142
48189
48214
48260
48324
48389
48432
48479
48497
48523
48583
48596
48608
48632
48684
48689
48696
48739
48771
48802
48826
48826
48847
48930
49028
49037
49043
49140
49215
49295
49355
49364
49450
49528
49531
49625
49639
49643
49740
49773
49785
49915
50114
50214
50225
50310
50340
50340
50500
50502
50558
50567
50567
50621
50697
50796
50981
51060
51137
51160
51164
51260
51358
51481
51622
51688
51715
51780
51842
51875
51913
51932
51952
51956
52025
52170
52211
52216
52241
52302
52379
52419
52440
52595
52759
52779
52779
52855
52863
52913
52963
52990
53020
53046
53064
53146
53188
53213
53244
53329
53400
53616
53664
53733
53788
53828
53923
53935
54026
54072
54077
54086
54125
54155
54352
54404
54433
54445
54447
54485
54507
54543
54551
54593
54594
54667
54733
54817
54837
54858
54870
54954
54998
55017
55169
55212
55268
55317
55351
55358
55429
55481
55528
55582
55679
55828
55901
55916
55917
55938
55996
56125
56131
56233
56535
56554
56617
56666
56694
56759
56867
57068
57085
57087
57132
57137
57227
57260
57336
57343
57373
57376
57387
57390
57421
57443
57460
57506
57640
57649
57689
57783
57798
57894
58004
58018
58032
58088
58102
58245
58292
58439
58495
58509
58663
58808
58822
58890
58927
58973
59002
59039
59045
59056
59167
59170
59172
59205
59215
59252
59361
59384
59467
59471
59483
59619
59655
59692
59701
59746
59832
59851
59863
59938
60192
60226
60360
60467
60530
60606
60616
60634
60676
60695
60795
60822
60919
61003
61040
61085
61155
61182
61188
61190
61191
61214
61287
61290
61333
61388
61421
61432
61450
61482
61534
61538
61558
61560
61562
61583
61587
61593
61677
61694
61756
61865
61925
61947
61960
62001
62014
62166
62235
62350
62375
62387
62399
62453
62508
62572
62627
62700
62705
62746
62766
62779
62840
63050
63052
63060
63223
63246
63258
63259
63279
63286
63395
63401
63428
63430
63497
63579
63634
63688
63691
63691
63776
63782
63818
63867
63875
63973
64008
64122
64139
64156
64202
64433
64450
64459
64461
64472
64527
64580
64688
64695
64696
64816
64921
64928
65037
65068
65077
65160
65206
65210
65232
65371
65508
65548
65599
65632
65839
66065
66268
66286
66304
66389
66392
66436
66531
66615
66706
66788
66888
66944
66945
66956
67043
67354
67380
67450
67530
67664
67785
67807
67820
67927
67940
67982
68025
68032
68055
68064
68120
68123
68180
68188
68407
68460
68493
68518
68606
68735
68744
68748
68793
68825
68826
69083
69187
69287
69335
69403
69414
69501
69636
69714
69774
69813
69835
69875
70104
70166
70200
70216
70242
70254
70298
70419
70436
70463
70478
70515
70526
70536
70577
70625
70658
70690
70956
70966
70982
71047
71077
71144
71163
71231
71237
71281
71288
71313
71314
71408
71424
71472
71528
71660
71699
71713
71739
71826
71943
71965
72016
72030
72053
72059
72066
72085
72194
72202
72236
72306
72319
72361
72392
72432
72484
72521
72523
72531
72635
72807
72883
73090
73153
73196
73225
73323
73454
73543
73603
73677
73716
73807
73859
73895
73920
73930
73985
74005
74122
74131
74162
74200
74296
74300
74395
74428
74472
74517
74557
74587
74593
74641
74651
74733
74754
74803
74846
74949
75086
75114
75227
75247
75251
75260
75294
75306
75408
75457
75478
75494
75776
75969
76042
76059
76070
76124
76167
76262
76292
76497
76511
76571
76588
76605
76682
76691
76719
76745
76758
76782
76789
76861
76971
77040
77043
77154
77189
77248
77275
77444
77450
77486
77525
77540
77571
77589
77658
77718
77748
77840
77889
77952
78121
78159
78295
78418
78578
78612
78794
78814
78846
78858
78904
78908
79192
79269
79296
79321
79348
79396
79510
79642
79755
79777
79837
79887
79937
79949
79949
80057
80233
80269
80431
80489
80493
80545
80624
80629
80659
80666
80666
80691
80904
81046
81050
81070
81091
81207
81296
81355
81358
81377
81438
81749
81809
81846
81899
82014
82023
82041
82079
82131
82141
82146
82204
82207
82337
82368
82383
82410
82429
82429
82598
82631
82731
82737
82767
82813
82822
82837
82860
82959
83128
83136
83307
83347
83379
83412
83417
83475
83481
83523
83534
83721
83728
83767
83843
83893
83910
83921
84073
84076
84147
84176
84176
84242
84262
84271
84379
84561
84612
84620
84644
84670
84694
84717
84763
84924
84940
85026
85094
85109
85115
85194
85228
85242
85384
85412
85413
85427
85488
85522
85534
85535
85671
85690
85812
85814
85944
86011
86037
86098
86226
86270
86347
86419
86432
86443
86523
86551
86561
86683
86713
86860
86919
86950
86996
87141
87163
87209
87229
87240
87313
87422
87486
87528
87596
87684
87774
87798
87812
87846
87866
87921
88156
88165
88174
88222
88231
88291
88317
88435
88445
88557
88656
88836
88896
88966
89045
89112
89145
89204
89294
89315
89439
89563
89591
89662
89728
89827
89835
89837
89893
89939
90241
90253
90265
90282
90295
90307
90330
90346
90409
90437
90449
90502
90597
90672
90758
90809
90869
90896
91074
91121
91136
91160
91194
91245
91336
91360
91361
91368
91411
91419
91424
91511
91559
91570
91631
91695
91697
91770
91799
91824
91851
91852
91856
91910
91922
91926
91997
92000
92026
92033
92072
92114
92165
92223
92268
92331
92446
92555
92612
92625
92701
92727
92760
92768
92837
92930
92951
93010
93097
93160
93166
93246
93259
93460
93513
93598
93643
93662
93707
93736
93834
93851
93881
93945
93980
94039
94128
94153
94191
94264
94282
94323
94341
94360
94473
94528
94632
94656
94914
94971
95029
95039
95057
95217
95262
95449
95496
95535
95578
95594
95607
95616
95666
95736
95751
95752
95760
95798
95966
95970
96151
96164
96186
96282
96316
96345
96530
96595
96625
96625
96759
96795
96817
96898
96941
96942
96989
97019
97028
97133
97259
97279
97284
97287
97336
97384
97428
97539
97552
97586
97671
97722
97804
98052
98074
98291
98355
98402
98431
98507
98518
98601
98606
98671
98779
98844
98858
98872
98884
98899
98952
98979
99034
99132
99166
99203
99242
99304
99343
99348
99439
99441
99498
99503
99507
99518
99553
99617
99730
99768
99790
99929
100061
100176
100385
100431
100472
100488
100793
100812
100903
101212
101215
101272
101301
101345
101374
101459
101464
101506
101599
101701
101798
101828
101921
102100
102140
102169
102183
102214
102241
102393
102433
102590
102590
102663
102768
102774
102906
102974
103023
103127
103207
103275
103291
103328
103332
103355
103390
103403
103426
103493
103510
103512
103516
103542
103573
103588
103703
103970
104003
104003
104104
104173
104309
104372
104384
104511
104549
104552
104773
104826
104931
104933
105005
105149
105238
105262
105289
105461
105522
105537
105574
105632
105657
105669
105702
105706
105724
105748
105828
105912
106088
106101
106126
106248
106273
106342
106342
106350
106403
106457
106538
106566
106612
106616
106683
106801
106857
106881
106953
106965
106971
107007
107010
107217
107298
107327
107374
107377
107396
107609
107626
107948
107948
107987
108041
108109
108159
108223
108237
108323
108329
108429
108454
108483
108535
108557
108674
108855
108859
108870
108885
108994
109014
109118
109150
109170
109223
109290
109329
109364
109382
109481
109551
109599
109715
109729
109771
109779
109817
109913
109963
109973
109994
110079
110124
110292
110329
110445
110467
110557
110576
110666
110702
110719
110894
110953
110959
111001
111047
111249
111303
111372
111451
111500
111729
111830
111853
111871
111875
111909
111931
111971
111974
111986
112056
112130
112156
112158
112291
112339
112400
112793
112812
112962
113178
113247
113266
113272
113299
113304
113457
113457
113491
113491
113575
113675
113717
113733
113805
113862
113871
113897
114003
114055
114189
114274
114373
114567
114571
114584
114695
114740
114784
114959
115046
115047
115082
115100
115116
115316
115345
115468
115518
115637
115641
115827
115879
115945
115976
116190
116225
116246
116305
116374
116452
116481
116522
116606
116673
116680
116776
116828
116884
116941
116992
117050
117111
117198
117236
117294
117525
117570
117628
117702
117765
117839
118243
118331
118342
118369
118410
118427
118434
118467
118701
118707
118735
118738
118872
119001
119029
119061
119098
119105
119109
119412
119446
119455
119483
119652
119714
119730
119742
119778
119889
119970
120079
120083
120231
120260
120263
120344
120385
120512
120524
120532
120571
120573
120633
120667
120691
120807
120865
120878
120905
121053
121119
121246
121317
121526
121546
121569
121698
121707
121775
121810
121881
121999
122021
122047
122074
122240
122457
122663
122665
122689
122873
122904
122938
122978
122998
123064
123170
123205
123377
123435
123666
123673
123693
123714
123770
123775
123790
123813
123819
124033
124105
124126
124307
124329
124376
124472
124476
124549
124581
124599
124646
124663
124696
124796
124898
124926
124984
125142
125145
125168
125168
125208
125208
125300
125312
125358
125438
125453
125480
125481
125483
125578
125589
125614
125887
126106
126109
126158
126206
126293
126341
126474
126521
126571
126674
126746
126750
126975
127144
127400
127404
127543
127658
127831
127835
127920
127962
127971
127977
128045
128052
128132
128205
128214
128286
128408
128443
128757
128873
128928
128950
128998
129050
129086
129176
129179
129203
129421
129551
129629
129655
129664
129857
129872
129933
129997
130064
130209
130360
130430
130501
130575
130593
130688
130793
130961
130972
131072
131095
131250
131379
131533
131546
131549
131577
131636
131638
131660
131665
131755
131821
131843
132018
132110
132110
132150
132379
132414
132481
132539
132612
132854
132975
133038
133104
133107
133195
133219
133386
133432
133452
133452
133466
133469
133591
133656
133737
133805
133942
134067
134139
134210
134217
134490
134566
134639
134672
134672
134677
134692
134744
134773
134909
134952
135007
135014
135071
135091
135367
135425
135434
135780
135788
135867
135952
135999
136051
136067
136072
136320
136355
136372
136443
136480
136554
136655
136709
136830
136882
136894
137078
137086
137125
137249
137273
137289
137378
137394
137451
137464
137470
137534
137601
137682
137696
137775
137932
137938
138011
138158
138292
138490
138799
138869
138871
138880
138939
138973
139020
139155
139262
139315
139517
139612
139616
139746
139773
139776
139822
140024
140024
140039
140196
140390
140442
140455
140474
140519
140602
140680
140695
140941
140961
141073
141106
141240
141285
141399
141501
141508
141549
141792
142007
142075
142107
142225
142241
142386
142424
142524
142549
142729
142754
143121
143372
143819
143829
143873
143897
143911
143938
144007
144162
144224
144270
144275
144357
144361
144372
144417
144765
144776
144927
144983
145018
145079
145125
145143
145162
145169
145529
145570
145862
146043
146601
146618
146750
147062
147103
147161
147161
147253
147321
147330
147408
147420
147435
147439
147560
147630
147633
147768
147918
147929
148007
148245
148293
148393
148431
148524
148593
148815
148862
148883
149089
149245
149329
149381
149465
149466
149488
149502
149587
149650
149713
149721
149736
149970
150162
150228
150235
150334
150347
150349
150394
150414
150517
150873
150890
150893
151163
151221
151224
151277
151300
151376
151391
151409
151448
151530
151534
151553
151622
151735
151770
151836
152093
152285
152460
152482
152565
152595
152910
152929
152932
152990
153093
153199
153273
153375
153392
153436
153593
153663
153676
153712
153878
153880
153921
153955
153976
154160
154170
154290
154290
154361
154441
154493
154608
154622
154645
154679
154903
155009
155149
155153
155299
155546
155551
155645
155687
155857
155987
156449
156457
156578
156662
156736
156850
157077
157103
157380
157438
157490
157576
157657
157735
157755
157763
158260
158378
158893
159051
159082
159231
159306
159472
159556
159634
159808
160021
160065
160120
160135
160601
160609
160646
160723
160727
160802
160903
161027
161116
161180
161320
161329
161398
161425
161450
161603
161671
161712
162080
162082
162240
162339
162343
162456
162490
162742
162970
162995
163486
163593
163706
163784
163942
163965
164004
164164
164218
164482
164636
164760
164794
164814
164887
164901
165026
165031
165094
165161
165251
165471
165475
165486
165510
165611
165614
165768
165801
165936
166006
166017
166027
166094
166162
166232
166285
166290
166302
166426
166470
166642
166754
166887
166962
166974
167087
167094
167147
167236
167347
167496
167583
167633
167732
167794
167821
167870
168022
168143
168189
168309
168487
168526
168650
169045
169128
169148
169241
169405
169470
169650
169794
170279
170305
170318
170414
170428
170448
170548
170640
170863
170958
171089
171094
171364
171440
171459
171521
171586
171631
171668
171726
171761
172248
172377
172429
172543
172593
172722
173066
173455
173478
173543
173644
173845
173846
173899
174018
174053
174104
174113
174249
174249
174391
174479
174917
174970
175050
175306
175313
175323
175350
175515
175521
175708
175723
175854
175918
175974
176153
176177
176185
176393
176423
176485
176499
176513
176516
176538
176839
176847
176869
176908
176928
176943
177151
177196
177233
177271
177285
177325
177431
177483
177494
177561
177573
177793
178040
178058
178089
178133
178143
178161
178195
178259
178276
178297
178539
178556
178740
178749
178779
178890
179038
179142
179201
179373
179499
179506
179524
179526
179613
179683
179757
179897
179900
180007
180034
180168
180239
180615
180865
181006
181102
181171
181197
181215
181233
181251
181307
181894
182022
182042
182064
182197
182570
182736
183083
183160
183253
183354
183360
183367
183374
183496
183777
183830
183860
183972
184067
184141
184184
184390
184413
184438
184516
184643
184682
184809
184848
185115
185345
185461
185545
185691
185694
185809
185873
186012
186225
186330
186367
186379
186523
186559
186641
186739
186850
187264
187455
187529
187645
187808
187891
187989
188376
188530
188576
188605
188714
188752
188793
188974
189064
189239
189506
189551
189705
189734
190108
190164
190290
190466
190601
190615
190717
190776
190944
191099
191393
191569
191589
191637
191685
191837
192559
192619
192687
192787
192848
192927
193017
193184
193320
193409
193451
193645
193725
193762
194136
194224
194249
194261
194264
194491
194536
194609
194623
194642
194782
194783
194803
195120
195428
195447
195818
195850
195855
195884
195954
196821
196896
196903
196916
196959
197206
197276
197304
197438
197495
197532
197590
197607
197661
197793
197930
197954
197990
198065
198189
198254
198320
198369
198442
198526
198582
198969
199139
199155
199490
199553
199899
199987
200277
200391
200422
200452
200608
200889
201161
201341
201341
201356
201433
201483
201490
201611
201634
201844
201870
202012
202187
202230
202240
202317
202341
202438
202506
202559
202716
202856
202891
203091
203110
203174
203355
203445
203601
203830
203862
204187
204243
204313
204635
204727
204795
205141
205502
205716
205736
206332
206562
206643
206820
206989
207031
207040
207278
207279
207326
207410
207539
207663
207712
207779
207829
208076
208419
208448
208485
208639
208878
208923
208950
208968
209090
209115
209136
209341
209377
209406
209591
209634
209654
209665
209706
209707
209891
210022
210078
210165
210254
210264
210366
210440
210446
210569
210636
210925
211094
211155
211335
211534
211633
211833
211898
211965
212153
212194
212197
212235
212338
212363
212377
213118
213206
213546
213720
213738
213741
214108
214133
214280
214307
214324
214389
214391
214466
214651
215424
215476
215480
215907
216182
216379
216457
216536
216660
216733
216770
216827
216962
216970
217000
217191
217343
217465
217542
217579
217775
217893
217956
217975
218173
218332
218629
218887
218908
218999
219221
219390
219421
219445
220116
220118
220199
220371
220462
220506
220515
220636
221372
221450
221517
221850
221909
222464
222481
222499
222626
222784
222972
223296
223658
223685
224057
224447
224462
224759
224833
224863
225082
225087
225121
225302
225623
225719
225930
226401
226484
226560
226596
226638
226726
226868
226923
227258
227270
227373
227841
227954
228124
228645
228826
228942
229194
229285
229352
229405
229789
230122
230623
230923
231152
231520
231975
232126
232174
232218
232560
232734
232738
232809
232817
232940
233020
233402
233404
233538
233692
233701
233760
233821
234185
234315
234339
234356
234379
235041
235455
235672
235748
235914
236126
236723
236902
236953
237068
237180
237245
237352
237684
238654
238837
238879
239347
239496
239725
239776
240174
240188
240547
240686
240841
240989
241062
241136
241292
241894
241991
242044
242265
242400
242897
243093
243160
243517
243526
243602
243768
243777
243886
244002
244003
244029
244217
244254
244260
244476
244681
245590
246014
246423
246872
247358
247526
248136
248371
248615
248653
248669
248865
248944
249007
249100
249211
249313
249517
249572
249590
249631
249633
249701
249759
249934
250383
250413
250458
251166
251205
251335
251455
251617
251770
251858
252284
252319
252850
252863
252925
252964
252974
253155
253198
253376
253542
253939
254251
254310
254435
254745
255350
255396
255543
255762
255788
255837
255845
256099
256179
256561
257074
257384
257706
257893
258258
258266
258526
259049
259183
259226
259264
259972
260095
260397
260661
260737
260954
261096
261171
261198
261304
261752
261967
262108
262308
262515
262618
262735
263007
263215
264065
264144
264154
264185
264288
264450
264877
264893
264943
265016
265475
265524
265541
265565
265609
266227
266233
266380
266687
266728
266734
266854
267412
268066
268129
268181
268212
268569
268623
268701
268874
268939
269183
270123
270230
270658
270677
270753
270889
271710
271718
271966
271983
272015
272592
272768
272820
272837
273463
273528
273789
273888
274016
274528
274856
275228
275674
275745
276029
276219
276301
276532
276733
276869
277176
277195
277618
277641
277709
278106
278150
278327
278392
278500
278945
279026
280318
280346
280399
280635
280734
280926
281089
281970
282033
282047
282067
282181
282323
283005
283225
283248
283317
284038
284069
284837
284840
284899
284936
285107
285128
285131
285144
285325
285636
285636
286313
286551
287695
287721
288008
288106
288792
288917
289126
289423
290321
290457
292206
292608
292984
293112
293252
293461
293501
293706
293893
294188
294367
295046
295366
295909
296516
296567
296712
296841
296999
297280
297761
297802
297991
297996
298047
298077
298246
298545
298989
299288
299334
299374
299755
299870
300057
300767
301153
301874
302087
302094
302276
302503
302565
302785
303057
303348
303629
303762
304174
304776
304906
305092
305228
305517
305959
305986
306332
306360
306623
306663
307264
308030
308082
308218
308230
308342
309375
309397
310513
310598
310675
311577
311730
312716
312916
313012
313244
313701
313776
313942
313968
314057
314085
314093
314623
314715
315246
315505
315820
316232
316639
317296
318132
318543
318550
319030
319202
320116
321142
321195
321321
321434
322306
322394
322420
322853
323491
324291
324800
325099
325485
325911
325986
326706
326713
326764
326796
327093
327670
327699
328021
328087
328161
328425
328688
329000
330045
330362
330577
330958
331028
331181
331979
332442
332648
332750
332977
333242
333730
334782
335068
335284
335488
336043
336188
336205
336795
336920
338080
338503
339198
339863
340048
340148
340532
340879
342606
342840
342844
343087
343218
343318
343956
344676
345146
345619
345900
346300
346754
348071
348243
348403
348599
348886
349083
349629
349742
350211
350554
350784
351224
351320
351358
351730
351846
352186
352871
352980
353499
353994
354119
354434
354678
355876
355961
356535
357428
357632
357753
357836
358119
358630
360429
360711
361149
361221
361937
363338
363717
363983
364589
364634
365563
366286
366695
366784
367733
368111
370121
370549
370860
370939
371348
372477
372962
374129
374174
374403
374775
374854
375121
375580
377163
377229
377376
377547
378904
379127
379173
380221
380309
380515
381033
382101
383904
385709
386605
387424
387725
388149
388476
388545
388700
389420
390252
390655
390744
391291
391307
392234
393177
394166
394695
398946
399904
399992
401435
401765
402474
404399
404502
409160
409511
411517
412612
416001
422174
422633
425147
425222
426358
426988
430124
431011
431058
431091
433630
433921
434472
434834
435746
437999
443159
443197
446985
448900
451495
452017
456435
461714
462750
463942
467745
468711
478191
481267
483984
484554
486454
491072
499452
499853
501684
508414
510040
517869
528595
529267
530805
534756
544256
546115
551753
558555
601082
641502
