0
0
78
97
142
226
465
576
599
697
753
821
992
1300
1637
1772
1917
1983
1990
1997
2085
2114
2313
2429
2602
2720
2847
2989
3081
3203
3294
3405
3434
3568
3633
3698
3803
3806
3868
4043
4226
4375
4889
4909
4921
4934
4993
5054
5054
5069
5094
5109
5161
5407
5459
5493
5719
6052
6112
6370
6405
6478
6623
6777
7084
7146
7345
7835
7937
7972
7996
8061
8149
8186
8314
8635
8677
8749
8797
8904
8970
9030
9067
9163
9336
9386
9631
9933
10170
10172
10687
10742
10881
10957
10971
10998
11162
11220
11250
11257
11272
11360
11414
11418
11484
11492
11545
11640
12019
12030
12410
12449
12579
12674
12740
12793
12875
13049
13387
13648
13789
14024
14038
14244
14360
14402
14458
14468
14624
14660
14746
14889
14996
15091
15331
15353
15653
15737
15839
15879
15887
15953
15991
16029
16371
16512
16550
16654
16813
16893
16917
17023
17141
17224
17293
17301
17380
17405
17442
17493
17694
17709
17943
18254
18296
18407
18498
18635
18728
18837
18874
18911
18939
19033
19241
19348
19415
19488
19579
19645
19698
19709
19727
19823
20018
20639
20725
20804
20883
21227
21365
21389
21460
21734
21751
22092
22157
22160
22297
22339
22425
22590
23267
23559
23565
23697
23752
23819
23898
24010
24122
24139
24208
24405
24512
24514
24537
24898
24972
25032
25056
25086
25132
25252
25276
25300
25761
26044
26227
26248
26280
26325
26444
26509
26681
27046
27297
27337
27369
27419
27496
27680
27706
27922
27981
28151
28235
28727
28767
28809
29012
29069
29169
29246
29296
29327
29337
29440
29571
29584
29657
29848
29865
29909
29929
30422
30538
30661
30930
30930
31022
31204
31221
31258
31350
31514
31666
31864
31933
32069
32088
32206
32232
32316
32919
33015
33196
33216
33308
33399
33418
33549
33750
33820
33935
33945
33984
34034
34051
34379
34390
34436
34808
34833
34868
34880
34956
34983
35061
35214
35246
35327
35390
35623
35754
35814
35823
35972
36076
36112
36516
36643
36668
36756
36799
36839
36859
36891
36929
37031
37078
37565
37644
37670
37863
38137
38546
38871
39050
39210
39214
39284
39593
39754
39960
40141
40233
40378
40409
40645
40769
41208
41379
41414
41696
41845
41944
41978
42190
42205
42214
42371
42385
42432
42437
42492
42738
42985
43035
43092
43227
43282
43429
43441
43482
43494
43561
43645
43701
43726
43872
43955
44006
44124
44139
44179
44637
44690
44735
44758
44772
44867
45134
45178
45188
45193
45233
45597
45667
45701
45717
45743
45810
46119
46187
46517
46521
46541
46555
46615
46951
47179
47277
47337
47368
47438
47471
47579
47589
47603
47683
47834
47860
47920
48038
48066
48074
48301
48477
48601
48624
48657
48702
48749
49031
49262
49427
49462
49515
49562
49649
49800
49814
49833
49846
49854
50053
50076
50090
50281
50653
50906
51116
51227
51633
51653
51748
51848
52042
52074
52086
52286
52288
52420
52425
52443
52465
52531
52684
52858
52869
52912
53029
53100
53216
53224
53255
53291
53487
53498
53589
53594
53596
53763
53928
54063
54081
54118
54204
54221
54236
54324
54559
54600
54821
55093
55377
55530
55711
55872
55993
56122
56133
56201
56269
56545
56607
57117
57309
57547
57687
57713
57740
57888
58012
58018
58320
58725
58970
58973
59092
59192
59219
59272
59493
59747
59995
60046
60177
60347
60470
60625
60661
60665
60794
60806
60821
60893
61078
61311
61324
61455
61661
61718
61983
61992
62050
62325
62480
62597
62689
62717
62769
62965
62965
62992
63166
63291
63297
63361
63444
63495
63712
63727
63789
63814
63884
63907
63941
63974
64038
64075
64360
64579
64639
64710
64952
65138
65157
65510
65761
65820
65861
65960
66109
66119
66239
66298
66525
66791
66816
66833
67178
67481
67800
67995
68039
68215
68301
68355
68477
68481
68663
68744
68794
68837
69012
69025
69133
69250
69290
69686
69705
70154
70166
70182
70558
70626
70679
70747
70966
71275
71298
71351
71442
71541
71559
72371
72412
72861
72937
73041
73075
73079
73083
73277
73326
73377
73413
73498
73565
73586
73641
73712
73714
74105
74323
74380
74390
74421
74521
74626
74686
74737
74951
75202
75233
75269
75534
75570
75627
75820
76045
76213
76676
76687
77238
77254
77260
77435
77595
77683
77756
77939
78273
78276
78302
78376
78485
78573
78751
78864
78866
78889
79211
79548
79709
79733
79760
79858
79869
79986
80025
80404
80487
80582
81000
81013
81092
81293
81351
81358
82009
82112
82132
82140
82340
82451
82822
82833
82882
82965
83571
83687
83773
83801
83888
84275
84308
84560
84569
84586
84801
84808
84887
85230
85361
85375
85443
85557
85595
85881
86323
86330
86503
86716
86763
86816
86862
86913
87282
87336
87454
87586
87632
87818
87858
87949
88408
88568
88595
88697
88842
88998
89191
89280
89325
89441
89446
89585
89932
89992
90034
90055
90169
90242
90298
90494
90676
90779
90830
90866
90932
91173
91315
91318
91400
91434
91577
91704
91834
91904
91959
92131
92347
92422
92461
92660
92732
92837
92873
92905
93123
93200
93476
93673
93763
93911
94282
94360
94622
94638
94669
95178
95220
95371
95468
95564
95571
95797
95893
95951
96118
96186
96287
96332
96378
96594
96852
97248
97351
97390
97428
97591
97663
97723
97872
97879
97890
97963
98047
98133
98163
98446
98546
98988
99148
99186
99259
99514
99713
99746
99909
99952
99965
100163
100245
100258
100267
100359
100407
100451
100954
101090
101170
101459
101495
101530
101607
101686
101709
101854
102082
102122
102178
102490
102587
102833
102983
102983
103174
103256
103529
103726
104032
104115
104188
104208
104508
104634
104771
105206
105741
105742
105747
105838
106205
106296
106365
106609
106661
107072
107161
107174
107245
107247
107285
107649
108247
108536
108759
108837
109330
109572
109755
110328
110373
110435
110485
110490
110858
110937
110954
111502
111856
111905
111973
112221
112594
112691
112742
112892
112911
112927
113375
113656
113791
113847
113860
114480
114509
114611
114864
115076
115583
115891
115931
116134
116202
116559
116716
116769
117152
117193
117207
117440
117618
117638
117684
117748
117815
117828
117890
117991
118204
118438
118489
118537
118553
118907
118982
119211
119407
119669
119871
119941
119977
120217
120230
120528
120799
120869
120896
121120
121193
121365
121387
121655
121747
121759
121794
121818
121893
121903
121913
121990
122529
122560
122670
122861
122864
122902
123095
123169
123313
123637
123783
123808
123819
124192
124216
124540
125054
125171
125188
125344
125375
125554
125589
125666
126312
126525
126754
126903
126988
127050
127151
127201
127562
128146
128379
128595
129663
129826
129901
130166
130397
130402
130412
130457
130590
130606
130664
131094
131397
132083
132374
132555
133048
133089
133117
133473
133540
133593
133628
133730
133784
133849
133854
133870
133925
133958
133964
133990
134049
134094
134308
134322
134373
134500
134670
134712
134826
134887
135166
135244
135273
135297
135316
135532
135750
135757
136042
136182
136483
136697
136734
136951
137482
137579
137606
137652
137840
137842
137933
138288
138332
138486
138648
139071
139193
139427
139515
139534
139590
139621
140025
140816
140898
141060
141217
141358
141933
142129
142268
142526
142728
143170
143376
143410
143684
143814
143824
143907
144269
144318
144339
144662
144869
145000
145248
145576
145624
145776
146002
146490
146666
146855
147125
147630
147823
147907
148159
148632
148651
148845
148897
149127
149617
150170
150333
150370
150784
150968
151428
151525
151815
151927
152012
152107
152181
152194
152212
152631
152755
152877
153046
153612
153629
153820
153847
153993
154215
154421
154620
154734
154985
155306
155567
155882
156086
156189
156758
156845
157047
157338
157367
157519
157558
157596
157787
158004
158387
158871
158962
159240
159393
159431
160030
160051
160061
160686
161274
161306
161455
161549
161732
161824
161880
161935
162072
162145
162473
162487
162709
162831
162889
162954
163542
163711
163723
163845
164074
164275
164387
164747
164789
165166
165223
165465
165510
165768
165996
166335
166417
166431
166846
167545
167587
167592
167645
167861
167905
168564
168869
168957
169809
169832
170418
170671
170744
171166
171546
172051
172934
173393
173498
173768
173771
173793
174255
174489
174716
174735
174753
175098
175200
175412
175459
176772
176850
176960
177497
177748
178204
178353
179008
179352
179676
179928
180146
180276
180349
181018
181098
181350
181418
182165
182358
182382
183007
183085
183136
183503
183634
183679
183866
184055
184554
184698
184945
185370
185655
186229
186301
186389
186544
187212
187296
187380
187520
187561
188009
188483
188538
189004
189194
189202
189325
190115
190121
190455
190545
190574
190664
190811
190812
190885
190954
191002
191004
191079
191774
191879
192445
192661
193513
193569
193748
194007
194189
194416
194498
194611
195300
195369
195531
195698
195724
195812
195966
196645
196707
196797
197171
197310
197680
198139
198497
198751
198947
199715
199856
200457
200467
200691
200859
200913
201005
201206
201787
201810
201927
202289
202381
202722
203257
203498
203806
204156
204948
205377
205905
206452
206965
207086
207965
208081
208244
208490
209675
210016
210232
210314
211037
211272
211330
211349
211762
212080
212148
212599
212837
212969
213044
213058
213355
214074
214564
215070
215310
215612
215758
216335
217155
217194
217808
217849
217926
218039
218118
218212
219086
219248
219282
219823
219853
220822
220944
220957
221179
221504
222084
222149
222186
222798
223074
223660
224472
224609
225394
225456
225459
225491
225642
226230
226331
227134
227874
228464
229390
229767
229895
230576
230578
231100
231271
231680
231758
232230
232694
233048
233126
233428
234010
234020
234624
235056
235241
235844
236424
236443
236856
237083
237277
237476
237654
238075
238265
238412
238833
239672
239801
240523
241275
241474
242186
242276
242313
243060
243544
243598
244179
244225
244596
244622
244727
245249
245271
245272
245419
245562
245687
245896
245920
246350
246363
246429
246542
246543
247797
247958
248271
248711
250306
250633
251888
252213
253290
253455
253748
253879
254254
254702
256074
257009
257336
258501
258971
259071
259152
259333
259834
260093
260247
260363
260415
261313
261545
261712
261715
262407
262837
263820
263932
264185
265221
265511
266531
267074
267128
267839
268013
268706
269792
270359
271013
271047
271741
272545
272576
272594
272867
273192
273529
273646
273738
274045
274321
274543
274854
276155
276631
276675
276811
276866
277285
277341
277393
278025
278258
278778
280060
280136
280617
280854
281151
282374
283004
283733
284209
284472
284964
288150
289436
290057
290088
290127
292704
293088
294678
294773
295071
295839
297065
298092
299344
300721
301412
301666
302769
303094
303649
304027
304046
304974
305184
305438
308474
308923
309011
309655
311013
311512
311585
311869
313297
313408
314212
316499
317052
318233
319719
320202
320421
320552
321546
321602
321939
322857
324255
324341
324699
325638
325954
326634
328549
329364
331332
332670
332778
334493
335006
335549
337287
337395
340729
341143
342490
342518
343970
344164
344477
345102
345221
346028
347456
347917
347941
348047
348443
350299
352885
355044
357537
359236
359828
359896
360128
360453
362682
363614
365718
366178
366202
366669
366772
369907
371569
371695
373903
375956
377095
378848
382242
382447
383554
383959
387035
393998
395965
397281
397780
399330
402160
402527
403716
406253
410796
420665
423309
426946
432852
433802
434460
434742
435648
440390
449446
453430
475397
489641
495621
500091
508021
512563
522749
542907
543754
