0
0
12
35
135
280
323
457
513
545
578
593
651
678
938
956
1052
1097
1215
1278
1333
1350
1634
1638
1659
1692
1753
1792
1998
2145
2172
2198
2276
2364
2374
2377
2476
2504
2544
2633
2819
2899
3005
3060
3083
3120
3258
3308
3309
3355
3493
3541
3598
3601
3616
3731
3819
3827
3976
4124
4148
4211
4229
4313
4318
4326
4381
4382
4427
4506
4540
4753
4756
4890
4997
5001
5033
5132
5233
5236
5262
5286
5347
5409
5698
5714
5984
6043
6071
6174
6205
6228
6239
6375
6413
6426
6445
6468
6527
6572
6711
6743
6833
6834
6835
6849
6943
6965
6981
6988
7017
7044
7185
7207
7410
7475
7487
7507
7529
7538
7622
7664
7668
7688
7699
7750
7755
7839
7851
7903
7920
8010
8042
8136
8183
8419
8430
8505
8520
8524
8527
8544
8673
8712
8733
8765
8827
8891
8911
8948
8982
9054
9194
9222
9270
9421
9577
9793
10020
10053
10108
10171
10258
10288
10321
10357
10381
10492
10492
10523
10547
10622
10691
10751
10769
10833
10886
10890
10912
10925
10953
11059
11254
11294
11302
11381
11445
11467
11595
11641
11650
11728
11751
11753
11796
12218
12270
12350
12401
12560
12603
12635
12647
12797
12835
12848
13039
13187
13295
13317
13383
13450
13486
13556
13647
13937
14039
14266
14337
14343
14348
14358
14416
14480
14512
14672
14788
14858
14924
15034
15100
15115
15147
15185
15246
15253
15266
15318
15384
15431
15701
15817
15922
15939
15953
15972
16018
16035
16165
16251
16453
16482
16502
16515
16559
16593
16632
16653
16863
16932
16945
16946
17006
17048
17137
17172
17182
17265
17271
17321
17361
17366
17491
17519
17526
17570
17618
17626
17651
17651
17719
17856
17864
17873
17900
17938
17941
18172
18317
18416
18476
18478
18513
18568
18630
18640
18692
18704
18722
18748
18787
18800
18818
18902
18960
18998
19029
19066
19160
19164
19366
19390
19420
19440
19460
19626
19651
19925
20044
20110
20257
20299
20441
20451
20484
20488
20573
20573
20744
20828
21221
21240
21318
21384
21435
21455
21488
21519
21567
22009
22011
22011
22043
22088
22104
22145
22240
22359
22496
22566
22634
22687
22754
22759
22853
22874
22883
23012
23043
23193
23223
23253
23310
23351
23379
23391
23455
23458
23471
23480
23509
23706
23808
23811
23822
23950
23970
24032
24076
24242
24254
24284
24308
24315
24321
24430
24739
24760
24784
24860
24897
24916
24928
24957
24986
25065
25212
25279
25327
25346
25353
25418
25645
25743
25773
25826
25896
26023
26027
26042
26094
26529
26572
26635
26653
26703
26749
26888
26969
26979
26979
26984
27016
27021
27047
27089
27153
27218
27233
27301
27383
27508
27554
27608
27707
27718
27847
27872
27920
27944
28024
28024
28109
28242
28431
28552
28600
28606
28650
28706
28785
28842
28891
28989
29107
29245
29333
29375
29525
29602
29612
29847
30011
30013
30105
30208
30401
30403
30505
30557
30781
30859
30920
30924
30924
30930
30935
31123
31160
31161
31178
31231
31316
31465
31546
31576
31582
31587
31601
31613
31801
31891
31949
31954
31960
32011
32028
32282
32317
32387
32492
32518
32555
32818
32859
32921
32939
33088
33290
33294
33352
33394
33417
33573
33654
33738
33786
33845
34047
34104
34129
34134
34184
34202
34513
34616
34655
34732
34745
34760
34772
34773
34804
34905
34968
34985
35148
35267
35319
35396
35435
35468
35595
35646
35743
35803
35822
35825
35958
35968
36060
36126
36144
36187
36189
36237
36330
36338
36511
36548
36620
36800
36821
36930
36935
37030
37033
37143
37199
37288
37321
37340
37472
37485
37511
37566
37676
37686
37741
37754
37783
37798
37939
37988
38354
38384
38408
38432
38445
38477
38609
38643
38745
38814
38976
39032
39141
39224
39282
39300
39303
39503
39557
39581
39643
39652
39724
39826
39842
39873
39923
40063
40095
40245
40301
40465
40509
40647
40665
40670
40714
40754
40763
40796
40839
40898
40988
41006
41243
41277
41350
41420
41436
41504
41595
41716
41767
41809
41893
41928
42025
42029
42155
42165
42341
42366
42569
42719
42789
42801
42945
42952
42954
43048
43061
43349
43432
43637
43658
43777
43791
43804
43834
43846
43853
44250
44307
44311
44314
44678
44711
44842
44871
44915
44944
45005
45060
45071
45160
45212
45299
45487
45535
45555
45665
45783
45801
45952
46076
46088
46221
46237
46306
46348
46418
46436
46470
46506
46670
46674
46768
46797
46892
46971
46999
47055
47112
47141
47146
47167
47167
47177
47213
47217
47381
47426
47435
47539
47574
47582
47633
47636
47673
47804
47819
47967
48010
48030
48278
48284
48335
48572
48667
48684
48790
48855
48897
48979
49037
49074
49177
49254
49266
49266
49313
49316
49340
49367
49517
49518
49610
49615
49933
50267
50271
50352
50478
50553
50600
50669
50723
50727
50916
50967
51438
51681
51820
51825
52040
52058
52154
52155
52219
52362
52507
52559
52564
52577
52650
52660
52707
52749
52921
52964
52977
53000
53085
53163
53166
53184
53277
53335
53372
53636
53664
53713
53926
54035
54045
54264
54296
54472
54503
54503
54652
54718
54740
54800
54833
54972
55016
55090
55103
55188
55217
55288
55366
55399
55433
55478
55479
55673
55698
55707
55846
55871
56091
56120
56137
56310
56322
56483
56534
56547
56575
56751
56758
56813
56885
57004
57077
57133
57197
57270
57299
57324
57450
57493
57508
57514
57521
57527
57568
57613
57726
57731
57731
57745
57817
57818
57964
57988
58087
58285
58318
58421
58636
58729
58797
58842
59030
59184
59193
59231
59329
59353
59361
59569
59613
59698
59804
59824
59832
60165
60197
60410
60420
60431
60460
60487
60523
60540
60703
60785
60848
60886
60893
61011
61040
61054
61186
61288
61309
61390
61433
61513
61520
61527
61551
61618
61896
61909
61991
62103
62135
62303
62318
62345
62396
62423
62458
62467
62469
62698
62711
62713
62750
62823
62857
62869
62959
63039
63059
63065
63116
63166
63202
63243
63553
63600
63621
63632
63660
63734
63752
63823
63854
63867
63922
64129
64185
64229
64377
64449
64564
64619
64628
64697
64789
64802
64837
64840
64927
65019
65067
65214
65237
65259
65295
65457
65616
65630
65636
65689
65796
65810
65823
65899
66010
66097
66171
66185
66235
66434
66574
66655
66721
66813
66824
66880
66884
66933
66980
66992
67049
67053
67054
67283
67295
67392
67398
67412
67425
67478
67480
67598
67670
67789
67945
68033
68135
68140
68210
68213
68273
68496
68509
68550
68576
68773
68840
68840
68862
68866
68888
68890
68907
68908
69131
69311
69460
69656
69694
69735
69874
70034
70166
70166
70210
70233
70361
70401
70421
70436
70503
70621
70701
70724
70765
70960
71154
71212
71229
71256
71321
71334
71421
71442
71477
71547
71564
71572
71699
71899
72527
72589
72745
72824
72888
73094
73098
73116
73192
73207
73210
73234
73307
73448
73546
73679
73857
74013
74135
74147
74162
74256
74340
74360
74366
74438
74467
74474
74595
74782
75143
75188
75190
75355
75597
75629
75658
75664
75723
75959
75971
76016
76040
76167
76255
76517
76792
76809
76879
76893
76978
77058
77155
77209
77220
77226
77261
77267
77345
77502
77535
77535
77642
77720
77866
77878
78022
78098
78117
78137
78249
78272
78633
78750
79149
79241
79243
79247
79319
79413
79424
79443
79482
79488
79518
79577
79675
79873
79879
79908
79992
80077
80207
80232
80257
80524
80586
80621
80633
80646
80675
80681
80738
80844
80881
80902
80924
80991
81011
81088
81207
81237
81244
81297
81302
81398
81514
81615
81700
81739
81774
81811
81850
81941
81966
82043
82154
82212
82298
82303
82443
82553
82653
82658
82705
82747
82846
82891
82953
83217
83236
83454
83525
83559
83594
83642
83764
83774
83782
83786
83904
84041
84087
84153
84182
84359
84460
84490
84836
85004
85089
85291
85328
85349
85440
85471
85484
85688
85863
85882
86037
86081
86240
86323
86331
86491
86583
86627
86642
86683
86713
86899
86901
86906
86993
87145
87154
87652
87682
87703
87832
88076
88113
88388
88453
88464
88618
88688
88708
88768
88772
88810
88900
88908
89239
89470
89508
89724
89946
90160
90218
90333
90527
90627
90639
90646
90800
90902
91018
91108
91360
91461
91509
91565
91574
91611
91691
92099
92462
92594
92776
92875
92878
93128
93132
93188
93384
93574
93677
93690
93727
93736
93825
94034
94105
94136
94320
94382
94390
94478
94507
94533
94571
94656
94770
94830
95224
95476
95726
95765
95848
96016
96163
96278
96296
96367
96386
96550
96667
96721
96827
97015
97048
97154
97305
97320
97325
97333
97587
97701
97797
97826
97888
97939
97992
98007
98018
98023
98218
98316
98371
98409
98469
98737
98828
98971
99007
99022
99095
99100
99348
99410
99527
99701
99716
99830
99969
100080
100131
100369
100405
100600
100615
100625
100633
100663
100749
100814
100853
100898
100907
100923
101071
101147
101230
101316
101365
101397
101432
101497
101649
101683
101804
101930
101953
101955
102307
102312
102336
102336
102500
102904
103422
103455
103505
103773
103839
103933
103962
104049
104215
104309
104519
104529
104617
104754
104766
104767
104986
105044
105134
105204
105246
105615
105811
105895
106033
106147
106244
106249
106380
106392
106451
106510
106798
106880
107022
107058
107164
107244
107327
107339
107381
107540
107640
107654
107903
107943
108053
108119
108125
108294
108321
108461
108585
108607
108773
108816
108915
108971
109034
109306
109394
109603
109892
109898
110048
110054
110071
110086
110344
110355
110438
110505
110566
110629
110648
110649
110705
110773
111108
111140
111144
111165
111214
111215
111338
111420
111474
111482
111497
111568
111658
111807
111832
111840
111884
112050
112161
112533
112571
112672
112680
113338
113593
113673
113728
113930
114001
114054
114095
114125
114140
114141
114365
114366
114374
114381
114470
114521
114526
114551
114561
114630
114773
114840
114847
114933
115177
115255
115539
115651
115844
116517
116589
116632
116692
116954
117046
117086
117110
117218
117282
117509
117511
117511
117558
117574
117580
117629
117635
117709
117709
117709
117721
117805
117832
117848
118301
118689
118865
118881
118902
118969
119301
119372
119456
119495
119506
120113
120378
120394
120416
120539
120585
120785
120842
120972
121079
121095
121149
121267
121691
121814
121819
121867
121876
121913
121933
121975
122039
122083
122186
122317
122371
122398
122482
122525
122537
122566
122640
122690
122810
122843
122864
122873
123012
123016
123234
123260
123278
123344
123411
123416
123526
123564
123573
123792
123893
123919
123940
124082
124200
124208
124213
124214
124218
124445
124746
124872
124958
125225
125476
125505
125705
125872
125928
125936
126144
126217
126228
126349
126459
126486
126617
126630
126684
126718
126776
126779
126799
126813
126818
126904
126911
127011
127038
127429
127501
127545
127879
127941
128250
128365
128375
128375
128587
128840
128902
128940
128968
129313
129343
129373
129421
129432
129463
129547
129554
129769
129866
129927
129986
129992
129993
130202
130335
130758
130962
131015
131114
131141
131212
131215
131307
131326
131492
131681
131746
131812
131814
131955
131956
132278
132405
132550
132555
132701
132784
132854
132861
133035
133160
133207
133347
133397
133485
133550
133613
133682
133703
133849
133873
134068
134107
134134
134180
134365
134494
134615
134691
134781
134870
135069
135274
135297
135328
135443
135563
135751
135880
135915
136050
136071
136238
136334
136566
136607
136668
136726
136801
136817
136847
136867
137025
137387
137421
137698
137712
137720
137753
137846
138131
138196
138539
138681
138773
138856
138870
138875
138965
139139
139284
139417
139430
139659
139669
139701
139739
139765
139886
140410
140449
140641
140766
140953
141094
141099
141360
141397
141401
141437
141531
141660
141694
141694
141883
141909
141941
142052
142352
142575
142645
142711
142757
143076
143081
143105
143220
143245
143284
143285
143444
143465
143600
143618
143625
143644
143714
143734
143750
143762
143926
144138
144205
144288
144392
144446
144623
144635
144812
144822
144910
145032
145036
145120
145251
145295
145619
145712
145816
145817
145824
145919
146404
146628
146664
146733
146897
147246
147389
147612
147644
147657
147808
148097
148180
148403
148506
148547
149032
149184
149281
149605
149840
149850
149940
150249
150338
150461
150463
150524
150615
150626
150662
150696
150711
150813
151000
151024
151070
151310
151389
151563
151599
151610
151668
151703
152036
152308
152538
152582
152594
152604
152748
152786
152806
152913
153224
153263
153323
153396
153486
153683
153751
153791
153850
154141
154160
154179
154279
154712
154818
154885
155065
155076
155089
155235
155420
155460
155541
155595
155686
156240
156330
156432
156595
156673
156875
157136
157413
157555
157740
157851
157899
158098
158154
158191
158389
158719
158746
158797
159052
159137
159347
159464
159542
159654
160169
160186
160309
160629
160685
160830
160906
160987
160992
160995
161141
161259
161641
161808
162106
162306
162418
162502
162584
163029
163201
163388
163535
163816
163844
163945
164024
164078
164182
164387
164446
164501
164599
164759
164926
164930
165162
165340
165427
165745
165926
166128
166221
166530
166639
166819
166942
166980
167088
167166
167357
167582
167841
167871
168014
168095
168523
168581
168642
169047
169308
169373
169639
169648
169739
169774
169926
170305
170321
170381
170761
171084
171122
171162
171219
171231
171540
171587
172073
172208
172371
172392
172511
172827
172914
173242
173693
173848
173904
174132
174167
174271
174347
174422
174423
174511
174547
175083
175954
176256
176640
176831
176890
176894
176911
176966
177260
177344
177717
177728
177904
178108
178386
178387
178471
178498
178695
178783
178862
179039
179293
179525
179650
179755
179762
179946
180083
180091
180300
180437
180482
180488
180746
181031
181197
181565
181698
181728
181854
181869
181951
182036
182044
182335
182437
182804
182963
183193
183687
183696
183785
184274
184781
184948
185074
185249
185329
185646
185679
185794
185799
185845
186170
186299
186308
186434
186861
186907
186916
187156
187291
187356
187499
187539
187601
187681
187807
187885
188225
188310
188481
188525
188551
188606
188725
188745
189032
189269
189273
189498
189741
189787
189887
189995
190008
190026
190037
190081
190284
190519
190535
190657
190828
190884
190971
191274
191726
191771
191813
192056
192482
192557
193005
193268
193499
193512
193601
193638
193788
193807
194039
194159
194572
194589
194751
194853
195647
195649
195810
196010
196747
196917
197088
197301
197401
197409
197425
197432
197759
197878
197947
198027
198101
198111
198284
198356
198414
198564
198829
199285
199552
199669
199977
200039
200109
200185
200198
200379
200459
200513
200737
200880
200929
200955
201001
201246
201272
201386
202440
202511
202642
202851
202861
202934
202954
203145
203503
203572
203583
203731
203760
204063
204073
204396
204495
204569
204959
205105
205111
205206
205477
205515
205903
205968
206010
206231
206390
206436
206719
206763
206973
207231
207373
207421
207472
207610
207681
207686
207690
207847
207886
208002
208038
208129
208181
208325
208794
208868
208880
209143
209185
209358
209758
209762
209880
209906
209979
210097
210403
210460
210563
210580
210603
210604
210735
210854
211015
211102
211119
211226
211697
211748
212073
212150
212435
212777
212865
212981
213255
213679
213706
213785
213980
214117
214176
214352
214508
214572
214633
215299
215605
215731
216373
216777
217049
217183
217303
218031
218265
218371
218376
219020
219400
219454
220201
220405
220587
220745
220748
221163
221342
221565
221581
221646
221793
222331
222407
222436
223356
223607
223613
223770
224216
224444
224894
225049
225709
226115
226400
226642
226964
227097
227113
227393
227615
227619
227925
228019
228125
228653
229190
229510
229569
229605
229805
230252
230344
230979
231283
231290
231445
231539
231831
231915
232606
232663
232757
233203
233237
233322
233513
233941
234154
234422
234554
234867
234970
235040
235052
235552
235629
236182
236314
236536
236781
236851
237508
237511
237581
237746
238059
238187
238415
238557
238924
239490
239623
240015
240095
240118
240566
240645
240793
240918
241130
241297
241326
241727
241806
241863
241927
242133
242142
243265
243312
243898
244084
244352
244790
245545
245746
245913
246117
246507
246579
246787
247037
247086
247112
247443
247530
247662
247917
248049
248168
248191
248344
248354
248582
248676
248797
248853
249021
249573
249708
249856
250207
250408
250453
250530
250728
250799
251283
252087
252610
253170
253384
253479
253961
254000
254537
254845
254976
255107
256734
257015
257541
258128
258403
258492
258634
258859
259047
259105
259774
259920
260852
260865
261163
261400
261504
261583
262318
263128
263209
263240
263338
263441
264081
264713
264725
264838
265175
265195
265371
266720
266758
266848
267109
267564
268220
268694
268701
268877
269166
269471
269508
269664
270350
270971
271078
271867
271915
272414
272749
273201
273604
274609
274768
274984
275332
275773
276066
276151
276633
276826
276848
277517
277863
278299
278432
278580
278994
279421
279523
279688
280289
280465
281108
281613
282579
282835
282995
283043
283087
283322
283582
283652
283865
284359
284531
285071
285853
286894
286942
286985
287517
289345
289800
289921
290471
291755
292068
292481
292751
293883
294045
294127
294179
294242
294893
295125
295454
296422
296700
296802
297229
297374
297731
297737
298494
300021
300353
301123
301986
302885
302990
303105
303243
303422
303781
304132
304431
304638
306168
306553
306979
307153
307361
307368
308441
308831
309450
309820
310998
312420
312781
313026
313972
315115
315809
316065
316580
316638
317585
318578
319204
319410
319903
320529
321172
321689
323101
323444
324837
324867
325387
325551
325646
325771
325820
326137
326321
328768
329607
330363
331467
331705
332169
332326
334335
334832
334954
335183
335594
335694
336769
337364
337517
338724
339375
340337
340440
340485
340618
340709
342040
342732
343276
345283
345292
345363
345369
345439
345525
345545
346298
346366
347823
348201
349962
351091
352183
354533
357712
357839
358149
358323
358597
359751
359779
360150
364064
365053
367078
367112
368445
369627
370458
371092
371889
372888
374764
376177
377177
377782
379249
379709
379799
381420
382152
382901
384086
384765
385805
386764
387592
389611
389848
390356
390989
391926
393348
393901
394220
396472
399390
402598
403237
403294
405147
409088
409345
411912
412045
412415
417596
421095
422983
423947
428893
429223
431174
431253
432529
432840
433170
433567
438993
440471
443330
443601
448004
455880
456441
457541
457614
458054
461311
464474
467964
468398
470109
470383
475830
481486
481959
484005
489977
501225
503911
507005
511529
517743
522203
523683
537019
543493
559979
590604
