0
0
42
102
167
172
226
281
307
326
430
433
482
598
629
630
654
660
694
831
880
902
913
936
1001
1015
1178
1230
1267
1324
1326
1382
1431
1442
1549
1567
1601
1618
1651
1692
1716
1737
1821
2009
2051
2136
2182
2189
2202
2211
2298
2303
2387
2425
2522
2534
2571
2572
2590
2637
2675
2852
2872
2953
2957
2987
3018
3019
3270
3281
3340
3356
3379
3394
3534
3557
3574
3616
3616
3667
3670
3703
3779
3840
3875
3911
3915
3925
3957
3994
4021
4028
4067
4086
4155
4309
4341
4418
4447
4497
4538
4667
4670
4691
4724
4725
4772
4824
4882
4884
4919
4971
5112
5229
5241
5307
5346
5351
5376
5419
5428
5465
5537
5546
5580
5589
5795
5909
5925
5980
6064
6084
6109
6165
6265
6303
6357
6368
6473
6582
6593
6602
6693
6706
6741
6766
6767
6813
6990
7023
7185
7225
7240
7267
7280
7349
7398
7411
7422
7443
7453
7489
7611
7803
7832
7914
8085
8103
8176
8263
8295
8295
8329
8361
8392
8451
8553
8650
8665
8723
8793
8796
8829
8871
8878
8905
9093
9179
9195
9195
9254
9281
9310
9340
9350
9363
9471
9507
9746
9798
9883
9906
9995
10005
10028
10051
10079
10119
10148
10161
10164
10192
10264
10388
10413
10461
10498
10522
10545
10669
10744
10754
10775
10793
10870
10947
10949
11022
11037
11050
11082
11085
11356
11357
11368
11369
11426
11475
11526
11534
11535
11633
11659
11805
11853
12000
12007
12012
12063
12106
12197
12202
12206
12224
12291
12369
12369
12554
12569
12597
12599
12610
12615
12632
12659
12692
12710
12741
12833
12931
13007
13030
13162
13170
13178
13225
13241
13309
13366
13466
13504
13540
13603
13660
13719
13719
13728
13737
13764
13774
13798
13880
13932
13974
14137
14169
14185
14232
14293
14334
14354
14382
14410
14428
14516
14557
14590
14616
14676
14896
14910
14923
14949
14955
14988
15004
15005
15036
15067
15132
15145
15175
15206
15260
15287
15355
15446
15565
15591
15642
15704
15847
15864
15902
15959
16028
16106
16143
16180
16193
16195
16207
16235
16245
16257
16262
16328
16379
16421
16455
16693
16745
16761
16796
16903
16905
16953
17009
17037
17037
17097
17113
17194
17338
17365
17367
17376
17414
17458
17466
17505
17513
17562
17589
17595
17638
17713
17721
17768
17813
17881
17917
17955
17965
17973
17979
18000
18022
18027
18061
18076
18090
18123
18211
18236
18306
18364
18467
18592
18607
18611
18685
18695
18712
18718
18780
18796
18819
18875
18879
19010
19145
19207
19219
19360
19372
19386
19424
19471
19501
19557
19648
19663
19684
19719
19763
19852
19908
19971
20087
20145
20274
20337
20444
20522
20554
20559
20619
20686
20704
20705
20779
20786
20830
20876
20927
20999
21064
21108
21255
21262
21267
21325
21409
21459
21463
21499
21704
21728
21761
21827
21867
21891
22053
22172
22174
22229
22239
22276
22282
22319
22329
22388
22405
22501
22559
22563
22604
22610
22611
22629
22701
22789
22880
22888
22892
22946
22958
22959
22979
23013
23112
23119
23131
23166
23186
23191
23286
23346
23353
23362
23386
23414
23524
23525
23570
23648
23689
23842
23884
23904
23949
24074
24174
24227
24283
24379
24479
24531
24548
24714
24839
24845
24882
24924
24958
24976
25034
25151
25215
25217
25220
25287
25443
25463
25524
25543
25623
25750
25764
26020
26043
26064
26087
26097
26108
26118
26142
26189
26257
26289
26325
26337
26365
26426
26705
26755
26755
26784
26851
26889
26948
27032
27039
27152
27201
27270
27373
27506
27523
27632
27910
27967
28127
28148
28150
28330
28360
28421
28480
28519
28556
28691
28753
28793
28820
28839
28887
28932
28958
29217
29294
29365
29443
29503
29598
29643
29683
29689
29756
29772
29833
29900
29918
30038
30045
30100
30162
30199
30258
30291
30347
30348
30445
30461
30536
30560
30660
30781
30785
30785
30845
30911
31017
31026
31027
31078
31111
31114
31271
31336
31469
31505
31605
31626
31663
31674
31689
31694
31721
31730
31781
31816
31818
31824
31882
31908
31908
31944
31979
32003
32025
32073
32074
32117
32181
32234
32273
32345
32383
32463
32498
32574
32593
32682
32694
32717
32760
32804
32849
32884
32945
32946
32950
32971
33005
33143
33267
33281
33345
33365
33508
33544
33700
33701
33720
33724
33797
33880
33896
33935
33987
33997
34100
34106
34257
34278
34292
34329
34341
34365
34378
34383
34400
34413
34446
34516
34589
34593
34698
34701
34834
34913
34946
35139
35302
35310
35329
35357
35445
35534
35549
35611
35673
35683
35717
35748
35763
35791
35943
36042
36105
36107
36188
36274
36406
36445
36503
36523
36575
36576
36597
36609
36617
36621
36726
36738
36830
36847
36870
36879
36909
36917
36992
37023
37093
37104
37146
37177
37181
37228
37240
37309
37335
37368
37651
37706
37740
37742
37756
37766
37767
37775
37820
37883
37988
38016
38238
38241
38256
38299
38324
38334
38443
38454
38564
38565
38669
38684
38726
38737
38772
38785
38802
38816
38845
38853
38860
38903
39006
39025
39174
39197
39254
39320
39417
39444
39464
39546
39592
39643
39643
39661
39701
39729
39744
39744
39751
39794
39823
39826
39843
39845
39895
39953
39994
39998
40019
40064
40065
40084
40145
40169
40238
40304
40337
40485
40535
40596
40600
40623
40701
40826
40845
41017
41021
41146
41186
41204
41248
41258
41304
41306
41333
41339
41370
41444
41447
41495
41502
41656
41670
41767
41805
41852
41917
41941
41969
42015
42023
42106
42262
42331
42377
42417
42424
42437
42485
42590
42669
42681
42754
42762
42773
42856
42869
42875
42901
42902
42930
42932
43090
43324
43412
43461
43539
43663
43710
43728
43808
43832
43836
43967
43995
44020
44363
44365
44581
44605
44648
44692
44741
44776
44811
44847
44863
44866
44937
44949
45022
45076
45224
45252
45277
45299
45311
45321
45348
45438
45493
45499
45500
45620
45705
45799
45807
45879
45912
45915
45955
46006
46063
46108
46186
46193
46268
46295
46541
46679
46684
46728
46815
46836
46992
47135
47209
47335
47402
47411
47443
47467
47514
47568
47735
47769
47794
47909
48058
48069
48092
48154
48159
48213
48301
48437
48555
48556
48742
48783
48873
48914
48951
49207
49224
49226
49335
49343
49369
49445
49477
49600
49833
49876
49993
50128
50146
50148
50252
50276
50367
50416
50423
50446
50591
50678
50710
50802
50882
50883
50955
50983
51011
51084
51088
51161
51161
51168
51206
51217
51246
51247
51252
51327
51455
51509
51523
51672
51760
51772
51834
52242
52323
52432
52507
52623
52629
52635
52671
52711
52746
52770
52794
52883
52982
52996
53160
53225
53268
53365
53376
53389
53416
53515
53571
53618
53663
53701
53726
53738
53790
53908
53937
53970
53972
54085
54089
54100
54144
54215
54221
54281
54322
54377
54412
54459
54464
54557
54575
54643
54729
54769
54937
54979
54980
55093
55108
55203
55289
55344
55349
55353
55361
55374
55387
55405
55406
55455
55470
55475
55488
55558
55606
55614
55625
55691
55773
55787
55843
55857
55866
55898
55975
56124
56178
56184
56277
56331
56332
56455
56486
56632
56642
56658
56666
56684
56754
56771
57030
57047
57098
57215
57280
57308
57369
57373
57386
57389
57427
57435
57450
57566
57731
57830
57997
58068
58071
58098
58110
58145
58257
58280
58383
58410
58530
58557
58571
58600
58623
58686
58705
58817
58846
58848
58868
58924
58941
58986
59027
59103
59137
59162
59166
59216
59252
59401
59424
59472
59483
59599
59638
59703
59731
59789
59924
59925
59941
60022
60027
60071
60076
60077
60085
60282
60361
60365
60396
60443
60493
60580
60643
60735
60746
60772
60840
60916
60929
60988
60990
60996
61024
61035
61065
61319
61347
61430
61455
61493
61561
61561
61564
61671
61701
61799
61805
62018
62047
62050
62134
62175
62273
62305
62384
62404
62457
62502
62555
62576
62607
62751
62853
62872
62920
62945
62947
63007
63040
63100
63125
63298
63319
63322
63386
63501
63518
63551
63723
63775
63896
64015
64081
64130
64188
64227
64305
64324
64348
64370
64387
64514
64517
64532
64537
64581
64648
64673
64705
64802
64990
65010
65029
65075
65076
65085
65156
65160
65211
65217
65311
65409
65486
65555
65594
65604
65624
65635
65670
65681
65706
65740
65981
66019
66090
66207
66215
66231
66246
66354
66464
66557
66567
66589
66641
66748
66787
66928
66946
67024
67060
67095
67170
67244
67455
67523
67607
67697
67799
67837
67943
68057
68111
68416
68471
68494
68523
68524
68543
68555
68617
68665
68907
68920
68942
69010
69045
69139
69209
69255
69291
69293
69350
69358
69481
69499
69511
69512
69521
69561
69586
69596
69597
69658
69838
69875
69905
70009
70070
70071
70075
70114
70115
70187
70195
70268
70316
70507
70589
70631
70666
70688
70914
70945
71138
71204
71204
71210
71366
71494
71506
71530
71759
71821
71874
71905
71999
72079
72184
72280
72298
72324
72604
72623
72660
72706
72762
72776
72803
72816
72948
72964
73035
73098
73135
73159
73181
73207
73215
73332
73342
73372
73486
73497
73668
73685
73700
73712
73722
73731
73816
73827
73851
73999
74037
74056
74073
74124
74147
74215
74218
74261
74304
74350
74431
74461
74476
74650
74704
74748
74792
74793
74835
74838
74914
75024
75220
75251
75283
75309
75394
75394
75503
75578
75582
75616
75657
75718
75831
75831
75864
75914
75950
76061
76119
76247
76283
76385
76527
76548
76589
76658
76748
76782
76862
76987
77169
77441
77442
77472
77487
77533
77550
77588
77615
77622
77634
77645
77683
77690
77730
77739
77933
77947
78004
78009
78054
78066
78081
78314
78365
78399
78407
78456
78486
78499
78504
78518
78602
78735
78740
78771
78907
78955
78966
78979
79042
79080
79098
79150
79267
79316
79359
79404
79443
79550
79608
79662
79665
79669
79701
79723
79743
79779
79936
79941
80047
80065
80074
80339
80360
80479
80499
80583
80611
80653
80666
80677
80687
80707
80753
80763
80778
80862
80873
80997
81106
81130
81149
81203
81205
81251
81302
81351
81430
81485
81493
81501
81587
81615
81702
81800
81824
81847
81916
81945
82049
82166
82226
82226
82268
82287
82306
82309
82344
82351
82430
82507
82567
82608
82614
82659
82865
82898
82955
83040
83053
83114
83225
83299
83305
83380
83402
83415
83459
83488
83739
83854
83858
83975
84071
84111
84121
84167
84186
84310
84350
84384
84502
84555
84574
84771
84865
84923
84941
84995
85004
85047
85104
85180
85180
85227
85344
85536
85570
85572
85611
85634
85641
85672
85718
85759
85779
85796
85859
85930
85969
86063
86285
86422
86456
86506
86520
86652
86743
86751
86770
86994
87043
87050
87057
87067
87129
87135
87278
87459
87512
87569
87576
87682
87689
87691
87707
87761
87861
87901
87922
87976
87998
88004
88117
88125
88310
88434
88436
88542
88571
88602
88690
88691
88735
88836
88882
88883
88885
88999
89018
89163
89191
89257
89389
89463
89524
89675
89791
89792
89818
89906
89942
89957
89960
89969
90031
90221
90419
90509
90557
90612
90660
90834
91008
91026
91121
91131
91222
91257
91258
91316
91535
91556
91562
92162
92225
92300
92398
92399
92477
92537
92569
92611
92628
92659
92671
92720
92752
92786
92839
92843
92857
92931
93277
93278
93314
93367
93471
93508
93589
93629
93642
93643
93713
93764
93803
93807
93824
94145
94159
94249
94321
94388
94477
94632
94772
94823
94900
94908
95059
95062
95066
95070
95103
95166
95300
95316
95318
95321
95331
95440
95472
95490
95495
95504
95555
95562
95563
95574
95584
95668
95676
95692
95700
95828
95950
96060
96117
96121
96187
96433
96445
96510
96534
96546
96553
96563
96766
96796
96803
96834
96878
96908
96959
97057
97067
97070
97080
97093
97112
97185
97259
97282
97300
97301
97533
97559
97598
97598
97634
97649
97784
97786
97825
97825
97863
97863
97912
97948
97983
98029
98167
98217
98309
98520
98656
98728
98752
98836
98846
98870
98873
98955
98992
98994
99143
99261
99365
99685
99789
99790
99880
99963
99967
100153
100170
100174
100200
100282
100368
100478
100609
100761
100770
100833
100880
100956
100966
100974
101190
101293
101431
101448
101585
101589
101837
101840
101899
101903
101982
101983
102002
102266
102352
102473
102478
102497
102504
102547
102584
102696
102856
102901
103197
103210
103354
103367
103402
103532
103696
103786
103872
103873
103911
104079
104082
104346
104430
104705
104746
104765
104791
104808
104856
104947
104951
104958
104970
105011
105030
105079
105275
105305
105403
105445
105484
105531
105605
105612
105621
105682
105757
105772
105982
106011
106179
106279
106291
106302
106456
106523
106670
106728
106821
106910
106928
106930
106974
107087
107204
107377
107514
107526
107529
107580
107768
107789
107816
107836
107860
107976
108171
108224
108247
108326
108441
108671
108821
108882
108946
108990
109017
109058
109073
109098
109104
109145
109151
109160
109269
109289
109406
109536
109558
109571
109573
109585
109600
109756
109813
109864
110177
110319
110380
110388
110442
110519
110553
110613
110624
110635
110670
110812
110906
110926
110989
111003
111016
111145
111182
111259
111273
111310
111389
111538
111577
111595
111868
111895
111918
112057
112111
112120
112142
112143
112150
112175
112355
112372
112423
112437
112451
112451
112501
112611
112725
112754
113014
113016
113299
113345
113463
113506
113576
113600
113610
113689
113871
113882
113950
113997
114036
114042
114057
114105
114113
114157
114259
114270
114289
114292
114295
114306
114317
114343
114388
114393
114486
114537
114649
114668
114709
114714
114755
114829
114844
114867
115055
115179
115242
115654
115733
115935
115938
116012
116169
116179
116192
116271
116417
116445
116515
116557
116863
116897
116923
116936
117181
117247
117268
117311
117385
117398
117443
117449
117588
117591
117717
117744
117763
117810
117835
117892
117922
117939
117954
118072
118172
118190
118318
118339
118407
118431
118500
118545
118657
118730
118739
118798
118820
118869
118898
119078
119283
119560
119675
119677
119748
119838
119855
119967
119990
120177
120288
120300
120304
120312
120352
120409
120472
120618
120631
120693
120744
120773
120839
120878
120902
121009
121318
121526
121539
121617
121648
121794
121970
122055
122080
122146
122259
122325
122436
122438
122439
122540
122563
122578
122598
122676
122691
122735
122834
122853
122894
122950
122990
123219
123288
123295
123308
123336
123495
123516
123520
123562
123649
123698
123722
123745
123873
123896
123939
124162
124212
124231
124465
124572
124590
124591
124734
124739
124772
124948
125176
125208
125214
125215
125288
125314
125745
125786
125805
125944
125962
126006
126119
126437
126457
126490
126508
126555
126559
126612
126627
126644
126689
126710
126803
126886
126934
126954
127013
127018
127049
127068
127129
127276
127281
127293
127319
127376
127427
127437
127696
127726
127801
127848
127863
128127
128170
128322
128384
128386
128408
128496
128535
128773
129041
129629
129684
129810
129882
130048
130175
130178
130271
130279
130302
130393
130416
130420
130460
130492
130539
130551
130600
130641
130716
130754
130909
130928
130959
131148
131263
131309
131357
131367
131392
131474
131518
131539
131674
131712
131907
132311
132549
132666
132752
132763
133038
133056
133087
133177
133219
133265
133367
133536
133575
133807
133852
133931
133944
134030
134607
134619
134691
134739
135045
135178
135209
135290
135417
135510
135613
135745
135795
135840
135857
136152
136229
136356
136412
136414
136456
136529
136595
136653
136732
136805
136955
136971
137015
137070
137153
137161
137178
137256
137336
137391
137921
137996
138121
138131
138171
138331
138452
138469
138486
138575
138641
138662
138674
138683
138886
139070
139070
139260
139378
139540
139561
139581
139591
139673
139841
139892
139933
139994
140018
140040
140220
140246
140296
140405
140424
140471
140529
140560
140567
140669
140671
140771
140816
140933
140965
140990
141063
141077
141188
141239
141403
141433
141441
141503
141556
141950
141998
142007
142020
142058
142234
142271
142350
142398
142450
142696
142701
142756
143006
143031
143045
143101
143440
143444
143479
143744
143757
143811
143905
144166
144182
144298
144319
144559
144698
144718
144788
144827
145052
145070
145073
145307
145592
145620
145783
145783
145788
145851
146037
146091
146098
146229
146299
146347
146524
146529
146624
146752
146776
146792
146856
147104
147118
147509
147550
147575
147612
147613
147625
147635
147675
147757
147784
147882
147891
148055
148060
148112
148197
148256
148706
148797
148854
148904
148925
149077
149136
149155
149172
149175
149255
149339
149390
149490
149499
149502
149553
149745
149910
150048
150069
150145
150181
150265
150341
150347
150366
150767
150840
150994
151002
151038
151067
151169
151198
151217
151248
151362
151432
151527
151629
151964
151968
152065
152332
152849
152858
152865
152980
153197
153235
153250
153289
153436
153464
153829
153831
153850
154083
154097
154100
154316
154589
154777
154960
155112
155224
155395
155425
155431
155569
155663
155796
155866
156257
156283
156301
156360
156446
156582
156584
156683
157008
157013
157096
157330
157358
157687
157753
158116
158185
158203
158765
158776
158896
158935
158999
159146
159251
159289
159324
159625
159717
159774
159865
159944
160050
160056
160070
160283
160317
160331
160343
160382
160459
160624
160705
160745
160797
160804
160834
160851
160918
161031
161255
161286
161328
161465
161543
161726
161793
162185
162340
162470
162638
162866
163019
163050
163060
163110
163162
163339
163357
163360
163446
163508
163623
163756
163823
163859
163945
163949
163979
164082
164125
164169
164171
164333
164457
164571
164718
164764
165023
165184
165199
165310
165343
165511
165566
165813
165878
165897
165912
165949
166152
166367
166505
166562
166828
166886
166897
166903
166904
167000
167130
167281
167281
167308
167313
167314
167339
167354
167359
167418
167482
167495
167617
167721
168027
168064
168129
168568
168734
168757
169033
169176
169306
169326
169377
169739
169969
170060
170124
170233
170312
170327
170335
170365
170481
170486
170623
170882
171077
171089
171447
171521
171553
171578
171587
171629
171686
171770
171840
172295
172342
172674
172713
172815
172850
172863
173081
173092
173322
173325
173348
173629
173706
173739
173753
173828
173839
173907
174208
174264
174322
174332
174342
174918
174960
175085
175091
175141
175202
175233
175380
175555
175713
175718
175730
175974
176322
176599
177004
177230
177312
177360
177535
177677
177687
177704
177848
178264
178359
178517
178748
178977
178985
178989
179047
179241
179542
179578
179746
179760
180100
180113
180189
180211
180264
180294
180412
180535
180550
180568
180625
180658
180915
180945
181018
181062
181172
181269
181347
181412
181433
181486
181682
181759
181787
181811
181841
182124
182399
182702
183093
183155
183435
183526
183883
183937
183970
184003
184018
184059
184170
184241
184271
184387
184400
184452
184536
184637
184808
184922
184930
184950
184991
185355
185516
185568
185646
185869
186016
186078
186254
186395
186406
186437
186449
186460
186524
186798
186870
186900
187012
187313
187369
187490
187625
187673
187776
187897
187905
187918
187984
188061
188069
188073
188160
188163
188202
188255
188345
188502
188774
189204
189217
189218
189241
189499
189627
189770
189796
189962
190014
190285
190508
190590
190645
190781
190814
191050
191121
191149
191175
191181
191205
191516
191589
191596
191685
191754
191852
191858
191979
192155
192497
192645
193214
193484
193523
193630
193662
193676
193768
193784
193804
193923
193975
194007
194104
194124
194175
194203
194361
194593
194666
194732
194807
195121
195175
195952
196065
196273
196335
196449
196824
196966
197061
197225
197231
197361
197475
197574
197593
197730
197748
197869
197909
198148
198229
198401
198407
198942
199158
199271
199459
199568
199632
199836
200113
200305
200316
200337
200591
200596
200760
201005
201589
201628
201703
201712
202133
202236
202546
202874
203292
203477
203490
203603
203825
203857
204003
204161
204176
204258
204298
204328
204370
204595
204627
204845
204902
204919
204936
205302
205555
205809
206470
206511
206951
207401
207498
207563
207568
207575
207732
207765
207803
207924
208007
208051
208383
208500
208836
208905
209174
209250
209338
209444
209497
209838
209919
210197
210224
210228
210460
210580
210624
210703
210781
211105
211192
211356
211492
211715
211814
211849
212117
212209
212517
212751
212796
212965
213012
213070
213431
213744
213774
213941
214069
214271
214282
214631
214775
215045
215084
215257
215768
215959
216040
216095
216130
216213
216263
216352
216356
216570
216594
216754
216799
216960
217031
217147
217235
217389
218288
218339
218748
219015
219033
219079
219144
219399
219513
219529
219634
219679
219806
219946
220019
220134
220167
220220
220777
220962
221050
221309
221508
221569
221650
221684
222078
222086
222172
222366
222520
223133
223381
223669
223830
224164
224458
224585
224599
224637
224925
225107
225240
225298
225311
225450
225457
225512
225630
225747
225883
225930
226196
226263
226447
226660
226838
226921
227464
227551
227596
227604
227710
227737
227905
227917
227980
228223
228321
228331
228404
228626
228708
228758
228770
229081
229260
229496
229796
229951
229959
230205
230260
230304
230395
230478
230524
230732
230853
230917
231269
231640
231890
232100
232101
232174
232364
232448
232469
232471
232634
232877
233718
234023
234054
234120
234183
234242
234793
234998
235081
235113
235161
235289
235629
235696
235815
236213
236274
236465
236657
236736
236841
237194
237494
237542
237853
238141
238453
238659
238783
238903
239100
239107
239393
239703
239769
240094
240191
240235
240383
240393
240419
240481
240535
240683
240894
241023
241107
241158
241341
241565
241698
241747
241866
242136
242429
242703
242734
242816
242924
242939
242973
242991
243080
243422
244232
244321
244450
244635
244813
244980
245062
245301
245349
245439
245779
246022
246057
247647
248364
248379
248402
248531
248814
249058
249508
249554
249821
250283
250403
250512
250566
250581
250728
250740
250892
250915
251034
251196
251292
251531
251843
251924
252465
252516
252532
252546
252677
253137
253887
253925
253974
254008
254906
254909
255666
255966
256120
256157
256445
256642
256661
256810
257024
257166
258053
258102
258110
258358
258558
258565
258595
258784
258906
259264
259312
259346
259372
259428
259874
260053
260450
260511
260516
260773
261392
261596
262007
262080
262181
262232
262432
262776
263196
263583
263747
264241
264373
264468
264679
264784
266057
266394
266906
266978
267119
267816
268374
268498
269230
269417
269450
269505
269682
269732
269800
269965
270094
270103
270131
270291
270431
270535
270595
270664
270920
271006
271645
271884
271889
271952
272048
272466
272717
272832
273504
274512
274617
274848
275472
275793
276067
276122
276766
277721
278047
278249
278757
278861
278986
279055
279072
279300
279753
279821
279955
280039
280178
280460
280770
281935
282311
282704
283223
283581
283697
284216
284544
284600
285165
285276
285512
285587
285592
285677
285777
286413
286671
286867
287610
287923
288042
288071
288381
288850
288856
289320
289361
289494
289616
290132
291041
291358
291677
292765
292991
293225
293364
294034
295308
296391
296981
297131
297795
298099
298632
298738
299059
299384
299585
299989
300261
300623
301187
301514
302170
302371
302440
302448
303564
303738
303883
305440
305709
306146
308003
308602
308803
309020
309590
309655
309684
310356
311525
311558
311773
311816
312388
312797
312842
313076
313102
313696
313835
314051
314647
314647
314773
315441
315651
316477
316790
317626
319053
319892
320084
320226
320415
321267
321669
321684
322007
323134
323146
323159
323248
323358
323469
323719
324006
324397
324397
324425
325098
325219
325428
325450
325489
325903
326044
326464
326572
326985
327324
327904
328568
329623
329678
330221
331098
331106
332495
332781
333328
334925
335302
336193
336667
337957
338437
339009
339545
340103
340691
341738
342392
343084
343755
344264
345161
345331
345990
346221
347143
347379
347391
347506
347907
348555
349143
350687
350777
350963
351601
351922
352434
352981
354247
355001
355473
355536
356005
356105
356462
356615
357560
359027
359564
359690
360526
360917
361299
361772
362045
362525
362716
363495
364357
364438
365741
365750
367326
367431
367468
368638
371177
372053
374647
375052
375978
377051
378077
378482
379252
379435
379839
381465
381698
382235
382450
385249
386097
386458
387393
387483
389387
389746
390281
390319
391863
392192
392232
392808
393364
393856
394325
395122
399471
400700
400894
401290
401918
404731
406350
407925
407982
408741
411291
411787
411940
414629
415150
415320
415895
417638
419097
420280
421904
422368
422887
423427
424278
424703
426261
430345
431852
433101
435963
438750
439648
440857
440918
441510
442108
442508
443660
444733
447335
447627
458636
460323
460769
463583
464530
466994
470388
471398
472201
472914
478577
478940
480235
484440
488650
490141
491451
497178
502549
507952
509771
514101
517376
544148
549116
554792
559266
585343
587584
590219
694915
