0
0
8
15
36
79
100
142
261
335
364
367
371
372
385
408
419
436
449
451
464
477
521
541
607
621
652
670
694
737
844
895
918
929
962
996
1004
1032
1042
1073
1087
1099
1167
1216
1246
1271
1276
1349
1365
1445
1459
1534
1546
1551
1649
1650
1704
1718
1720
1728
1746
1762
1778
1793
1837
1875
2038
2052
2088
2106
2129
2132
2144
2166
2183
2220
2254
2278
2296
2316
2350
2428
2485
2496
2499
2506
2521
2522
2624
2656
2664
2670
2691
2693
2708
2712
2722
2752
2764
2826
2923
3047
3064
3184
3199
3262
3278
3349
3367
3382
3416
3445
3472
3502
3551
3582
3587
3592
3668
3673
3698
3705
3737
3759
3794
3831
3840
3870
3919
3970
4006
4090
4127
4190
4199
4381
4420
4457
4463
4480
4502
4514
4524
4533
4571
4649
4742
4750
4781
4826
4874
4904
4920
4945
4957
4972
5022
5023
5033
5037
5075
5077
5081
5095
5108
5207
5242
5262
5272
5378
5388
5390
5442
5448
5547
5601
5642
5745
5787
5840
5851
5873
5935
6010
6115
6145
6156
6166
6214
6232
6245
6245
6280
6292
6300
6306
6320
6357
6374
6434
6548
6567
6569
6571
6578
6593
6629
6630
6632
6687
6779
6786
6791
6793
6805
6810
6863
6890
6905
6910
6993
7051
7079
7136
7164
7188
7191
7238
7239
7271
7292
7357
7420
7429
7458
7460
7468
7473
7485
7523
7568
7589
7600
7609
7611
7640
7686
7699
7706
7738
8025
8027
8086
8143
8156
8167
8182
8187
8195
8233
8236
8252
8301
8327
8331
8383
8438
8498
8536
8558
8564
8581
8584
8604
8618
8637
8646
8657
8723
8734
8762
8789
8805
8816
8841
8845
8910
9071
9072
9079
9098
9120
9161
9166
9190
9199
9228
9263
9325
9380
9449
9563
9624
9649
9654
9666
9725
9767
9767
9822
9879
9881
9891
9896
9907
9932
9934
9951
9953
9964
9996
10044
10048
10053
10111
10165
10200
10210
10217
10259
10264
10278
10291
10304
10314
10325
10335
10342
10385
10390
10454
10462
10487
10528
10548
10551
10581
10626
10648
10649
10669
10681
10685
10698
10710
10740
10766
10806
10831
10900
10914
10986
11082
11087
11105
11117
11130
11134
11137
11144
11190
11257
11263
11265
11284
11312
11363
11439
11444
11446
11461
11503
11526
11529
11546
11584
11590
11641
11649
11667
11681
11685
11745
11782
11793
11845
11862
11883
11907
11929
11997
12094
12096
12118
12151
12173
12235
12292
12346
12355
12382
12406
12417
12427
12439
12452
12489
12494
12509
12527
12530
12533
12551
12669
12680
12687
12689
12702
12734
12739
12782
12785
12791
12807
12812
12884
12884
12885
12958
12965
13024
13063
13074
13078
13095
13123
13160
13193
13221
13255
13351
13362
13418
13477
13488
13492
13495
13593
13606
13635
13656
13682
13724
13729
13803
13833
13881
13900
13908
13932
13944
13947
13947
13950
13957
13968
14006
14015
14024
14028
14078
14129
14137
14187
14250
14297
14311
14369
14396
14408
14424
14440
14451
14461
14512
14518
14533
14575
14591
14628
14635
14667
14669
14761
14775
14810
14833
14844
14867
14869
14932
14946
14947
14981
15050
15104
15202
15238
15313
15327
15347
15401
15430
15445
15479
15516
15540
15602
15731
15744
15765
15769
15776
15815
15868
15912
15923
15935
15955
16029
16051
16075
16075
16081
16085
16124
16132
16142
16158
16182
16192
16211
16228
16278
16286
16308
16325
16362
16376
16392
16414
16476
16491
16525
16552
16598
16621
16671
16680
16701
16724
16742
16747
16837
16861
16916
16948
16957
16974
17105
17299
17321
17370
17392
17490
17523
17552
17571
17584
17601
17726
17738
17759
17806
17812
17891
17935
17972
18009
18018
18068
18081
18101
18173
18173
18186
18205
18240
18297
18312
18341
18380
18434
18470
18491
18514
18525
18539
18556
18589
18658
18671
18671
18679
18698
18739
18754
18781
18782
18798
18859
18887
18893
18920
18952
18990
19009
19028
19036
19042
19063
19074
19099
19177
19222
19296
19298
19312
19329
19427
19603
19649
19680
19697
19741
19767
19779
19807
19846
19852
19904
19932
19972
19973
19976
20009
20021
20093
20119
20160
20175
20197
20211
20214
20238
20308
20351
20355
20364
20393
20426
20428
20446
20456
20462
20473
20522
20547
20548
20575
20579
20609
20620
20641
20678
20687
20700
20703
20713
20756
20789
20794
20798
20807
20829
20832
20864
20889
20926
20957
20970
21008
21038
21039
21050
21066
21103
21132
21151
21175
21182
21192
21203
21234
21239
21246
21276
21295
21306
21349
21375
21395
21445
21468
21479
21523
21605
21607
21655
21668
21685
21722
21731
21805
21862
21888
21919
21948
22030
22055
22130
22141
22170
22170
22207
22224
22246
22248
22250
22296
22323
22345
22368
22369
22387
22406
22416
22421
22437
22438
22471
22514
22548
22592
22655
22750
22763
22785
22842
22867
22887
22978
23010
23099
23127
23159
23167
23344
23400
23443
23455
23458
23483
23518
23537
23585
23606
23615
23643
23647
23720
23738
23791
23847
23849
23860
23865
23922
23976
23981
24039
24044
24067
24108
24143
24164
24164
24189
24202
24221
24224
24241
24284
24347
24349
24376
24380
24391
24414
24418
24438
24491
24511
24538
24540
24544
24641
24657
24672
24696
24698
24761
24815
24820
24847
24874
24894
24904
24913
25027
25033
25037
25046
25074
25090
25117
25162
25204
25257
25261
25270
25285
25294
25356
25420
25439
25484
25487
25510
25511
25528
25554
25571
25589
25740
25745
25760
25793
25814
25818
25878
25883
25898
25908
25935
25979
26044
26068
26126
26131
26241
26318
26433
26546
26548
26553
26584
26613
26614
26618
26648
26650
26751
26794
26802
26907
26937
27032
27056
27060
27060
27157
27176
27196
27203
27278
27366
27384
27409
27456
27457
27465
27468
27476
27482
27510
27539
27546
27560
27564
27607
27656
27717
27718
27750
27773
27900
27914
27927
27975
28071
28074
28074
28109
28123
28185
28297
28314
28357
28395
28453
28502
28559
28610
28645
28655
28742
28764
28777
28786
28805
28833
28834
28860
28901
28924
28995
29011
29022
29083
29085
29164
29222
29247
29265
29279
29296
29314
29362
29365
29367
29377
29378
29435
29465
29496
29504
29515
29516
29646
29674
29675
29741
29823
29835
29872
29890
29907
29968
30008
30015
30023
30036
30090
30109
30135
30146
30170
30204
30334
30356
30396
30471
30493
30502
30505
30541
30565
30612
30742
30753
30770
30781
30840
30872
30901
30926
30962
30968
30979
30992
31008
31009
31031
31097
31120
31127
31205
31212
31258
31311
31312
31380
31386
31425
31457
31465
31465
31523
31529
31551
31561
31592
31640
31645
31667
31716
31778
31805
31832
31891
31926
31966
31971
31974
31976
32030
32031
32035
32104
32126
32136
32148
32153
32157
32193
32218
32228
32230
32323
32326
32346
32398
32417
32470
32530
32537
32550
32622
32643
32663
32682
32762
32836
32845
32850
32896
32911
32920
32957
32964
32973
32974
32977
32978
32984
32992
33043
33065
33127
33150
33193
33205
33210
33241
33294
33309
33357
33372
33409
33415
33462
33508
33545
33557
33583
33587
33640
33734
33765
33790
33792
33864
33901
33920
34007
34014
34015
34035
34049
34080
34160
34227
34233
34244
34259
34299
34300
34329
34336
34401
34407
34424
34435
34458
34459
34558
34565
34585
34599
34603
34616
34664
34682
34696
34696
34802
34848
34882
34890
34935
34945
34951
34990
35039
35071
35116
35162
35167
35188
35289
35316
35329
35353
35373
35411
35496
35590
35596
35633
35648
35660
35709
35769
35779
35815
35827
35846
35898
35914
35962
35967
35989
35994
35997
36013
36020
36096
36098
36122
36147
36155
36236
36247
36266
36353
36401
36416
36441
36515
36567
36640
36700
36730
36744
36847
36862
36912
36933
36938
36946
37017
37051
37062
37065
37087
37222
37250
37301
37330
37376
37378
37391
37411
37422
37502
37504
37529
37562
37608
37608
37640
37644
37661
37740
37749
37756
37762
37793
37853
37902
37926
37944
37969
38030
38043
38122
38123
38125
38150
38192
38250
38264
38341
38344
38375
38488
38511
38525
38589
38637
38649
38676
38696
38710
38786
38822
38919
38967
38975
39003
39125
39136
39173
39260
39267
39271
39331
39386
39416
39489
39531
39533
39648
39657
39772
39839
40020
40231
40263
40271
40297
40308
40316
40353
40372
40434
40494
40495
40503
40515
40549
40556
40560
40565
40575
40588
40597
40615
40646
40654
40671
40741
40762
40803
40805
40828
40839
40850
40861
40885
40885
40886
40912
40923
40923
40975
41046
41191
41248
41285
41298
41299
41314
41366
41460
41461
41478
41481
41503
41522
41523
41591
41598
41611
41669
41700
41714
41756
41791
41857
41901
41902
41918
41937
41943
41958
41977
42012
42071
42106
42164
42196
42225
42229
42261
42284
42302
42324
42352
42371
42415
42420
42460
42504
42530
42556
42562
42658
42686
42819
42837
42869
42875
42884
42948
43011
43035
43069
43147
43165
43199
43204
43232
43256
43263
43346
43356
43389
43478
43587
43597
43642
43746
43759
43820
43858
43876
43925
43936
43989
43995
44010
44036
44041
44041
44070
44086
44122
44177
44177
44192
44227
44297
44305
44353
44391
44395
44440
44474
44476
44510
44567
44567
44571
44594
44600
44636
44642
44668
44670
44742
44876
44922
44924
44963
44971
45027
45039
45094
45133
45157
45172
45174
45216
45221
45273
45319
45329
45411
45419
45483
45487
45516
45560
45577
45579
45713
45713
45720
45768
45783
45857
45869
45881
45893
45947
45968
45987
45988
46005
46022
46038
46072
46133
46139
46143
46180
46183
46203
46211
46291
46441
46518
46532
46545
46569
46744
46794
46798
46819
46828
46863
46881
46937
46953
46975
46989
46991
47019
47044
47061
47068
47079
47082
47120
47128
47145
47219
47244
47255
47288
47325
47326
47365
47369
47455
47510
47535
47623
47646
47678
47709
47774
47812
47832
47837
47854
47861
47868
48029
48121
48148
48185
48365
48442
48449
48508
48510
48519
48526
48563
48621
48629
48666
48668
48673
48673
48723
48761
48780
48871
48884
48894
48950
48957
48961
49001
49061
49066
49156
49156
49163
49167
49238
49242
49246
49310
49327
49412
49480
49503
49505
49524
49526
49548
49566
49597
49681
49691
49733
49746
49750
49753
49772
49817
49897
49943
49981
50024
50024
50058
50076
50165
50168
50210
50228
50262
50277
50303
50360
50392
50396
50419
50454
50465
50488
50489
50524
50536
50587
50652
50672
50734
50756
50772
50879
50903
50904
50926
50960
50964
50987
51032
51096
51190
51210
51217
51250
51297
51318
51328
51544
51547
51561
51567
51570
51589
51689
51828
51942
51954
51956
51970
52013
52018
52028
52117
52132
52169
52255
52334
52397
52442
52496
52507
52528
52600
52608
52620
52622
52632
52657
52660
52682
52688
52741
52810
53024
53044
53094
53123
53142
53283
53287
53389
53401
53422
53507
53515
53522
53568
53577
53702
53724
53755
53807
53812
53835
53873
54053
54101
54109
54115
54135
54140
54147
54169
54175
54178
54185
54204
54208
54232
54293
54338
54344
54362
54413
54435
54467
54487
54506
54508
54552
54565
54567
54601
54622
54643
54681
54707
54721
54747
54759
54776
54856
54877
54937
54941
54942
54946
54988
55086
55108
55139
55143
55186
55305
55332
55334
55362
55382
55385
55431
55438
55461
55467
55473
55546
55548
55650
55712
55741
55783
55841
55861
55868
55904
55915
55932
55939
55959
55962
55981
56029
56045
56047
56183
56210
56210
56240
56288
56326
56364
56392
56437
56442
56469
56497
56558
56634
56652
56712
56823
56832
56877
57054
57061
57064
57218
57235
57246
57278
57350
57424
57477
57555
57648
57654
57667
57700
57708
57716
57747
57782
57812
57843
57871
57925
57936
57977
58020
58067
58080
58086
58104
58113
58117
58130
58184
58328
58334
58335
58339
58350
58435
58454
58459
58492
58516
58536
58597
58699
58861
58872
58894
58896
58920
58998
59000
59074
59114
59189
59190
59198
59269
59272
59278
59314
59328
59375
59422
59529
59566
59566
59597
59664
59682
59719
59724
59745
59852
59877
59968
60006
60011
60084
60130
60156
60174
60231
60235
60270
60306
60307
60308
60360
60376
60456
60471
60485
60535
60586
60593
60598
60609
60616
60638
60755
60769
60877
60886
60888
60892
60936
60944
60954
60983
61066
61161
61181
61227
61235
61304
61472
61517
61601
61614
61680
61682
61709
61721
61752
61812
61986
62062
62066
62102
62138
62140
62156
62190
62213
62382
62430
62477
62497
62519
62555
62589
62646
62681
62701
62709
62736
62773
62783
62789
62823
62897
62918
63057
63200
63210
63399
63428
63507
63534
63540
63547
63575
63585
63596
63637
63668
63729
63737
63746
63746
63747
63787
63797
63844
63922
64034
64093
64133
64140
64140
64148
64157
64262
64303
64305
64319
64361
64400
64410
64469
64491
64523
64565
64601
64689
64740
64767
64790
65066
65096
65104
65107
65109
65123
65198
65199
65216
65297
65327
65346
65403
65404
65417
65481
65514
65519
65635
65661
65691
65818
65822
65843
65873
65906
65956
65974
66091
66097
66161
66294
66316
66318
66357
66375
66376
66425
66436
66442
66453
66492
66558
66636
66648
66703
66725
66741
66758
66863
66899
66911
66931
66950
66969
66974
67021
67106
67139
67237
67252
67407
67416
67421
67425
67461
67592
67629
67667
67686
67766
67772
67801
67832
67886
67904
67947
68057
68086
68119
68195
68205
68214
68255
68270
68276
68281
68299
68303
68332
68358
68487
68502
68507
68523
68535
68607
68607
68624
68740
68775
68782
68858
68900
68937
68944
68960
68966
69003
69030
69050
69051
69060
69077
69346
69414
69470
69474
69513
69520
69594
69599
69602
69738
69800
69872
69880
69899
69943
69956
69996
70029
70042
70086
70132
70133
70142
70168
70168
70217
70275
70390
70393
70408
70457
70494
70502
70596
70664
70680
70692
70698
70748
70750
70760
70792
70796
70809
70857
70921
71030
71034
71055
71113
71114
71127
71135
71151
71156
71212
71279
71289
71376
71390
71393
71418
71496
71556
71576
71593
71593
71737
71809
71878
71893
71917
72048
72061
72090
72125
72146
72331
72331
72343
72407
72430
72442
72488
72508
72589
72596
72637
72639
72684
72696
72719
72811
72833
72978
72994
73007
73072
73112
73112
73130
73164
73194
73207
73240
73271
73316
73403
73509
73547
73616
73647
73679
73779
73804
73890
73912
73952
73954
73987
74015
74019
74029
74048
74055
74056
74069
74114
74121
74123
74146
74153
74180
74217
74245
74282
74347
74369
74390
74435
74442
74477
74481
74496
74574
74578
74584
74601
74635
74658
74676
74682
74722
74727
74813
74826
74947
74982
75019
75076
75079
75082
75102
75113
75224
75228
75230
75247
75255
75260
75400
75416
75446
75464
75487
75497
75540
75551
75561
75567
75598
75617
75670
75746
75766
75784
75853
75923
75929
75940
75960
75998
76002
76049
76076
76103
76109
76168
76184
76209
76268
76335
76359
76395
76450
76479
76674
76700
76712
76731
76733
76787
76794
76799
76814
76826
76839
76854
76890
76920
76954
76996
77073
77104
77149
77186
77192
77208
77228
77279
77294
77361
77386
77464
77465
77468
77470
77476
77479
77487
77576
77633
77751
77769
77769
77817
77851
77876
77909
77929
77946
77999
78057
78090
78130
78141
78161
78290
78311
78313
78364
78396
78410
78418
78438
78439
78569
78598
78615
78627
78632
78671
78799
78871
78878
78900
78921
78922
78975
79063
79077
79182
79185
79218
79246
79269
79270
79278
79293
79407
79483
79554
79563
79581
79631
79642
79645
79675
79758
79761
79787
79810
79928
79937
79974
79988
80018
80020
80141
80189
80228
80243
80271
80291
80326
80330
80376
80436
80526
80585
80605
80647
80665
80688
80694
80825
81005
81045
81048
81064
81069
81132
81275
81295
81477
81502
81537
81584
81598
81686
81689
81691
81744
81758
81847
81898
81918
82098
82181
82205
82264
82304
82317
82486
82495
82511
82518
82535
82582
82588
82768
82781
82808
82829
82874
82883
82936
82950
83005
83023
83035
83154
83159
83222
83235
83255
83268
83349
83411
83429
83438
83471
83526
83556
83625
83635
83652
83673
83675
83732
83739
83838
83890
83907
83910
83958
83968
83975
83993
84056
84072
84109
84146
84201
84226
84268
84327
84434
84539
84552
84559
84585
84643
84680
84697
84702
84793
84858
85112
85154
85194
85205
85286
85321
85324
85440
85450
85523
85638
85670
85679
85761
85773
85802
85816
85881
85915
85966
85996
86020
86030
86079
86089
86157
86238
86251
86336
86350
86438
86482
86610
86632
86644
86671
86709
86738
86739
86742
86748
86912
86962
87017
87062
87100
87129
87140
87232
87268
87292
87311
87348
87385
87406
87487
87532
87582
87614
87726
87729
87760
87780
87920
87928
88022
88042
88103
88200
88257
88265
88323
88346
88347
88366
88384
88413
88454
88503
88505
88533
88625
88639
88682
88722
88748
88751
88778
88814
88884
88885
88978
88998
89029
89035
89223
89233
89362
89370
89380
89396
89411
89429
89511
89515
89516
89523
89581
89598
89618
89644
89662
89673
89693
89727
89755
89849
89958
89999
90055
90105
90121
90121
90197
90244
90249
90260
90275
90328
90389
90400
90402
90408
90482
90519
90529
90532
90541
90604
90801
90816
90822
90847
90851
90886
90940
90956
91048
91057
91080
91088
91091
91175
91183
91219
91265
91319
91357
91394
91394
91410
91450
91459
91469
91493
91500
91593
91649
91803
91807
91816
91836
91907
91956
92020
92281
92286
92287
92347
92382
92543
92611
92623
92673
92693
92724
92752
92867
92944
92962
93088
93130
93180
93185
93188
93234
93303
93367
93390
93442
93444
93446
93463
93523
93582
93600
93704
93718
93801
93831
93864
93944
94019
94065
94087
94242
94368
94468
94479
94485
94554
94570
94715
94724
94745
94771
94795
94873
94905
94927
94941
94945
94948
95128
95140
95173
95177
95201
95221
95277
95291
95321
95594
95597
95650
95726
95736
95764
95768
95803
95840
95843
95958
95961
96030
96053
96192
96204
96241
96260
96436
96461
96464
96486
96513
96540
96551
96555
96564
96605
96642
96672
96703
96718
96719
96804
96818
96851
96908
96966
96981
97008
97018
97020
97063
97071
97077
97099
97108
97111
97193
97295
97316
97326
97345
97365
97382
97448
97507
97539
97551
97559
97569
97584
97651
97680
97692
97751
97765
97785
97850
97961
98081
98108
98240
98264
98278
98311
98318
98321
98376
98399
98583
98630
98709
98720
98771
98798
98822
98911
98954
98960
99066
99113
99204
99248
99321
99476
99527
99544
99580
99653
99678
99782
99922
99937
99988
100087
100116
100122
100224
100340
100350
100481
100625
100638
100652
100711
100712
100749
100755
100764
100784
100856
100863
100880
100882
100891
101048
101092
101274
101285
101290
101295
101355
101383
101470
101472
101495
101548
101555
101555
101598
101746
101769
101850
101905
101912
101979
101992
102022
102063
102102
102118
102145
102159
102189
102228
102282
102380
102465
102485
102519
102528
102549
102578
102606
102608
102626
102651
102676
102855
102999
103044
103051
103070
103162
103175
103184
103261
103276
103342
103391
103435
103512
103561
103671
103711
103725
103763
103768
103798
103999
104047
104135
104146
104226
104244
104302
104348
104351
104394
104399
104496
104538
104584
104608
104669
104702
104711
104719
104734
104760
104798
104804
104817
104829
104834
104871
104873
104901
104985
104998
105061
105106
105122
105132
105160
105206
105300
105410
105428
105432
105442
105506
105507
105518
105535
105550
105585
105589
105664
105675
105758
105767
105818
105833
105861
105886
105974
105991
106015
106112
106116
106274
106362
106409
106547
106664
106674
106737
106752
106760
106844
106870
106994
107042
107051
107063
107086
107090
107110
107121
107141
107169
107197
107320
107365
107400
107481
107496
107524
107665
107852
107918
107929
107952
108001
108038
108046
108066
108116
108158
108226
108260
108270
108287
108400
108460
108462
108517
108527
108572
108621
108651
108688
108702
108716
108805
108852
108868
108912
108954
108997
109017
109018
109030
109042
109128
109146
109219
109240
109337
109354
109427
109490
109490
109634
109658
109712
109715
109782
109789
109811
109855
109971
109975
110024
110160
110196
110209
110410
110413
110432
110485
110724
110789
110875
110889
110890
110957
110972
110994
111037
111173
111293
111356
111363
111369
111451
111562
111592
111602
111629
111695
111697
111698
111824
111829
111840
111977
112016
112116
112183
112246
112251
112281
112308
112387
112443
112453
112471
112481
112519
112522
112595
112607
112624
112646
112717
112781
112866
112897
112968
112975
112992
112999
113063
113101
113134
113144
113317
113336
113382
113488
113509
113522
113602
113651
113667
113756
113786
113943
113962
114039
114043
114130
114140
114150
114174
114179
114259
114266
114416
114477
114580
114650
114652
114692
114732
114786
114965
114999
115024
115031
115083
115145
115235
115260
115292
115322
115344
115421
115441
115617
115640
115677
115698
115755
115841
115864
115898
115910
115910
115924
116100
116136
116207
116243
116372
116416
116460
116575
116592
116615
116617
116642
116803
116910
116932
116962
117086
117089
117116
117153
117248
117252
117253
117316
117325
117344
117409
117433
117453
117469
117545
117573
117610
117657
117665
117713
117715
117825
117836
118081
118155
118196
118197
118232
118321
118336
118379
118388
118478
118567
118615
118637
118640
118654
118691
118708
118713
118822
118843
118895
118909
118913
118961
119049
119053
119132
119185
119186
119349
119445
119533
119544
119545
119582
119608
119641
119656
119690
119732
119844
119882
119940
120003
120095
120161
120164
120221
120240
120245
120271
120296
120309
120338
120355
120386
120411
120432
120435
120449
120507
120552
120618
120624
120638
120698
120763
120815
120841
120970
121074
121087
121088
121110
121195
121207
121286
121294
121347
121421
121441
121551
121572
121593
121610
121611
121749
121837
121841
121979
121992
122005
122011
122052
122055
122094
122102
122112
122177
122181
122202
122255
122277
122400
122401
122409
122432
122445
122501
122511
122625
122652
122762
122842
122872
122881
122973
123018
123043
123078
123387
123414
123496
123577
123601
123602
123657
123662
123677
123781
123795
123819
123837
123840
123956
124030
124043
124121
124159
124321
124451
124454
124479
124501
124548
124573
124603
124608
124621
124668
124688
124693
124704
124817
124911
124924
124933
124958
124960
125169
125230
125257
125278
125292
125305
125455
125460
125525
125603
125659
125687
125724
125762
125779
125806
125809
125837
125844
125845
125881
125912
125914
125921
125925
126051
126089
126114
126200
126209
126214
126252
126302
126383
126446
126488
126521
126558
126693
126752
126834
126890
126905
126925
126964
127010
127062
127071
127194
127227
127230
127298
127419
127468
127545
127738
127741
127821
127957
127969
128095
128134
128200
128230
128245
128265
128292
128340
128416
128435
128497
128509
128551
128621
128743
128772
128826
128871
128918
128976
128983
129011
129017
129108
129194
129274
129293
129317
129377
129469
129543
129635
129652
129681
129806
129815
129941
129950
129967
130076
130115
130149
130181
130206
130269
130272
130290
130306
130374
130390
130421
130427
130440
130544
130591
130600
130633
130882
130916
130968
131046
131199
131201
131310
131442
131456
131626
131674
131699
131732
131754
131848
131866
131872
131888
132021
132025
132026
132109
132116
132162
132167
132183
132185
132332
132366
132387
132392
132468
132539
132562
132575
132576
132616
132642
132643
132695
132722
132750
132774
132838
132870
132929
132938
132980
132989
133026
133049
133230
133236
133251
133377
133378
133433
133507
133514
133742
133814
133823
133870
133979
134015
134035
134103
134115
134119
134146
134182
134362
134379
134567
134633
134650
134654
134665
134906
134928
134958
134981
135136
135199
135286
135287
135423
135432
135554
135661
135684
135689
135866
135870
135873
135934
135968
135975
136007
136071
136200
136207
136531
136678
136830
136875
136903
136913
137001
137043
137054
137059
137168
137255
137258
137272
137277
137282
137362
137372
137415
137496
137510
137598
137944
137979
138011
138033
138142
138169
138335
138388
138440
138504
138570
138637
138739
138755
138875
138875
138881
138889
138910
138913
138934
139197
139230
139281
139388
139606
139738
139867
139895
139933
140008
140014
140033
140064
140064
140199
140206
140255
140306
140378
140398
140469
140493
140573
140634
140648
140671
140692
140736
140809
140855
140889
140992
141019
141047
141052
141098
141182
141183
141237
141272
141318
141352
141374
141410
141458
141471
141513
141526
141543
141604
141612
141674
141812
141833
141834
141849
141873
141880
141941
142027
142065
142177
142178
142185
142190
142214
142237
142269
142298
142417
142421
142426
142432
142560
142563
142573
142575
142638
142676
142832
142889
142966
143017
143064
143117
143134
143151
143174
143198
143247
143282
143348
143363
143370
143406
143413
143461
143467
143586
143629
143657
143667
143690
143708
143778
143785
143932
143953
143958
143979
144040
144178
144185
144190
144202
144251
144334
144342
144354
144383
144409
144414
144432
144438
144454
144455
144485
144802
144848
144848
144896
144908
144929
144986
145018
145082
145126
145197
145259
145322
145383
145409
145413
145493
145497
145655
145680
145718
145810
145833
145885
145900
145957
145965
146101
146218
146237
146253
146537
146552
146579
146645
146702
146798
146895
147034
147057
147141
147245
147385
147534
147534
147569
147665
147715
147912
147926
147928
147949
147969
147998
148048
148079
148088
148115
148189
148194
148215
148251
148527
148577
148593
148712
148860
149138
149206
149285
149332
149437
149570
149635
149676
149820
149952
150006
150049
150141
150191
150224
150246
150272
150300
150312
150389
150392
150392
150453
150484
150600
150621
150627
150762
150801
150916
150961
151015
151043
151100
151229
151229
151277
151284
151296
151477
151513
151514
151561
151608
151633
151648
151649
151669
151785
151806
151867
151896
151960
151971
152019
152060
152062
152175
152187
152195
152198
152241
152250
152343
152405
152416
152610
152717
152735
152813
152847
152872
152894
153032
153074
153102
153196
153235
153350
153392
153436
153442
153452
153503
153562
153562
153590
153598
153654
153727
153808
153898
153961
153978
154142
154209
154361
154393
154422
154567
154792
154795
154817
154845
154877
154895
154934
154955
155007
155032
155102
155128
155137
155149
155246
155288
155306
155327
155339
155395
155442
155566
155622
155658
155684
155793
155887
155966
155972
156006
156079
156211
156229
156300
156345
156366
156388
156418
156542
156564
156602
156603
156616
156630
156660
156805
156806
156830
157079
157104
157105
157108
157156
157192
157207
157254
157308
157349
157353
157372
157509
157549
157551
157690
157726
157756
157885
157891
157913
157932
157957
157990
158050
158157
158192
158259
158266
158552
158717
158734
158827
159070
159085
159126
159158
159201
159268
159503
159551
159556
159575
159655
159703
159827
159882
159895
160001
160022
160053
160070
160154
160315
160323
160457
160474
160482
160527
160572
160593
160684
160767
160824
160881
160965
161134
161288
161298
161332
161434
161533
161588
161602
161648
161651
161806
162053
162054
162072
162119
162124
162137
162155
162268
162279
162420
162471
162478
162589
162594
162637
162644
162768
162782
162856
162874
163085
163162
163193
163265
163317
163331
163377
163410
163411
163413
163426
163500
163550
163614
163621
163684
163710
163735
163779
163827
163923
163969
164014
164017
164072
164098
164125
164159
164169
164172
164174
164243
164247
164355
164371
164402
164410
164448
164776
164805
164886
164928
164954
165015
165087
165213
165272
165290
165305
165323
165346
165598
165646
165648
165687
165689
165759
165804
165898
166111
166418
166488
166510
166552
166560
166572
166654
166712
166866
166882
166896
167149
167166
167186
167212
167370
167390
167402
167404
167582
167614
167626
167691
167693
167921
167980
168080
168158
168206
168291
168296
168310
168446
168551
168676
168693
168924
169019
169056
169080
169239
169281
169282
169283
169331
169352
169385
169486
169490
169543
169585
169612
169631
169704
169802
169816
169821
169958
169988
170039
170067
170105
170115
170244
170269
170276
170379
170486
170540
170625
170735
170768
170850
170916
171135
171344
171373
171513
171708
171712
171758
171793
171846
171870
171883
171992
172058
172068
172093
172385
172499
172537
172542
172558
172696
172708
172720
172790
172793
172804
172835
172856
172873
172951
172952
172969
173083
173285
173311
173329
173504
173637
173647
173759
173812
174093
174094
174118
174129
174130
174288
174300
174383
174479
174518
174534
174707
174891
175030
175082
175143
175192
175304
175362
175384
175443
175451
175476
175813
175948
175983
176015
176093
176141
176238
176253
176266
176271
176291
176430
176617
176619
176709
176811
176899
176963
176974
177143
177146
177255
177283
177320
177469
177474
177552
177736
177798
177848
177888
177929
178049
178190
178479
178604
178607
178699
178790
179028
179073
179132
179229
179427
179438
179475
179746
179799
179888
179904
179908
179984
180100
180165
180239
180273
180328
180386
180424
180477
180510
180514
180519
180530
180616
180719
181069
181102
181342
181403
181443
181502
181602
181609
181622
181637
181699
181891
181966
181973
181993
182020
182037
182222
182298
182456
182530
182535
182689
182758
183032
183158
183277
183312
183321
183420
183435
183540
183547
183558
183573
183596
183670
183903
183949
183985
184052
184111
184159
184194
184224
184283
184292
184309
184422
184617
184636
184648
184705
184763
184789
184837
184927
184941
185060
185130
185144
185202
185274
185338
185471
185553
185649
185667
185674
185783
185990
186004
186123
186280
186291
186305
186400
186410
186642
186712
187168
187179
187226
187240
187348
187407
187419
187439
187456
187469
187504
187582
187651
187687
187689
187912
187958
188059
188128
188300
188310
188353
188388
188401
188440
188512
188877
188882
188898
188932
188946
189340
189369
189406
189537
189629
189657
189732
190137
190195
190418
190422
190436
190498
190549
190562
190783
190808
190856
190862
190877
191038
191233
191250
191402
191593
191604
191743
191792
191810
191882
191883
192119
192138
192260
192264
192275
192371
192410
192438
192458
192501
193017
193217
193312
193413
193522
193525
193576
193600
193654
193709
193751
193761
193824
193991
194324
194364
194392
194431
194493
194530
194555
194617
194657
194663
194665
194719
194837
194887
195159
195177
195215
195425
195532
195540
195589
195657
195716
195804
195821
195839
196108
196218
196543
196626
196692
196701
196714
196715
196823
196928
197010
197039
197287
197441
197490
197720
198054
198074
198137
198210
198288
198318
198495
198810
198813
198817
198875
199061
199182
199277
199283
199596
199696
199766
199956
199984
199986
199998
200009
200059
200108
200125
200176
200234
200621
200684
200720
200723
200729
200738
200805
200835
201048
201337
201378
201462
201822
201909
201955
202195
202276
202277
202375
202630
202669
202849
202855
202878
202887
202920
202979
203012
203233
203306
203439
203455
203463
203596
203707
203839
203927
203994
204026
204154
204207
204368
204505
204535
204654
204670
204755
204960
205029
205043
205364
205431
205584
205587
205650
205744
205838
205860
206084
206161
206176
206182
206205
206235
206300
206474
206491
206520
206565
206758
206808
206821
206848
206868
206870
206882
206900
206958
206974
207057
207077
207157
207258
207303
207330
207401
207446
207570
207599
207660
207686
207706
207808
207947
208000
208208
208425
208471
208511
208566
208603
208981
209215
209393
209467
209509
209524
209630
209893
209912
210179
210195
210211
210214
210233
210362
210370
210447
210484
210716
210730
210833
210940
210994
211007
211013
211080
211243
211375
211422
211427
211601
211648
211699
211831
211835
211983
212111
212322
212331
212334
212413
212809
212818
212857
213205
213285
213347
213391
213526
213651
213691
213756
213794
213878
213992
214103
214176
214374
214512
214538
214606
214633
214703
214818
215051
215288
215499
215555
215740
215808
216070
216120
216184
216227
216535
216621
216748
216795
216914
217062
217067
217111
217132
217136
217178
217291
217313
217427
217465
217588
217590
217665
217795
217810
218163
218353
218356
218420
218482
218508
218554
218578
218726
219177
219217
219271
219536
219681
219715
219731
219830
219947
220089
220200
220348
220453
220481
220602
220722
220786
220827
220890
221120
221181
221232
221321
221461
221568
221821
221959
221997
222048
222426
222491
222789
222960
222991
223418
223540
223543
223568
223605
223782
223865
223866
223874
224080
224338
224465
224499
224715
224919
225101
225255
225480
225600
225657
225662
225736
225852
225880
225979
225996
226014
226037
226220
226312
226388
226393
226477
226872
226992
227269
227289
227338
227339
227374
227450
227506
227717
227790
227808
228239
228287
228330
228414
228580
228602
228621
228768
228769
228800
229000
229042
229078
229146
229383
229489
229613
229682
229682
229816
229923
230039
230081
230107
230107
230195
230234
230345
230349
230422
230576
230869
230904
230997
231018
231172
231187
231213
231300
231304
231386
231530
231632
231688
231702
231760
231817
231824
231907
232015
232037
232347
232416
232441
232576
232596
232628
232632
232647
232705
232832
232887
233015
233036
233076
233166
233181
233383
233447
233502
233505
233614
233689
233736
233791
233899
234028
234032
234066
234242
234515
234656
234683
235000
235122
235209
235316
235452
235600
235909
236378
236385
236402
236478
236493
236561
236635
236806
236812
236814
236873
236894
236897
237067
237079
237314
237693
237822
237829
237909
238278
238290
238313
238343
238400
238434
238497
238803
238821
238989
239183
239234
239236
239463
239576
239902
239955
239999
240061
240088
240100
240143
240148
240316
240339
240347
240429
240449
240761
240797
240833
240857
241319
241390
241401
241578
241744
241899
241979
242269
242310
242316
242413
242468
242583
242971
242987
243020
243023
243103
243320
243325
243472
243672
243930
243947
244018
244066
244263
244446
244590
244603
244626
244668
244718
244750
244759
244964
245149
245206
245326
245620
245759
245760
246103
246145
246415
246445
246468
246507
246606
246764
246854
246906
247079
247146
247257
247279
247623
247748
247991
248132
248208
248328
248876
249024
249354
249459
249470
249473
249561
249655
249810
249919
250072
250115
250237
250326
250371
250374
250413
250658
250660
250683
250774
250896
251277
251393
251452
251563
251787
251853
251924
252097
252120
252140
252144
252312
252416
252514
252536
252679
252713
253083
253190
253294
253316
253391
253517
253582
253589
253625
253652
253694
253744
253818
254391
254430
254780
254799
254911
254950
255240
255354
255433
255728
256214
256451
256494
256593
256596
256719
256734
256976
257350
257476
257503
257515
257616
257755
257868
257887
257991
258079
258118
258193
258296
258331
258469
258475
258976
258994
259055
259234
259306
259848
259883
259961
260488
260671
260673
260711
260724
260829
260984
260984
261537
261646
262105
262127
262381
262915
263238
263494
263628
263694
263996
263999
264282
264328
264663
264683
264811
264991
265057
265135
265233
265260
265523
265594
265875
265952
265978
266225
266282
266296
266330
266707
266777
266823
266908
266991
267136
267277
267569
267704
267735
267788
267959
267993
268082
268241
268456
268464
268519
268584
268609
268759
268882
269214
269222
269362
269526
269767
269816
270034
270224
270566
270690
270789
270970
271389
271408
271473
271685
272252
272412
272897
272937
273147
273292
273348
273425
273629
273824
273849
274011
274028
274028
274069
274116
274216
274221
274262
274366
274869
275086
275365
275470
275528
275531
275565
275668
275695
275720
275885
276030
276344
276476
276587
276955
277013
277087
277204
277391
277670
277760
277796
277837
277869
278368
278589
278752
278843
278907
279279
279472
279803
280173
280231
280383
280447
280719
280889
281042
281080
281409
281476
282052
282172
282252
282329
282545
282625
282627
282901
283008
283141
283186
283334
283345
283357
283374
283433
283492
283527
283547
284174
284301
284556
285081
285142
285146
285162
285185
285269
285386
285444
285600
285660
285920
286156
286197
286214
286270
286355
286418
286769
286773
287025
287137
287218
287318
287580
287596
287886
288073
288129
288134
288253
288297
288577
288590
288669
288787
288971
289100
289517
289780
290173
290311
290450
290508
290584
290679
290936
291474
291626
291719
291968
292113
292219
292344
292375
292461
292600
292609
292792
292823
293050
293053
293207
293378
293672
293714
293728
293991
294178
294726
294763
294897
294907
294919
295468
295757
295773
295846
295956
296113
296556
296689
296699
296956
297025
297062
297863
297877
298179
298423
298426
298435
298551
298645
298870
298878
299041
299095
299403
299605
300107
300134
301059
301628
302076
302231
302241
302264
302284
302405
302529
303370
303447
303739
304031
304287
304661
304943
305180
305359
305401
305437
305522
305729
305833
306016
306584
306868
307005
307144
307404
307552
308316
308662
308813
309008
309028
309155
309191
309259
309335
309556
309817
310525
310744
311223
311268
311289
311290
311566
311577
311642
312035
312097
312278
312297
312491
312511
313131
313300
313349
313400
313579
314195
314220
314484
315051
315536
315618
315692
316110
316525
316620
317312
317857
318057
318365
318434
318936
319120
319689
319840
320041
320448
320874
321389
321439
321924
322473
322812
322918
323311
323627
324521
324553
324853
325233
325665
326056
326373
326788
327084
327105
327380
327733
327933
329109
329147
329436
330410
330470
330620
330904
330942
330954
331136
331528
331825
332013
332686
332746
332889
333441
333683
334796
334897
335005
335131
335175
335795
336098
336344
336398
336563
336730
337114
337121
337178
337210
337523
337544
337656
337705
337903
338051
338101
338639
338921
339419
339600
339746
339796
339882
339996
340458
342242
342707
342733
342936
343607
345015
345272
345584
346077
346520
346609
346923
347246
347609
348064
348209
348303
348456
349371
349985
351210
351263
351391
351748
352056
352500
353878
354671
355163
355392
356375
356820
356991
357223
357371
357618
357945
357999
359992
360262
360425
360438
360985
361152
361233
361306
363203
363854
364674
365204
366229
366487
366619
366892
367133
367199
367661
367880
368668
368669
369597
370067
370224
370538
370550
371222
371598
372036
372385
372575
373472
373787
374245
375488
376056
376190
377072
377483
377521
377656
378064
378223
379120
381658
381715
382001
382282
385054
387085
387643
388548
389143
390051
390618
391060
391162
391313
391640
391788
392164
392361
392578
393633
394356
395808
396006
396671
398048
398083
398164
398878
399524
399553
400001
400006
400211
400620
400642
401642
402028
403004
403169
404268
404521
404581
404655
405184
406597
406886
407038
407288
408084
408621
409280
410102
410239
410852
410986
411685
412271
412608
413660
414322
414337
414784
414896
417111
418214
418385
419658
420093
420477
421658
421956
422967
423176
423514
424411
424524
425404
425624
426147
426447
426575
426583
429277
431783
432690
432968
434779
435098
435466
438881
440440
440700
441669
441824
442769
443187
444104
445496
446851
447095
448573
450837
452811
453909
454569
455366
458275
458724
461202
463860
466664
468977
471213
471638
472230
474189
474654
474660
475084
475901
479101
480724
481526
483570
483960
485911
486682
487960
490566
492694
496409
497235
497415
499465
500287
500820
500969
509043
516295
530403
546612
547507
553946
567661
