0
0
489
555
659
705
806
935
964
995
1050
1069
1124
1152
1161
1221
1415
1544
1652
1740
1762
1859
1880
1906
1909
1979
2344
2436
2459
2567
2641
2674
2774
2780
2836
2902
2919
2933
3069
3071
3242
3372
3431
3459
3465
3494
3505
3597
3627
3686
3697
3794
3814
3831
3877
3908
4011
4025
4182
4211
4287
4326
4342
4357
4473
4532
4569
4584
4681
4765
4777
4845
4861
5083
5154
5204
5248
5309
5431
5523
5527
5597
5607
5686
5755
5904
6044
6053
6058
6186
6351
6388
6520
6557
6754
6893
6922
6937
7077
7104
7107
7157
7191
7235
7243
7359
7362
7427
7514
7610
7700
7722
7837
7927
7977
7981
8072
8097
8167
8290
8305
8341
8378
8419
8461
8525
8592
8619
8663
8674
8783
8855
8946
8947
9026
9048
9187
9283
9332
9509
9514
9692
9705
9933
9960
10170
10221
10245
10377
10471
10519
10530
10532
10538
10555
10557
10685
10767
10784
10789
10794
10895
10923
10964
11061
11123
11147
11149
11157
11212
11416
11446
11483
11520
11584
11678
11718
11737
11804
11856
11977
12021
12057
12067
12089
12187
12312
12382
12555
12592
12710
12741
12752
12790
12820
12889
12991
13140
13194
13235
13356
13543
13592
13700
13893
13923
13934
13967
14068
14259
14416
14424
14557
14625
14689
14711
14852
14865
14875
14923
15017
15021
15152
15196
15231
15348
15417
15481
15701
15702
15714
15747
15912
15999
16005
16111
16209
16298
16309
16512
16636
16697
16813
16832
16846
16866
16916
16999
17065
17194
17203
17389
17423
17527
17646
17734
17780
17820
17852
17921
17962
18319
18338
18424
18610
18929
18933
19120
19155
19171
19361
19418
19425
19435
19466
19485
19513
19546
19730
19873
19952
20037
20052
20277
20294
20297
20407
20440
20487
20567
20576
20605
20611
20650
20688
20723
20739
20744
20799
20806
20816
20844
21098
21137
21402
21451
21606
21655
21700
21705
21730
21779
21831
21926
21934
21994
21996
22142
22177
22197
22308
22521
22544
22631
22816
22889
22908
22956
22995
23031
23060
23068
23190
23242
23334
23376
23482
23505
23545
23572
23606
23619
23642
23685
23771
23913
23964
23967
24010
24093
24174
24194
24284
24373
24425
24491
24503
24546
24567
24582
24674
24736
24749
24806
24917
24968
24993
25023
25240
25451
25880
25898
25901
25924
25974
26013
26039
26121
26134
26288
26380
26673
26705
26801
26838
26841
26865
26938
27053
27114
27151
27173
27247
27313
27332
27404
27520
27718
27729
27747
27752
27894
27921
27935
28072
28249
28397
28441
28527
28533
28588
28599
28600
28618
28740
28761
28793
28814
28861
28864
28888
28907
29084
29264
29328
29475
29705
29718
29841
29852
29925
30017
30194
30249
30278
30333
30355
30458
30612
30653
30720
30831
30888
30942
31199
31287
31313
31432
31587
31653
31654
31695
31898
32027
32064
32164
32188
32271
32315
32339
32421
32567
32674
32709
32795
32913
32988
33061
33109
33121
33134
33221
33262
33272
33361
33449
33723
33787
33830
33872
33976
34131
34181
34221
34470
34650
34667
34682
34893
34937
34997
35014
35016
35072
35077
35087
35095
35237
35238
35307
35392
35483
35761
35857
36033
36066
36183
36380
36455
36546
36566
36655
36709
36736
36737
36742
36923
37104
37302
37307
37357
37374
37511
37544
37561
37608
37645
37663
37697
37738
37803
37858
37967
38167
38198
38283
38367
38376
38450
38514
38557
38583
38773
38824
38917
38950
39000
39074
39096
39122
39193
39243
39255
39260
39346
39347
39379
39443
39491
39612
39619
39620
39633
39754
39766
39915
40050
40094
40129
40184
40214
40341
40345
40420
40540
40581
40711
40798
40869
41020
41120
41170
41200
41226
41226
41246
41497
41506
41645
41702
41961
42059
42107
42116
42133
42184
42185
42221
42268
42313
42497
42552
42634
42668
42682
42718
42836
43020
43021
43128
43161
43212
43286
43338
43499
43538
43579
43587
43669
43690
43732
43760
43788
43822
43881
44011
44039
44064
44114
44196
44297
44412
44446
44470
44518
44537
44566
44641
44753
44864
45119
45292
45417
45424
45646
45679
45921
46000
46102
46170
46209
46317
46402
46436
46445
46453
46599
46648
46702
46809
46812
46843
47033
47089
47174
47244
47377
47389
47701
47753
47833
47849
47891
47958
48012
48083
48318
48369
48663
48678
48691
48709
48750
48786
48849
48899
48901
48994
48999
49012
49047
49114
49118
49305
49400
49438
49488
49492
49493
49501
49508
49563
49606
49725
49832
50001
50319
50359
50389
50444
50445
50568
50722
50783
50871
50872
51007
51096
51113
51139
51150
51185
51194
51218
51302
51400
51405
51443
51476
51601
51711
51795
51900
51931
51960
52005
52129
52217
52288
52316
52343
52344
52361
52407
52519
52549
52598
52642
52666
52668
52674
52693
52816
52846
52934
52959
52984
53095
53271
53287
53331
53333
53528
53538
53547
53618
53621
53677
53770
53870
53966
53976
53985
54042
54204
54313
54448
54459
54481
54491
54668
54704
54810
55137
55198
55395
55430
55470
55476
55517
55544
55663
55703
55735
55743
55753
55769
55813
55837
55850
55908
55930
55960
56030
56120
56140
56143
56228
56424
56700
56716
56808
56829
56836
57067
57110
57117
57272
57290
57364
57380
57426
57561
57624
57643
57645
57708
57766
57775
58245
58449
58497
58516
58702
58753
58763
58832
59055
59097
59100
59121
59197
59651
59804
59845
59891
59968
60027
60118
60169
60280
60322
60434
60549
60555
60661
60687
60971
61037
61041
61053
61090
61163
61201
61289
61350
61414
61457
61493
61552
61593
61617
61647
61688
61695
61772
61873
61982
62104
62147
62148
62218
62223
62314
62357
62411
62446
62579
62793
62829
62978
63108
63138
63190
63435
63529
63544
63811
63853
63937
63939
64034
64048
64093
64113
64117
64143
64393
64453
64562
64579
65051
65059
65090
65162
65171
65220
65246
65262
65268
65275
65347
65351
65449
65712
65712
65778
65909
65913
65924
66027
66074
66077
66122
66690
66690
66694
66813
66890
66953
67188
67189
67416
67427
67451
67510
67577
67682
67952
68024
68114
68341
68362
68404
68440
68447
68460
68549
68580
68583
68630
68688
68867
68901
68911
69131
69161
69188
69205
69265
69336
69357
69427
69459
69472
69498
69523
69676
69707
70016
70053
70081
70193
70358
70360
70482
70514
70547
70578
70717
70748
70777
70782
70805
71054
71054
71093
71202
71553
71560
71665
71677
71811
71865
71882
71908
71972
71983
72212
72270
72366
72401
72427
72454
72454
72583
72606
72654
72662
72759
72903
73017
73236
73264
73315
73348
73435
73437
73525
73553
73592
73712
73758
73804
73809
73900
74075
74078
74099
74261
74267
74285
74384
74397
74455
74532
74567
74587
74605
74677
74813
74847
74949
74978
75026
75059
75086
75240
75414
75486
75597
75634
75699
75882
75911
76036
76041
76221
76394
76465
76538
76544
76874
77050
77051
77105
77177
77198
77370
77488
77567
77647
77965
77971
78070
78146
78334
78558
78621
78650
78849
78915
79086
79123
79273
79422
79453
79587
79772
79810
79895
79952
79973
79974
79974
80059
80250
80319
80377
80389
80432
80472
80518
80669
80742
80806
80899
80945
80966
81159
81174
81315
81321
81341
81341
81408
81463
81527
81533
81623
81671
81744
81924
81990
82074
82156
82164
82170
82180
82196
82772
82773
82834
82877
82959
83254
83256
83295
83351
83524
83633
83915
83998
84008
84105
84246
84335
84602
84722
84792
84808
84838
84838
84839
84854
84942
85006
85217
85402
85465
85599
85616
85887
85889
85918
85984
85987
85997
86126
86239
86312
86316
86616
86800
86911
86980
86982
87043
87292
87423
87440
87445
87548
87566
87904
87927
88014
88064
88076
88147
88196
88253
88354
88373
88380
88405
88537
88559
88580
88805
88910
88973
89087
89259
89652
89803
89936
89990
90022
90123
90296
90407
90409
90537
90564
90920
90976
91160
91185
91187
91204
91314
91323
91468
91634
91657
91657
91760
91764
91935
91945
91957
91959
92028
92171
92305
92319
92386
92450
92474
92571
92635
92636
92775
92869
92928
93023
93046
93063
93143
93185
93423
93457
93521
93530
93536
93536
93600
93620
93753
93970
94053
94060
94278
94364
94491
94547
94552
94806
94961
94982
95026
95153
95247
95261
95271
95339
95804
96050
96100
96291
96306
96317
96430
96522
96539
96828
96846
96902
96993
97079
97097
97107
97167
97339
97496
97529
97785
97814
98053
98157
98289
98398
98573
98609
98717
98776
98904
99045
99055
99115
99178
99225
99284
99303
99564
99600
99816
99959
100184
100405
100414
100678
100684
100701
100741
100763
100806
100924
100940
100945
101122
101338
101381
101496
101710
101871
101955
101958
102060
102236
102314
102323
102345
102620
102648
102659
102740
102870
102903
102942
102950
103059
103080
103177
103223
103236
103268
103280
103345
103417
103442
103510
103527
103635
103706
103773
103821
103961
103966
104117
104192
104233
104311
104319
104339
104387
104435
104620
104711
104917
105072
105100
105135
105156
105163
105343
105413
105469
105527
105547
105575
105586
105768
106142
106144
106452
106846
106892
107330
107380
107443
107629
107781
107793
107917
107980
108118
108162
108163
108213
108311
108418
108476
108533
108547
108591
108684
108706
108710
108757
108979
109077
109170
109318
109466
109568
109580
109709
109765
110427
110433
110479
110506
110604
110608
110665
110731
110736
110902
110978
111090
111139
111285
111314
111318
111325
111347
111350
111452
111479
111518
111600
111605
111691
111957
112050
112050
112071
112090
112220
112254
112385
112455
112580
112631
112921
112930
112931
112989
113009
113065
113199
113349
113455
113676
113714
113773
113780
113802
114025
114135
114256
114280
114281
114436
114507
114598
114655
114717
114784
114864
115045
115084
115104
115210
115367
115386
115543
115725
115932
115950
115974
116009
116034
116141
116194
116265
116450
116544
116575
116584
116595
116607
116635
116944
116985
116992
117189
117369
117435
117461
117474
117563
117599
117635
117677
117702
117731
117793
118021
118161
118179
118258
118466
118554
118860
118873
118927
118993
119170
119315
119412
119491
119569
119748
119904
119992
120036
120123
120401
120451
120492
120547
120579
120650
120658
120692
120707
120799
120959
121007
121041
121057
121059
121061
121064
121073
121127
121314
121432
121438
121676
121823
121829
121856
121881
122339
122654
122830
123073
123572
123643
123886
123904
123913
124088
124130
124138
124213
124257
124539
124631
124965
125302
125564
125577
125742
125757
125774
125984
126188
126418
126760
127239
127591
127646
127843
127869
127875
127958
128455
129030
129073
129089
129115
129130
129165
129180
129620
129653
129766
129775
129911
129928
129984
129987
130213
130252
130312
130338
130587
130751
130774
130893
130912
130936
130965
131032
131067
131227
131520
131553
131640
131664
131677
131729
131841
131962
132040
132315
132398
132482
132590
132665
132842
132854
132866
133106
133237
133453
133478
133553
133605
133605
133661
133710
133767
133979
134202
134257
134296
134315
134353
134490
134615
134677
134919
135010
135173
135174
135485
135656
135673
135882
135937
136313
136592
137133
137136
137200
137357
137544
137549
137664
137775
138217
138279
138288
138306
138771
138890
139223
139877
140003
140046
140106
140327
140494
140730
140785
140799
140846
140869
140882
141029
141102
141211
141220
141350
141409
141478
141524
141578
141587
141698
141854
142003
142101
142133
142204
142424
142456
142486
142493
142781
142889
142932
142961
143168
143176
143358
143443
143645
143751
143768
143812
144015
144129
144372
144999
145002
145091
145196
145277
145310
145461
145496
145532
145562
145654
145796
145898
146080
146085
146087
146097
146274
146556
146569
146619
146643
146689
146825
146895
147104
147224
147310
147503
147555
147658
147959
147972
147973
148007
148025
148150
148228
148319
148357
148389
148551
148661
148803
148947
149017
149054
149069
149221
149296
149642
150007
150185
150474
150795
151016
151084
151141
151199
151229
151320
151353
151366
151580
151597
151848
151853
152021
152032
152213
152422
152422
152430
152485
152528
152731
152989
153603
153692
153693
153696
153751
153768
153842
153868
153914
153963
154005
154005
154018
154029
154106
154222
154351
154486
154581
154749
155038
155181
155352
155669
155823
155854
155866
155904
155941
155970
155996
156022
156259
156296
156415
156752
157016
157045
157064
157070
157214
157240
157266
157446
157468
157503
157515
157855
157870
157891
158520
158593
158596
158782
158933
159201
159225
159308
159425
159561
159678
159722
159914
160045
160081
160130
160234
160282
160304
160692
160885
160959
161138
161177
161445
161485
161693
161708
161714
161742
161976
162003
162064
162170
162202
162334
162844
162981
163066
163137
163140
163220
163360
163406
163600
163764
163818
163927
163956
164114
164138
164410
164585
164617
164893
164927
164938
165241
165279
165282
165411
165578
165614
165630
165803
165855
165872
165876
165881
166036
166124
166151
166188
166208
166320
166361
166398
166500
166529
166729
166844
166855
166992
166998
167120
167234
167424
167520
167533
167687
167781
167807
167821
167841
167925
167930
168005
168211
168468
169229
169238
169436
169450
169469
169642
169838
169851
170014
170047
170336
170401
170442
170455
170636
170845
170951
170981
171148
171451
171845
172092
172180
172442
172471
172562
172699
172784
172825
173116
173204
173367
173449
173475
173593
173780
173817
174112
174212
174231
174471
174513
174727
175046
175171
175288
175458
175489
175607
175777
175982
176458
176592
176870
176948
177206
177232
177326
177360
177376
177455
177520
177691
178144
178674
178894
178906
179099
179161
179486
179563
179565
180131
180160
180197
180675
180731
180821
181425
181464
181697
182010
182076
182083
182176
182244
182804
182933
182984
183519
183614
183980
184064
184078
184122
184139
184164
184734
184745
184885
184899
184916
185140
185579
185634
186024
186096
186223
186365
186464
186613
186633
187008
187089
187266
187496
187736
187789
188255
188339
188342
188474
188543
189246
189262
189334
189786
190261
190540
190709
190941
191140
191187
191369
191467
191842
191886
192132
192372
192469
192531
192703
192880
192922
193191
193204
193267
193287
193294
193542
193721
193963
194036
194380
194909
195180
195528
195546
195998
196055
196187
196493
196507
196781
197086
197169
197267
197610
197734
197959
197967
198079
198129
198138
198799
198948
198981
199390
199393
199404
199485
199629
200315
200415
200489
200577
200875
200991
201182
201298
201413
201455
201715
201761
202175
202435
202678
202702
202751
202862
202928
202971
203131
203171
203413
203524
203560
203596
203993
204025
204193
204289
204312
204469
204762
204862
204912
205010
205666
205706
205709
205856
206388
206621
206923
207019
207311
207355
207626
207760
207791
208252
208332
209210
209334
209400
209525
209596
209616
209728
210258
210271
210288
210689
210779
210915
211501
212012
212121
212152
212167
212291
212369
212414
212600
212851
213137
213955
214193
214232
214345
214409
214681
214727
214903
215044
215102
215581
215676
215748
215866
216258
216281
216509
216811
216840
216895
217452
217506
217515
217618
217719
217732
218049
218180
218560
218863
219166
219348
219441
219650
219943
220019
220444
220453
221062
221240
221878
222085
222416
222546
222696
222972
222977
223122
223172
223483
223545
223658
224255
224266
224437
224661
224817
225014
225075
225088
225273
225311
225348
225544
225749
225752
226104
226114
226572
226684
226746
226776
226865
226875
226904
227073
227081
227194
227523
227706
227748
227912
228108
228321
228335
228595
228833
228848
228861
228866
229074
229213
229600
229773
229959
229989
230059
230243
230415
230498
230539
230806
230981
231036
231108
231217
231436
231890
232151
232275
232463
232915
233152
233187
233348
233928
234176
235001
235048
235110
235148
235202
235522
235689
236052
236307
236523
236816
237131
237281
237339
237520
237937
237993
238663
238828
238957
239189
239348
239580
239625
239721
239789
239828
240120
240145
240244
240448
240471
240837
240917
241239
241252
241436
241557
241762
242033
242041
242081
242238
242395
242793
243689
243773
244088
244152
244384
244708
245931
246211
246250
246317
246484
246549
246867
247206
247373
247515
247527
248246
248336
248525
248865
249899
249967
250191
250720
250744
251102
251205
251378
251474
251702
251746
251940
252012
252330
252992
253250
253886
253959
254118
254214
254593
254687
255041
255041
255465
255643
255732
256139
256272
256393
256422
256435
256447
256466
256848
257707
257725
259063
259980
259997
260099
260126
260158
260312
260336
260554
260841
261475
261617
261838
262024
262286
262607
262934
263361
263448
263769
263891
264023
264145
264191
265258
265289
265583
266662
266739
267009
267014
267498
269842
269907
270468
270850
270878
271495
272111
272258
272568
272653
272675
272780
273360
273488
273768
273935
274443
275164
275704
275751
275797
275816
275850
276011
276099
277565
277811
278277
278305
278643
278811
279031
279657
280139
280555
283111
283686
283768
283823
284924
284934
285284
285818
285858
286303
287189
287301
287975
288931
289289
289996
290776
290858
291647
292120
293461
293775
295495
295897
295907
296196
297090
297169
297462
297560
298029
298509
299433
300221
300363
300455
300892
301089
301219
303644
305234
306025
306108
306432
307311
307788
308604
309154
309180
310249
310498
310986
311262
313343
314618
314707
314843
315002
315513
318113
318337
319090
320090
320252
322205
322287
326373
327205
327372
328067
328372
329744
331601
331710
332692
332978
333819
333894
334331
334701
334946
335043
337848
339200
342046
342160
342910
343659
343681
344018
344532
344893
345004
345718
346959
347136
352061
352238
352379
352748
354050
355196
355290
356090
357667
359812
359838
361174
362302
364451
364547
365826
365868
367018
367449
367868
368114
370444
371109
374082
374103
374678
374858
376981
380855
381437
382456
384451
389837
396463
398339
399150
399301
399631
399990
402656
402678
403165
405565
405997
406050
409399
410461
411129
411520
412249
413111
417702
419392
420295
422841
424922
424929
425530
427081
428534
428540
428904
430344
430671
440208
440888
441874
446145
447075
448831
454256
454851
455152
460201
462058
466837
469928
470188
475875
484083
484428
490030
495624
500330
508637
511830
525640
544272
583936
