0
0
119
129
143
243
331
547
653
696
796
903
1030
1162
1191
1331
1387
1732
1754
1853
1881
1912
2205
2205
2211
2244
2259
2285
2305
2415
2475
2614
2655
2667
2790
2845
2910
3023
3055
3202
3212
3225
3272
3370
3371
3431
3517
3542
3587
3613
3628
3643
3679
3729
3772
3991
4115
4188
4196
4230
4235
4257
4260
4359
4600
4632
4686
4775
4939
4960
4986
5114
5144
5392
5444
5557
5611
5750
5779
5800
6090
6114
6129
6215
6226
6260
6260
6269
6299
6355
6393
6607
6727
6976
7056
7143
7163
7184
7185
7251
7358
7433
7492
7493
7509
7597
7715
7762
7768
7889
7901
7965
7984
8044
8132
8135
8154
8166
8194
8269
8281
8282
8322
8383
8673
8768
8781
8950
8964
8983
9198
9200
9203
9205
9237
9283
9302
9313
9356
9450
9494
9572
9687
9738
9795
9796
9813
9943
10013
10058
10314
10321
10327
10348
10405
10726
10757
10861
10873
10975
10996
11013
11113
11300
11317
11339
11436
11805
11830
11863
11874
11887
11916
11950
12014
12128
12339
12523
12607
12678
12691
12757
12759
12791
12832
12875
12949
13005
13085
13157
13158
13163
13263
13272
13303
13406
13446
13457
13482
13534
13539
13561
13894
14026
14185
14237
14321
14449
14602
14610
14620
14771
14841
14912
14925
15014
15193
15221
15499
15530
15650
15668
15853
15890
16065
16108
16148
16162
16259
16354
16385
16461
16473
16504
16506
16554
16723
16749
16777
16786
16908
16944
16968
17065
17181
17188
17224
17229
17289
17425
17439
17516
17592
17599
17646
17726
17747
17827
17829
18095
18207
18220
18240
18258
18320
18422
18435
18503
18559
18615
18629
18697
18734
18751
18912
19036
19130
19140
19174
19196
19210
19259
19296
19313
19375
19405
19417
19484
19490
19542
19562
19600
19658
19674
19683
19714
19791
19861
19951
20004
20209
20222
20236
20271
20387
20538
20652
20731
20732
20797
20804
20850
20942
21058
21176
21178
21233
21244
21305
21382
21415
21474
21677
21807
21867
21872
21996
22000
22006
22114
22161
22177
22246
22327
22410
22452
22470
22617
22968
22991
23028
23074
23092
23202
23230
23342
23377
23432
23450
23554
23691
23746
23762
23812
23831
23843
23928
23940
24075
24328
24464
24489
24514
24678
24787
24809
25000
25050
25069
25079
25166
25182
25303
25335
25387
25401
25616
25667
25689
25711
25750
25837
25965
26115
26126
26237
26243
26347
26408
26464
26492
26512
26656
26717
26879
26967
27173
27196
27204
27302
27486
27495
27502
27517
27642
27664
27823
27850
27852
27917
28016
28048
28124
28192
28194
28230
28239
28248
28361
28447
28495
28618
28671
28769
28793
28812
28855
28861
28968
28982
28991
29017
29062
29085
29124
29220
29277
29414
29416
29506
29641
30143
30164
30214
30264
30286
30351
30406
30568
30591
30607
30760
30771
30776
30778
30857
30866
30899
30920
30959
31009
31010
31067
31072
31097
31209
31272
31405
31622
31633
31653
31670
31720
31877
32050
32058
32059
32512
32558
32687
32713
32799
32982
33128
33326
33327
33476
33675
33843
33896
33923
33982
34031
34069
34128
34192
34285
34432
34454
34461
34499
34564
34631
34677
34680
34703
34713
34717
34770
34799
34824
34861
34877
34903
34929
34945
34949
35001
35046
35050
35141
35151
35266
35341
35428
35469
35547
35550
35589
35608
35637
35641
35660
35701
35752
35816
35838
35943
36031
36036
36260
36285
36508
36538
36553
36685
36685
36704
36718
36844
36950
36958
37013
37034
37100
37188
37319
37427
37570
37583
37593
37645
37781
37821
37850
37878
37882
38073
38113
38122
38265
38418
38477
38656
38719
38984
39033
39047
39154
39164
39275
39299
39398
39415
39499
39506
39529
39616
39626
39698
39715
39798
39848
39863
39879
39954
39984
40006
40011
40025
40057
40060
40249
40340
40415
40655
40687
40781
40864
40964
40979
41099
41186
41255
41311
41329
41353
41477
41645
41679
41710
41739
41844
41885
41892
41916
41958
42138
42157
42240
42276
42295
42489
42585
42597
42623
42654
42682
42756
42903
42984
43081
43150
43202
43299
43309
43371
43412
43415
43569
43574
43591
43649
43658
43895
43949
43977
43993
44156
44200
44260
44343
44401
44442
44505
44539
44580
44781
44906
45092
45110
45116
45187
45195
45215
45215
45244
45252
45262
45322
45352
45549
45682
45738
45752
45912
46024
46028
46064
46080
46206
46251
46283
46292
46297
46426
46455
46495
46521
46567
46669
46845
46857
46884
46886
46921
47114
47146
47237
47251
47282
47437
47484
47502
47620
47643
47675
47747
47827
47829
47841
47863
48115
48281
48523
48565
48595
48734
49052
49082
49116
49158
49432
49638
49667
49749
49887
49962
50150
50243
50250
50303
50321
50321
50529
50631
50770
50911
50941
51059
51103
51188
51267
51269
51470
51679
51683
51688
51719
51791
51808
51833
51871
51878
51882
51899
51994
52202
52293
52356
52517
52654
52725
52732
52747
52786
52852
52909
52912
53031
53038
53124
53129
53220
53375
53390
53440
53526
53528
53699
53784
53827
54046
54063
54146
54175
54227
54273
54376
54473
54528
54634
54871
54888
54991
55017
55044
55237
55257
55287
55421
55450
55499
55508
55514
55626
55685
55702
55718
55768
55770
55937
56074
56143
56148
56220
56232
56258
56307
56368
56501
56516
56520
56612
56669
56699
56755
57029
57093
57102
57160
57371
57374
57528
57586
57647
57663
57761
57895
58035
58135
58162
58281
58371
58375
58520
58542
58573
58581
58623
58648
58660
58776
58811
58819
58905
58957
59087
59346
59425
59432
59448
59454
59514
59557
59642
59849
59976
59986
60065
60216
60271
60323
60367
60372
60393
60577
60744
60788
60792
60809
60919
60920
60941
60992
61028
61128
61310
61312
61320
61321
61326
61327
61417
61570
61573
61577
61631
61748
61876
62003
62058
62243
62420
62463
62717
62746
62766
62861
62894
63217
63223
63297
63311
63358
63472
63481
63496
63595
63836
63910
63918
63951
63994
64182
64213
64238
64282
64300
64401
64448
64540
64577
64736
64759
64851
64901
64907
64936
65062
65200
65237
65258
65277
65301
65318
65367
65445
65505
65537
65542
65787
65849
65948
66113
66149
66200
66217
66440
66525
66579
66584
66646
66702
66729
66845
66993
67119
67154
67242
67416
67501
67711
67715
67910
67931
68127
68161
68237
68262
68276
68282
68348
68384
68408
68424
68783
68816
68830
68864
68991
69037
69061
69088
69108
69238
69259
69292
69336
69386
69408
69412
69656
69665
69778
69866
69886
70142
70270
70311
70395
70465
70549
70613
70743
70774
70792
70794
70806
70806
70848
70859
70934
71156
71200
71207
71239
71310
71373
71446
71454
71471
71477
71496
71544
71545
71642
71711
71948
72020
72148
72191
72274
72424
72443
72457
72464
72568
72603
72744
72898
72975
73002
73029
73063
73131
73274
73304
73333
73392
73429
73429
73439
73442
73484
73514
73712
73877
73962
73965
74018
74103
74131
74308
74379
74405
74454
74459
74505
74679
74827
74828
74835
74898
74919
75198
75258
75295
75313
75444
75651
75749
75776
75849
75980
76002
76061
76066
76323
76341
76412
76481
76698
76749
76839
77198
77210
77240
77445
77569
77611
77708
77731
77780
77837
77871
77887
77889
77898
77908
77957
77989
78003
78076
78112
78166
78220
78232
78257
78282
78301
78326
78357
78528
78545
78572
78624
78642
78792
78878
78962
79032
79098
79185
79204
79221
79316
79359
79508
79521
79576
79584
79708
79732
79914
79975
79995
79999
80005
80399
80417
80425
80438
80558
80601
80931
81123
81150
81280
81303
81307
81430
81488
81536
81584
81598
81614
81725
81743
81746
81786
82014
82049
82371
82401
82410
82450
82537
82628
82634
82787
82920
82922
82937
83070
83188
83213
83238
83287
83310
83429
83611
83655
83722
83813
83867
83911
83974
84006
84031
84084
84131
84193
84209
84493
84505
84766
84891
84961
84966
85237
85403
85415
85449
85521
85620
85737
85793
85948
85971
86060
86079
86187
86361
86470
86753
86770
86896
86905
86954
87012
87033
87341
87367
87380
87406
87415
87443
87449
87483
87559
87577
87612
87618
87704
87850
87911
87947
88000
88143
88223
88280
88338
88468
88482
88499
88549
88595
88609
88912
88954
88988
89066
89123
89405
89476
89578
89617
89656
89839
89959
89984
90224
90229
90246
90504
90531
90801
90923
90954
90966
91057
91229
91300
91319
91319
91344
91393
91407
91753
91878
91900
91910
92059
92068
92143
92217
92361
92731
92772
92961
93082
93106
93106
93126
93212
93253
93367
93385
93416
93437
93692
94037
94059
94147
94183
94237
94648
94891
94894
94921
94983
95073
95354
95359
95483
95600
95694
95839
96085
96141
96212
96394
96611
96684
96872
96998
97054
97290
97338
97503
97518
97537
97589
97599
97625
97675
97681
97736
97776
97818
97857
97885
98107
98343
98365
98388
98426
98511
98546
98573
98575
98578
98599
98659
98706
98765
98830
98831
98894
98963
99030
99139
99190
99221
99234
99245
99360
99361
99368
99445
99553
99622
99725
100006
100018
100102
100151
100356
100499
101064
101098
101149
101342
101368
101464
101632
101645
101720
101731
101771
101981
102058
102321
102470
102489
102508
102556
102693
102739
102745
102889
102905
102956
103315
103401
103502
103543
103694
103783
103882
103893
103915
103921
103945
103948
104040
104050
104126
104175
104181
104383
104425
104530
104547
104577
104678
104773
104820
104837
104861
104913
105159
105376
105406
105411
105548
105609
105654
105702
105770
105808
105842
105868
106043
106093
106093
106113
106301
106316
106332
106573
106702
106801
106811
106895
107042
107172
107278
107329
107476
107496
107534
107640
107650
107676
107682
107689
107698
107717
107811
107995
108050
108070
108286
108578
108602
108729
109094
109166
109202
109265
109269
109351
109534
109589
109590
109653
109745
110055
110075
110169
110277
110427
110641
110728
110768
110783
110794
110819
110936
111057
111351
111535
111711
111817
111968
111999
112069
112161
112198
112249
112279
112334
112410
112475
112484
112491
112650
112684
112708
112995
113120
113197
113323
113341
113376
113397
113475
113500
113540
113687
113725
113754
113854
113861
113996
114034
114154
114222
114274
114439
114484
114552
114552
114561
114607
114623
114731
114840
114853
114907
114959
114980
115106
115185
115185
115377
115430
115459
115516
115535
115731
115750
115952
116075
116294
116451
116474
116499
116521
116547
116650
116732
116967
117145
117158
117218
117240
117309
117320
117410
117438
117541
117571
117600
117696
117723
117755
117820
117836
118122
118382
118440
118500
118525
118837
118848
118937
119034
119075
119235
119377
119417
119654
119687
119697
119750
119879
120082
120188
120424
120531
120535
120574
120644
120743
120844
120949
121090
121163
121174
121368
121402
121472
121594
121595
121661
121726
121904
122235
122278
122298
122311
122423
122481
122568
122617
122633
122663
122769
122850
123043
123232
123239
123435
123614
123773
123860
123917
123995
124082
124091
124280
124335
124485
124506
124609
124622
124728
124850
124935
124963
125253
125361
125480
125612
125712
125911
126122
126220
126224
126419
126421
126444
126512
126515
126645
126735
126775
126886
126896
126958
127076
127127
127172
127228
127274
127378
127519
127570
127712
127885
127944
127981
128072
128200
128242
128331
128534
128536
128554
128652
128743
128893
129066
129082
129149
129192
129203
129216
129400
129483
129653
129796
129806
129806
129950
130043
130050
130125
130187
130343
130345
130453
131047
131091
131137
131195
131627
132063
132093
132119
132260
132277
132296
132309
132386
132447
132459
132794
132845
132901
132959
133115
133336
133386
133402
133530
133739
133797
133912
133943
133963
133986
134121
134334
134375
134392
134404
134465
134484
134501
134709
134898
134988
135041
135073
135155
135384
135421
135615
135674
135801
136102
136129
136141
136205
136242
136362
136449
136527
136764
136773
136858
136877
136885
137351
137512
137548
137586
137629
137970
138003
138031
138251
138264
138376
138408
138423
138426
138587
138994
139026
139097
139129
139275
139315
139352
139354
139748
140000
140263
140517
140662
140677
140797
140799
140803
140885
140923
140947
140968
141095
141494
141600
141720
141735
141846
141912
142024
142109
142172
142236
142412
142713
142765
142916
142938
143071
143076
143140
143142
143740
143769
143891
143924
143933
144134
144337
144386
144425
144526
144557
144568
145185
145544
145555
145751
145801
146053
146167
146273
146531
146551
146563
146607
146607
146748
146846
146858
147082
147266
147443
147647
147860
147871
147894
148005
148440
148552
148632
148912
148924
148958
149016
149160
149423
149469
149551
149583
149635
149791
149844
149891
150070
150202
150267
150504
150521
150572
150617
150755
150813
150816
150886
151026
151083
151216
151305
151516
151595
151599
151659
151700
151721
151999
152011
152190
152347
153032
153120
153159
153387
153388
153471
153537
153653
153800
153832
153858
153907
153981
154033
154125
154139
154239
154338
154342
154393
154421
154863
154886
154966
155024
155044
155052
155065
155066
155075
155141
155313
155336
155403
155524
155768
155887
155947
156055
156183
156266
156509
156568
156634
156643
156705
156777
156926
156953
157097
157099
157178
157230
157231
157320
157371
157477
157964
158011
158051
158140
158201
158205
158268
158407
158429
158569
158769
158850
158892
158940
159265
159352
159443
159465
159575
159794
159806
160313
160363
160455
160514
160531
160737
160744
160901
161092
161180
161222
161347
161356
161470
161695
161747
161764
161775
161936
162040
162172
162323
162401
162736
162835
162861
162861
162980
163063
163132
163144
163217
163230
163313
163335
163399
163485
163486
163583
163871
164080
164178
164408
164419
164892
164925
165303
165353
165645
165829
166076
166102
166156
166290
166312
166411
166517
166526
166537
166583
166587
166786
166834
166866
166939
166959
167078
167078
167088
167146
167197
167220
167273
167367
167369
167434
167527
167762
167965
168189
168253
168350
168485
168618
168631
168989
169021
169025
169191
169550
169566
169973
169996
170180
170233
170372
170431
170447
170525
170534
170553
170939
171107
171388
171430
171906
172123
172397
172408
172443
172875
172973
173084
173186
173225
173460
173470
173778
173830
174000
174078
174253
174388
174420
174596
174638
174639
174767
174821
174868
174931
175168
175188
175288
175349
175655
175717
175972
176131
176183
176620
176655
177031
177043
177755
178101
178208
178249
178275
178518
178554
178964
178970
179228
179623
179647
180021
180096
180213
180289
180396
180611
180613
180651
180700
180729
180922
180950
181030
181125
181218
181366
181710
181776
181805
181922
182335
183249
183279
183665
183779
183836
184017
184199
184226
184239
184561
184618
184699
184700
184909
185175
185252
185515
185563
185664
186171
186808
187165
187239
187274
187576
188099
188315
188603
188932
189271
189315
189538
189555
189898
190001
190054
190141
190195
190346
190489
190506
190518
190662
190768
190816
190861
190889
190966
191202
191400
191441
191645
191798
191946
192053
192487
192774
192984
193239
193825
193944
194063
194068
194103
194427
194467
194496
194776
195349
195558
195564
196288
196329
196875
197200
197319
197424
197516
197712
197977
198379
198475
198957
199004
199128
199228
199609
199904
200044
200273
200274
200360
200532
200534
200626
200678
200732
200802
200887
201560
201934
202147
202431
202447
202501
202552
202589
202616
202777
203326
203431
203579
203913
203982
204054
204281
204377
204554
204635
204998
205299
205341
205367
205504
206366
206614
206805
207227
207289
207393
207447
207517
207590
208686
208978
209168
209252
209736
209897
210374
210479
210549
210851
210883
211052
211110
211382
211489
211833
211911
212628
212712
212745
212790
213083
213099
213569
213906
214511
214604
215265
215566
216153
216183
216369
216453
216538
216670
216712
216762
216785
216970
217137
217232
217308
217318
217356
217362
217495
217574
217618
217623
217824
217902
218276
218322
218348
218515
218796
218825
218883
219032
219108
219411
219716
219726
219766
219767
220315
220395
220572
220608
220697
220705
220721
221220
221380
221401
221506
221517
221660
221921
222340
222399
222419
222482
222657
223460
223688
223779
224060
224510
224676
224953
224960
225270
225310
225481
225528
225566
225698
225813
225916
225981
226066
226125
226249
226537
227127
227412
227459
227583
227806
227873
227909
227930
227983
228800
228845
228922
229271
229587
230551
230672
231369
231753
231768
231843
231942
232998
233379
233487
233736
233841
233884
233988
234056
234149
234226
234477
234590
234619
234711
234733
234867
235484
235551
236477
236817
237441
237873
237936
238153
238271
238283
238553
238695
238876
239372
239461
239497
240173
240297
240321
240425
240731
240784
241449
241777
241940
242080
242110
242307
242324
242346
242569
242592
242796
243104
243185
244034
244139
244306
244408
244777
245780
245871
246019
246060
246209
246299
246730
246849
246952
247006
247108
247639
247674
247706
247804
247806
248004
248195
248220
248389
248460
249445
250143
250309
250611
250701
250860
251166
251256
251266
251655
252672
252680
252786
253016
253135
253261
253371
253517
253523
253667
253707
253927
254223
254551
254794
255669
255882
256214
256385
256581
256743
256967
257039
257214
257258
257433
257714
257767
258002
258420
258921
259187
259753
260156
260446
260862
260921
261109
261296
261394
261456
262060
262069
262152
262316
262726
262783
263549
263699
263744
263939
263970
264024
264114
264177
264288
264641
264694
264712
264836
265027
265256
265516
265531
265585
265598
265975
266136
266705
266775
266970
267001
267031
267053
267156
267337
267579
268066
268101
268518
269510
269855
269946
270763
271276
271695
272016
272152
272340
272612
272732
273272
273454
273640
273696
274622
274666
274846
275042
275065
275383
275553
275641
275735
275858
275884
276213
276591
276682
277824
278214
278331
279492
280129
280181
280394
280663
280695
281089
281390
282353
282480
282757
282778
283882
283987
284560
284606
284691
285114
285210
285581
285618
285815
286073
286146
286274
286364
288284
289203
289519
289548
289782
290011
290743
291363
291415
291541
291586
291640
292212
292268
292718
293142
293216
293240
293398
293834
293886
293960
294293
295154
295166
295260
295291
295464
296453
296619
297374
297386
297555
298335
298498
298505
299728
300879
301072
301298
301532
301779
301803
301874
302313
302496
302506
302578
302922
303324
303514
304778
305559
306025
306763
306875
306936
307280
307453
308142
308946
309253
309477
309728
309968
310094
310435
310520
311003
311509
312231
312826
312918
313049
313630
313754
316126
317184
317681
318357
318387
319044
319305
320419
321245
321354
322020
322232
322730
322865
322947
323119
323403
323998
324226
324228
324988
325161
326055
327172
328420
328596
328619
329188
329351
329694
329896
330246
330841
330959
332576
333069
333080
334133
334648
335897
336187
337218
337753
338050
339204
342623
342630
343083
343157
344229
344988
345070
345270
346540
347483
348546
348885
349596
350073
350639
352695
353200
353360
353625
354337
358124
358441
359242
361615
361784
363779
364652
364799
365474
365476
366640
368408
368429
369295
369411
370487
370675
371413
372081
375470
377954
378307
379869
380274
381441
381499
382719
383024
384194
384427
385145
390346
391730
393197
393670
395853
398216
400664
400686
400887
401252
401699
404432
404893
405083
406598
406761
408719
411243
411311
411838
411911
412906
413741
417583
421851
423251
423530
426489
430212
430817
432230
434533
435819
436994
438792
439025
446884
447063
447874
448324
448823
454857
455434
455573
464280
464555
468005
470496
470503
475809
480573
482306
482988
486234
490256
490377
494521
498261
500272
503817
505167
507339
509724
516634
516838
521935
579630
609841
616759
