0
0
123
132
192
206
221
235
352
353
413
451
515
523
719
763
948
955
957
1086
1086
1101
1120
1123
1171
1310
1378
1524
1530
1568
1601
1658
1752
1787
1888
1999
2104
2110
2340
2423
2529
2538
2551
2555
2604
2619
2641
2645
2728
2730
2857
2859
2888
2910
2960
3055
3056
3124
3142
3195
3335
3459
3487
3566
3591
3682
3757
3870
3913
3914
3970
3970
3976
4111
4164
4217
4231
4242
4268
4455
4492
4552
4601
4645
4794
4821
4934
4937
5012
5017
5079
5190
5213
5285
5294
5383
5437
5443
5486
5538
5566
5583
5648
5671
5745
5879
5958
6044
6090
6190
6207
6230
6332
6350
6467
6538
6680
6683
6775
6807
6827
6929
7027
7038
7231
7376
7387
7406
7431
7460
7555
7605
7608
7661
7787
7881
7893
7947
8164
8297
8484
8542
8547
8576
8585
8600
8669
8710
8746
8778
8784
8796
8827
8851
8883
8979
9056
9085
9131
9170
9213
9265
9307
9438
9461
9529
9587
9682
9712
9786
9823
9849
9898
10016
10031
10040
10047
10078
10101
10115
10115
10134
10217
10278
10330
10689
10730
10843
10876
10915
10926
10984
11065
11157
11185
11204
11209
11216
11276
11301
11323
11324
11349
11393
11679
11758
11779
11877
11917
11974
11982
12086
12131
12150
12363
12473
12497
12506
12519
12552
12604
12662
12706
12735
12767
12840
12876
12908
12928
12980
13007
13067
13126
13214
13226
13262
13352
13366
13567
13576
13626
13640
13682
13747
13773
13794
13803
13811
13998
14005
14028
14050
14095
14147
14513
14770
14858
14942
14974
14980
14980
14994
15177
15180
15235
15242
15249
15264
15289
15302
15330
15411
15419
15555
15556
15871
15904
16018
16019
16104
16132
16164
16217
16231
16246
16285
16317
16341
16379
16409
16490
16560
16582
16606
16625
16688
16709
16712
16776
16853
16975
16985
17055
17097
17109
17191
17241
17245
17266
17315
17327
17348
17382
17406
17420
17431
17534
17538
17550
17564
17588
17619
17736
17818
17842
17987
18167
18420
18478
18499
18715
18777
18908
19027
19039
19058
19061
19226
19338
19348
19482
19498
19632
19735
19951
20032
20032
20074
20116
20131
20221
20235
20239
20276
20462
20482
20491
20535
20642
20677
20808
20872
20914
20994
21063
21138
21138
21170
21226
21270
21333
21698
21751
21814
21866
21905
21996
22018
22080
22083
22155
22198
22202
22271
22443
22456
22488
22494
22500
22634
22637
22698
22710
22742
22887
22932
23156
23237
23311
23404
23486
23545
23706
23798
23885
23943
24047
24125
24172
24192
24351
24575
24594
24638
24710
24753
24782
24792
24918
24970
24998
25000
25052
25099
25121
25221
25273
25331
25389
25407
25516
25590
25635
25938
25974
26154
26182
26225
26251
26432
26534
26663
26725
26810
26900
26960
27129
27172
27191
27203
27216
27218
27338
27405
27437
27588
27796
27843
27896
27902
27908
27919
27993
28035
28210
28355
28365
28546
28554
28582
28609
28627
28684
28769
28784
28808
28940
29106
29166
29222
29299
29410
29417
29421
29461
29486
29490
29512
29544
29645
29659
29720
29890
30070
30076
30139
30241
30244
30518
30657
30746
30821
30825
30967
30995
31179
31190
31224
31289
31290
31349
31378
31514
31546
31616
31633
31641
31693
31703
31773
31858
31873
31916
31918
31933
32039
32082
32103
32140
32195
32297
32345
32539
32612
32653
32768
32778
32792
32848
32855
33018
33088
33099
33100
33202
33213
33274
33530
33537
33621
33621
33657
33784
33788
33849
33940
33958
34076
34120
34155
34203
34365
34654
34689
34930
34975
35026
35057
35156
35182
35311
35435
35503
35522
35566
35571
35623
35720
35791
35868
35875
35875
35971
36021
36039
36056
36124
36140
36185
36343
36361
36404
36407
36449
36458
36492
36575
36688
36749
36780
36893
36969
37029
37112
37255
37376
37425
37444
37460
37472
37474
37594
37859
37901
37978
38080
38089
38116
38142
38156
38287
38333
38337
38355
38530
38614
38649
38686
38821
38845
38921
38930
38946
39093
39216
39358
39365
39463
39571
39640
39656
39714
39731
39774
39874
40029
40045
40117
40147
40151
40199
40266
40424
40640
40677
40683
40747
40824
40874
40882
40986
40995
41038
41058
41091
41168
41194
41218
41273
41455
41456
41511
41545
41579
41645
41651
41687
41737
41755
41797
41799
41809
41850
41853
41917
41925
42001
42034
42049
42167
42238
42320
42340
42394
42410
42471
42493
42515
42559
42726
42807
42814
42910
43013
43066
43100
43110
43146
43182
43248
43250
43480
43491
43582
43608
43624
43761
43766
43906
43966
44010
44020
44027
44035
44134
44157
44239
44291
44364
44397
44451
44495
44526
44588
44651
44709
44778
44785
44787
44837
44907
45011
45125
45318
45394
45399
45401
45710
45763
45873
45905
45907
45984
46018
46037
46179
46183
46223
46244
46357
46429
46445
46450
46557
46758
46822
46863
47229
47243
47289
47471
47539
47550
47606
47613
47622
47713
47765
47795
47867
47927
48094
48146
48199
48241
48383
48387
48499
48500
48514
48528
48550
48931
49038
49106
49156
49259
49305
49373
49389
49428
49429
49470
49547
49628
49748
49776
49814
49845
49875
49890
49972
49987
50027
50097
50141
50263
50281
50322
50464
50582
50586
50668
50711
50728
50749
50757
50765
50774
50838
50906
50960
50996
51009
51037
51058
51123
51129
51299
51600
51648
51663
51667
51748
51784
51804
51911
51955
52067
52102
52104
52212
52212
52230
52340
52350
52371
52485
52595
52612
52783
52984
53001
53040
53056
53082
53091
53184
53224
53264
53472
53572
53625
53730
53741
53748
53773
53887
53888
53932
53941
54020
54071
54084
54097
54104
54112
54182
54217
54343
54382
54499
54668
54709
54748
54759
54805
54855
55071
55084
55183
55285
55293
55324
55377
55379
55462
55561
55582
55605
55615
55648
55747
55784
55907
56314
56410
56447
56494
56505
56641
56739
56820
56865
56874
57011
57044
57136
57150
57207
57244
57342
57404
57481
57612
57732
57761
57807
57814
57860
57882
57993
57998
58029
58065
58183
58227
58281
58429
58478
58617
58623
58639
58645
58816
58860
58898
58999
59004
59008
59037
59117
59138
59186
59200
59231
59459
59475
59500
59516
59564
59670
59738
59751
59776
59816
59956
60085
60115
60169
60170
60236
60388
60496
60557
60654
60654
60681
60847
60907
61001
61022
61107
61226
61228
61238
61286
61304
61310
61448
61461
61499
61575
61583
61717
61735
61888
61889
61933
61988
62120
62271
62298
62369
62379
62474
62550
62557
62588
62613
62708
62710
62783
62943
62972
63004
63178
63239
63373
63479
63509
63536
63690
63722
63742
63875
63876
63898
64015
64078
64132
64149
64163
64213
64256
64296
64437
64576
64751
64833
64883
65025
65048
65074
65108
65285
65287
65295
65514
65536
65672
65685
65804
65826
65944
65969
66045
66072
66088
66097
66150
66176
66296
66316
66586
66610
66674
66683
66785
66800
66892
66994
67040
67040
67050
67085
67089
67109
67143
67158
67333
67639
67646
67700
67782
67799
67874
67886
67899
67917
67964
68012
68013
68019
68081
68104
68124
68154
68434
68460
68586
68628
68645
68688
68696
68778
68914
68959
69076
69263
69446
69586
69654
69729
69741
69937
70035
70162
70190
70199
70238
70262
70321
70329
70409
70410
70571
70636
70651
70885
70890
70903
71005
71090
71174
71211
71275
71319
71377
71378
71468
71496
71504
71564
71589
71626
71814
71841
71891
71937
72057
72114
72178
72178
72328
72332
72356
72367
72436
72440
72477
72521
72613
72642
72758
72771
72815
72883
72910
72970
73047
73206
73237
73282
73440
73517
73577
73730
73804
73812
73876
73969
73989
74115
74215
74254
74292
74303
74304
74520
74602
74668
74688
74698
74726
74912
74920
74966
75017
75042
75116
75224
75273
75333
75387
75459
75740
75833
75862
75898
75922
75972
76002
76042
76135
76182
76263
76307
76352
76368
76513
76552
76563
76610
76672
76717
76728
76764
76785
76803
76876
76925
76971
76977
76978
77077
77085
77160
77194
77391
77507
77524
77609
77655
77688
77740
77760
77846
77916
77935
77955
78006
78130
78233
78234
78236
78358
78398
78453
78493
78506
78865
78866
78916
78926
78930
78964
78964
78990
79197
79271
79328
79396
79441
79548
79554
79647
79785
79792
80033
80117
80155
80164
80190
80197
80282
80320
80343
80478
80495
80497
80543
80570
80756
80992
80994
81015
81020
81044
81216
81270
81372
81387
81493
81499
81550
81615
81708
81709
82011
82123
82180
82257
82415
82431
82441
82533
82549
82677
82721
83095
83116
83167
83426
83511
83602
83725
83805
83832
83848
84006
84163
84320
84344
84776
84801
85162
85202
85310
85369
85392
85408
85475
85497
85641
85650
85661
85743
85910
86011
86227
86228
86231
86234
86235
86244
86330
86347
86357
86388
86399
86682
86835
87001
87107
87148
87161
87163
87202
87330
87352
87365
87419
87424
87427
87437
87491
87508
87532
87600
87611
87655
87720
87745
87755
87786
87820
87873
87937
88044
88175
88219
88296
88538
88544
88609
88673
88695
88740
88785
88834
88849
88862
88996
89049
89112
89128
89145
89352
89694
89816
89891
89974
90014
90325
90363
90364
90487
90605
90789
91020
91055
91196
91215
91257
91376
91446
91597
91908
91959
92126
92168
92261
92291
92301
92485
92587
92601
92717
92804
92823
92835
92897
92912
92928
92979
93081
93398
93586
93668
94041
94063
94302
94594
94601
94607
94794
94944
95054
95231
95282
95361
95395
95534
95589
95592
95672
95746
95759
95768
95815
95857
95901
95914
95961
95984
95992
96040
96138
96244
96294
96404
96498
96500
96520
96589
96662
96699
96781
96846
97058
97072
97132
97257
97323
97488
97537
97559
97566
97606
97619
97659
97664
97670
97700
97890
98008
98069
98096
98155
98243
98280
98509
98611
98634
98679
98714
99115
99135
99229
99264
99344
99368
99522
99710
99723
99742
99811
99854
99893
99929
99930
99971
100035
100143
100160
100172
100173
100420
100498
100603
100619
100654
100655
100661
100814
100863
101199
101360
101514
101538
101609
101673
101713
101730
101775
101823
101826
102106
102111
102143
102337
102410
102487
102535
102562
102578
102638
102724
102774
102953
102985
103071
103195
103214
103258
103272
103538
103547
103593
103678
103827
103917
103949
104112
104180
104231
104274
104293
104299
104320
104434
104441
104447
104452
104516
104550
104588
104689
104704
104709
104738
104786
104810
104831
104914
104939
104952
105098
105109
105288
105417
105487
105505
105715
105909
106006
106050
106187
106251
106275
106341
106396
106678
106685
106749
106780
106819
106830
106866
106954
106960
106967
106985
107128
107316
107483
107502
107552
107845
107876
108063
108153
108200
108317
108384
108430
108478
108488
108497
108729
108799
108859
108900
108958
109011
109038
109044
109068
109101
109128
109161
109194
109216
109233
109896
109992
110052
110089
110264
110274
110285
110303
110304
110498
110587
110608
110757
110794
110834
110943
111238
111242
111398
111413
111624
111847
111912
111918
112077
112101
112168
112222
112264
112279
112287
112404
112467
112483
112495
112620
112702
112730
112876
113093
113102
113256
113256
113487
113505
113520
113534
113545
113575
113674
113725
113873
113975
114035
114046
114080
114107
114139
114303
114719
114756
114890
114981
115038
115143
115227
115241
115442
115545
115591
115711
115854
115908
116052
116118
116357
116449
116500
116511
116566
116581
116632
116643
116774
116811
116929
117078
117104
117305
117375
117416
117462
117526
117557
117583
117619
117941
118001
118025
118205
118388
118468
118525
118527
118617
118630
118846
118914
118919
119023
119055
119196
119354
119487
119488
119778
119801
120131
120227
120395
120516
120665
120712
120864
121176
121258
121376
121450
121511
121528
121573
121686
121829
122212
122253
122313
122377
122397
122562
122580
122585
122649
122715
122848
122861
122906
123012
123077
123145
123186
123412
123502
123580
123581
123628
123637
123661
123677
123783
123916
123916
124032
124169
124338
124382
124447
124511
124729
124729
124729
124791
124851
124864
125057
125074
125157
125194
125250
125380
125457
125516
125556
125627
125789
125801
125815
125925
125949
126039
126310
126426
126459
126692
126732
126851
126974
127018
127111
127278
127534
127623
127679
127891
127959
127976
128234
128387
128546
128633
128649
128851
128907
128979
129117
129218
129380
129470
129611
129729
129910
130001
130136
130323
130606
130787
130812
130919
131002
131015
131028
131172
131215
131250
131279
131318
131464
131569
131685
131826
132012
132285
132444
132489
132577
132595
132617
132724
132865
132971
132978
133242
133272
133307
133312
133463
133511
133546
133571
133602
133608
133723
133742
133763
133962
134109
134136
134205
134338
134391
134541
134655
134672
134756
134817
134828
134940
134963
134977
135096
135202
135248
135361
135369
135449
135714
135750
136103
136174
136193
136302
136308
136370
136654
136780
137066
137105
137209
137309
137312
137588
137772
137896
137921
137982
137986
138034
138222
138269
138361
138563
138563
138577
138590
138599
138740
138828
138864
138880
138921
139102
139129
139155
139218
139561
139595
139743
139898
140085
140096
140106
140166
140191
140240
140485
140547
140607
140643
140791
140810
140829
140931
140960
141042
141071
141116
141250
141281
141302
141403
141430
141478
141546
141572
141690
141786
141963
141987
142273
142338
142451
142792
142921
142993
143090
143195
143397
143440
143535
143768
143852
143982
144004
144079
144155
144172
144276
144315
144369
144376
144433
144486
144513
144784
144871
144878
144901
144937
145153
145222
145266
145315
145504
145515
145528
145730
145748
145750
146016
146110
146188
146378
146535
146698
146710
146764
146811
146869
146947
147266
147277
147328
147481
147668
147668
147794
147828
147947
148185
148371
148542
148624
148720
148796
148825
148889
148928
149052
149409
149561
149610
149694
149717
149729
149773
149869
149900
150469
150579
150805
150885
151148
151431
151710
151756
152016
152024
152031
152428
152474
152598
152858
153056
153165
153357
153399
153451
153509
153630
153649
153652
153707
153800
153937
154039
154123
154184
154268
154315
154324
154414
154550
154568
154707
154866
154934
155136
155147
155149
155177
155240
155274
155319
155485
155546
155933
155997
156096
156259
156390
156428
156822
156841
156869
157209
157415
157551
157907
158003
158068
158098
158126
158310
158743
158833
158893
158904
159164
159215
159269
159290
159861
160112
160217
160386
160509
160757
160778
160801
160999
161450
161749
161873
161927
162012
162098
162106
162136
162169
162252
162306
162307
162394
162716
163006
163582
163676
163877
163912
163967
164021
164085
164130
164148
164210
164224
164373
164422
164434
164489
164584
164595
164769
164904
164969
164979
164988
165075
165164
165199
165224
165321
165394
165722
165725
165738
165752
165771
165817
165909
165989
166075
166341
166668
166743
166841
166898
166953
167058
167180
167354
167359
167603
167773
167816
168022
168106
168289
168405
168444
168452
168796
168930
169023
169049
169112
169374
169716
169778
169783
169935
170083
170119
170152
170480
170584
170611
170630
170684
170744
170752
170912
170932
170981
171011
171042
171058
171069
171120
171242
171424
171524
171748
172093
172424
172435
172462
172624
172666
172776
172790
173133
173357
173436
173839
174014
174034
174052
174125
174387
174566
174587
174888
174938
175037
175138
175145
175216
175279
175786
175871
176031
176039
176042
176073
176190
176286
176325
176366
176667
176673
176886
176939
177055
177088
177111
177178
177261
177301
177368
177369
177423
177514
177589
177640
177661
177768
177835
177882
177955
177955
178062
178101
178160
178204
178304
178433
178894
178947
179057
179075
179110
179137
179224
179402
179606
179841
180040
180113
180585
180639
180649
180701
180709
180750
180846
180911
180955
180996
181056
181141
181209
181343
181450
181464
181607
181727
182243
182338
182487
182494
182600
182749
182760
182777
182790
182906
183021
183098
183287
183763
183780
183812
183876
184157
184741
184793
184876
184960
184971
185034
185085
185242
185340
185408
185894
186167
186470
186550
186676
186783
187021
187048
187064
187132
187200
187297
187402
187491
187586
187694
187722
187797
187931
188344
188385
188535
188618
188648
188888
188896
188991
189043
189532
189626
189864
189884
190157
190184
190319
190328
190384
190531
190545
190844
190914
191093
191306
191618
191716
192236
192312
192470
192668
192689
192726
192741
192820
192830
192839
192921
192942
192957
193059
193492
193697
193763
194087
194141
194162
194299
194468
194501
195030
195238
195285
195390
195406
195625
195711
196166
196485
196548
196644
196811
196880
196990
197288
197777
197864
197865
198027
198145
198190
198458
198622
198652
198678
198715
198856
198969
199602
199638
199658
199925
199934
199952
200043
200180
200198
200218
200334
200410
200466
200516
200862
200902
201063
201245
201498
201508
201608
201670
202216
202228
202288
202408
202476
202527
202915
202950
203016
203151
203171
203529
203589
204255
204444
204457
204457
204460
204609
205088
205128
205152
205180
205337
205604
205605
205803
206355
206449
206779
207336
207529
207725
207785
207800
207827
207912
207956
208460
209144
209713
209778
209929
209980
210040
210078
210693
210740
210761
210831
210980
210996
211047
211170
211646
212074
212329
212416
212458
212652
212716
212747
212927
213097
213324
213540
213543
213565
213858
214146
214179
214352
214613
214856
215137
215177
215717
216060
216113
216666
216856
216871
217075
217627
217729
217943
218222
218324
218325
218365
218627
218719
218883
219029
219075
219175
219683
219757
219805
219832
220143
220245
220457
220588
220707
221004
221314
221946
222028
222271
222498
222777
223640
223677
223895
223936
224003
224156
224585
224627
224714
224961
225016
225404
225507
225680
225816
225908
225946
225994
226324
226361
226499
226634
226792
226916
226951
226976
227753
227842
227844
227877
228117
228246
228901
228940
229370
229783
230014
230030
230148
230211
230331
230522
230630
230754
231164
231177
231201
231509
231540
231617
232335
232355
232667
232675
232759
232950
233172
233181
233250
233455
233547
233713
233991
234001
234016
234415
234509
234992
235215
235497
236014
236289
236396
236767
236783
237391
238458
238621
239466
239781
240574
240672
240924
241137
241341
241408
242151
242367
242546
242562
242688
243355
243359
243631
243653
243730
243761
243811
243900
243960
244421
244834
245084
245315
245634
245691
245900
246201
246569
246588
246992
247182
247503
247619
247803
248442
248654
248801
249602
249654
249863
250472
250924
251002
251240
251381
251385
251388
251407
251687
252021
252261
252359
252712
252957
253025
253459
253470
253695
253818
253876
254297
254828
255195
255205
255376
255626
255661
255774
256163
256862
257041
257395
257559
257722
257769
257934
258036
258057
258194
258802
259172
259321
259566
259702
259754
259823
259841
259979
260016
260483
260573
260705
260914
261940
262405
262469
262794
262807
263626
263651
263748
263988
264123
264132
264150
264856
264924
264937
264940
264998
265356
265373
265639
266095
266107
266341
266528
266840
267292
268144
268330
268697
269090
269402
269611
269676
269731
269792
269854
270281
270538
270562
270770
271033
271080
271211
271254
272002
272068
272376
272712
273198
273246
273339
273549
273568
273677
274232
274336
274420
274580
274678
274721
274775
274855
275251
275823
276077
276486
276798
276856
276984
277008
277074
277153
277182
277921
278234
278327
278908
278926
279509
279600
279758
280927
281628
282232
282718
282784
282882
282931
282943
283070
283540
283544
283587
283668
283708
283731
284240
285157
285179
285552
285617
285932
286109
286423
286829
287456
287483
288746
289195
289696
289817
290289
290609
290877
290906
291142
291223
292287
293018
293519
294039
294131
294809
294983
295102
296847
297024
298050
298234
298464
299620
299831
299941
300277
301279
301737
301761
301941
302084
302395
302715
302844
303225
303236
304068
304259
304456
304691
304754
305112
306141
306317
306589
307084
307162
307304
307571
307691
308408
308567
309633
309902
310585
311282
312220
312653
312947
313015
314659
314800
315699
316436
318839
319442
319474
319593
320120
320155
320995
321259
321742
322021
322444
322748
323037
323079
323386
323641
324621
325457
326037
326319
326781
327677
327915
328917
329300
329732
329904
330285
333103
333919
335183
335884
335941
336248
336300
337410
337612
337964
338274
338416
339090
339198
339445
340068
340506
341739
342118
343153
348021
348192
349388
351163
352002
352316
352683
353577
353947
355717
356994
357575
358005
360741
361404
362169
362859
363413
363666
364229
364607
364810
364920
365046
365574
365724
368169
368700
369661
369816
370302
370589
370981
372448
373296
374861
375102
375112
376060
376369
376827
376866
379517
380441
380456
386284
387758
389120
390261
390307
392006
392887
393349
393371
394116
394905
395083
396408
396736
399532
400399
402533
404378
405193
410018
414279
414336
415259
419699
419958
420197
421924
423571
424599
430257
434210
435957
438621
446437
450785
451325
454159
463889
464290
471950
472060
473103
476655
481649
484198
488744
501270
504700
505575
533593
536849
547360
567579
569370
616153
