0
0
13
77
113
215
230
233
237
253
317
352
355
487
563
655
665
670
762
773
858
873
945
949
1055
1060
1191
1206
1242
1249
1257
1290
1369
1409
1476
1484
1538
1581
1613
1618
1655
1676
1724
1745
1845
1857
1890
2003
2033
2096
2160
2190
2252
2314
2392
2428
2451
2471
2496
2517
2573
2578
2594
2609
2716
2730
2756
2767
2813
2816
2953
2958
3090
3092
3093
3156
3198
3204
3239
3246
3295
3346
3363
3406
3429
3441
3457
3464
3501
3515
3638
3696
3719
3742
3865
3866
3907
3962
3989
4023
4103
4246
4273
4303
4347
4415
4424
4511
4513
4553
4572
4590
4606
4613
4660
4688
4715
4754
4759
4833
4857
4912
4935
4994
5026
5127
5161
5171
5234
5254
5315
5333
5378
5453
5511
5516
5523
5539
5555
5587
5603
5697
5734
5764
5767
5776
5830
5922
5927
5930
5936
5966
6002
6062
6202
6397
6437
6439
6456
6461
6476
6499
6523
6605
6616
6625
6676
6730
6762
6783
6831
6848
6857
6863
6868
6917
6925
7000
7010
7081
7085
7132
7163
7185
7208
7218
7227
7255
7269
7283
7334
7402
7422
7459
7459
7460
7538
7552
7573
7617
7619
7717
7730
7782
7864
7901
7936
7950
7963
8030
8091
8110
8380
8468
8479
8496
8556
8583
8587
8621
8673
8723
8766
8767
8865
8872
8909
8933
9014
9082
9097
9170
9178
9180
9210
9227
9238
9275
9315
9427
9435
9441
9475
9485
9523
9567
9586
9629
9673
9694
9695
9697
9710
9764
9862
9866
9883
9891
9946
9961
9966
10045
10055
10086
10201
10224
10273
10276
10384
10394
10400
10490
10493
10566
10570
10592
10612
10654
10665
10721
10780
10785
10880
10895
11011
11024
11051
11077
11109
11179
11208
11211
11230
11266
11272
11336
11372
11381
11688
11710
11729
11751
11805
11820
11824
11837
11941
11945
11977
12023
12032
12046
12180
12189
12199
12202
12210
12237
12337
12430
12568
12625
12675
12679
12804
12857
12879
12985
13013
13107
13208
13355
13445
13457
13459
13549
13595
13612
13618
13706
13721
13758
13778
13798
13914
13921
14028
14033
14048
14050
14092
14134
14136
14140
14301
14316
14333
14354
14382
14405
14411
14440
14511
14513
14542
14644
14717
14781
14812
14832
14846
14891
14900
14921
14928
14948
15015
15033
15040
15066
15176
15241
15278
15305
15386
15412
15417
15419
15478
15510
15514
15527
15682
15741
16046
16067
16090
16240
16266
16303
16349
16371
16378
16395
16434
16436
16452
16456
16467
16500
16550
16608
16701
16767
16793
16857
16900
16902
16905
16953
16956
16987
17071
17144
17185
17188
17218
17250
17355
17391
17417
17424
17456
17463
17492
17527
17538
17542
17577
17606
17615
17657
17714
17773
17781
17821
17888
17958
18031
18064
18079
18264
18282
18301
18303
18309
18318
18319
18384
18428
18503
18534
18550
18588
18640
18692
18698
18703
18726
18741
18804
18845
18859
18873
18905
18974
19045
19051
19114
19121
19134
19168
19170
19189
19225
19226
19275
19297
19373
19404
19411
19474
19494
19552
19559
19591
19625
19639
19647
19658
19679
19690
19698
19705
19716
19722
19731
19773
19809
19831
19870
19943
19988
20092
20104
20158
20160
20183
20223
20256
20267
20301
20402
20423
20436
20441
20480
20501
20519
20522
20583
20621
20651
20696
20731
20763
20999
21068
21102
21233
21234
21283
21312
21374
21400
21402
21461
21485
21492
21518
21563
21565
21616
21673
21695
21891
21926
21991
22021
22092
22114
22134
22231
22260
22340
22365
22380
22393
22400
22421
22427
22483
22554
22601
22602
22636
22668
22672
22693
22706
22728
22735
22737
22764
22781
22833
22834
22841
22857
22874
22892
22939
22960
22967
23023
23070
23077
23081
23124
23124
23220
23234
23260
23405
23470
23489
23489
23516
23527
23564
23580
23584
23587
23602
23603
23613
23659
23690
23759
23827
23884
23959
23977
23991
24087
24132
24238
24245
24266
24291
24421
24480
24509
24528
24564
24578
24579
24633
24641
24749
24818
24920
25020
25057
25070
25102
25120
25197
25198
25244
25267
25279
25303
25304
25312
25328
25333
25338
25378
25455
25492
25504
25521
25559
25627
25644
25710
25741
25807
25862
25883
25928
25937
25950
26047
26064
26225
26243
26279
26303
26313
26347
26479
26484
26556
26568
26583
26669
26671
26693
26704
26735
26823
26851
26860
26870
26904
26987
27063
27130
27170
27191
27212
27240
27336
27374
27379
27420
27433
27470
27491
27518
27540
27580
27638
27768
27785
27866
27873
27939
28036
28044
28105
28159
28182
28217
28225
28238
28244
28271
28356
28443
28534
28535
28576
28611
28612
28629
28633
28635
28682
28703
28867
28905
28924
28943
28959
29004
29035
29058
29095
29137
29139
29139
29173
29244
29254
29391
29432
29443
29460
29471
29488
29512
29582
29606
29622
29687
29746
29779
29806
29826
29832
29834
29842
29847
29880
29913
29916
29937
29970
29993
30139
30156
30223
30288
30340
30442
30498
30566
30584
30667
30678
30694
30718
30765
30816
30823
30887
30952
31014
31104
31147
31202
31311
31360
31448
31448
31486
31495
31523
31660
31688
31705
31728
31757
31765
31811
31840
31886
31904
31915
31948
31954
31958
31964
31971
31996
32038
32061
32065
32067
32088
32113
32130
32242
32322
32343
32355
32379
32416
32424
32433
32453
32460
32483
32550
32581
32587
32606
32645
32682
32725
32738
32742
32848
32869
32925
32940
32949
33000
33091
33184
33194
33203
33283
33293
33304
33320
33349
33484
33517
33593
33617
33712
33714
33755
33755
33763
33770
33870
33910
33916
33954
34008
34015
34016
34029
34046
34083
34099
34139
34205
34223
34223
34234
34253
34284
34338
34392
34401
34419
34535
34544
34641
34694
34707
34725
34735
34737
34737
34794
34809
34913
34960
34976
34981
34982
34999
35063
35136
35169
35184
35198
35216
35220
35233
35246
35287
35354
35388
35403
35470
35498
35513
35554
35568
35614
35659
35733
35746
35775
35781
35885
35892
35915
35999
36028
36088
36108
36123
36213
36323
36377
36458
36460
36472
36492
36502
36668
36680
36688
36741
36801
36852
36885
36890
36917
36954
36987
36996
37027
37136
37154
37191
37221
37311
37409
37443
37523
37538
37557
37629
37640
37729
37754
37770
37785
37791
37873
37876
37878
37901
37922
37950
37973
38058
38063
38074
38097
38133
38189
38213
38272
38390
38406
38407
38422
38490
38536
38588
38640
38782
38803
38877
38892
38940
39012
39064
39186
39209
39383
39391
39435
39537
39612
39631
39760
39775
39802
39855
39886
39899
39908
39950
39985
40011
40052
40077
40130
40139
40164
40194
40235
40253
40261
40265
40268
40292
40318
40319
40368
40441
40462
40503
40506
40512
40556
40620
40636
40661
40670
40679
40717
40724
40734
40808
40810
40934
40935
40955
40980
41000
41009
41115
41163
41198
41226
41241
41268
41371
41382
41394
41394
41399
41503
41597
41706
41713
41760
41773
41930
41983
41998
42047
42053
42106
42111
42116
42168
42254
42257
42308
42375
42454
42455
42488
42496
42538
42611
42637
42641
42686
42747
42766
42778
42913
42933
42933
42959
42966
42975
43002
43032
43045
43105
43121
43130
43159
43166
43182
43191
43223
43234
43240
43251
43288
43378
43469
43633
43671
43697
43698
43812
43854
43872
43898
43902
43926
43930
43932
43949
43971
43988
44001
44020
44047
44055
44197
44305
44378
44414
44425
44435
44596
44692
44710
44753
44796
44868
44873
44931
45031
45077
45092
45159
45175
45224
45228
45237
45255
45266
45306
45331
45361
45402
45445
45456
45582
45666
45668
45689
45690
45702
45704
45738
45774
45843
45855
45864
45913
45969
46042
46054
46108
46171
46185
46367
46477
46478
46539
46571
46606
46686
46722
46777
46801
46966
46979
47138
47150
47177
47287
47351
47389
47445
47515
47554
47616
47627
47653
47656
47708
47710
47716
47724
47728
47741
47753
47850
47854
47872
47972
47992
48025
48051
48085
48211
48320
48361
48371
48395
48411
48434
48548
48562
48565
48588
48652
48692
48712
48721
48956
49014
49072
49098
49239
49358
49475
49479
49538
49547
49633
49634
49638
49646
49670
49692
49736
49809
49871
49873
49915
49935
49946
49977
50021
50033
50036
50038
50084
50103
50125
50173
50231
50245
50264
50307
50340
50349
50387
50435
50452
50547
50568
50573
50583
50622
50642
50700
50710
50749
50860
50874
50896
50904
51121
51128
51139
51146
51153
51155
51206
51225
51306
51310
51329
51352
51372
51395
51426
51525
51527
51544
51546
51551
51612
51654
51666
51678
51690
51703
51738
51760
51793
51797
51860
51871
52139
52220
52231
52310
52321
52364
52439
52460
52507
52543
52684
52727
52785
52799
52816
52873
52925
52970
52988
53019
53076
53089
53101
53145
53163
53201
53242
53304
53325
53344
53387
53420
53597
53669
53728
53729
53731
53876
53906
53952
54012
54098
54269
54307
54331
54333
54339
54343
54399
54442
54467
54543
54550
54649
54721
54755
54795
54860
54906
54971
55047
55054
55065
55066
55146
55211
55292
55295
55346
55349
55369
55420
55442
55601
55686
55835
55862
55939
55980
55985
55995
56004
56127
56149
56169
56300
56341
56443
56545
56575
56583
56613
56616
56624
56638
56654
56706
56771
56802
56859
56908
56917
56920
56938
56960
56978
56996
57007
57034
57086
57226
57233
57302
57365
57369
57378
57478
57510
57532
57598
57609
57654
57715
57725
57767
57787
57820
57890
57927
58106
58160
58503
58653
58654
58684
58748
58777
58798
58814
58883
58919
58936
58966
59013
59060
59079
59095
59161
59251
59309
59313
59395
59402
59413
59414
59424
59458
59472
59492
59501
59564
59586
59599
59659
59672
59698
59717
59721
59767
59783
59813
59865
59869
59873
59876
59914
59917
59918
59985
60021
60056
60062
60133
60192
60236
60260
60264
60286
60323
60395
60472
60492
60533
60666
60693
60813
60816
60841
60878
60886
60948
60954
60955
60969
61029
61039
61083
61112
61137
61229
61267
61397
61466
61609
61645
61805
61829
61859
61875
61886
61899
61900
61912
61923
61933
61982
62057
62137
62140
62188
62230
62236
62244
62278
62329
62344
62362
62478
62498
62541
62575
62593
62665
62736
62758
62856
62909
62910
62976
62989
63002
63041
63048
63056
63060
63166
63373
63376
63413
63452
63569
63601
63615
63662
63720
63723
63745
63756
63985
63996
64004
64070
64189
64232
64249
64256
64263
64297
64303
64360
64370
64382
64413
64425
64441
64452
64501
64535
64558
64573
64658
64761
64766
64837
64841
64859
64965
65023
65073
65183
65243
65247
65333
65343
65358
65453
65468
65514
65538
65576
65587
65589
65606
65641
65748
65834
65842
65870
65908
65939
66008
66066
66255
66285
66290
66322
66327
66383
66394
66423
66576
66594
66599
66750
66785
66793
66839
66870
66873
66875
66912
66992
67100
67219
67349
67360
67396
67416
67464
67612
67643
67647
67659
67678
67684
67689
67737
67830
67913
67973
67991
67997
68022
68058
68059
68113
68180
68185
68250
68328
68329
68340
68346
68366
68378
68411
68422
68450
68466
68505
68517
68529
68548
68577
68628
68666
68706
68825
68834
68857
68878
68918
68973
69061
69097
69097
69151
69158
69164
69204
69222
69283
69293
69312
69401
69471
69501
69521
69601
69764
69819
69854
69859
69915
69920
69963
70032
70106
70246
70279
70292
70440
70450
70472
70498
70525
70536
70611
70644
70880
70949
70951
70963
71008
71009
71050
71073
71087
71209
71305
71348
71412
71500
71533
71590
71680
71715
71722
71749
71753
71829
71887
71913
71935
72022
72391
72426
72500
72535
72567
72618
72683
72692
72708
72744
72791
72822
72907
72937
72963
73060
73096
73104
73120
73128
73166
73180
73508
73660
73668
73700
73702
73754
73771
73859
73885
73920
73957
73960
74055
74112
74146
74188
74250
74320
74323
74334
74367
74441
74455
74461
74470
74487
74518
74624
74633
74668
74723
74770
74817
74858
74913
74926
74935
74950
74959
75032
75042
75055
75070
75103
75176
75242
75251
75273
75381
75437
75542
75582
75607
75613
75634
75650
75675
75739
75786
75836
76000
76061
76123
76134
76143
76219
76227
76290
76311
76314
76571
76615
76674
76689
76708
76713
76728
76787
76820
76880
76889
76894
76980
77036
77078
77149
77196
77241
77260
77285
77319
77409
77428
77536
77621
77621
77632
77636
77695
77699
77725
77753
77760
77772
77833
77839
77875
77911
77958
77972
78149
78192
78232
78237
78250
78340
78375
78406
78509
78555
78555
78630
78637
78658
78686
78693
78695
78734
78738
78751
78755
78758
78828
78833
78913
78917
79055
79065
79133
79145
79145
79179
79181
79194
79209
79211
79223
79245
79247
79249
79252
79272
79296
79339
79485
79549
79567
79653
79666
79755
79777
79846
79862
80106
80122
80126
80129
80187
80195
80198
80284
80314
80339
80351
80384
80424
80447
80509
80677
80693
80739
80768
80783
80885
80892
80894
80930
80944
80962
80984
81003
81169
81173
81232
81235
81257
81365
81399
81523
81575
81582
81608
81733
81836
81848
81902
81958
81974
82013
82046
82188
82205
82218
82227
82309
82353
82356
82402
82470
82508
82600
82782
82820
82824
82849
82927
83029
83082
83178
83198
83301
83315
83414
83418
83421
83558
83610
83718
83750
83771
83840
83848
83887
83942
83983
83988
84031
84047
84107
84145
84307
84315
84332
84374
84397
84536
84601
84602
84608
84611
84611
84709
84711
84762
84764
84811
84855
84856
84932
84935
85022
85060
85067
85123
85125
85170
85177
85286
85390
85409
85457
85529
85578
85599
85671
85679
85727
85785
85917
85950
85957
85967
86014
86029
86029
86139
86140
86143
86173
86236
86325
86363
86465
86513
86727
86764
86773
86800
86834
86841
86898
86902
86905
86948
87054
87068
87076
87146
87288
87370
87394
87401
87406
87448
87487
87506
87592
87601
87677
87688
87810
87827
87913
87925
87960
87978
87990
87994
88010
88052
88086
88128
88248
88249
88250
88425
88662
88677
88683
88891
88919
88934
88969
88972
89036
89040
89079
89086
89118
89177
89243
89300
89367
89418
89428
89438
89521
89554
89610
89657
89690
89810
89863
89869
89940
89985
90073
90082
90099
90102
90113
90192
90251
90254
90329
90357
90499
90513
90600
90618
90665
90726
90734
90746
90849
90876
90888
90900
90905
90933
90940
90960
91001
91015
91113
91143
91173
91209
91216
91249
91277
91357
91367
91386
91399
91412
91555
91558
91586
91629
91632
91642
91651
91674
91765
91788
91806
91874
91918
92127
92168
92185
92205
92256
92322
92329
92365
92367
92415
92475
92488
92551
92553
92572
92601
92614
92708
92766
92796
92808
92823
92875
92931
92989
93046
93079
93116
93197
93304
93326
93338
93444
93460
93478
93562
93623
93698
93724
93768
93791
93817
93857
94102
94129
94129
94210
94237
94298
94305
94369
94407
94415
94416
94460
94541
94564
94564
94582
94609
94618
94642
94810
94828
94856
94940
94962
94983
95000
95004
95014
95019
95064
95070
95170
95199
95268
95344
95390
95428
95532
95550
95565
95638
95705
95712
95733
95737
95788
95844
95864
95880
95895
95898
96008
96055
96059
96067
96109
96245
96372
96387
96448
96520
96543
96548
96567
96572
96665
96809
96827
96885
96910
96914
96970
96986
97022
97050
97062
97096
97197
97280
97324
97628
97637
97644
97650
97665
97666
97675
97711
97808
97811
97885
97917
98053
98082
98088
98132
98186
98234
98367
98427
98446
98452
98531
98780
98797
98842
98857
98942
98959
98987
99158
99213
99213
99254
99276
99396
99445
99469
99531
99553
99608
99671
99699
99786
99878
99979
99979
99983
100051
100072
100126
100167
100192
100207
100312
100353
100402
100492
100558
100607
100661
100666
100678
100737
100765
100813
100901
100925
100986
101038
101094
101206
101301
101350
101374
101407
101535
101582
101632
101644
101685
101733
101810
101864
101897
101908
101980
101981
101992
102107
102124
102128
102256
102270
102278
102376
102679
102700
102724
102807
102926
102933
102986
103027
103027
103072
103139
103140
103177
103245
103257
103268
103390
103414
103422
103453
103600
103686
103702
103722
103780
103785
103792
103796
103854
103858
103885
103940
103981
104000
104068
104089
104545
104546
104562
104579
104599
104600
104618
104679
104810
104817
104872
104882
104896
104902
105050
105092
105159
105181
105185
105250
105350
105358
105395
105625
105705
105787
105821
105863
105969
105988
106056
106395
106466
106477
106509
106514
106518
106560
106578
106586
106587
106614
106632
106862
106921
106934
106970
107136
107155
107214
107219
107243
107341
107415
107524
107538
107570
107599
107616
107653
107713
107730
107794
107815
107854
107860
107873
108034
108074
108112
108134
108135
108197
108229
108236
108352
108357
108358
108399
108505
108549
108585
108586
108630
108704
108733
108778
108837
108927
109169
109176
109195
109236
109263
109329
109348
109348
109380
109383
109401
109416
109426
109429
109431
109511
109529
109535
109557
109676
109723
109742
109766
109823
109872
109959
110000
110001
110072
110101
110107
110124
110164
110169
110170
110326
110329
110362
110466
110497
110555
110642
110650
110667
110685
110710
110722
110796
110815
110826
110905
110923
110945
110999
111008
111023
111100
111210
111221
111225
111226
111328
111342
111366
111474
111525
111577
111584
111636
111640
111650
111671
111692
111695
111697
111712
111712
111746
111822
111834
111879
111887
111888
111900
111943
111990
112141
112261
112311
112326
112363
112451
112473
112476
112521
112547
112663
112773
112912
112950
112973
113002
113008
113125
113145
113157
113189
113225
113365
113377
113379
113391
113394
113438
113501
113518
113528
113545
113568
113671
113751
113758
113796
113823
113854
113861
113892
113925
113948
113978
113994
114165
114168
114210
114275
114459
114530
114665
114678
114796
114801
114818
115109
115124
115130
115148
115160
115188
115198
115208
115220
115280
115464
115525
115666
115720
115743
115796
115863
115933
115971
116004
116038
116087
116173
116212
116250
116266
116301
116404
116451
116482
116510
116571
116614
116627
116758
116758
116782
116823
116873
117020
117054
117200
117289
117302
117305
117355
117363
117378
117421
117485
117507
117692
117736
117761
117774
117777
117805
117841
117922
117945
117992
118002
118002
118009
118213
118289
118318
118373
118576
118586
118634
118657
118788
118797
118857
119048
119110
119338
119364
119370
119395
119448
119521
119571
119583
119620
119711
119737
119823
119839
119861
119951
120049
120070
120185
120194
120234
120274
120289
120344
120399
120438
120473
120561
120634
120711
120752
120870
120874
121045
121097
121125
121168
121185
121207
121207
121247
121285
121316
121345
121349
121387
121391
121578
121613
121687
121701
121880
121910
121977
122004
122046
122135
122142
122148
122150
122230
122252
122447
122481
122565
122587
122830
122843
122849
122858
122863
122873
123017
123071
123121
123147
123182
123183
123200
123225
123324
123344
123348
123461
123470
123508
123524
123541
123555
123573
123617
123618
123647
123693
123697
123716
123740
123765
123787
123810
123860
123879
123892
123908
123969
124141
124184
124330
124358
124404
124428
124485
124596
124658
124684
124762
124791
124874
124888
124982
125007
125149
125258
125261
125368
125408
125460
125626
125634
125736
125750
125752
125811
125841
125851
125952
125966
126183
126242
126278
126300
126331
126373
126386
126409
126428
126461
126479
126503
126554
126591
126619
126744
126744
126826
126833
126984
126994
127135
127138
127178
127250
127261
127268
127269
127279
127301
127435
127442
127529
127572
127705
127726
127765
127805
127817
127828
127853
127857
127862
127874
127907
127927
127929
128069
128118
128218
128224
128342
128352
128369
128492
128499
128520
128585
128599
128606
128636
128716
128758
128760
128766
128812
128830
128848
129010
129070
129255
129256
129277
129377
129393
129566
129616
129661
129748
129786
129837
129859
129866
129946
129993
129998
130065
130130
130133
130279
130394
130420
130459
130494
130544
130588
130699
130703
130715
130790
130841
130890
130919
130994
131035
131129
131160
131329
131357
131415
131419
131461
131550
131829
131907
131944
131948
132030
132066
132175
132253
132297
132391
132551
132567
132632
132683
132692
132702
132818
132838
132917
132945
132974
133009
133084
133088
133137
133308
133360
133422
133608
133615
133650
133716
133794
133843
133843
133859
133889
133927
133951
133961
134031
134046
134081
134091
134093
134169
134201
134203
134206
134212
134226
134235
134271
134310
134324
134362
134475
134478
134518
134571
134576
134604
134611
134624
134739
134758
134769
134772
134804
134910
134910
134940
134952
134984
135077
135170
135191
135247
135318
135398
135417
135500
135505
135535
135631
135661
135703
135758
135758
135829
135844
135856
136002
136025
136068
136072
136081
136159
136211
136250
136432
136523
136523
136589
136660
136732
136764
136823
136934
136965
137016
137052
137221
137373
137506
137512
137586
137717
137744
137823
137848
137879
137981
138134
138141
138180
138195
138252
138386
138394
138428
138482
138521
138598
138625
138686
138741
138741
138762
138778
138804
138846
139003
139059
139221
139222
139234
139298
139342
139423
139437
139470
139545
139586
139743
139868
139868
139888
139939
140005
140089
140249
140317
140342
140454
140481
140502
140529
140540
140561
140739
140795
140996
141018
141029
141034
141070
141077
141107
141187
141188
141298
141318
141384
141408
141466
141468
141483
141499
141532
141545
141741
141947
141990
142021
142046
142107
142113
142156
142184
142507
142587
142603
142659
142980
143013
143031
143039
143039
143044
143045
143069
143072
143158
143170
143226
143238
143315
143372
143484
143496
143508
143576
143584
143619
143622
143825
143895
144000
144056
144203
144213
144265
144296
144378
144592
144661
144678
144686
144702
144754
144791
144825
144906
145060
145122
145254
145290
145378
145461
145541
145550
145671
145729
145861
145992
146034
146160
146330
146376
146381
146386
146395
146430
146495
146529
146551
146653
146730
146792
146898
146911
147005
147022
147043
147065
147089
147141
147278
147397
147451
147568
147574
147600
147796
147826
147870
147884
147911
147940
147954
147961
147987
148042
148164
148217
148232
148270
148289
148452
148690
148781
148977
149051
149178
149262
149299
149335
149411
149456
149523
149583
149642
149659
149678
149704
149828
149904
149940
149951
149980
149990
150062
150119
150122
150159
150197
150247
150274
150303
150310
150364
150435
150477
150619
150641
150648
150698
150857
150868
150933
150964
151032
151059
151073
151091
151299
151328
151594
151648
151685
151711
151734
151765
151809
151943
152005
152178
152235
152258
152362
152415
152587
152625
152696
152768
152818
152820
152840
152934
152950
153000
153139
153221
153270
153410
153450
153628
153634
153748
153908
153917
153982
153997
154090
154262
154284
154302
154303
154310
154329
154347
154374
154407
154423
154476
154565
154655
154701
154724
154896
154961
155025
155049
155109
155190
155217
155322
155373
155601
155639
155758
155935
156058
156162
156163
156454
156574
156646
156732
156740
156774
156785
156903
156921
156951
157012
157055
157102
157182
157419
157561
157572
157630
157668
157714
157782
157825
157900
158049
158175
158231
158252
158298
158309
158569
158608
158675
158839
158996
159019
159063
159381
159529
159600
159677
159889
159968
160092
160121
160233
160265
160339
160375
160388
160462
160588
160608
160711
160732
160859
160916
161076
161088
161144
161177
161178
161264
161283
161326
161426
161443
161490
161608
161624
161688
161701
161849
161945
161998
162117
162138
162181
162286
162298
162321
162333
162356
162384
162458
162611
162623
162720
162748
162894
162930
162953
162985
163042
163050
163056
163114
163207
163224
163282
163339
163407
163469
163614
163744
163812
163826
163854
163888
163984
164229
164256
164465
164543
164587
164603
164637
164790
165057
165130
165140
165347
165376
165445
165533
165617
165692
165741
165838
165854
165955
166194
166210
166387
166430
166586
166595
166598
166686
166691
166816
166824
166867
166992
167018
167119
167122
167131
167143
167179
167278
167662
167685
167740
167746
167762
167836
167850
167858
167942
167996
168027
168242
168403
168508
168758
168797
168809
168887
168901
168916
169050
169064
169235
169354
169411
169498
169536
169908
169950
169986
170182
170251
170264
170267
170354
170418
170470
170498
170679
170700
170768
170827
170832
170849
170992
171089
171464
171514
171751
171791
171815
171894
172112
172153
172157
172198
172207
172282
172316
172328
172335
172349
172382
172409
172478
172493
172531
172690
172767
172775
172784
172897
172962
173098
173192
173230
173270
173291
173334
173387
173405
173427
173443
173481
173540
173609
173621
173644
173726
173741
173765
173814
173822
173949
173952
174017
174079
174129
174167
174175
174180
174248
174287
174339
174363
174435
174506
174510
174806
174838
174855
174869
174910
175007
175026
175032
175038
175246
175251
175289
175354
175409
175411
175412
175975
176273
176302
176398
176416
176557
176609
176852
176877
176942
177004
177192
177300
177336
177466
177490
177638
177720
177853
177937
177962
178014
178052
178144
178503
178675
178704
178885
179073
179273
179470
179527
179631
179741
179868
179960
180018
180025
180028
180246
180260
180321
180358
180454
180584
180791
180809
180883
180907
181055
181236
181244
181415
181551
181608
181752
181811
181835
181878
181927
182005
182138
182183
182249
182350
182402
182542
182545
182549
182604
182619
182629
182726
182917
182952
183147
183226
183234
183234
183317
183334
183368
183423
183509
183530
183563
183608
183664
183837
184109
184177
184303
184304
184371
184443
184491
184574
184733
185082
185420
185523
185645
185723
185960
186085
186096
186113
186302
186345
186490
186555
186567
186572
186593
186763
186934
186964
186993
187069
187089
187103
187302
187309
187370
187487
187720
187960
188006
188085
188168
188320
188412
188528
188981
189033
189067
189181
189225
189279
189346
189527
189702
189861
190170
190263
190359
190408
190495
190551
190594
190706
190739
190937
191026
191032
191049
191086
191094
191114
191179
191388
191480
191755
191859
191867
191905
191993
192136
192210
192267
192468
192695
192771
192966
193066
193112
193179
193189
193197
193289
193427
193437
193541
193738
193787
193852
193928
193983
193999
194007
194016
194021
194034
194088
194233
194279
194317
194330
194404
194536
194821
194844
194850
194901
194958
194970
195211
195334
195343
195423
195571
195756
195807
195877
196040
196136
196301
196549
196581
196690
196722
196775
196939
196966
197003
197018
197181
197349
197438
197462
197482
197534
197740
197779
198069
198079
198123
198181
198259
198336
198467
198780
198859
198878
198929
198947
198958
199013
199147
199707
199933
200162
200288
200295
200355
200533
200975
201073
201127
201297
201316
201497
201524
201546
201630
201811
202070
202287
202385
202470
202478
202486
202516
202628
202676
202760
202760
203112
203145
203611
203616
203641
203769
203803
203833
204082
204084
204137
204138
204166
204174
204344
204716
204738
204906
204940
205018
205131
205230
205282
205346
205372
205595
205684
206366
206377
206394
206399
206466
206484
206530
206609
206655
206689
206706
206852
206887
206945
206973
207025
207036
207041
207231
207265
207346
207372
207439
207442
207558
207611
207637
207822
208053
208064
208119
208234
208346
208465
208611
208638
208919
208926
209043
209071
209115
209168
209271
209333
209343
209635
209673
209785
209877
209984
210082
210090
210190
210354
210446
210520
210568
210587
210611
210778
210815
210942
210982
211034
211373
211444
211500
211504
211643
211668
211678
211797
212053
212087
212197
212291
212587
212685
212717
212817
212838
213311
213378
213619
213789
213917
214039
214041
214144
214437
214577
214646
214674
214754
214960
215003
215055
215096
215190
215258
215274
215309
215366
215460
215861
215869
215995
216073
216487
216660
216812
216821
216925
216981
217068
217218
217282
217551
217580
217618
217714
217749
217846
217870
218495
218557
218769
219118
219320
219410
219454
219632
219705
219719
219832
219854
219858
219872
220052
220087
220387
220495
220547
220673
220773
220794
220884
221039
221042
221052
221232
221511
221695
221764
221858
221869
221976
222008
222060
222108
222166
222261
222292
222386
222419
222544
222662
222676
222806
222849
222881
222973
223034
223100
223111
223181
223235
223258
223329
223396
223446
223551
223585
223743
223895
223922
224008
224104
224139
224311
224366
224600
224705
224834
225094
225710
225739
225948
225996
226035
226251
226277
226393
226516
226555
226626
226853
226946
227189
227273
227386
227396
227802
227839
227869
227915
228345
228457
228467
228517
228526
228619
228761
228855
229017
229081
229094
229367
229380
229421
229541
229909
229921
229990
230052
230405
230433
230496
230501
230593
230721
230743
230763
230781
230809
230811
230812
231036
231214
231472
231586
231706
231757
231846
231993
232118
232225
232434
232489
232648
232979
233051
233211
233385
233400
233636
233659
233745
234064
234199
234737
234965
235039
235188
235506
235536
235554
235715
235774
235918
235963
236278
236439
236448
236473
236540
236610
236706
236717
236844
236995
237103
237116
237273
237281
237618
237880
237963
238227
238861
238874
238964
239014
239395
239514
239829
239988
240226
240336
240353
240474
240486
240593
240671
240984
241041
241134
241209
241248
241698
241753
241760
241895
241896
241900
241968
242001
242137
242211
242300
242466
242513
242602
243101
243126
243209
243339
243422
243478
243674
243736
243916
244073
244280
244347
244542
244653
244736
244814
244824
245049
245209
245512
245613
245697
245715
246175
246178
246366
246524
246558
246584
246753
246993
247047
247078
247258
247299
247326
247850
248478
248707
248713
248978
248988
249012
249098
249132
249134
249571
249868
249979
250115
250125
250141
250144
250172
250245
250551
251000
251413
251509
251526
251683
251733
251782
251795
252070
252230
252360
252562
252567
252572
252899
253124
253168
253325
253749
253902
254225
254275
254290
254402
254494
254816
255076
255119
255156
255247
255291
255530
255800
255811
255915
256165
256250
256267
256562
256766
256793
257116
257280
257298
257413
257453
257537
257639
257695
258075
258477
258870
258884
259085
259161
259283
259292
259503
259759
259891
259916
259920
260412
260499
260598
260639
260698
260730
260860
261044
261162
261319
261402
261448
261578
261731
262070
262096
262161
262726
262758
262834
263103
263152
263486
263547
263761
263835
264044
264695
265122
265374
265392
265696
265923
265983
265999
266039
266097
266101
266197
266663
266740
266748
266791
266866
266893
267131
267475
267692
267929
268418
268464
268798
269219
269662
269738
269776
269984
270218
270340
270597
270956
271031
271042
271208
271246
271250
271404
271618
271679
271809
271939
272095
272097
272231
272428
272725
273371
273699
273833
274347
274527
274926
275376
275419
275784
275807
276376
276770
276780
276785
276825
276955
277007
277432
277800
278006
278411
279210
279521
279784
279892
280199
280673
280741
281019
281040
281162
281673
281979
282095
282320
282561
282614
282783
283369
283429
283763
284333
284636
284761
285425
285963
286243
286373
286427
286558
287006
287169
287570
287728
287806
287951
288070
288656
288994
289296
289618
289676
289822
290163
290259
290488
290825
291540
291676
291730
292127
292769
292798
292865
292950
293248
293426
293669
294120
294576
294808
295604
295608
295817
296102
296875
296981
297129
297538
297667
297781
298201
299041
299118
299383
299499
299616
299676
299729
299761
299784
299866
299916
300393
300568
300629
301468
301658
302031
302382
302677
303072
303224
303291
303409
303410
303419
303660
303850
304047
304647
304757
305777
306210
306352
306610
306617
306757
306898
307079
307687
307852
308135
308139
308533
308770
308824
309031
309808
309832
310075
310200
310548
310685
310771
311149
311260
311482
311692
312317
312526
313239
313354
313499
313510
313613
313651
313740
314104
314163
315000
315634
315776
315919
315973
315993
316375
316478
316636
316789
316813
316960
316987
318384
318520
318761
318957
319221
319394
319848
320065
320193
320315
321204
321387
322016
322171
322272
322562
322967
323402
323480
323691
324904
324963
324998
325219
325314
325511
325627
325634
325796
328357
328639
329157
329303
329666
330476
330755
330893
330987
333092
333135
333790
334049
334347
335407
335798
335927
335969
336004
336356
336857
336893
337469
338104
338173
338314
339310
339430
339629
339751
339920
340375
340595
340948
341010
341142
341327
341638
341698
342446
342594
343220
343614
344630
345936
346253
346593
346791
347128
347336
347409
347806
347899
348484
348715
348853
348995
349124
349311
349649
350016
350347
350545
350616
351121
351543
351664
353660
354306
354521
354899
355009
355017
355247
355284
355590
356074
356371
356710
356873
357464
357532
357859
358885
359196
359673
359864
359958
360689
360856
361860
361963
362565
362608
364001
364131
365009
365823
366072
366130
367076
367162
367458
367975
368022
368602
369532
370094
372367
373401
373756
375335
376229
376252
376508
377678
379236
379688
379827
379968
382420
383651
383791
384150
384958
385316
386824
387121
388513
388553
388649
388996
389504
391600
391705
391841
394023
395020
397154
398257
399118
399840
401331
402493
402631
403347
404888
407658
408169
409072
412089
413802
414898
415259
415727
419738
421926
423659
423681
424128
424818
426577
426693
427096
427115
427327
427977
429654
431939
431942
432680
434770
436071
436327
441512
442006
442242
444123
445385
446160
450634
451038
457575
458479
458602
464320
465704
474120
479661
480675
483065
484839
484913
485355
490960
491128
497909
501753
508191
508775
510680
513390
524363
527270
532189
546121
549358
552357
556374
569147
570257
580256
599521
636657
