0
0
208
343
574
600
635
719
803
820
914
950
999
1048
1222
1230
1361
1366
1385
1389
1597
1625
1639
1699
1907
1957
2004
2018
3041
3055
3079
3199
3202
3227
3237
3265
3408
3412
3557
3591
3633
3654
3717
3770
3833
3987
4063
4125
4214
4296
4425
4713
4946
5023
5041
5141
5227
5242
5377
5479
5509
5545
5661
5707
5939
5988
6363
6380
6414
6430
6483
6633
6825
6899
6973
7185
7250
7360
7402
7449
7481
7514
7563
7580
7592
7670
7704
7737
7781
7785
7832
8279
8429
8633
8690
8749
8780
8789
8844
9206
9260
9334
9598
9663
9718
9728
9775
9871
10043
10126
10160
10196
10433
10437
10713
10719
10743
10775
10800
10841
11251
11366
11421
11879
12053
12272
12275
12401
12417
12441
12573
12694
12699
12859
12924
12998
13082
13097
13243
13291
13513
13527
13559
13665
14070
14308
14342
14420
14464
14486
14921
14951
15143
15364
15365
15432
15573
15835
15850
16109
16227
16294
16369
16567
16713
16888
16920
16921
17085
17158
17275
17377
17395
17457
17695
17747
17822
17893
18176
18327
18493
18497
18526
18593
18801
18942
18999
19066
19129
19191
19386
19608
19608
19617
19710
19722
19898
19919
19996
20031
20243
20568
20823
20947
21177
21185
21214
21278
21447
21819
21898
21951
21999
22118
22149
22264
22419
22476
22492
22500
22664
22688
22746
22846
22867
22908
22933
22977
23203
23336
23419
23491
23618
23922
23987
23992
24120
24193
24245
24462
24649
24763
24788
25061
25099
25242
25375
25483
25787
25805
25839
25954
25955
25956
26148
26171
26352
26561
26575
26814
26847
26907
27116
27146
27181
27327
27670
27881
27978
28035
28148
28378
28396
28524
28563
28710
28890
28894
29010
29182
29260
29313
29399
29425
29470
29473
29530
29553
29765
30218
30233
30286
30349
30396
30472
30480
30685
30770
30806
30844
31075
31309
31480
31536
31623
31763
31907
31913
31916
31954
31971
32290
32329
32422
32435
32529
32558
32681
32773
32864
32891
32934
32955
33134
33298
33805
33820
33830
34059
34255
34273
34326
34370
34381
34500
34533
34632
34734
34805
34921
35037
35053
35082
35520
35875
35962
35970
36014
36048
36056
36057
36097
36109
36146
36153
36237
36255
36521
36541
36646
36673
37236
37372
37426
37607
37833
37937
38126
38304
38361
38371
38571
38867
38882
39004
39012
39328
39333
39456
39755
39798
39841
39891
39904
40123
40161
40247
40294
40303
40320
40566
40581
40628
40666
40667
40736
40794
40870
40881
41041
41198
41597
41740
41748
41792
41862
41901
42205
42224
42390
42457
42576
42642
42771
42856
42865
42903
43022
43525
43540
43541
43669
43784
43828
44235
44364
44406
44746
44770
44803
44837
45074
45511
45660
45730
45848
46069
46241
46423
46437
46480
46617
46626
46863
46876
46999
47141
47163
47212
47634
47656
47704
47987
48161
48177
48211
48351
48549
48560
48759
48835
49010
49202
49209
49239
49341
49638
49667
49765
49808
49837
49945
49993
50317
50473
50554
50686
50695
50761
50792
50927
50988
51009
51088
51157
51195
51361
51365
51416
51605
51854
51945
52056
52102
52221
52235
52426
52470
52477
52565
52750
52786
53151
53165
53234
53425
53440
53473
53767
53814
53983
54078
54169
54336
54491
54498
54542
54558
54733
54782
54841
54843
54915
54991
55084
55281
55491
55521
55533
55590
55619
55757
55845
55898
56052
56209
56288
56552
56778
56783
56796
57395
57529
57558
57784
58109
58257
58670
58749
58786
58863
58994
59013
59115
59194
59204
59271
59402
59495
59862
59889
60042
60142
60398
60576
60889
61282
61467
61472
61474
61849
61875
61912
62054
62202
62264
62373
63064
63068
63081
63089
63323
63391
63406
63584
63588
63691
63974
64055
64088
64303
64471
64477
64556
64832
65006
65028
65244
65298
65465
65479
65633
65815
65840
65896
65916
66092
66312
66503
66705
66965
67002
67177
67293
67295
67559
67627
67680
67834
67889
68038
68074
68090
68121
68127
68165
68168
68567
68768
68807
68895
68917
69031
69033
69072
69436
69647
70171
70408
70526
70537
70624
70661
70758
70924
70939
71008
71018
71075
71265
71317
71579
71886
71920
72048
72056
72063
72087
72267
72346
72455
72720
72755
72796
73214
73346
73505
73640
73654
73917
73920
74134
74505
74564
74801
75038
75072
75203
75404
75630
76050
76121
76338
76358
76465
76494
76615
76950
76987
76991
77024
77188
77334
77510
77758
77818
77829
77843
77849
78440
78485
78555
78861
78923
78958
79816
79839
79889
79987
80065
80540
80585
80741
80907
80969
81051
81254
81343
81484
81535
81602
81603
81893
81976
82102
82190
82317
82449
82563
82579
82617
83265
83307
83313
83491
83537
83538
83728
83818
83895
84000
84201
84236
84470
84479
84676
84731
84886
85123
85186
85420
85469
85470
85500
85672
85704
85992
86155
86333
86368
86514
87007
87139
87148
87591
87608
87725
87912
88039
88075
88129
88368
88462
88508
88513
88617
88679
88753
89086
89422
89757
89813
90206
90258
90490
90609
90678
90727
90996
91095
91246
91272
91567
92100
92122
92495
92522
92602
92657
92778
92792
92826
92986
93235
93508
93544
93616
93706
93747
93793
94069
94162
94297
94470
94563
94698
94865
94951
94952
95177
95297
95566
95656
95662
95726
96297
96629
96945
97429
97467
97605
97662
97703
98055
98290
98309
98435
98494
98527
98628
98746
98948
98971
99031
99050
99056
99336
99383
99643
99704
99714
99984
100168
100220
100330
100553
100846
101009
101009
101110
101247
101252
101257
101280
101288
101301
101330
101351
101766
101813
101855
102093
102359
102471
102716
102796
102832
102850
102857
102892
102975
103033
103198
103308
103322
103453
103498
103694
104050
104127
104614
104669
104939
105085
105109
105121
105324
105464
105748
105929
105955
106058
106094
106255
106280
106386
106895
107067
107182
107227
107247
107533
107604
107623
107733
107838
107842
108108
108359
108365
108543
108638
108664
108723
109028
109114
109184
109223
109238
109503
109566
109729
109792
110186
110289
110477
110536
110572
110833
111041
111319
111470
111497
111513
111520
111720
112415
112507
112842
112940
113143
113201
113261
113636
113671
113728
113789
114238
114358
114682
114711
114725
115729
115971
116061
116292
116297
116323
116449
116453
116456
116520
116638
116698
116764
116778
116856
117218
117462
117527
117728
117992
118324
118961
119503
119579
119616
119966
120504
120608
120670
120829
120897
121173
121420
121606
121845
122013
122024
122114
122187
122225
122905
123163
123344
123444
123982
124039
124263
124266
124270
124282
124579
124789
125376
125628
125737
125863
126163
126217
126291
126341
127236
127515
127555
127736
127745
128017
128051
128316
128384
128397
128516
128783
128799
128933
129023
129287
129349
129818
129882
130065
130459
130558
130747
130980
131089
131253
131305
131570
131665
131774
131939
132775
132800
133167
133207
133230
133361
133498
133702
133784
133974
134323
134324
134732
134863
135143
135351
135472
135749
136001
136292
136538
136858
136957
137352
137574
137990
138058
138227
138657
138828
138852
138986
139098
139122
139430
139518
139862
140044
140520
140885
141189
141268
141720
141823
142010
142279
142374
142780
142884
143302
143339
143342
143436
143769
143780
143894
145119
145136
145186
145332
145443
145451
146356
146486
146496
146799
146903
147197
147268
147608
147627
147763
147793
147914
147960
148060
148294
148499
148907
149249
149521
149524
149970
150301
150389
150420
151262
151731
152199
152327
152676
152773
153094
153214
153254
153346
153432
153496
153752
153851
154320
155216
155303
155642
155900
156006
156083
156225
156960
156985
157014
157666
157881
157899
158151
158158
158160
158316
158403
158471
158973
158979
159002
159236
159238
159550
159617
159829
159845
159881
160060
160294
160298
160617
161307
161396
161613
161722
161794
162005
162278
162392
162584
162745
162857
162939
162973
163142
163222
163608
163686
164121
164296
164341
164605
164886
165034
165257
165260
165672
165825
166161
166436
166835
167026
167172
167280
167295
167725
167797
167868
168012
168114
168252
168406
168768
168960
168963
169064
169745
170359
170458
170739
170854
171037
171982
172063
172234
172268
172398
173146
173734
173771
173859
173886
174094
174626
175421
175601
176223
176250
176571
176595
176826
177144
177316
177410
177746
177910
178210
179065
179903
180058
180286
180342
180399
180799
180890
181106
181148
181222
181987
182059
182292
182467
182632
182814
183248
183259
183470
183624
183886
183943
184043
184055
184152
184246
184399
184477
184527
184577
184619
184973
184974
185234
185737
185837
186200
186481
186519
186525
187168
187193
187837
188200
188524
189441
189530
189890
190399
190619
190809
190836
190877
191353
191697
191839
191859
192538
193144
193292
193710
193779
193978
194099
194226
194969
194993
195246
195622
195882
196383
196387
196642
196709
196945
197079
197306
197651
199122
199232
199733
199929
200120
200624
200637
201687
201695
201889
202292
202327
202374
202506
202558
202856
203093
203522
203981
204349
204544
204707
205016
205173
205178
205492
206493
207094
207257
207492
207504
207711
207817
207823
208527
208704
208796
208820
208849
209584
209636
210136
210174
211704
211752
211835
211872
212288
212431
212435
212548
212826
212860
213425
213436
213667
214275
214794
214810
215496
216392
216789
217346
217371
217905
217938
218689
219324
219645
219883
219992
220323
220343
220868
220982
221190
221424
222567
223791
223849
223935
224087
224661
224820
225262
225917
226774
226839
227206
227497
227793
228000
228061
228197
228294
228886
229135
229204
229881
230521
230846
231676
232475
232676
232686
232897
233084
233311
233454
233535
233939
234043
234671
234689
234806
235896
236022
236719
237071
237954
239065
239214
239413
240380
240462
240484
241039
241129
242221
242865
244840
245080
245186
245401
245873
246254
246537
246642
246801
246817
247510
247819
247939
248489
248630
248864
249236
251048
251518
252121
252582
253695
254917
254961
255783
256100
256443
256599
257050
257126
257707
259215
260396
261093
262527
262763
262965
263301
263355
263621
264558
265621
266873
267179
267581
267667
268068
268124
268141
268227
268766
268979
270345
270708
271095
271180
272303
272427
273038
273126
273863
274252
275830
276121
277220
277411
278840
279051
279875
281579
282843
283243
283307
283581
283924
284083
285112
285797
286138
287161
288321
289711
289733
290174
290355
290683
291152
291525
292145
292301
292838
295257
296338
297085
298937
300152
300841
301161
302555
302919
303189
304855
305341
307674
308193
308822
309177
309444
310545
311985
312169
312746
313564
313653
314999
315700
315742
316032
317501
318924
319896
319948
320570
320672
321646
322707
323689
324562
324586
325344
325569
325831
325863
328774
330593
330842
331399
333132
333150
333613
335633
338155
343040
343055
343118
344238
345149
346189
346314
346388
346546
346996
347462
347618
348966
349208
349320
349583
350588
352459
353084
356844
358397
359350
359715
367044
367510
369257
369485
369530
370251
370332
371228
372157
372606
375819
381246
385234
386651
386799
390529
390970
392501
396578
400720
403597
405221
405294
408082
409826
412968
414378
416891
418844
431737
434855
443949
450439
454762
461103
467691
472238
481036
490097
496336
503558
514650
525599
532332
568829
569320
