0
0
77
136
185
192
255
360
389
408
475
493
545
549
561
644
684
697
730
861
1067
1102
1109
1172
1341
1366
1390
1403
1423
1669
1740
1747
1779
1807
1839
1862
1956
1995
2046
2149
2267
2294
2338
2348
2351
2352
2474
2577
2597
2692
2815
2832
3056
3123
3258
3281
3383
3389
3456
3511
3668
3677
3693
3727
3760
3764
3790
3798
3853
4016
4065
4084
4087
4240
4319
4375
4414
4455
4471
4533
4581
4640
4655
4712
4777
4779
4806
4842
5057
5069
5080
5212
5226
5285
5335
5382
5487
5505
5593
5627
5644
5740
5743
5810
5819
5849
5909
5967
6082
6090
6127
6137
6191
6222
6254
6277
6278
6285
6359
6381
6419
6478
6510
6541
6550
6553
6572
6616
6727
6819
6893
6898
6898
7010
7200
7249
7288
7301
7377
7398
7484
7513
7517
7532
7551
7577
7577
7600
7691
7839
7935
7974
7977
8052
8060
8159
8165
8189
8190
8233
8254
8287
8342
8382
8385
8432
8492
8552
8562
8653
8656
8664
8775
8797
8825
8886
9042
9380
9569
9652
9710
9712
9816
9838
9871
9882
9897
9993
10022
10049
10070
10134
10136
10146
10169
10188
10190
10298
10404
10464
10578
10579
10649
10655
10696
10746
10748
10900
10906
10933
11067
11088
11154
11169
11181
11201
11323
11375
11426
11433
11443
11643
11680
11741
11800
11890
11970
11991
12062
12097
12188
12211
12316
12322
12335
12439
12451
12463
12478
12531
12570
12588
12627
12646
12732
12738
12778
12821
12931
12935
13012
13142
13189
13194
13223
13237
13275
13292
13324
13339
13352
13444
13476
13487
13530
13573
13618
13656
13732
13733
13793
13814
13866
14022
14111
14230
14308
14314
14318
14322
14330
14331
14413
14443
14466
14475
14558
14661
14749
14799
14893
14941
15000
15036
15088
15110
15235
15241
15352
15358
15437
15496
15509
15512
15514
15595
15664
15664
15665
15672
15674
15695
15857
15857
15882
15910
15968
15995
15998
16044
16253
16311
16363
16476
16538
16543
16642
16784
16792
16804
16824
16889
16902
17073
17096
17222
17311
17315
17324
17330
17359
17442
17503
17523
17639
17652
17666
17684
17751
17850
17874
17942
17947
18126
18140
18161
18180
18319
18344
18393
18430
18445
18491
18539
18579
18593
18717
18740
18784
18788
18791
18798
18812
18872
18974
19094
19157
19259
19291
19313
19504
19619
19707
19738
19761
19816
19827
19879
19888
19895
19953
19981
19996
19997
20007
20039
20276
20398
20476
20495
20611
20635
20651
20792
20863
20937
20952
21083
21116
21148
21180
21252
21263
21267
21294
21310
21358
21379
21405
21441
21443
21535
21579
21663
21734
21752
21783
22063
22076
22120
22278
22282
22340
22347
22408
22417
22452
22490
22572
22602
22694
22701
22737
22758
22857
22891
22958
23063
23154
23179
23184
23335
23365
23397
23406
23424
23490
23518
23562
23617
23626
23627
23674
23678
23974
24159
24383
24434
24449
24544
24615
24625
24803
24894
24898
24914
25026
25165
25228
25235
25256
25298
25308
25315
25337
25371
25446
25584
25700
25777
25797
25822
25966
26002
26062
26119
26120
26155
26164
26254
26298
26305
26349
26396
26455
26461
26474
26485
26507
26510
26540
26573
26605
26637
26658
26674
26701
26720
26783
26800
26828
26832
26879
26884
27130
27146
27152
27397
27542
27608
27651
27680
27707
27733
27765
27767
27771
27772
27802
27806
27812
27830
27877
27905
27960
28005
28072
28145
28252
28353
28439
28488
28519
28648
28730
28778
28802
28830
28935
29059
29079
29109
29164
29188
29204
29252
29257
29469
29492
29501
29523
29635
29657
29675
29721
29763
29796
29895
30022
30044
30143
30156
30157
30331
30332
30334
30458
30513
30522
30567
30570
30651
30655
30700
30734
30748
30748
30787
30833
30906
30911
30950
30971
30984
30990
31115
31120
31189
31393
31410
31416
31445
31615
31798
31840
32090
32124
32175
32369
32416
32575
32617
32627
32852
32879
32890
32960
32998
33028
33044
33044
33114
33118
33128
33175
33256
33328
33339
33416
33437
33554
33605
33605
33612
33638
33647
33657
33704
33780
33832
33849
33855
33884
33895
33924
33934
33942
33957
34132
34234
34330
34358
34399
34721
34766
34811
34925
34948
35008
35008
35043
35079
35080
35152
35220
35299
35305
35324
35373
35373
35447
35512
35743
35776
35802
35820
35826
35828
36130
36224
36310
36353
36401
36456
36676
36756
36773
36780
36799
36836
36864
36920
36983
37003
37006
37040
37068
37072
37111
37140
37142
37287
37332
37455
37469
37603
37666
37681
37692
37947
38011
38114
38196
38199
38233
38238
38409
38490
38621
38677
38821
38835
38869
38912
38934
38958
39082
39175
39271
39299
39338
39403
39528
39569
39625
39626
39743
39747
39751
39796
39844
39846
39868
39935
39980
39986
40013
40103
40181
40182
40209
40327
40329
40362
40429
40586
40637
40680
40714
40762
40791
40820
40889
41025
41101
41124
41280
41297
41306
41323
41326
41366
41377
41405
41514
41613
41650
41739
41748
41879
41892
41916
41960
41973
42040
42043
42074
42131
42183
42203
42230
42243
42249
42283
42331
42374
42439
42459
42518
42548
42630
42655
42670
42672
42682
42700
42726
42861
43008
43124
43155
43231
43233
43240
43304
43322
43326
43348
43415
43462
43586
43721
43724
43746
43841
43873
44081
44147
44183
44197
44214
44268
44404
44514
44682
44701
44726
44755
44757
44790
44835
44847
44860
44881
44963
44990
45001
45210
45259
45285
45342
45345
45374
45478
45497
45527
45563
45661
45801
45865
45965
45976
46020
46054
46061
46166
46201
46248
46268
46318
46318
46525
46564
46644
46663
46718
46781
46797
46798
46810
46942
47022
47189
47329
47414
47417
47498
47565
47582
47632
47720
47724
47751
47816
47906
47918
47926
47978
48044
48075
48185
48235
48280
48319
48395
48678
48749
48811
48852
49143
49173
49239
49390
49413
49435
49593
49648
49657
49692
49727
49943
49957
49991
50001
50025
50044
50064
50088
50219
50262
50282
50351
50543
50572
50592
50707
50722
50754
50782
50827
50852
50889
50901
50920
50936
50948
50971
50990
51031
51134
51342
51385
51445
51564
51605
51659
51702
51770
51855
51951
52018
52068
52177
52431
52497
52503
52560
52567
52643
52858
52912
53109
53127
53181
53201
53202
53258
53274
53288
53360
53424
53543
53554
53556
53582
53593
53610
53654
53697
53710
53814
53818
53842
53938
53998
54112
54125
54138
54205
54255
54307
54403
54411
54467
54526
54615
54627
54659
54735
54809
54878
54886
54940
54952
55044
55076
55147
55162
55163
55371
55433
55455
55479
55507
55554
55558
55702
55735
55797
56175
56218
56261
56266
56283
56284
56313
56368
56546
56600
56617
56659
56664
56785
56800
56835
56873
56921
57013
57070
57103
57159
57162
57176
57202
57216
57229
57264
57304
57323
57358
57421
57446
57497
57559
57568
57633
57684
57925
57988
58124
58174
58198
58278
58299
58364
58499
58562
58576
58595
58663
58687
58723
58732
58849
58946
59008
59239
59355
59390
59393
59398
59491
59493
59517
59599
59646
59705
59733
59759
59802
59907
59934
59941
59950
59972
59995
60075
60133
60150
60205
60237
60247
60322
60418
60560
60567
60645
60774
61047
61173
61181
61200
61216
61249
61271
61348
61422
61595
61628
61702
61758
61979
62120
62127
62210
62230
62535
62550
62570
62602
62676
62887
62912
62932
63139
63338
63408
63417
63428
63450
63479
63609
63814
63819
63871
63911
63954
64103
64267
64339
64355
64527
64542
64610
64695
64733
64766
64862
64863
64955
64976
64994
65028
65028
65070
65090
65133
65161
65376
65380
65427
65499
65532
65533
65534
65538
65574
65584
65596
65617
65643
65736
65815
65930
66014
66029
66100
66119
66136
66141
66195
66198
66317
66339
66405
66512
66524
66533
66656
66756
66845
66861
66877
66882
66883
66932
67063
67083
67084
67109
67130
67185
67216
67221
67470
67495
67667
67701
67742
67755
67788
67821
67861
67918
68008
68011
68052
68099
68125
68130
68138
68191
68258
68300
68344
68366
68410
68424
68460
68638
68696
68759
68760
68882
68891
68926
68965
68980
69037
69107
69143
69184
69301
69473
69560
69569
69600
69630
69633
69653
69702
69746
69790
69818
69844
69883
69959
69990
70222
70232
70241
70250
70451
70513
70529
70537
70657
70778
70788
70902
70990
71066
71075
71096
71121
71122
71140
71140
71163
71164
71177
71250
71351
71382
71393
71409
71537
71549
71647
71735
71802
71814
71846
71892
71902
71927
72022
72144
72290
72335
72566
72584
72697
72702
72752
72754
72799
72833
72877
72959
72964
73022
73048
73068
73110
73122
73161
73206
73219
73253
73268
73403
73472
73609
73691
73701
73730
73806
73827
73887
73908
73965
73997
74023
74030
74039
74056
74114
74134
74220
74255
74256
74344
74368
74411
74459
74499
74553
74589
74612
74614
74626
74632
74692
74702
74708
74805
74868
75087
75238
75307
75319
75373
75446
75506
75542
75705
75716
75744
75756
75798
75951
75972
75999
76005
76073
76138
76148
76339
76375
76446
76487
76534
76578
76666
76671
76747
76807
76888
76908
76956
76999
77113
77249
77255
77259
77268
77341
77373
77455
77552
77557
77793
77913
77991
78171
78214
78267
78272
78283
78371
78622
78711
78740
79192
79228
79272
79349
79420
79554
79560
79572
79620
79710
79827
79836
79936
80013
80047
80098
80140
80242
80336
80404
80482
80521
80597
80615
80714
80911
80958
80968
80974
81375
81401
81432
81466
81539
81564
81604
81617
81680
81701
81709
81770
81879
81918
82034
82053
82091
82169
82206
82321
82334
82423
82663
82880
82901
83054
83155
83237
83284
83484
83504
83515
83560
83641
83716
83757
83802
83804
83852
83899
84001
84145
84145
84145
84155
84251
84387
84541
84619
84647
84678
84679
84757
84770
84778
84936
84972
84989
85034
85172
85188
85331
85351
85358
85488
85492
85498
85585
85601
85643
85761
85810
85851
85925
85935
85968
86138
86165
86190
86254
86307
86381
86413
86538
86547
86628
86865
86876
87121
87168
87214
87389
87514
87554
87583
87629
87684
87778
88018
88223
88225
88318
88349
88551
88579
88605
88618
88811
88944
89017
89066
89159
89208
89265
89349
89437
89459
89533
89616
89750
89786
89878
90015
90167
90290
90356
90360
90497
90523
90540
90641
90820
90958
91129
91225
91300
91332
91378
91414
91420
91424
91574
91613
91723
91748
91926
92149
92150
92170
92281
92350
92407
92446
92651
92656
92863
92958
92989
93078
93219
93274
93347
93407
93516
93579
93678
93690
93691
93750
93754
93806
93957
94009
94016
94091
94094
94348
94439
94614
94622
94676
94747
94844
94910
94923
94930
94942
94956
95023
95064
95068
95082
95087
95113
95140
95264
95304
95350
95523
95562
95568
95629
95656
95712
95790
95839
95873
95950
96045
96097
96218
96234
96244
96351
96377
96412
96454
96771
96795
96817
96831
96895
97017
97050
97093
97192
97224
97303
97313
97341
97378
97427
97442
97583
97603
97721
97860
97953
98001
98031
98035
98053
98130
98157
98302
98430
98431
98446
98496
98573
98753
98821
98864
98895
99094
99099
99106
99328
99403
99412
99413
99564
99565
99613
99631
99727
99778
99780
99818
99842
99953
100076
100162
100225
100231
100458
100470
100558
100625
100749
100770
100772
100792
100820
100855
100943
100972
101160
101244
101427
101540
101563
101593
101606
101656
101739
101804
101830
101931
101977
101979
101998
102048
102079
102152
102162
102229
102330
102384
102559
102571
102629
102848
102978
103117
103129
103133
103407
103440
103469
103519
103528
103690
103711
103816
103971
104131
104235
104297
104298
104320
104414
104515
104556
104659
104712
104716
104893
104955
104968
104994
105053
105090
105316
105391
105475
105538
105795
105803
105891
105910
106015
106105
106139
106145
106313
106318
106368
106418
106471
106511
106543
106547
106733
106796
106812
106870
107004
107008
107028
107050
107071
107082
107119
107147
107493
107517
107540
107630
107716
107746
107832
107833
107918
108140
108369
108376
108739
108862
108988
109131
109258
109363
109404
109407
109556
109775
109781
110001
110064
110302
110434
110564
110581
110605
110608
110625
110849
110992
111052
111112
111112
111161
111229
111271
111413
111486
111488
111518
111579
111628
111646
111772
111800
111813
111899
111935
112002
112208
112270
112281
112291
112336
112351
112421
112502
112561
112669
112705
112775
112787
112827
112866
112875
113060
113313
113480
113709
113726
113804
113817
113846
113859
113861
113935
113959
114062
114081
114120
114165
114207
114325
114393
114530
114538
114816
114892
114963
115063
115066
115112
115122
115148
115266
115293
115411
115471
115471
115498
115608
115743
115871
115934
116142
116251
116335
116519
116545
116664
116684
116827
116828
116937
117001
117116
117199
117302
117334
117551
117566
117868
117894
117929
117930
118055
118130
118259
118277
118333
118402
118505
118632
118670
118727
118731
118744
118748
118867
118868
118869
118873
118927
118932
119020
119178
119220
119490
119629
119662
119742
119744
119761
119827
119861
119946
120014
120018
120105
120119
120167
120239
120294
120427
120558
120603
120660
120692
120710
120711
121064
121081
121310
121318
121354
121434
121436
121438
121451
121458
121487
121525
121535
121646
121812
121920
121930
121976
121989
122025
122232
122283
122343
122361
122407
122434
122613
122691
122843
122876
122882
122992
123187
123200
123317
123334
123340
123527
123527
123548
123627
123708
123711
123916
124057
124152
124294
124329
124375
124429
124530
124697
124700
124891
124900
124938
124946
124978
125065
125067
125142
125279
125323
125358
125445
125533
125641
125649
125862
125942
125955
125999
126066
126123
126126
126269
126278
126293
126530
126611
126672
126748
126959
127033
127150
127171
127231
127252
127268
127311
127322
127333
127339
127456
127509
127549
127599
127616
127636
127744
127805
127817
127818
127819
127876
127935
128082
128166
128169
128224
128259
128278
128340
128420
128420
128545
128674
128828
129059
129122
129289
129473
129614
129690
129780
129851
130059
130068
130104
130123
130152
130163
130244
130266
130294
130522
130566
130703
130857
130880
131021
131066
131121
131131
131135
131325
131481
131533
131748
131825
131829
131923
131925
131980
131991
132085
132169
132183
132296
132480
132485
132613
132632
132636
132720
132829
132850
133015
133041
133105
133154
133238
133304
133393
133417
133441
133504
133630
133634
133789
133804
133872
133928
133988
134044
134143
134276
134296
134304
134342
134537
134543
134546
134646
134769
134775
134823
134848
135000
135008
135068
135085
135124
135130
135223
135232
135236
135250
135270
135270
135420
135479
135489
135595
135600
135765
135863
135939
136034
136153
136163
136179
136219
136532
136553
136645
136751
136962
137045
137064
137191
137200
137282
137372
137385
137491
137562
137618
137689
137893
137894
137896
138022
138044
138056
138154
138294
138646
138755
138780
138846
138912
138955
139008
139020
139211
139346
139696
139794
139820
139881
139984
139987
139994
139996
140047
140053
140106
140300
140515
140527
140534
140543
140578
140601
140627
140725
140739
140823
140905
141117
141190
141240
141404
141464
141690
141763
141788
141878
141904
142019
142093
142108
142126
142319
142329
142360
142578
142697
142905
142964
143090
143193
143316
143379
143425
143745
143767
143907
143972
144349
144384
144438
144467
144470
144567
144624
144693
144788
144871
144946
145008
145147
145209
145218
145277
145336
145409
145484
145722
145836
145910
146021
146291
146460
146489
146549
146868
147012
147050
147081
147130
147241
147441
147461
147472
147539
147620
147625
147826
147933
148514
148782
148787
148928
149025
149074
149207
149308
149553
149598
149653
149668
149960
150164
150175
150200
150257
150304
150390
150786
150803
150983
151057
151151
151166
151293
151484
151514
151530
151564
151634
151635
151723
151759
151949
152158
152277
152296
152356
152383
152406
152455
152853
152885
153110
153239
153313
153418
153468
153550
153846
153849
153898
154011
154037
154048
154062
154152
154206
154215
154300
154431
154460
154517
154587
154686
154693
154817
154867
154913
155427
155431
155493
155601
155786
156038
156040
156133
156421
156426
156667
156981
157172
157223
157450
157702
157712
157777
157832
157837
157842
157856
158041
158110
158274
158280
158471
158474
158523
158551
158681
158817
158860
158960
158979
159039
159089
159120
159356
159851
160226
160249
160255
160317
160362
160416
160464
160504
160515
160533
160561
160632
160756
160893
160899
161074
161302
161511
161527
161769
161800
161840
161905
162047
162139
162516
162540
162600
162657
162921
162936
163289
163483
163603
163623
163670
163721
163815
163856
163919
164090
164095
164138
164196
164584
164585
164586
164626
164654
164793
164798
165126
165149
165279
165427
165498
165506
165525
165537
165988
166046
166111
166209
166301
166497
166511
166536
166604
166653
166724
166852
166868
166869
166906
166906
167216
167260
167334
167549
167559
167794
167833
167857
167925
168413
168449
168574
168594
168675
168759
168979
169047
169056
169152
169177
169302
169613
169724
169743
170046
170052
170066
170087
170119
170252
170263
170282
170313
170349
170424
170444
170747
170775
171097
171168
171278
171378
171677
171757
171776
171823
171997
172066
172115
172334
172431
172765
172896
172936
172952
172981
173022
173048
173060
173086
173314
173322
173434
173452
173568
173615
173621
173663
173681
173866
173939
173959
174011
174145
174208
174360
174407
174484
174649
174718
174777
174906
175136
175140
175289
175357
175509
175769
175797
175884
176128
176273
176433
176451
176645
176889
176960
177105
177130
177183
177219
177282
177413
177513
177536
177768
177850
177867
178096
178220
178372
178387
178585
178984
179147
179281
179301
179341
179706
179755
179794
179811
179841
179923
180135
180175
180313
180445
180472
180517
180650
180762
181103
181240
181537
181550
181648
181812
181921
182069
182509
182768
182856
182953
182982
183024
183175
183301
183363
183370
183382
183587
183732
183750
183822
184100
184327
184417
184637
184807
184857
184894
185149
185314
185744
185942
185979
186046
186185
186564
186845
186937
187045
187061
187171
187184
187197
187395
187413
187707
187761
187767
187779
187853
188171
188289
188433
189148
189216
189369
189506
189619
189968
190053
190088
190111
190172
190200
190206
190225
190237
190409
190411
190463
190664
191012
191094
191341
191398
191564
191724
191734
191920
191976
192113
192508
192739
192838
193040
193101
193139
193167
193468
193597
193603
193628
193701
193894
193927
194327
194467
194507
194546
194556
194724
194736
194863
195147
195193
195209
195453
195516
195584
195615
195638
195813
196122
196323
196326
196723
197151
197192
197484
197589
197607
197755
197771
198011
198107
198110
198143
198157
198221
198275
198393
198403
198646
198673
198733
198841
199141
199247
199731
199951
200178
200206
200413
200591
200819
200890
200993
201069
201346
201592
201654
201712
202274
202274
202432
202477
202567
202999
203041
203165
203263
203389
203418
203550
203612
203627
203658
203695
203706
203739
204097
204167
204264
204358
204448
204529
204821
204854
205012
205195
205343
205365
205540
205631
205782
206333
206383
206414
206512
206583
206677
207178
207342
207371
207400
207402
207459
207555
207596
207601
207632
207906
207926
208286
208410
208447
208608
208848
208961
209034
209138
209225
209621
209884
209896
209973
210179
210266
210531
210720
210813
210880
211359
211504
211816
211967
212760
213320
213392
213429
213605
213662
213824
213891
214071
214179
214264
214311
214905
215077
215160
215273
215519
215896
216320
216355
216427
216651
216943
216978
217245
217332
217492
217604
217767
218007
218225
218920
219181
219344
219439
219662
219717
219817
219944
220111
220526
220645
220735
221200
221275
221467
221653
221718
221797
221946
222016
222206
223170
223334
223669
223878
224004
224107
224162
224396
224616
224680
224791
224877
224916
225035
225175
225189
225255
225537
225694
225733
225770
225782
225837
225899
225979
226083
226380
226401
226607
226633
226842
226874
226895
226916
226954
227159
227241
227280
227400
227435
227563
227630
227665
227807
227993
228059
228119
228237
228270
228271
228463
228558
228564
228646
228652
229013
229066
229188
229363
229400
229626
229706
229715
229849
230249
230538
230572
231016
231040
231073
231074
231366
231600
231630
232556
232825
232841
232914
233290
233351
233361
233459
233603
233678
233702
233733
234097
234303
235004
235110
235344
235398
235455
235627
235660
235667
235689
235705
235753
235789
235844
235873
235975
236376
236503
236874
236966
237165
237245
237496
237623
237965
238077
238425
238820
239332
239729
239801
240013
240134
240325
240790
240873
240947
241026
241258
241640
242243
242353
242466
242617
242641
242795
242958
243250
243284
243528
243945
244101
244135
244141
244320
244377
244408
244760
244790
244814
245503
245584
245697
246425
246671
246863
247032
247092
247954
248048
248245
248762
248982
249306
249388
249432
250096
250382
250553
250571
250993
251201
251493
251506
251759
251774
251844
251904
252221
252223
252381
252385
252693
253031
253080
253205
253272
253644
253650
253865
254224
254325
254351
254495
254550
254566
254577
254844
254862
254870
255134
255305
255461
255676
255757
256139
256233
257411
258078
258134
258577
259605
259790
260153
260191
260577
260703
261377
261530
261572
261638
261678
261680
261954
262087
262143
262237
262471
263159
263909
263933
264693
264852
265678
266058
266239
266355
266970
267963
268355
269097
269137
269389
269536
270685
270775
270810
271239
271322
271337
271607
272081
272798
273062
273149
273154
273437
273482
273548
273651
273833
274334
274691
274813
274848
275694
275856
276228
276546
277113
278026
278840
279306
279593
279850
279937
280005
280022
280237
280400
280507
280634
280736
280912
280965
281328
281378
281681
281748
282169
282233
282805
283158
283411
283488
283953
284017
284230
284411
284481
284650
285183
285263
285724
285989
286803
286838
286975
287180
287935
288009
288066
288380
288664
288806
288992
289640
289784
291178
291198
291576
291684
292086
292417
292781
292830
294498
294570
294686
294802
294979
295125
295214
295237
295256
295381
295589
296108
296904
296958
297156
297192
298584
298745
300959
301470
301921
301929
302228
302317
302435
302630
303174
303548
304143
304510
304923
305207
305228
306133
306518
306638
306721
306923
307088
307243
307899
308107
308749
308814
309270
310319
310604
311371
311932
312625
312817
312909
313308
313581
314038
314572
314708
316908
317001
317242
317986
319348
319997
321187
321561
321600
321829
322197
322346
322806
323199
325275
325420
325646
325676
326300
326361
326708
327040
327347
327601
328476
330144
330512
330686
331189
332454
332523
332542
333163
333552
333992
334014
334766
334770
335803
336273
336374
336805
337561
337738
337752
338205
339019
339586
339774
340137
340706
341229
341283
342423
343212
343950
343958
344842
345384
345419
345906
346228
346690
347275
347533
348487
348914
349551
349767
349832
349943
350691
351827
352290
352560
353689
354559
354563
356262
359277
359793
360053
360491
361867
362539
362853
364715
365007
365047
365069
365351
366875
367748
368394
368930
368933
369526
370890
370915
371120
371922
371945
371947
372023
372928
373581
374578
375038
377081
378724
378775
379089
379381
379451
379584
380426
380966
381734
383378
384273
384855
385388
386285
386379
387788
387789
388394
388687
388746
389070
389602
389903
390642
391375
391565
392131
393896
393934
394710
395327
396739
397453
398575
399577
399704
400305
401149
401752
402276
403363
405014
405045
405135
405814
406904
407742
408279
410159
413537
414517
414847
417076
417957
418493
422866
423978
424544
425405
426557
429785
433586
434207
434433
434910
437034
437133
437285
439612
441657
449547
450252
450632
459636
466153
470432
482617
485188
485246
485333
487357
490677
495198
504861
505009
519988
522537
522971
562387
605585
