0
0
80
232
320
354
561
647
689
726
728
745
851
855
918
996
999
1070
1126
1340
1454
1765
1873
1918
1922
2030
2207
2218
2303
2458
2503
2588
2649
2792
2842
2862
2879
2930
2933
3011
3066
3072
3228
3340
3396
3406
3409
3436
3542
3550
3672
3741
3753
3777
3806
3884
3921
3929
3937
3949
3959
4001
4039
4127
4129
4162
4224
4252
4270
4302
4367
4447
4450
4455
4499
4541
4566
4634
4724
4754
4788
4904
4936
5019
5029
5130
5153
5183
5289
5291
5311
5358
5453
5463
5687
5703
5785
5809
5881
5909
5927
6002
6009
6021
6044
6047
6058
6142
6156
6169
6444
6485
6499
6560
6666
6672
6675
6694
6837
6865
6872
6900
6904
6997
7079
7081
7094
7119
7203
7205
7251
7283
7295
7299
7303
7385
7464
7510
7660
7700
7708
7710
7783
7897
7918
7930
7936
7995
8033
8066
8077
8086
8103
8155
8163
8191
8220
8396
8428
8429
8440
8498
8563
8671
8684
8725
8969
9023
9087
9128
9282
9318
9407
9440
9457
9771
9783
9848
9863
9876
9920
9992
10037
10069
10201
10292
10392
10459
10466
10584
10609
10718
10790
10843
10866
10881
10907
10984
11004
11019
11079
11226
11396
11551
11650
11696
11734
11780
11783
11933
11953
11987
12001
12249
12277
12301
12537
12552
12601
12695
12794
12838
12851
12884
12888
12924
13043
13064
13112
13117
13289
13364
13417
13463
13474
13556
13576
13610
13625
13697
13775
13787
13818
13820
13865
13912
13945
14017
14024
14035
14075
14075
14112
14142
14143
14178
14218
14219
14241
14379
14382
14408
14492
14499
14537
14601
14674
14687
14689
14709
14721
14731
14818
14843
14862
14906
14974
15028
15160
15181
15215
15223
15243
15336
15346
15409
15458
15505
15548
15551
15557
15664
15721
15753
15870
15967
15974
15986
16003
16069
16164
16199
16206
16230
16251
16257
16280
16411
16561
16686
16693
16717
16727
16739
16745
16786
16809
16822
16838
16985
16994
17016
17081
17099
17111
17210
17455
17499
17653
17661
17678
17761
17761
17800
18016
18043
18055
18322
18349
18352
18374
18378
18390
18398
18433
18529
18573
18587
18704
18749
18753
18820
18845
19025
19032
19054
19077
19400
19523
19579
19595
19609
19735
19746
19777
19785
19808
20069
20133
20134
20321
20362
20383
20426
20465
20522
20532
20535
20545
20617
20779
20807
20850
20857
20872
20929
21013
21013
21068
21103
21113
21130
21203
21204
21252
21324
21364
21370
21371
21373
21400
21402
21416
21524
21604
21623
21646
21696
21702
21721
21722
21753
21795
21854
22001
22117
22133
22135
22140
22155
22157
22235
22261
22341
22342
22360
22370
22392
22393
22444
22489
22503
22642
22656
22762
22800
22818
22941
22952
22955
23077
23088
23111
23133
23355
23360
23409
23443
23559
23572
23605
23619
23621
23652
23652
23716
23915
24013
24026
24035
24055
24198
24293
24383
24441
24569
24619
24631
24644
24669
24864
24867
25078
25080
25084
25092
25165
25234
25271
25376
25378
25415
25641
25664
25684
25724
25728
25870
25941
25941
26000
26011
26029
26130
26265
26271
26348
26464
26539
26599
26656
26665
26678
26757
26880
26945
26961
27029
27143
27181
27211
27242
27266
27276
27334
27421
27449
27564
27572
27591
27639
27697
27727
27745
27786
27796
27802
27844
27902
28029
28040
28084
28093
28270
28330
28379
28414
28450
28471
28706
28829
28896
28916
29048
29063
29125
29139
29171
29223
29249
29263
29269
29300
29303
29385
29488
29506
29613
29618
29627
29679
29749
29761
29769
29785
29843
29922
30087
30130
30188
30198
30232
30335
30368
30410
30478
30493
30509
30534
30553
30696
30703
30754
30833
30847
30882
30895
30900
30989
31055
31074
31120
31252
31352
31383
31407
31452
31477
31624
31760
31805
31809
31888
31960
32024
32167
32263
32320
32408
32442
32457
32477
32531
32584
32795
32816
32895
33006
33036
33132
33195
33302
33376
33400
33423
33455
33465
33487
33526
33580
33700
33712
33749
33821
33855
33907
33917
33935
33974
34110
34173
34315
34493
34548
34612
34624
34630
34648
34733
34790
34797
34814
34877
34965
34966
35045
35265
35276
35280
35330
35338
35507
35624
35758
35793
35810
35881
35890
35941
36002
36144
36216
36235
36266
36374
36421
36477
36522
36639
36647
36658
36791
36999
37055
37065
37116
37129
37148
37194
37252
37287
37307
37372
37401
37432
37438
37489
37545
37606
37727
37772
37796
37819
37861
37957
38058
38124
38180
38242
38259
38297
38305
38378
38421
38636
38652
38674
38739
38745
38788
38789
38806
38949
39038
39097
39123
39130
39251
39474
39715
39767
39789
39832
39900
39948
39955
39959
40007
40100
40118
40147
40165
40170
40182
40308
40345
40355
40381
40390
40466
40504
40568
40806
40824
40875
40957
41114
41223
41232
41306
41334
41335
41481
41529
41545
41565
41657
41761
41819
41842
42038
42053
42134
42270
42311
42466
42519
42773
42832
42876
43027
43038
43060
43108
43134
43141
43424
43573
43651
43749
43761
43934
43946
43991
43995
44343
44407
44463
44492
44543
44557
44588
44588
44600
44747
44750
44753
44811
44859
44930
45000
45007
45074
45190
45211
45290
45324
45373
45397
45398
45485
45522
45546
45675
45723
45762
45801
45802
45832
45843
45874
45926
45947
45996
46042
46049
46074
46085
46106
46161
46206
46245
46250
46262
46286
46394
46505
46612
46743
46828
46845
46864
46898
46902
46927
46955
47012
47041
47049
47063
47064
47099
47136
47151
47405
47603
47677
47730
47845
47886
47950
48007
48106
48129
48192
48263
48272
48321
48332
48384
48452
48492
48564
48642
48882
48926
48963
48990
49016
49019
49080
49103
49115
49167
49232
49235
49426
49481
49561
49568
49584
49589
49608
49702
49728
49814
49917
50030
50162
50168
50444
50465
50472
50527
50700
50757
50824
51028
51041
51063
51101
51218
51381
51399
51466
51483
51536
51654
51655
51683
51742
51813
51861
51919
51940
51967
52011
52019
52175
52254
52361
52405
52457
52532
52633
52719
52732
52952
52966
52995
53027
53090
53121
53163
53164
53177
53182
53194
53269
53272
53343
53433
53648
53665
53889
53899
53936
53948
53965
54021
54070
54111
54151
54185
54203
54206
54307
54471
54568
54645
54689
54837
54845
54849
54995
55060
55076
55148
55209
55268
55273
55285
55289
55329
55346
55418
55449
55580
55596
55766
55767
55859
55894
55997
56217
56243
56440
56587
56796
57056
57196
57204
57256
57257
57347
57447
57537
57566
57607
57678
57701
57723
57781
57787
57805
57808
57811
57825
57834
57836
57902
58012
58249
58250
58259
58262
58271
58314
58322
58338
58401
58447
58503
58524
58542
58560
58576
58588
58607
58683
58690
58694
58710
58776
58815
59069
59174
59207
59213
59228
59260
59315
59479
59714
59837
59862
59873
59874
59935
59968
60099
60290
60373
60437
60473
60486
60506
60539
60606
60649
60686
60719
60775
60830
60865
60980
61004
61005
61116
61141
61238
61398
61524
61601
61833
61981
62003
62053
62070
62081
62213
62369
62459
62547
62610
62613
62838
62845
62849
63033
63071
63102
63214
63298
63319
63334
63354
63396
63433
63435
63467
63582
63615
63619
63660
63679
63744
63748
63780
63956
63982
63984
64134
64143
64147
64196
64264
64381
64396
64415
64471
64516
64536
64639
64667
64686
64798
64832
64887
64899
64933
65062
65087
65113
65160
65264
65276
65362
65381
65433
65620
65877
65935
65949
66208
66209
66291
66331
66347
66366
66489
66517
66569
66572
66675
66711
66718
66790
66803
66804
66811
66865
67129
67153
67157
67167
67169
67267
67293
67435
67446
67484
67651
67683
67728
67847
67865
67905
67975
68007
68079
68159
68229
68394
68405
68419
68432
68618
68620
68681
68709
68771
68983
69007
69009
69016
69087
69147
69172
69449
69532
69581
69640
69655
69711
69786
69823
70131
70147
70282
70293
70514
70600
70615
70646
70811
71009
71010
71061
71072
71130
71176
71219
71221
71299
71300
71319
71457
71496
71583
71621
71707
71831
71847
71921
71946
71989
71997
72004
72177
72191
72192
72249
72274
72277
72335
72395
72447
72487
72515
72636
72659
72727
72734
72909
72958
73052
73097
73187
73322
73353
73439
73653
73658
73766
73784
73803
73859
73879
74074
74084
74098
74119
74172
74267
74287
74361
74365
74391
74440
74491
74506
74617
74694
74710
74738
74865
74892
74926
74998
75112
75145
75202
75205
75295
75298
75353
75438
75528
75563
75605
75612
75783
75932
75943
76031
76065
76102
76132
76143
76279
76344
76350
76487
76715
76721
76762
76787
76863
76960
76967
76973
77047
77053
77063
77078
77098
77165
77256
77352
77403
77480
77484
77505
77525
77530
77532
77534
77717
77728
77736
77763
77808
77846
77889
77933
78189
78270
78323
78330
78480
78493
78496
78525
78669
78772
78782
78787
78860
78954
78963
78974
79087
79123
79222
79269
79442
79608
79675
79704
79829
79880
79987
80001
80102
80110
80229
80304
80447
80450
80643
80737
80768
80839
80913
80930
81062
81096
81112
81236
81294
81304
81386
81461
81529
81548
81582
81664
81684
81718
81747
81848
81924
81964
81998
82113
82135
82207
82251
82317
82383
82431
82468
82611
82613
82644
82690
82714
82764
82874
82910
83043
83065
83104
83183
83236
83385
83512
83706
83785
83843
83864
83957
83961
83970
84019
84056
84191
84239
84325
84360
84479
84487
84528
84532
84534
84561
84583
84667
84736
84766
84785
84869
84917
84969
85047
85084
85102
85117
85206
85328
85371
85452
85532
85537
85584
85623
85668
85730
85821
85887
86089
86161
86219
86262
86322
86442
86584
86627
87023
87088
87111
87160
87163
87174
87227
87252
87266
87298
87303
87425
87458
87554
87579
87662
87664
87687
87691
87726
87727
87744
87791
87799
87817
87894
88012
88038
88049
88049
88151
88224
88412
88420
88431
88587
88632
88739
88743
88768
88821
88898
89065
89141
89210
89226
89283
89532
89576
89655
89927
89988
90002
90345
90369
90375
90392
90412
90438
90444
90452
90581
90582
90586
90651
90696
90724
90733
90755
90895
90904
90998
91013
91042
91126
91145
91179
91199
91287
91428
91633
91738
91745
91857
91868
91940
92003
92029
92157
92164
92205
92207
92232
92381
92425
92582
92597
92663
92728
92786
92847
92895
92922
92924
92946
92983
93254
93258
93323
93419
93463
93602
93617
93650
93730
93800
93922
93929
93930
93991
94113
94140
94293
94300
94360
94365
94435
94459
94471
94562
94702
94705
94716
94733
94756
95002
95043
95079
95112
95337
95357
95361
95386
95389
95454
95523
95563
95568
95584
95587
95640
95696
95844
95860
95920
95937
96000
96021
96045
96135
96279
96380
96572
96649
97011
97106
97249
97280
97346
97477
97500
97573
97592
97630
97646
97789
97864
97888
97969
97994
98100
98107
98209
98210
98367
98474
98491
98532
98662
98828
98952
99068
99221
99228
99337
99416
99645
99695
99747
99851
99861
99999
100123
100124
100142
100285
100340
100415
100467
100738
100757
100782
100830
100842
100910
101024
101040
101091
101221
101225
101237
101616
101735
101896
101962
102007
102034
102149
102150
102184
102468
102504
102511
102579
102609
102657
102665
102756
102767
102876
102897
102899
102918
102942
102979
103090
103094
103095
103117
103172
103267
103274
103317
103360
103433
103496
103697
103739
103751
103756
103827
103877
103931
103944
104020
104026
104050
104089
104176
104213
104233
104383
104475
104583
104600
104608
104633
104698
104882
104953
105322
105516
105724
105734
105738
105913
105924
106028
106122
106176
106258
106499
106635
106712
106966
107026
107156
107238
107284
107317
107356
107408
107449
107483
107545
107551
107598
107847
108177
108193
108307
108385
108423
108514
108599
108605
108768
108797
108807
109049
109099
109112
109560
109642
109921
110015
110051
110169
110233
110269
110306
110316
110353
110429
110431
110542
110555
110564
110575
110585
110648
110846
110911
110935
110954
110961
110974
110985
111073
111321
111379
111451
111488
111548
111737
111807
111928
111950
111978
111988
112133
112174
112275
112307
112316
112421
112644
112732
112760
112856
112875
113004
113045
113058
113059
113076
113097
113127
113251
113318
113321
113547
113654
113663
113669
113753
113788
114071
114232
114399
114472
114621
114645
114804
114839
114889
115114
115117
115186
115223
115307
115425
115481
115535
115566
115639
115832
115833
115871
115900
116139
116256
116268
116416
116461
116488
116598
116599
116702
116812
116813
116967
117000
117054
117104
117205
117340
117345
117531
117582
117648
117668
117680
117728
117733
117837
118057
118140
118319
118332
118409
118427
118755
118767
118884
118996
118997
119003
119098
119301
119360
119505
119535
119595
119672
119883
119940
119963
119971
120082
120275
120299
120326
120328
120482
120634
120936
120983
121014
121031
121164
121228
121252
121300
121350
121476
121525
121578
121650
121732
121872
121921
122032
122044
122048
122106
122119
122170
122211
122267
122270
122321
122331
122384
122559
122584
122593
122616
122698
122813
122824
122858
123062
123134
123202
123208
123329
123469
123613
123617
123806
123824
123979
124025
124159
124211
124213
124228
124322
124426
124471
124473
124693
124776
124817
124938
124992
125071
125101
125104
125145
125214
125456
125523
125548
125557
125778
125787
125802
125816
125889
125948
126082
126105
126214
126263
126462
126466
126467
126492
126499
126511
126637
126768
126834
126869
126960
127004
127020
127102
127122
127143
127165
127326
127339
127529
127533
127593
127654
127714
127764
128104
128136
128166
128171
128214
128332
128337
128510
128536
128544
128565
128608
128672
128674
128886
128910
129033
129079
129217
129219
129220
129251
129269
129285
129316
129388
129428
129800
129809
129826
129842
129939
129968
130061
130065
130085
130157
130192
130281
130317
130360
130376
130410
130454
130506
130567
130636
130698
130817
131167
131306
131389
131391
131392
131502
131525
131660
131737
131808
131924
132019
132122
132225
132268
132273
132353
132490
132641
132887
133031
133089
133561
133575
133698
133782
133818
133950
133971
133985
134128
134307
134708
134752
135065
135082
135193
135354
135434
135470
135656
135706
135890
135919
135942
135972
136055
136091
136139
136174
136180
136235
136371
136427
136428
136650
136886
136908
136976
137153
137492
137630
137701
137904
138024
138041
138088
138219
138238
138262
138291
138474
138559
138586
138594
138625
138737
138821
138861
139071
139080
139088
139122
139227
139236
139269
139356
139367
139380
139421
139469
139767
139813
139865
139865
139913
139969
139990
139990
140024
140269
140292
140311
140330
140338
140348
140362
140407
140447
140841
141102
141151
141156
141312
141329
141342
141450
141525
141578
141584
141726
141793
141976
141986
141999
142125
142161
142272
142427
142484
142501
142512
142612
142621
142672
142716
142744
142764
142886
143023
143026
143040
143333
143651
143651
143681
143708
143789
143875
143880
144225
144243
144416
144428
144435
144724
144769
144828
144873
144949
145017
145207
145210
145254
145258
145418
145421
145632
145924
145934
145976
146044
146094
146097
146159
146237
146293
146331
146335
146363
146522
146578
146579
146642
146803
146883
147264
147281
147371
147588
147739
147748
147779
147886
147943
147970
147991
148006
148050
148051
148086
148140
148193
148741
148767
148771
148815
148914
149247
149268
149466
149544
149574
149586
149603
149636
149693
149702
149724
149830
150102
150201
150209
150263
150296
150350
150401
150557
150566
150600
150606
150673
150705
150746
151116
151161
151169
151432
151435
151628
151682
151711
151784
151995
152052
152166
152172
152188
152244
152329
152376
152418
152483
152528
152630
152665
152749
152981
153026
153092
153213
153294
153400
153439
153611
153727
153873
153883
153893
154177
154212
154282
154326
154464
154508
154660
154722
154762
154765
154785
154899
155011
155059
155234
155581
155603
155637
155688
155915
155953
156048
156470
156516
156611
156696
156707
157070
157157
157192
157255
157273
157295
157467
157804
157891
157913
157943
158279
158412
158440
158477
158783
158817
158842
159080
159093
159201
159336
159344
159347
159348
159349
159419
159484
159843
159853
159872
159945
160209
160325
160329
160355
160451
160598
160708
160961
161063
161243
161260
161271
161287
161299
161301
161418
161535
161799
161965
162029
162111
162119
162151
162246
162266
162481
162535
162625
162636
162658
162708
162986
163012
163119
163162
163175
163281
163382
163472
163537
163626
163740
163991
164093
164416
164430
164464
164502
164739
164870
164926
164960
165147
165150
165317
165412
165441
165543
165616
165617
165704
165755
165829
165837
165857
166111
166608
166946
167151
167315
167707
167824
167916
167963
167975
168021
168365
168412
168670
168749
168880
169006
169019
169373
169396
169588
169674
169764
169765
169768
169796
169882
170000
170052
170201
170210
170247
170324
170378
170393
170399
170511
170612
170669
170761
170834
170858
170883
170965
171020
171257
171306
171399
171436
171456
171584
171742
171882
171900
171969
171993
172164
172190
172305
172665
172797
172824
173117
173228
173261
173409
173620
173641
173717
173819
173850
173890
174014
174102
174210
174220
174348
174387
174486
174539
174773
174787
175227
175367
175438
175440
175448
175459
175490
175519
175562
175568
175636
175914
176024
176102
176533
176775
176814
177011
177458
177463
177466
177537
177639
177749
177908
177999
178880
179088
179741
179748
179944
180021
180167
180244
180247
180275
180522
180616
180697
180790
180931
181050
181068
181089
182006
182113
182120
182331
182413
182419
182574
182685
182700
182913
183092
183125
183141
183218
183245
183254
183274
183321
183323
183513
183530
183530
183550
183567
183667
183708
183991
184229
184301
184459
184547
184586
184992
185015
185184
185879
185940
186120
186415
186426
186479
186577
187176
187225
187286
187364
187488
187513
187703
187752
187790
187864
188386
188522
188573
188739
188782
189221
189353
189687
189721
189796
190012
190101
190315
190366
190638
190719
190841
190948
190973
191033
191085
191132
191261
191261
191336
191873
192149
192210
192244
192288
192316
192373
192505
192548
192679
193216
193331
193393
193468
193513
193709
193828
193835
193843
194018
194073
194137
194610
194647
194711
194759
194765
194848
195035
195044
195098
195153
195385
195399
195564
195676
196096
196100
196196
196338
196420
196665
196680
196782
197030
197159
197416
197637
197655
197798
198121
198128
198166
198286
198461
198559
198757
198852
198949
199014
199038
199119
199534
199830
199893
199954
199983
200241
200279
200574
200587
200597
200621
200718
200799
200878
201181
201394
201402
201595
201613
201682
201951
202415
202558
202658
202904
203090
203814
203850
203854
204141
204406
204453
204614
204659
204705
204724
204793
204864
205083
205180
205738
206004
206249
206423
206576
206643
206762
206851
206886
207007
207015
207129
207271
207332
207419
207421
207532
207550
207615
207713
207744
208039
208450
208518
208585
208850
208911
209105
209284
209427
209509
209557
209723
209846
210189
210330
210389
210492
210535
210610
210634
210835
211092
211115
211335
211387
211694
211911
211959
211959
212331
212659
213152
213223
213230
213408
213599
213923
213937
214033
214265
214340
214376
214394
214468
214655
214705
214722
214862
214960
214969
215227
215407
215426
216088
216247
216803
216946
216989
217360
217520
217686
217701
217827
217984
217994
218424
218538
218713
218749
218933
219006
219144
219314
219444
219924
220071
220190
220415
220884
220895
220936
220989
221214
221290
221573
221873
221908
221939
221994
222194
222200
222214
222312
222327
222435
222645
222760
223100
223423
223450
223589
224352
224515
224785
224886
224951
225123
225188
225274
225525
225529
225591
225599
226158
226229
226232
226832
226859
227110
227118
227439
227698
227715
227795
228077
228378
228840
228914
228966
229070
229156
229321
229350
229377
229466
229604
229855
229867
229875
229885
229915
229980
230138
230145
230174
230207
230218
230314
230393
230417
230507
230697
230706
230765
230860
230865
230942
231013
231038
231146
231811
232439
232753
232783
232888
232939
233158
233588
234248
234353
234422
234562
234567
234589
234739
235108
235161
235598
235612
236153
236264
236310
236463
236731
237160
237222
237716
238016
238062
238069
238189
238490
238581
238957
239406
239436
239475
239747
239975
240466
240620
240850
241016
241140
241225
241247
241363
241414
241470
241631
242211
242333
242617
242732
242903
243043
243409
243443
243495
243667
243804
244226
244326
244401
244479
244756
244842
244922
245323
245395
245427
245427
245765
245984
246089
246134
246797
246957
247007
247271
247593
248120
248319
248558
248893
249292
249366
249378
249461
250343
250586
250688
251623
251699
251701
251771
251899
251913
251982
252005
252109
252182
252437
252506
253311
253421
253695
253714
253929
254519
254597
255077
255089
255971
256490
256491
256638
256855
256921
257297
257419
257547
257558
257955
257955
258227
258573
258604
258659
258854
259052
259092
259118
259205
259219
259525
259924
260231
260238
260837
260956
261040
261143
261210
261542
261887
261975
262579
262591
262956
263382
263417
263493
263763
263784
264340
264401
264478
264508
264508
264560
264637
265149
265220
265260
265399
265453
265942
265997
266448
267534
267678
267732
268145
268461
268984
269059
269306
269400
269518
269568
269933
270057
270141
270368
270770
270880
271175
271310
271609
271638
272270
273832
274075
274516
275107
275164
275520
275684
276217
276366
276588
276707
276709
276913
277045
277559
277950
278035
278098
278156
278392
278633
279049
279096
279355
279456
279708
279728
279974
280467
280620
280794
281497
281578
281676
281840
282166
282279
282403
283144
284306
284521
284689
284967
285583
285867
286014
286165
286428
286656
286689
286711
286761
287045
287247
287809
288144
288393
288715
289616
289915
290095
290126
290903
291906
291916
292034
292191
292371
292791
293455
293521
293572
293691
293975
294021
294104
294164
295019
295213
295315
295500
296116
296208
296428
296432
296705
297382
297536
297665
298148
298304
298409
299021
299641
299966
300029
300828
301184
302366
302803
302829
303017
303129
303136
303264
303426
303490
303962
304489
304652
304972
304996
305111
305525
306593
307267
307348
307528
308374
308425
309019
309834
309954
310292
310366
310493
311531
311655
312037
312790
312862
312910
313148
314466
314915
315045
315080
315723
315935
316742
317001
317304
317342
319009
319120
319204
319406
320247
320354
320855
321775
322666
323730
324335
325122
325638
326299
326615
326990
327039
327627
327688
327709
328039
329088
329531
331170
331242
331349
332273
332481
332901
333089
333828
334838
334885
335793
336340
336968
340766
341069
343046
343226
343867
344218
344308
344810
345125
345641
345910
345948
345960
346770
347122
347127
347231
347612
347806
348195
348921
349585
350415
351032
351304
351375
351382
351843
351954
352151
352883
353674
353794
356060
356387
356422
357456
359105
359272
359514
359776
361119
361877
362538
363242
363708
364295
367145
367738
368192
370081
371025
372246
372589
372991
373237
374106
374991
375834
376799
379024
379386
381796
383657
383775
385116
385224
385908
386321
387239
387896
388381
388602
388898
390057
391745
391814
392768
392859
394632
395366
395469
396803
397411
397744
397751
397807
398578
399842
399965
400106
400776
403670
404432
405010
406842
407603
407789
408016
408180
408833
408977
409882
413155
416027
416801
417718
420886
423005
424121
424513
427101
427164
427700
428121
429929
431630
433186
434190
435015
440099
442486
448369
450411
455972
463389
464546
464841
468383
468963
470087
470824
471579
472850
487763
488075
488896
490201
490668
509272
514182
514780
523234
525621
527519
533937
535939
555815
566187
600818
617494
622499
