0
0
7
20
315
320
329
334
341
451
497
635
662
714
832
868
882
1020
1054
1065
1079
1133
1146
1187
1187
1233
1361
1372
1403
1416
1454
1459
1476
1488
1520
1536
1573
1574
1617
1617
1639
1650
1698
1725
1726
1914
1980
2010
2033
2112
2206
2349
2446
2522
2619
2630
2679
3030
3054
3070
3101
3110
3193
3200
3303
3390
3443
3470
3515
3538
3576
3619
3714
3807
3835
3913
3921
3933
4073
4129
4139
4185
4225
4305
4351
4358
4403
4421
4511
4513
4549
4625
4701
4730
4882
4904
5022
5022
5102
5168
5171
5330
5340
5441
5450
5571
5655
5674
5707
5711
5946
5954
5967
6121
6250
6253
6254
6278
6417
6420
6425
6482
6567
6738
6763
6774
6783
6787
6802
6840
6914
7039
7086
7186
7205
7236
7238
7426
7452
7473
7484
7502
7525
7559
7580
7639
7674
7709
7742
7795
7883
7900
7922
7991
8036
8080
8160
8167
8264
8333
8353
8419
8470
8526
8559
8644
8736
8840
8879
8889
8917
8950
9085
9092
9094
9108
9193
9328
9407
9459
9539
9556
9573
9634
9638
9641
9680
9782
9889
9901
9918
9927
9949
9957
9998
10052
10210
10214
10256
10277
10293
10299
10310
10450
10493
10505
10661
10663
10679
10695
10760
10765
10783
10882
10951
11015
11046
11217
11230
11326
11335
11392
11511
11542
11572
11658
11695
11729
12016
12107
12147
12197
12291
12406
12449
12480
12499
12595
12673
12698
12720
12735
12744
12786
12802
12823
12866
12941
12942
12952
12994
13205
13253
13350
13528
13590
13619
13629
13723
13776
13784
13791
13849
13872
13877
13918
13966
13973
14124
14160
14241
14273
14289
14303
14311
14315
14369
14509
14512
14572
14606
14716
14728
14750
14856
14914
14917
14957
15013
15069
15072
15103
15124
15278
15314
15344
15491
15507
15537
15688
15710
15710
15721
15806
15923
15925
15950
15954
15980
16081
16098
16112
16163
16195
16294
16297
16308
16343
16375
16478
16497
16508
16568
16584
16597
16599
16665
16732
16743
16788
16807
16821
16909
16913
16984
16986
16995
17011
17073
17122
17127
17148
17153
17165
17172
17242
17242
17247
17248
17249
17418
17570
17573
17647
17713
17775
17793
17871
18020
18044
18051
18100
18235
18320
18325
18387
18418
18454
18505
18542
18546
18551
18604
18607
18618
18637
18637
18637
18701
18751
18775
18790
18798
18875
18903
18979
18997
19010
19058
19073
19082
19090
19098
19180
19189
19224
19235
19236
19264
19315
19315
19364
19456
19513
19517
19667
19717
19780
19812
19824
19925
19996
20035
20040
20081
20145
20246
20254
20282
20314
20323
20355
20371
20395
20411
20428
20440
20480
20483
20484
20494
20528
20583
20592
20666
20667
20707
20738
20776
20875
20879
20886
20898
20925
21035
21056
21085
21130
21140
21173
21185
21227
21282
21370
21373
21566
21602
21652
21713
21761
21841
21877
21880
21975
22020
22063
22106
22174
22239
22258
22292
22402
22414
22416
22445
22472
22560
22593
22673
22674
23027
23047
23088
23089
23291
23377
23379
23389
23400
23431
23457
23464
23468
23473
23482
23572
23677
23693
23702
23704
23733
23742
23803
23907
23908
23962
24028
24037
24049
24062
24114
24119
24174
24207
24231
24271
24314
24511
24551
24569
24584
24587
24601
24638
24670
24718
24762
24836
24875
24886
24900
24965
25035
25047
25050
25127
25148
25223
25260
25295
25325
25376
25402
25564
25570
25596
25615
25713
25725
25770
25829
25845
25853
25891
25918
25970
25984
25997
26020
26100
26173
26174
26324
26453
26486
26549
26690
26697
26700
26773
26876
26891
26918
26993
27009
27022
27149
27156
27239
27289
27328
27401
27523
27569
27581
27613
27669
27762
27778
27783
27801
27842
27977
28087
28119
28235
28308
28314
28317
28350
28363
28400
28423
28452
28480
28517
28558
28559
28582
28696
28867
28878
28899
28938
28950
28996
29024
29028
29077
29088
29112
29133
29135
29139
29167
29191
29250
29261
29490
29516
29526
29546
29589
29611
29624
29656
29678
29762
29769
29834
29853
29963
29966
29988
30017
30023
30047
30069
30171
30268
30310
30319
30502
30507
30600
30602
30634
30684
30766
30810
30810
30920
30988
31124
31229
31281
31300
31442
31457
31549
31583
31647
31675
31809
31874
31877
31885
31915
31995
32076
32113
32137
32177
32234
32246
32321
32328
32350
32358
32434
32534
32555
32657
32672
32801
32845
32865
32870
32871
32881
32897
32900
33018
33044
33131
33152
33168
33234
33261
33269
33302
33495
33685
33742
33797
33841
33842
33898
34119
34186
34283
34320
34346
34364
34368
34423
34481
34489
34531
34547
34721
34873
35139
35250
35286
35287
35287
35340
35346
35409
35466
35475
35493
35526
35559
35673
35738
35770
35783
35936
35942
35950
35953
35979
36040
36196
36232
36252
36272
36364
36365
36555
36723
36835
36898
36943
37113
37143
37160
37409
37413
37518
37623
37668
37685
37824
37918
37923
37935
37938
37982
38007
38016
38308
38317
38354
38356
38422
38432
38505
38642
38687
38904
39005
39029
39117
39127
39129
39147
39235
39319
39328
39448
39494
39562
39573
39647
39652
39669
39697
39796
39799
39909
39926
39932
39949
39985
40012
40054
40082
40149
40160
40390
40390
40409
40455
40535
40536
40570
40571
40611
40675
40688
40935
40936
40974
40976
41126
41129
41131
41136
41166
41217
41295
41303
41428
41452
41514
41521
41544
41566
41640
41640
41672
41776
41777
41782
41794
41802
41896
41929
41962
41964
42041
42041
42050
42111
42117
42203
42218
42232
42251
42254
42345
42390
42504
42531
42542
42615
42727
42727
42771
42777
42778
42836
42889
42917
42935
43086
43094
43152
43173
43254
43321
43346
43395
43427
43440
43529
43546
43576
43582
43701
43708
43709
43729
43754
43801
43857
43893
43935
43959
43966
43968
44007
44084
44101
44184
44214
44290
44341
44355
44487
44644
44769
44817
44902
45024
45032
45113
45120
45180
45315
45338
45340
45422
45444
45754
45782
45810
45834
45907
45964
46074
46106
46130
46132
46137
46151
46269
46307
46390
46409
46498
46529
46724
46733
46960
46965
46977
46983
46999
47072
47094
47105
47113
47148
47365
47615
47636
47663
47747
47767
47841
47870
47880
47996
48004
48014
48018
48190
48459
48472
48475
48500
48519
48613
48656
48671
48757
48817
48844
48896
48920
48966
49117
49156
49209
49306
49316
49553
49729
49744
49816
49928
49956
50029
50071
50120
50125
50246
50283
50312
50342
50418
50439
50456
50464
50509
50519
50591
50596
50638
50645
50825
50872
50901
50910
50950
50962
51005
51021
51071
51085
51117
51121
51138
51284
51306
51370
51408
51538
51644
51733
51738
51739
51785
51852
51879
51883
51884
51887
51998
52144
52192
52252
52254
52264
52341
52348
52366
52386
52430
52464
52478
52560
52625
52626
52639
52644
52690
52740
52751
52771
52787
52825
52890
52902
52968
52971
53010
53023
53072
53090
53099
53131
53246
53442
53468
53526
53573
53656
53678
53881
53934
53951
54081
54194
54248
54284
54337
54466
54469
54488
54528
54539
54621
54769
54912
54985
55006
55077
55151
55287
55319
55416
55461
55562
55576
55587
55642
55704
55786
55792
55825
55871
55886
55916
55926
56089
56112
56174
56263
56349
56429
56598
56638
56892
56973
57122
57132
57135
57141
57178
57239
57243
57266
57306
57327
57348
57358
57488
57495
57608
57619
57684
57898
57899
57954
58182
58214
58228
58232
58283
58301
58307
58351
58385
58418
58420
58522
58539
58560
58565
58650
58730
58756
58807
58840
58881
58881
58922
58932
58990
58992
58998
59000
59052
59068
59106
59120
59143
59193
59322
59322
59426
59471
59561
59613
59741
59768
59866
59941
60028
60033
60055
60153
60292
60317
60321
60323
60346
60426
60446
60494
60507
60624
60744
60811
60985
60986
61016
61039
61120
61121
61136
61188
61229
61233
61287
61296
61496
61515
61522
61545
61620
61662
61751
61777
61833
61853
61872
61910
61924
62037
62067
62112
62113
62150
62151
62169
62303
62314
62423
62521
62575
62676
62688
62821
62831
62879
62889
62890
62918
62958
62987
62999
63008
63022
63086
63113
63113
63235
63263
63323
63431
63463
63509
63512
63521
63545
63571
63642
63649
63826
63897
63969
64006
64114
64134
64181
64299
64342
64354
64420
64451
64457
64532
64561
64697
64736
64753
64782
64783
64795
64994
65056
65073
65113
65168
65185
65317
65350
65357
65393
65423
65487
65532
65598
65652
65716
65805
65885
65937
65986
66051
66090
66114
66201
66264
66317
66318
66323
66367
66376
66388
66388
66412
66453
66462
66481
66574
66575
66588
66680
66779
67008
67050
67055
67121
67128
67152
67198
67243
67380
67386
67403
67475
67507
67514
67531
67539
67583
67640
67688
67702
67745
67763
67789
67803
67821
67845
67897
67929
68245
68261
68269
68300
68383
68482
68503
68539
68569
68659
68673
68740
68765
68828
68829
68839
68857
68970
69025
69084
69093
69113
69261
69270
69289
69395
69399
69463
69617
69627
69709
69711
69731
69874
70045
70051
70054
70198
70238
70269
70304
70326
70396
70414
70467
70483
70561
70570
70570
70573
70615
70672
70753
70796
70806
70869
70902
71060
71126
71198
71242
71293
71423
71528
71561
71581
71677
71708
71738
71800
71816
71870
72014
72041
72046
72148
72188
72253
72340
72403
72463
72553
72559
72631
72723
72771
72848
72871
72963
73022
73121
73176
73231
73287
73400
73489
73514
73525
73604
73617
73636
73652
73750
73791
73793
73910
73970
74016
74021
74030
74139
74163
74225
74251
74262
74292
74310
74342
74378
74412
74480
74672
74748
74773
74776
74801
74817
74903
74938
74947
74962
75042
75044
75098
75117
75171
75278
75347
75385
75576
75643
75648
75688
75890
75926
75930
75969
76052
76102
76107
76232
76298
76331
76378
76422
76536
76703
76774
76778
76860
76936
76973
76982
76987
77009
77059
77086
77099
77202
77280
77323
77354
77447
77454
77456
77464
77485
77555
77655
77710
77761
77791
77832
77933
78041
78146
78179
78223
78225
78229
78279
78281
78312
78347
78410
78523
78575
78599
78693
78742
78858
78919
78923
78982
79003
79013
79076
79203
79295
79322
79350
79412
79476
79500
79525
79575
79577
79666
79705
79979
80012
80034
80060
80074
80085
80095
80227
80230
80303
80417
80453
80455
80474
80478
80531
80638
80782
80820
80924
80924
80940
80963
81007
81096
81220
81292
81525
81529
81558
81573
81605
81719
81837
81987
82023
82054
82078
82090
82125
82133
82267
82325
82391
82495
82517
82554
82664
82697
82809
82850
83105
83183
83224
83314
83371
83403
83426
83601
83654
83833
83852
83932
83936
84056
84060
84196
84204
84266
84266
84482
84486
84531
84547
84577
84633
84666
84756
84796
84820
85038
85102
85189
85284
85296
85553
85749
85777
86022
86032
86069
86175
86196
86207
86247
86302
86343
86457
86562
86587
86667
86733
86772
86801
86802
86835
86870
87041
87194
87220
87233
87260
87265
87282
87307
87437
87440
87522
87596
87623
87728
87851
87861
87874
87928
88071
88091
88144
88242
88256
88313
88397
88423
88444
88478
88495
88515
88522
88686
88716
88746
88989
89017
89075
89106
89378
89389
89416
89447
89655
89762
89879
89934
90070
90153
90216
90229
90254
90278
90336
90338
90392
90474
90519
90646
90704
90704
90729
90861
90864
90898
90994
91020
91029
91053
91082
91105
91107
91167
91174
91196
91211
91317
91425
91512
91557
91598
91626
91634
91679
91861
91915
91948
91963
92197
92288
92318
92320
92330
92472
92513
92515
92519
92546
92553
92605
92681
92723
92758
92761
92786
92925
92948
92961
92962
92966
92968
93008
93043
93077
93097
93164
93247
93290
93365
93547
93548
93576
93637
93678
93756
93863
93935
93990
94080
94169
94226
94248
94345
94360
94482
94529
94594
94637
94641
94673
94742
94754
94931
94945
94951
95131
95293
95328
95337
95492
95576
95858
96026
96066
96117
96146
96203
96225
96595
96662
96861
96893
96990
97021
97083
97091
97102
97244
97274
97314
97362
97433
97436
97614
97641
97656
97706
97801
97827
97943
97970
97975
97977
98005
98137
98220
98379
98527
98568
98571
98661
98671
98686
98693
98694
98742
98766
98768
98843
98948
98971
99031
99064
99084
99196
99222
99273
99359
99376
99387
99400
99490
99523
99887
99947
100034
100050
100089
100142
100143
100154
100182
100216
100357
100399
100406
100406
100446
100503
100540
100547
100555
100648
100737
100930
100994
101130
101299
101365
101448
101451
101453
101467
101585
101588
101633
101681
101765
101923
102074
102304
102405
102526
102548
102569
102614
102875
103028
103114
103308
103316
103441
103464
103543
103628
103631
103690
103732
103777
103816
103926
104089
104212
104294
104336
104412
104419
104445
104543
104568
104644
104831
104866
104873
104932
104933
104971
105061
105107
105188
105271
105387
105459
105512
105514
105515
105607
105664
105670
105691
105730
105820
105892
105927
105948
105962
106238
106334
106452
106513
106537
106543
106546
106764
106778
106960
107030
107049
107061
107135
107142
107203
107268
107275
107517
107578
107737
107749
107859
107935
107974
108096
108402
108403
108500
108517
108543
108595
108603
108620
108661
108680
108689
108733
108763
108827
108829
108871
108884
109003
109097
109453
109732
109990
110031
110051
110230
110256
110295
110298
110321
110373
110397
110410
110525
110618
110629
110719
110738
110793
110798
110881
110994
111026
111146
111164
111170
111240
111322
111322
111418
111582
111726
111883
111895
111941
111941
112019
112028
112238
112312
112336
112505
112619
112628
112646
112650
112717
112746
112747
112845
112849
113121
113181
113222
113280
113395
113617
113793
114020
114020
114091
114175
114182
114249
114311
114325
114398
114471
114564
114826
115041
115269
115304
115314
115381
115408
115488
115500
115511
115697
115735
115739
115862
115862
115925
115927
116057
116230
116261
116278
116302
116445
116586
116596
116633
116842
116883
116960
116976
117134
117151
117169
117180
117232
117264
117269
117273
117292
117473
117816
117843
117855
117911
117942
118084
118092
118217
118293
118354
118368
118383
118558
118580
118593
118608
118609
118793
118846
118852
119247
119334
119381
119826
119980
120037
120137
120196
120304
120374
120382
120452
120567
120592
120627
120769
120812
120901
120995
121063
121083
121179
121235
121292
121420
121496
121743
121756
121760
121834
121948
121970
122063
122178
122260
122293
122301
122305
122316
122370
122435
122479
122512
122578
122930
123052
123198
123294
123322
123383
123674
123826
123908
124095
124176
124287
124465
124470
124631
124687
124777
124778
124870
124904
124921
124987
125038
125121
125189
125208
125318
125441
125488
125542
125592
125646
125696
125725
125786
125938
125947
126049
126059
126079
126180
126206
126220
126422
126548
126756
126771
126952
127005
127019
127344
127350
127352
127363
127416
127617
127665
127666
127681
127817
127861
127883
127985
128009
128059
128271
128411
128439
128442
128476
128547
128556
128570
128619
128658
128875
128917
128934
129017
129179
129305
129320
129430
129541
129626
129628
129708
129901
129996
130033
130053
130116
130337
130367
130445
130464
130508
130644
130649
130800
130824
130859
130988
131458
131465
131495
131529
131546
131567
131737
131771
131785
131935
132185
132531
132553
132582
132603
132619
132733
132785
132934
133093
133173
133217
133317
133356
133527
133591
133759
133822
133823
133830
133831
133850
133875
133945
133975
134094
134167
134244
134317
134391
134424
134536
134589
134813
134816
134859
134955
135042
135114
135199
135248
135324
135402
135704
136006
136150
136182
136307
136418
136621
136658
136723
136738
136766
136824
137086
137194
137199
137315
137340
137422
137426
137479
137501
137543
137629
137775
137787
137788
137815
137822
137869
137979
138077
138147
138168
138208
138239
138322
138348
138483
138647
138664
138676
138689
138701
138832
138851
138862
138879
139451
139474
139524
139675
139710
139712
140013
140051
140105
140149
140150
140158
140172
140212
140221
140371
140618
140633
140644
140655
140754
140798
140915
140999
141013
141087
141336
141355
141360
141581
141586
141606
141756
142086
142269
142688
142708
142771
142875
143323
143341
143368
143411
143506
143941
144044
144258
144356
144371
144445
144542
144548
144566
144746
144759
144777
144832
144898
144952
145420
145452
145616
145742
145760
145842
145879
145914
146079
146193
146266
146343
146479
146485
146530
146540
146593
146601
146623
146872
146931
146990
147016
147056
147105
147303
147309
147436
147454
147458
147501
147524
147537
147581
147633
147672
147681
147683
147685
147868
147894
147987
148058
148166
148170
148321
148355
148386
148573
148942
149047
149118
149277
149598
149731
149758
149763
149776
149881
149883
150045
150272
150381
150455
150542
150548
150604
150956
151012
151014
151033
151089
151238
151319
151410
151554
151566
151587
151755
151949
152042
152152
152273
152326
152401
152435
152562
152716
152733
152743
152754
152788
152796
152846
153052
153105
153207
153360
153386
153484
153586
153672
153794
153819
153920
154048
154110
154118
154128
154154
154208
154255
154367
154380
154435
154627
154679
154684
154714
154751
154860
154879
154911
154973
155004
155013
155203
155325
155377
155413
155643
155645
155664
155851
155868
155907
156013
156073
156112
156235
156389
156444
156501
156699
156816
156833
156987
157028
157083
157114
157253
157479
157498
157499
157582
157609
157702
157708
157894
157905
158092
158106
158170
158183
158204
158220
158222
158299
158367
158408
158511
158581
159012
159033
159103
159121
159129
159273
159344
159553
159612
159815
159826
160069
160093
160235
160260
160536
160672
160686
160912
160941
161022
161127
161224
161259
161313
161317
161358
161403
161567
162059
162190
162358
162528
162643
162743
162904
163005
163096
163435
163787
163847
163851
163912
163973
164040
164090
164148
164185
164196
164220
164223
164401
164486
164580
164610
164623
164763
164790
164800
164886
165023
165075
165112
165529
165943
165999
166034
166044
166096
166106
166288
166357
166463
166581
166583
166638
166645
166662
166691
166788
166977
167110
167301
167366
167550
167769
167785
167863
167883
167949
168410
168574
168645
168749
168880
168920
169142
169192
169230
170021
170095
170111
170143
170314
170318
170404
170504
170505
170667
170759
170803
170824
170999
171073
171224
171271
171462
171638
171678
171759
171765
171821
172174
172239
172263
172413
172597
172693
172781
172819
172908
173080
173757
173783
173894
174270
174421
174502
174620
174734
175128
175341
175440
175469
175560
175730
175922
176054
176132
176221
176563
176603
176656
176670
176670
176926
176998
177086
177175
177291
177505
177538
177601
177823
177871
177979
178044
178258
178291
178304
178574
178772
178810
178829
178940
178969
178988
179098
179098
179221
179367
179578
179783
179797
179852
180034
180074
180273
180306
180310
180328
180460
180526
180830
180948
180980
181101
181162
181218
181265
181522
181641
181933
182075
182147
182167
182419
182456
182541
182541
182603
182818
182939
183124
183306
183321
183598
183644
183772
183817
184139
184163
184298
184371
184410
184454
184495
184697
184731
184821
184868
184935
184940
185002
185004
185119
185144
185204
185212
185296
185396
185634
185773
186019
186112
186189
186337
186399
186448
186634
186688
186763
187017
187150
187205
187350
187354
187518
187702
187848
187952
187990
188077
188103
188135
188804
189224
189320
189418
189683
189692
189703
189766
189781
189823
189860
190160
190255
190377
190529
190531
190573
190601
190658
190691
190763
190795
190858
190941
190981
191129
191417
191460
191677
191782
191785
191980
192112
192135
192530
192594
192634
192970
193083
193093
193332
193494
193634
193725
193856
193943
194047
194346
194387
194796
194863
194927
195027
195086
195175
195234
195539
195544
195571
195599
195606
195863
195937
196033
196435
196439
196467
196568
196611
196660
196777
196813
197285
197385
197690
197782
198082
198275
198290
198493
198569
198689
198909
199061
199215
199242
199253
199338
199488
199561
199572
199678
199752
199894
199923
200116
200428
200570
200581
200878
201055
201083
201101
201190
201194
201622
202017
202036
202324
202755
203210
203322
203779
204000
204224
204320
204328
204424
204501
204673
204817
204870
204891
204899
205199
205351
205481
205565
205684
205951
206097
206154
206156
206514
206631
206783
207115
207232
207438
207636
207764
207862
207967
208024
208198
208203
208266
208323
208500
208560
208732
208923
208973
209178
209488
209612
210087
210102
210430
210506
210672
210879
211247
211265
211318
211363
211367
211372
211473
211563
211817
211851
211939
211959
211987
212473
212614
212762
212897
212924
212971
213048
213749
213820
213892
213993
214153
214188
214244
214436
214813
214929
215082
215284
215412
215470
215520
215583
216012
216408
216671
216862
217553
217584
218075
218118
218806
218813
219003
219006
219296
219709
219955
220003
220160
220236
220313
220338
220763
220764
220774
220835
220887
220913
220975
220980
221098
221147
221212
221228
221279
221464
221892
222468
222610
222642
222683
222688
222719
222766
222791
222880
222886
223036
223184
223208
223686
223798
223827
223877
223971
223992
224124
224216
224222
224548
224873
225021
225056
225268
225356
225474
225785
225947
226063
226175
226197
226446
226463
226512
226596
226688
227530
227535
227617
227715
227735
227765
227808
228104
228122
228232
228304
228324
228716
228798
229022
229193
229219
229331
229902
230293
230331
230383
230419
230423
230584
230703
230805
230835
230850
231190
231396
231674
231795
231847
231856
231991
232085
232358
232992
233098
233154
233268
233290
233323
233336
233532
234025
234157
234181
234200
234282
234322
234616
234626
234910
234926
235042
235107
235445
235904
236209
236319
236387
236640
236751
236945
237134
237164
237357
237537
238212
238256
238288
238365
238554
238607
238690
238958
239281
239286
239467
239714
240182
240227
240283
240331
240512
240660
240788
240879
240904
241029
241078
241391
241476
241478
241529
241752
241917
241995
242235
242281
242379
242413
242505
242707
242838
242920
243021
243192
243494
243817
243917
244306
244558
244856
244953
245049
245093
245188
245372
245806
245844
245864
246188
246193
246597
246681
247227
247437
247656
247753
247840
247978
248163
248238
248396
248741
249034
249061
249451
249637
249939
249964
249998
250009
250180
250209
250353
250428
250557
250559
250670
250799
250833
250839
251038
251489
251831
251864
252056
252115
253068
253139
253674
254091
254106
254120
254364
254431
254866
254876
255116
255160
255607
255781
256413
256595
256714
256757
256768
256771
256968
257050
257137
257588
257802
258654
258909
258956
259109
259466
259674
259843
260987
261148
261250
261756
261919
261938
261963
262224
262275
262335
262362
262437
262452
262470
262611
262721
262885
263210
263320
263386
263488
263574
263594
263795
264137
265120
265399
265435
265447
265764
265807
265863
265873
266415
266504
266611
266617
266676
266897
267173
267914
268197
269013
269046
269190
269561
269590
269633
269917
270344
270359
270762
270866
270890
271841
272809
272822
272984
273197
273384
273398
273946
274625
274672
274721
274732
275399
275472
275834
275880
275910
276057
276694
277107
277217
277218
277930
278197
278391
278452
278481
278661
278785
278839
278952
279488
279898
280020
280708
280874
281863
282226
282230
282456
282502
282672
283045
284444
284579
284661
284727
284895
285125
285221
285394
285501
285520
286511
286850
287044
287762
288122
288146
288373
288489
288499
288518
288826
289197
289251
289289
289354
289495
289523
289550
289978
290066
290115
290159
290199
290229
290253
291139
291480
292550
292604
292967
293156
293275
293903
294275
294316
294426
295087
295117
295256
295293
295991
297027
297190
297324
298137
298565
299028
299524
300235
300459
300499
300562
301521
302072
302358
302524
302757
303348
304168
304545
304825
304908
306818
307344
307506
308426
308678
309109
309266
309272
310093
310315
310880
311369
311684
311964
312067
312218
312536
312665
313240
313276
313603
313621
313781
313792
314853
315650
315898
316271
316479
316883
317759
317815
317987
319513
319730
319977
321262
322099
322590
322722
324303
325239
326560
326722
327572
327961
328361
328807
328831
329399
329643
329892
330314
330533
330593
331395
333160
333977
334435
336235
336758
337497
337724
337773
338063
338377
338716
339126
340317
340697
341877
343494
343525
343764
343994
344031
345364
346032
346648
347036
348415
348640
348662
348952
349090
349181
350018
350645
352857
353761
354331
356257
356412
356535
357524
359236
359774
361713
361836
361852
362199
362638
362746
362948
363640
364275
364394
365334
366263
366268
367371
367468
367878
367968
368041
369477
370496
371230
371269
371696
373498
373718
374132
375117
377027
377380
378675
379579
379590
379828
380948
381265
382851
384114
385310
386097
387145
387551
387932
388785
389566
389899
390171
392964
393332
394456
394941
395633
395712
396740
400584
401377
401647
403100
404604
404968
405789
406884
407303
409512
411792
415867
417382
418379
419158
421258
421375
421708
423561
423696
424473
429002
432017
434080
434190
434578
434715
434900
436997
437349
440583
440740
443963
447761
455780
457010
457853
461751
462360
466165
472495
476651
480980
485632
489256
492407
501030
507624
507817
515179
522972
527697
527742
564676
584170
600285
600811
621121
686497
