0
0
98
143
212
290
310
338
338
344
369
483
488
579
747
756
760
837
841
856
884
913
943
950
977
1066
1120
1389
1492
1500
1625
1663
1770
1804
1904
1913
1957
2000
2026
2060
2178
2266
2406
2437
2438
2501
2537
2611
2678
2763
2799
2802
2851
2891
2892
2996
3017
3024
3046
3057
3113
3169
3177
3186
3291
3309
3342
3392
3523
3553
3594
3626
3656
3667
3750
3768
3785
3787
3811
3816
3818
3866
3882
3918
3950
4064
4121
4153
4170
4190
4229
4256
4278
4367
4449
4492
4529
4582
4618
4621
4647
4716
4750
4774
4775
4828
4828
4837
4844
4901
4919
5035
5203
5212
5223
5252
5265
5278
5381
5430
5446
5447
5470
5565
5572
5591
5712
5769
5784
5828
5885
6001
6030
6039
6131
6143
6167
6197
6416
6511
6541
6567
6606
6668
6676
6680
6718
6721
6724
6769
6793
6797
6906
6909
6927
7233
7290
7290
7331
7364
7407
7409
7458
7499
7499
7575
7583
7588
7639
7647
7654
7684
7772
7777
7831
7840
7841
7847
7917
7919
7955
8026
8083
8099
8107
8117
8184
8207
8249
8372
8413
8455
8492
8520
8591
8609
8638
8657
8685
8866
8905
8907
8910
8945
8947
8972
9007
9124
9156
9188
9250
9290
9328
9392
9507
9531
9570
9584
9604
9757
9799
9838
9868
9909
9910
9934
9967
9994
10030
10087
10180
10182
10183
10254
10254
10289
10290
10303
10453
10457
10504
10515
10517
10673
10718
10770
10801
10853
10905
10948
10975
11044
11072
11103
11138
11233
11235
11367
11384
11399
11401
11427
11468
11484
11529
11618
11622
11627
11631
11949
11954
11995
12208
12228
12309
12310
12396
12427
12453
12511
12527
12573
12647
12760
12851
12881
12901
12902
12975
13017
13099
13167
13229
13242
13259
13274
13297
13314
13345
13382
13439
13479
13499
13529
13534
13621
13636
13691
13697
13761
13844
13859
13895
13948
13964
13991
14009
14047
14072
14104
14110
14176
14177
14181
14286
14355
14406
14447
14482
14526
14557
14689
14714
14804
14820
14858
15001
15012
15015
15128
15212
15262
15354
15363
15426
15544
15618
15741
15745
15778
15785
15831
15845
15851
15919
15953
15972
16031
16073
16090
16165
16259
16261
16349
16509
16596
16632
16779
16796
16825
17015
17094
17131
17136
17147
17169
17171
17241
17335
17434
17448
17476
17494
17569
17728
17801
17978
18050
18055
18060
18113
18179
18181
18200
18200
18268
18286
18324
18345
18379
18495
18520
18641
18665
18728
18738
18776
18829
18895
18926
18992
19006
19046
19147
19154
19164
19185
19252
19254
19298
19332
19370
19378
19408
19415
19424
19462
19463
19486
19504
19553
19607
19618
19664
19751
19781
19818
19918
19949
19956
20036
20080
20086
20098
20106
20142
20160
20274
20301
20303
20534
20546
20569
20619
20660
20666
20705
20711
20718
20749
20753
20883
20902
20962
20972
21106
21156
21225
21324
21328
21364
21374
21452
21463
21483
21525
21574
21604
21637
21652
21692
21717
21806
21961
21962
21964
22040
22146
22147
22198
22239
22256
22286
22303
22308
22337
22518
22527
22597
22599
22717
22762
22817
22919
22935
22948
22968
22998
23005
23147
23231
23358
23414
23462
23504
23534
23540
23568
23604
23649
23674
23685
23728
23751
23759
23857
23884
23960
23970
23972
23978
24020
24026
24053
24065
24067
24133
24149
24272
24296
24319
24340
24464
24477
24481
24499
24544
24552
24580
24587
24602
24676
24728
24791
24799
24839
24882
24979
24983
24983
24987
25084
25101
25110
25152
25270
25340
25395
25412
25460
25495
25603
25619
25628
25709
25834
25837
25902
25951
26033
26195
26365
26375
26562
26597
26748
26781
26799
26799
27011
27118
27272
27386
27431
27444
27490
27511
27528
27575
27595
27721
27768
27778
27800
27829
27862
28006
28010
28149
28206
28223
28296
28350
28398
28478
28581
28649
28674
28682
28694
28699
28790
28803
28871
28873
28910
28976
29008
29136
29148
29178
29190
29362
29447
29496
29534
29537
29764
29877
29925
29928
29963
29989
30063
30075
30081
30097
30200
30258
30300
30323
30330
30353
30372
30400
30459
30467
30489
30491
30598
30795
30834
30841
30913
30936
30972
31004
31129
31216
31226
31249
31285
31302
31371
31465
31482
31484
31487
31512
31752
31765
31789
31829
31835
31878
31880
31914
32007
32046
32057
32083
32102
32147
32206
32242
32358
32387
32470
32492
32498
32538
32678
32683
32688
32722
32788
32808
32830
32869
33076
33118
33136
33197
33226
33275
33295
33357
33573
33650
33704
33707
33862
33890
33946
33964
34047
34148
34185
34265
34302
34401
34413
34558
34565
34753
34847
34889
34931
35013
35018
35026
35050
35115
35134
35138
35140
35275
35290
35303
35321
35342
35375
35376
35408
35442
35475
35486
35607
35823
35853
35900
35975
36011
36016
36022
36032
36046
36061
36081
36098
36108
36171
36249
36302
36369
36385
36408
36458
36474
36476
36600
36625
36671
36716
36846
37021
37025
37137
37152
37169
37230
37470
37592
37619
37669
37698
37717
37817
37875
37910
37953
37975
37986
37995
38018
38142
38144
38172
38219
38294
38335
38341
38522
38565
38574
38591
38646
38677
38947
38962
38992
39009
39029
39071
39111
39138
39179
39218
39241
39317
39320
39383
39420
39455
39461
39503
39591
39605
39621
39709
39738
39762
39768
39801
39814
39862
39898
39936
39962
40030
40101
40193
40304
40321
40415
40417
40435
40503
40580
40663
40714
40732
40748
40752
40784
40819
40847
40886
40889
40968
41015
41060
41077
41120
41128
41136
41197
41205
41260
41272
41281
41494
41525
41574
41603
41626
41678
41777
41777
41888
41972
42068
42097
42381
42382
42424
42450
42489
42527
42540
42584
42593
42599
42698
42768
42827
42924
42937
43145
43183
43425
43480
43487
43562
43652
43754
43797
43816
43979
44047
44055
44056
44075
44151
44271
44382
44387
44392
44436
44543
44677
44715
44717
44723
44731
44757
44769
44846
44851
44863
44971
45068
45204
45230
45266
45306
45314
45327
45339
45351
45417
45432
45504
45551
45588
45736
45779
45898
45973
45978
45984
45993
46030
46052
46053
46103
46118
46250
46254
46308
46345
46351
46394
46486
46488
46529
46532
46594
46617
46689
46852
47130
47130
47151
47542
47556
47675
47723
47784
47806
47848
47895
47978
47996
48049
48059
48069
48089
48138
48239
48244
48254
48373
48406
48424
48445
48462
48472
48488
48613
48640
48732
48910
48925
48926
48926
48950
48967
49067
49101
49161
49235
49259
49272
49300
49349
49358
49366
49381
49397
49412
49418
49513
49586
49603
49646
49709
49729
49744
49765
49790
49849
49879
49892
49903
49979
49995
50004
50031
50036
50037
50038
50044
50103
50212
50270
50341
50377
50437
50454
50475
50484
50487
50507
50522
50539
50579
50638
50669
50717
50719
50785
50817
50831
50842
50972
50979
51012
51015
51064
51154
51352
51449
51475
51603
51632
51645
51680
51689
51735
51823
51868
52047
52081
52209
52282
52310
52377
52426
52439
52501
52575
52608
52620
52757
52902
52962
52968
52997
53065
53096
53162
53365
53394
53444
53463
53546
53548
53637
53660
53675
53693
53709
53736
53752
53756
53757
53807
53875
53884
53896
53914
53919
54004
54085
54149
54228
54245
54245
54271
54305
54335
54349
54361
54504
54634
54656
54684
54712
54850
54915
54942
55004
55024
55088
55106
55229
55247
55378
55448
55461
55508
55574
55607
55622
55684
55697
55748
55752
55760
55764
55809
55870
55886
55933
55955
55996
56024
56121
56134
56143
56164
56182
56210
56220
56294
56310
56393
56395
56410
56411
56418
56451
56527
56628
56641
56744
56752
56902
56934
56945
56970
56987
56998
57236
57315
57427
57461
57483
57502
57583
57603
57753
57815
57864
57871
57918
57943
57981
57991
58046
58071
58080
58086
58110
58133
58324
58364
58392
58469
58486
58517
58546
58616
58628
58633
58696
58728
58836
58882
58898
58946
58965
58995
59007
59180
59236
59245
59246
59287
59291
59337
59431
59450
59505
59598
59650
59660
59684
59736
59855
59895
59937
59991
60034
60036
60047
60078
60130
60166
60167
60182
60246
60259
60262
60324
60439
60685
60694
60787
60837
60849
60952
61044
61061
61090
61137
61152
61154
61167
61174
61236
61302
61348
61591
61630
61655
61686
61819
61825
61997
62061
62236
62251
62261
62361
62367
62402
62418
62451
62469
62535
62586
62620
62712
62730
62730
62739
62755
62824
62932
63054
63057
63064
63147
63178
63204
63233
63243
63243
63298
63357
63494
63499
63568
63578
63629
63764
63849
63887
63930
63988
64089
64117
64173
64222
64252
64292
64307
64417
64432
64434
64543
64550
64554
64579
64694
64737
64753
64804
64836
65104
65156
65247
65304
65319
65350
65354
65411
65516
65518
65532
65542
65654
65672
65743
65814
65871
65892
66043
66055
66071
66178
66372
66403
66431
66653
66748
66765
66783
66798
66808
66914
67036
67052
67076
67131
67246
67311
67360
67470
67480
67484
67491
67509
67622
67654
67664
67692
67695
67715
67781
67857
67917
67923
67951
67975
67986
67996
68026
68049
68110
68164
68170
68296
68365
68383
68472
68488
68493
68512
68533
68591
68750
68790
68817
68863
68899
68899
68994
69049
69110
69156
69160
69217
69252
69263
69336
69342
69367
69512
69621
69677
69712
69776
69777
69789
69914
70124
70182
70230
70232
70263
70468
70707
70735
70785
70833
70852
70868
70902
71020
71047
71060
71070
71087
71125
71178
71204
71285
71292
71295
71299
71510
71542
71549
71583
71703
71708
71761
71852
71853
71884
71894
71934
72138
72150
72256
72318
72388
72445
72525
72546
72576
72628
72667
72688
72931
72994
73025
73038
73073
73074
73095
73102
73143
73148
73263
73312
73314
73369
73371
73410
73423
73438
73654
73669
73675
73693
73696
73723
73875
73909
73920
73944
74019
74021
74199
74214
74237
74264
74386
74407
74446
74567
74584
74869
74956
74967
75131
75228
75284
75296
75298
75508
75525
75546
75610
75616
75630
75655
75792
75846
75882
75956
76086
76142
76169
76220
76241
76275
76308
76351
76389
76427
76449
76527
76556
76635
76656
76689
76728
76805
76879
76961
76984
77093
77159
77433
77568
77583
77614
77688
77795
77868
77880
77910
77949
77964
77965
77978
77995
78109
78127
78132
78150
78163
78170
78243
78384
78410
78609
78647
78661
78665
78703
78758
78864
78891
78974
79007
79022
79058
79060
79253
79348
79365
79366
79575
79577
79664
79762
79837
79892
79926
79932
79988
80041
80093
80172
80199
80345
80358
80385
80496
80515
80587
80671
80675
80704
80707
80707
80743
80758
80807
80889
80964
80969
80989
81140
81225
81297
81300
81302
81406
81516
81530
81588
81754
81799
81819
82034
82161
82187
82207
82214
82311
82418
82440
82444
82647
82770
82961
83060
83063
83231
83260
83345
83380
83384
83398
83408
83492
83536
83695
83727
83741
83809
83832
83862
83907
83995
84014
84148
84192
84233
84477
84564
84656
84684
84772
84795
84907
85194
85207
85266
85403
85472
85519
85520
85524
85597
85651
85809
85947
86048
86203
86204
86232
86251
86272
86337
86420
86426
86510
86557
86620
86637
86663
86813
86978
87042
87135
87179
87264
87347
87365
87432
87468
87490
87634
87661
87710
87821
87826
87941
87952
87982
87991
88026
88268
88373
88387
88387
88407
88494
88509
88573
88582
88589
88716
88726
88742
88744
88778
88823
88861
88882
88934
89072
89099
89224
89272
89403
89465
89487
89494
89518
89571
89589
89671
89732
89824
89870
90044
90123
90346
90390
90428
90566
90593
90625
90657
90721
90744
90838
90907
90910
90944
90954
90971
91017
91162
91216
91340
91351
91438
91444
91454
91569
91734
91795
91939
91971
91997
92035
92057
92068
92308
92316
92373
92414
92468
92534
92567
92567
92634
92653
92666
92760
92777
92786
92792
92820
92849
92851
92935
92937
92982
93012
93091
93093
93176
93344
93405
93424
93456
93465
93470
93493
93495
93533
93553
93554
93572
93614
93620
93641
93826
94011
94040
94100
94119
94164
94185
94298
94311
94433
94481
94554
94558
94573
94866
94955
94966
95012
95107
95120
95213
95237
95254
95384
95391
95466
95537
95541
95619
95690
95708
95715
95868
95897
95936
95992
96027
96092
96105
96119
96155
96238
96432
96577
96743
96885
96908
96968
97016
97062
97088
97157
97174
97182
97187
97206
97316
97322
97401
97470
97516
97528
97534
97632
97712
97747
97781
97887
97899
97931
98085
98138
98385
98451
98511
98586
98664
98805
98816
98859
98972
98998
99061
99156
99265
99316
99347
99355
99529
99749
99883
99892
99912
99933
99986
100175
100244
100271
100276
100295
100322
100408
100457
100504
100504
100534
100561
100599
100663
100889
100902
100954
101078
101097
101176
101196
101250
101374
101384
101401
101424
101506
101539
101558
101679
101706
101904
101925
101958
102101
102147
102387
102403
102424
102426
102526
102581
102645
102676
102729
102735
102736
102848
102898
102944
102969
103139
103213
103432
103458
103530
103600
103758
103816
103859
103913
103932
104022
104041
104132
104191
104207
104226
104269
104480
104592
104685
104851
104903
104905
105021
105081
105098
105128
105246
105325
105328
105405
105502
105558
105570
105585
105699
105753
105843
105893
105926
106165
106254
106415
106433
106567
106599
106645
106788
106818
106837
106846
106868
106905
106919
106946
107135
107160
107188
107212
107327
107362
107538
107538
107637
107722
107793
107805
107817
107855
107992
108127
108140
108164
108203
108232
108243
108245
108274
108287
108390
108446
108467
108468
108723
108723
108786
108916
109110
109350
109398
109445
109669
109726
109795
109889
110007
110018
110044
110051
110190
110227
110357
110426
110513
110650
110789
110806
110827
111076
111109
111202
111297
111300
111313
111347
111416
111661
111689
111717
111722
111741
111991
112086
112134
112182
112213
112257
112326
112381
112729
112762
112910
112941
112976
113045
113092
113120
113155
113205
113268
113367
113408
113445
113452
113526
113584
113654
113667
113674
113709
113760
113949
114123
114207
114318
114482
114598
114619
114723
114766
114798
114913
114951
114954
114971
115067
115212
115412
115503
115696
115716
115753
115794
115881
116063
116117
116517
116524
116543
116570
116767
116842
116846
116923
116970
117029
117055
117194
117234
117284
117311
117355
117415
117527
117541
117595
117606
117768
117768
117781
117865
117873
117926
117998
118011
118029
118042
118109
118232
118249
118374
118412
118419
118455
118473
118513
118522
118685
118701
118820
118822
119147
119168
119214
119377
119439
119455
119492
119562
119610
119715
119767
119904
119987
120003
120168
120180
120182
120195
120483
120585
120614
120789
120807
120829
120860
120971
121102
121161
121166
121305
121398
121407
121477
121563
121643
121991
122048
122050
122149
122228
122300
122381
122496
122647
122878
122974
123066
123140
123212
123363
123388
123517
123542
123790
123794
123839
123951
124004
124040
124133
124197
124268
124325
124340
124343
124376
124420
124470
124506
124559
124691
124745
124776
124940
125131
125158
125194
125200
125296
125388
125402
125402
125462
125522
125625
125692
125699
125745
125806
125816
125833
125879
126008
126031
126069
126084
126121
126317
126463
126574
126586
126686
126749
126750
126753
126805
126920
126996
127203
127332
127500
127535
127565
127709
127740
127841
127911
128080
128092
128126
128223
128234
128266
128296
128375
128486
128565
128665
128932
129005
129245
129358
129663
129875
129932
129960
130064
130156
130166
130299
130338
130368
130400
130626
130660
130754
130789
130826
130831
130855
130895
131048
131132
131177
131410
131477
131553
131577
131611
131622
131632
131637
131708
131802
131944
132007
132022
132057
132138
132138
132150
132196
132315
132411
132484
132506
132508
132539
132865
132932
132936
132973
133362
133393
133472
133531
133570
133681
133741
133827
133853
134077
134143
134170
134287
134339
134368
134411
134415
134521
134621
134767
134929
134930
135033
135184
135229
135259
135289
135409
135533
135601
135705
135722
135730
135816
135968
136163
136401
136529
136569
136682
136695
136712
136788
136826
136862
136927
136954
137031
137115
137179
137297
137312
137452
137612
137719
137804
137817
137831
137852
137860
137925
137972
138058
138207
138265
138332
138457
138531
138657
138821
138870
138963
139039
139096
139133
139210
139499
139619
139703
139736
139829
139902
140090
140249
140498
140618
140756
140764
140785
140924
141170
141318
141320
141455
141717
142010
142082
142098
142167
142173
142246
142362
142792
142792
142916
142929
142943
142987
143123
143133
143257
143367
143431
143459
143494
143499
143568
143572
143632
143695
143782
143792
143829
143893
143984
144008
144042
144063
144120
144160
144258
144294
144361
144500
144585
144681
144746
144889
144892
144917
144924
145199
145236
145274
145306
145308
145341
145625
145698
145931
146017
146062
146084
146325
146371
146414
146518
146595
146725
146787
146870
146881
147078
147121
147144
147178
147204
147315
147350
147451
147458
147523
147592
147662
147798
147943
148047
148070
148332
148382
148405
148583
148703
148709
148934
148966
148979
149000
149016
149063
149117
149133
149149
149223
149398
149597
149768
149808
150145
150219
150248
150255
150305
150345
150441
150516
150587
150658
150769
150799
150911
151095
151269
151316
151453
151565
151620
151674
151690
151768
151787
151893
151913
152042
152042
152244
152260
152378
152386
152655
152727
152731
152781
152839
153039
153107
153228
153265
153265
153319
153425
153597
153666
153671
153695
153804
153903
154034
154146
154160
154271
154320
154340
154479
154538
155212
155406
155511
155539
155572
155638
155640
155879
155908
155970
156151
156310
156470
156604
156656
156666
156740
156847
156898
157054
157141
157175
157342
157347
157357
157502
157638
157657
157700
157920
157997
158070
158234
158291
158339
158349
158360
158377
158400
158477
158508
158585
158710
158855
159059
159284
159442
159559
159679
159691
159723
159793
159829
159857
160128
160176
160271
160439
160491
160509
160621
160683
160799
160799
160990
160991
161262
161291
161361
161381
161405
161766
161808
161931
162089
162092
162142
162265
162273
162364
162447
162589
162614
162614
162793
162831
162976
163018
163023
163039
163059
163073
163099
163194
163332
163383
163572
163650
163709
163779
163838
164006
164068
164191
164241
164273
164287
164424
164572
164615
164663
164784
164998
165045
165101
165154
165204
165207
165261
165286
165301
166004
166005
166068
166154
166155
166225
166295
166368
166413
166654
166782
166870
166944
167051
167182
167286
167480
167549
167594
167694
167713
167714
167723
167871
167877
167904
168081
168083
168135
168153
168474
168554
168841
168869
168949
169070
169200
169206
169362
169480
169504
169514
169756
169951
169971
170026
170221
170380
170420
170432
170443
170451
170628
170882
170954
171164
171174
171241
171285
171579
171632
171651
171729
171766
171852
171996
172015
172048
172057
172081
172351
172402
172483
172508
172524
172533
172660
172737
172842
172844
172844
172904
172954
172962
173048
173188
173238
173443
173591
173659
173764
173780
173799
173816
173973
174112
174437
174527
174579
174607
174645
174736
174992
175028
175318
175406
175629
175664
175914
175991
176034
176050
176055
176088
176150
176171
176207
176221
176277
176288
176317
176325
176339
176591
176609
176679
176727
176881
176943
176963
177007
177198
177327
177459
177499
177510
177647
177678
177731
177794
177875
177954
178382
178503
178706
178807
178834
178985
179040
179054
179090
179185
179611
179679
179823
179883
179895
179917
179946
180012
180013
180110
180122
180195
180476
180526
180746
180788
180798
180869
180921
181047
181056
181222
181243
181316
181320
181423
181436
181441
181521
181593
181709
181718
182052
182071
182221
182340
182370
182373
182443
182588
182783
182822
182898
182976
183031
183219
183372
183537
183618
183846
183903
183975
183998
184064
184131
184141
184353
184382
184430
184512
184572
184575
184768
184792
184945
185052
185204
185613
185640
185700
185911
186102
186120
186171
186230
186552
186697
187272
187388
187439
187493
187573
187590
187632
187787
187891
187938
188048
188067
188080
188139
188156
188424
188449
188496
188501
188532
188654
188662
188899
188900
189030
189371
189639
189750
189911
189951
189960
190566
190743
190816
190997
191066
191210
191295
191342
191471
191486
191667
191668
191689
191729
191832
191879
192005
192218
192295
192323
192382
192452
192481
192508
192563
192579
192603
192685
192733
192913
192923
193236
193327
193445
193565
193636
193702
193721
193733
193771
193776
193904
194039
194162
194243
194279
194339
194411
194464
194545
194619
194622
194979
195016
195168
195252
195554
195617
195680
195693
195782
196004
196030
196146
196147
196162
196195
196221
196652
196688
196717
196733
196764
196911
196942
196983
197002
197430
197493
197579
197602
197679
197704
197775
197902
197962
198062
198244
198357
198372
198402
198520
198552
198556
198685
198726
198743
199087
199186
199468
199471
199509
199793
199994
200019
200127
200239
200288
200354
200387
200417
200473
200602
200625
200805
200952
201045
201332
201382
201460
201529
201571
201691
202585
202672
202733
202904
203352
203383
203429
203523
203562
203602
203804
203886
203935
204022
204096
204154
204232
204239
204267
204380
204406
204412
204608
204936
204951
205226
205250
205287
205305
205420
205459
205506
205579
205588
205786
206211
206653
206741
206842
206859
206964
207081
207118
207278
207350
207376
207386
207408
207485
207513
207604
207931
207937
208103
208144
208188
208205
208278
208298
208305
208422
208654
208674
208757
209058
209088
209097
209394
209740
209873
209952
210269
210768
210954
210963
211071
211094
211212
211402
211416
211426
211494
211622
211625
211990
212076
212114
212116
212151
212175
212191
212274
212326
212347
212472
212600
212667
212683
212728
212843
212973
213056
213233
213307
213581
213627
213745
213935
213998
214114
214171
214239
214249
214491
214701
214783
214813
214892
215106
215150
215156
215209
215239
215240
215613
215622
215631
215806
215889
215909
216111
216116
216197
216374
216646
216914
217114
217196
217286
217353
217359
217384
217627
217644
217690
217912
218004
218260
218550
218657
218913
219017
219166
219402
219424
219439
219442
219513
219579
219872
220154
220290
220315
220706
220823
221118
221487
221560
221613
221733
221872
222108
222200
222231
222287
222308
222669
222727
222737
222751
222801
222984
222995
223088
223343
223808
223835
223922
223955
223989
224191
224258
224594
224753
224858
225124
225225
225231
225649
225718
226252
226406
226538
227137
227334
227508
227542
227616
227721
227723
227768
227787
227897
228019
228078
228201
228719
228775
228822
229110
230084
230207
230211
230235
230245
230297
230672
231116
231161
231286
231323
231355
231405
231492
231516
231621
231798
231972
231976
232021
232042
232283
232378
232467
232490
233039
233332
233338
233366
233480
233558
233570
233615
233663
233694
233704
233734
233840
233900
233975
234034
234456
234690
235168
235446
235456
235500
235955
236199
236395
236441
236563
236639
236694
236875
237060
237324
237463
237609
237801
237842
237879
238262
238572
238853
238874
238999
239038
239174
239214
239401
239483
239526
239534
239545
240079
240175
240205
240270
240292
240439
240503
240529
240846
241168
241624
242006
242103
242215
242260
242466
242511
242699
242847
242979
243200
243215
243290
243342
243376
243726
243758
244041
244150
244426
244510
244611
244670
244951
245230
245329
245379
245442
245503
245586
245675
245710
245830
246074
246317
246338
246352
246606
246658
246797
247021
247147
247514
247567
248169
249048
249160
249195
249315
249411
249567
249601
249741
249898
249910
250140
250223
250312
250433
250624
250775
251030
251055
251132
251153
251896
252087
252450
252581
253047
253527
253654
253800
253800
253832
253981
254109
254145
254536
254990
255098
255182
255400
256351
256523
256539
256556
257233
257336
257369
257435
257439
259157
259554
260676
260744
260760
260901
261224
261226
261500
261819
261834
261956
262400
262447
262822
262848
262901
263121
263148
263584
263668
263713
263753
263823
263866
264265
264385
265074
265146
266028
266215
266374
266627
266646
266684
266783
267017
267061
267288
267821
267840
267895
267974
268352
268659
268857
268966
269019
269335
269362
269418
269983
270024
270107
270108
270376
270406
270408
271216
271305
271390
271611
271700
271786
271901
272077
272154
272211
272589
272607
272686
273089
273234
273611
273709
274282
274687
274705
274718
274819
274842
274960
275387
275921
276334
276453
276936
277078
277080
277100
277308
277452
277677
277818
277845
278118
278223
278501
278929
279028
279173
279852
279854
280596
280810
280868
281018
281026
281040
281553
281863
281901
282120
282338
282688
282835
283009
283069
283113
283473
283752
284353
284741
284972
285376
285509
285670
286358
286391
286752
286803
287016
287073
287438
287554
287620
287662
287773
287980
288039
288302
288357
288457
288704
289245
289471
289755
290190
290360
290513
290526
291071
291118
291164
291686
291696
292078
292186
292729
292792
292819
293051
293304
294172
294269
294275
294394
294979
295216
295863
296147
296168
296457
296644
296692
296877
297563
297671
297989
297998
298465
298496
299447
299672
299856
300389
300634
301512
302256
302259
302485
302573
302892
303430
303448
303451
303756
303885
303974
304079
304282
304821
304945
305124
305193
305517
305568
307195
307347
307367
308256
309371
309487
309546
310165
310517
310707
310742
310772
311010
311477
311704
311785
312066
312769
312882
312906
312936
313307
313420
314062
314493
315020
315040
315280
315320
315426
315667
316243
316819
316826
317068
317557
318162
318342
318624
318777
318804
318878
319091
319305
320008
321091
321105
321293
321392
321497
322126
322511
322607
322829
323444
323812
324421
324692
324743
325313
325385
325496
325983
326315
326642
326657
326736
327471
327811
328151
328686
329118
329148
329167
329368
329372
330346
330513
331097
331869
333415
333804
333972
334599
334946
335469
335737
336070
337078
337274
337401
337574
337652
337717
337932
337972
338058
338101
338174
338651
338816
339005
339012
340127
340918
340963
341130
341356
341401
341970
342499
342776
342798
342844
343292
343435
344540
345554
347490
348121
348394
348482
348788
349581
350626
351615
353350
353476
353766
354198
354533
355116
357290
357726
357792
357864
359100
359363
360714
360868
361313
361476
362857
363341
363824
364557
365035
365051
365090
365677
365695
365905
368701
369307
369857
369976
370097
370954
371911
372307
372524
373651
374301
375030
375595
375752
375934
377629
377903
378576
379421
379761
380762
381205
381715
382159
387087
387182
388396
389684
390355
392219
392296
393229
393679
394526
396713
397431
398023
398762
399591
399967
401118
401606
403968
404047
407121
407593
407860
409112
409376
409841
410908
411564
411889
411932
412359
412479
414450
414496
416332
416569
417562
417921
418204
418282
419265
419766
419921
421900
421928
422515
422788
423436
425525
426505
427992
432292
433376
433737
434157
435356
435532
435539
435633
435650
436078
436157
436436
437782
439368
440493
441672
442126
443028
443679
444797
445998
446041
450143
451470
452019
453140
455317
455338
458072
460407
461541
462084
463568
464349
464542
465914
467729
468601
471187
473456
473574
476717
477934
479717
480727
481877
482110
482329
483262
485783
486007
487213
488919
489739
498610
504869
517050
519723
522282
523885
529967
530132
538185
540165
541793
548251
574933
585461
586873
598826
603473
609546
665700
