0
0
5
66
110
127
290
292
307
314
328
342
364
408
483
556
565
670
773
800
824
859
898
952
1054
1097
1159
1187
1273
1424
1444
1508
1550
1672
1681
1711
1779
1822
1846
1852
1917
1925
1954
1974
1993
2000
2030
2036
2061
2061
2119
2146
2274
2297
2323
2327
2349
2349
2366
2393
2514
2575
2767
2772
2796
2821
2905
2929
2971
3058
3067
3116
3227
3251
3281
3330
3355
3429
3486
3488
3527
3599
3604
3745
3814
3848
3935
4124
4169
4210
4233
4307
4312
4352
4447
4635
4647
4755
4787
4791
4830
4851
4852
4920
4944
5136
5167
5176
5206
5238
5243
5340
5355
5425
5435
5457
5459
5594
5629
5630
5750
5824
5841
5845
5866
5983
6055
6093
6146
6159
6171
6205
6301
6330
6372
6444
6498
6635
6712
6727
6732
6773
6849
6858
7081
7083
7174
7189
7285
7327
7405
7533
7558
7572
7574
7617
7618
7651
7694
7694
7730
7764
7782
7807
7842
7945
8098
8179
8194
8305
8348
8354
8367
8370
8377
8383
8423
8483
8563
8634
8670
8675
8743
8780
8844
8898
8931
9117
9169
9207
9242
9263
9271
9504
9633
9695
9702
9774
9833
9908
9975
10160
10211
10235
10256
10308
10338
10410
10448
10472
10546
10578
10730
10733
10738
10744
10752
10824
10835
10850
10852
10901
10921
10981
11057
11062
11067
11165
11177
11195
11296
11324
11354
11362
11379
11522
11541
11713
11733
11795
11842
11987
12032
12176
12224
12243
12250
12272
12302
12357
12365
12385
12418
12565
12671
12725
12821
12929
12976
13021
13086
13202
13208
13238
13251
13385
13394
13457
13469
13546
13624
13748
13756
13909
13972
13981
14026
14127
14139
14162
14195
14275
14307
14376
14456
14510
14621
14636
14652
14689
14735
14740
14870
14907
14933
14934
14947
15085
15212
15269
15334
15428
15467
15519
15529
15600
15658
15686
15693
15698
15717
15722
15780
15844
15852
15928
16023
16024
16026
16035
16093
16181
16278
16579
16661
16673
16807
16869
16937
16943
16997
17069
17090
17108
17277
17360
17383
17477
17521
17542
17667
17669
17718
17734
17765
17815
17843
17869
17939
17986
17991
18037
18048
18140
18283
18316
18363
18483
18557
18564
18570
18574
18602
18699
18733
18741
18750
18784
18841
18845
18928
19052
19063
19103
19166
19263
19668
19669
19735
19845
19903
19922
19923
19944
19995
20044
20134
20171
20177
20207
20207
20279
20320
20329
20347
20360
20443
20458
20479
20616
20649
20650
20660
20682
20702
20745
20768
20775
20855
20936
20992
21057
21097
21122
21136
21220
21279
21330
21375
21388
21420
21450
21469
21583
21623
21625
21687
21804
21817
21822
21953
22003
22038
22090
22092
22149
22266
22389
22392
22420
22589
22603
22845
22919
22940
22950
23017
23278
23291
23324
23389
23437
23509
23886
23904
23977
24033
24053
24072
24154
24164
24195
24290
24360
24373
24456
24480
24559
24636
24781
24785
24868
24869
24893
24903
25000
25147
25251
25438
25470
25495
25525
25555
25664
25749
25760
25812
25882
25975
25977
25986
26025
26036
26042
26050
26053
26058
26097
26117
26117
26208
26320
26401
26439
26452
26467
26556
26676
26733
26841
26888
26925
27075
27080
27088
27169
27234
27262
27320
27491
27512
27578
27601
27635
27637
27698
27699
27810
27863
27880
28006
28044
28052
28056
28095
28106
28216
28217
28264
28272
28316
28336
28577
28607
28620
28756
28783
28925
29014
29029
29091
29100
29255
29273
29291
29341
29436
29445
29485
29546
29661
29701
29866
29867
29905
29934
29962
30053
30216
30329
30348
30402
30474
30497
30632
30750
30765
30837
30909
30960
31039
31052
31058
31117
31127
31145
31378
31432
31433
31489
31561
31615
31633
31712
31790
31801
31805
31832
31834
31843
31850
31867
32119
32207
32217
32234
32280
32285
32608
32613
32654
32660
32673
32822
32914
32970
33164
33325
33378
33417
33505
33551
33601
33669
33854
33875
33875
33907
34063
34097
34126
34366
34400
34414
34427
34434
34443
34457
34479
34560
34690
34727
34729
34746
34748
34903
34920
34944
34962
34967
34973
34987
35102
35104
35165
35197
35203
35221
35337
35378
35392
35406
35519
35681
35734
35746
35777
35790
35891
35996
36071
36189
36265
36285
36334
36354
36411
36569
36616
36723
36800
36802
36822
36930
36938
36972
36984
37060
37073
37123
37208
37266
37356
37446
37536
37569
37594
37670
37684
37685
37751
37842
37924
37949
37971
38069
38182
38199
38262
38298
38345
38363
38416
38469
38471
38507
38538
38547
38559
38643
38670
38743
38753
38829
38871
38883
38926
38926
39010
39088
39089
39258
39354
39408
39442
39531
39575
39620
39820
39939
40118
40257
40290
40332
40405
40446
40590
40594
40656
40691
40841
40870
41004
41031
41160
41231
41269
41296
41421
41464
41548
41599
41672
41688
41753
42031
42109
42182
42356
42425
42522
42625
42652
42707
43011
43152
43216
43221
43254
43272
43391
43412
43441
43442
43597
43685
43743
43782
43817
43891
43973
43982
44131
44134
44197
44204
44252
44264
44321
44322
44421
44592
44603
44657
44674
44754
44769
44805
44819
44850
44860
44900
45009
45012
45037
45042
45080
45104
45119
45313
45427
45446
45490
45507
45525
45592
45665
45700
45701
45741
45775
45781
45820
46105
46164
46233
46243
46247
46254
46300
46345
46360
46437
46683
46734
46883
46995
47027
47040
47176
47279
47316
47383
47417
47495
47645
47710
47723
47799
47820
48016
48088
48209
48229
48244
48300
48332
48630
48691
48768
48790
48826
48846
48912
48964
48981
48993
49009
49029
49031
49346
49433
49484
49582
49737
49774
49788
49881
50151
50163
50241
50255
50306
50328
50355
50367
50492
50569
50652
50741
50805
51091
51093
51107
51142
51300
51461
51614
51633
51633
51649
51831
51874
51917
52274
52428
52518
52523
52652
52695
52826
52922
53074
53109
53123
53123
53350
53430
53546
53654
53684
53714
53831
53980
54042
54077
54135
54168
54194
54239
54282
54289
54360
54363
54393
54430
54473
54523
54530
54590
54610
54672
54720
54743
54749
54768
54809
54817
54846
54873
54932
54997
55081
55165
55183
55190
55243
55288
55332
55389
55395
55412
55460
55469
55476
55641
55661
55704
55832
55881
55962
55962
55993
56253
56322
56381
56469
56507
56543
56626
56842
56860
56970
56979
56997
57101
57160
57303
57312
57439
57542
57573
57581
57642
57695
57729
57782
57807
57832
57880
57888
57909
57975
57983
58051
58055
58071
58113
58162
58199
58207
58448
58486
58584
58739
58819
58837
58899
58928
58977
59017
59052
59122
59193
59254
59287
59363
59426
59550
59571
59624
59633
59709
59792
60079
60090
60121
60173
60213
60248
60411
60450
60558
60602
60659
60838
60911
61032
61155
61181
61250
61281
61347
61405
61553
61567
61609
61743
61805
61832
61836
61885
62086
62117
62158
62248
62273
62277
62390
62479
62528
62534
62719
62860
62900
62934
62943
63082
63172
63262
63357
63370
63497
63533
63568
63575
63713
63751
63792
63830
63966
64144
64186
64190
64227
64327
64429
64439
64539
64636
64721
64793
64898
65028
65134
65146
65149
65298
65317
65527
65554
65795
66019
66033
66090
66104
66147
66161
66170
66306
66339
66346
66375
66389
66485
66549
66610
66671
66715
66766
66778
66848
66848
66891
66923
66941
67043
67101
67122
67203
67245
67251
67379
67383
67471
67535
67671
67748
67769
67854
68018
68066
68209
68219
68240
68429
68434
68595
68635
68663
68671
68675
68835
68853
68863
68897
68995
69179
69185
69196
69328
69350
69474
69505
69609
69659
69671
69714
69874
69930
69976
70040
70069
70153
70353
70538
70559
70661
70749
70756
70963
70982
71039
71148
71169
71238
71304
71351
71405
71452
71514
71529
71570
71572
71667
71673
71922
71952
72025
72040
72132
72249
72273
72298
72455
72848
73340
73405
73458
73470
73491
73592
73612
73633
73727
73729
73756
73815
73855
73946
73958
74008
74198
74432
74437
74452
74489
74565
74833
74896
74981
75094
75136
75168
75232
75276
75588
75594
75648
75674
75684
75739
76021
76308
76357
76362
76416
76800
76831
76962
76977
76995
77001
77007
77009
77010
77032
77038
77047
77162
77295
77301
77318
77370
77410
77425
77559
77579
77651
77677
77781
77863
77902
77959
78038
78236
78267
78334
78358
78365
78488
78536
78564
78757
78871
78896
78943
78976
78979
79060
79168
79172
79410
79472
79524
79553
79579
79653
79703
79790
79861
79927
80111
80206
80246
80249
80271
80346
80631
80698
80732
80735
80814
80844
80927
80937
81093
81107
81173
81196
81204
81306
81368
81392
81419
81478
81501
81584
81590
81657
81667
81695
81767
81801
81814
81825
81877
81942
82103
82132
82188
82211
82218
82357
82441
82475
82494
82561
82878
82912
82948
83190
83547
83549
83588
83595
83595
83597
83602
83703
83878
83953
84019
84203
84418
84451
84455
84483
84534
84746
84754
84795
84809
84925
84955
85040
85065
85194
85251
85316
85390
85397
85446
85448
85470
85490
85500
85536
85703
85742
85811
85873
85927
85946
86098
86199
86234
86361
86396
86401
86456
86539
86685
86723
86770
86788
86878
86969
86980
87192
87217
87222
87238
87341
87349
87365
87449
87467
87526
87533
87620
87716
87733
87752
87765
87927
88000
88124
88163
88170
88270
88276
88348
88420
88599
88599
88642
88645
88653
88775
88981
89046
89077
89087
89107
89129
89157
89203
89386
89443
89474
89525
89646
89761
89952
89971
89976
90005
90036
90057
90131
90215
90231
90254
90499
90554
90645
90651
90821
90865
90973
91052
91141
91141
91156
91217
91434
91458
91483
91537
91546
91559
91603
91706
91721
91773
91802
91926
91969
92014
92098
92134
92181
92269
92301
92418
92556
92636
92683
92854
92970
93000
93064
93087
93105
93294
93420
93523
93540
93555
93618
93624
93681
93826
93894
93932
93953
93955
93957
93991
94054
94338
94370
94391
94405
94428
94531
94619
94674
94750
94791
94808
94861
94919
94967
94979
95074
95090
95099
95141
95176
95234
95385
95608
95647
95689
95813
95870
95949
95951
95953
95980
96035
96090
96196
96199
96298
96361
96419
96599
96600
96631
96660
96746
96813
96912
96975
96981
97092
97351
97484
97511
97553
97686
97818
98093
98139
98320
98645
98756
98763
98782
98796
98958
99051
99074
99274
99781
99836
99865
99920
100008
100089
100219
100285
100349
100404
100522
100551
100609
100618
100728
100742
100774
100865
101006
101062
101065
101244
101253
101332
101411
101430
101505
101571
101600
101793
101922
101970
101991
102002
102022
102090
102093
102162
102327
102342
102519
102524
102613
102617
102702
102933
103009
103015
103120
103439
103481
103650
103654
103774
103814
103817
104063
104134
104497
104643
104739
104765
105104
105127
105313
105331
105402
105436
105485
105525
105655
105840
106071
106078
106326
106369
106371
106379
106442
106469
106571
106614
106746
106800
106873
106897
106956
107105
107145
107149
107207
107241
107310
107471
107582
107586
107818
107833
107833
107919
107987
108046
108098
108195
108217
108302
108335
108344
108394
108439
108543
108701
108785
109045
109106
109141
109402
109420
109467
109470
109528
109553
109612
109662
109826
109879
109888
110104
110131
110147
110216
110256
110293
110516
110518
110533
110536
110643
110647
110676
110688
110766
110782
110901
111045
111056
111130
111169
111332
111409
111439
111459
111462
111494
111637
111693
111711
111763
111824
112079
112208
112273
112287
112290
112365
112427
112457
112600
112776
112779
112834
112896
112919
112999
113020
113028
113115
113138
113297
113516
113587
113885
114046
114114
114161
114537
114538
114687
114725
114804
115005
115045
115072
115170
115177
115263
115401
115515
115608
115770
115831
115833
115876
116038
116039
116334
116547
116552
116784
117003
117068
117173
117407
117467
117563
117618
117707
117955
118239
118534
118566
118686
118830
118863
118873
118897
119112
119528
119553
119650
119831
119838
119930
119964
120180
120216
120447
120485
120636
120695
120724
120739
120800
120832
120876
120915
120927
120944
120957
120968
121084
121171
121195
121300
121385
121386
121410
121431
121585
121601
121630
121886
122095
122241
122344
122535
122713
122721
122757
122821
122841
122883
123065
123389
123442
123605
123606
123614
123615
123623
123640
123656
123688
123722
123723
123843
123850
123864
123897
123899
123912
124123
124157
124401
124461
124643
124794
124899
124966
125141
125167
125208
125316
125367
125629
125673
125772
125811
125823
126013
126097
126219
126492
126739
126773
126783
126879
126883
126940
126966
127104
127115
127253
127358
127456
127538
127658
127903
128119
128158
128339
128348
128508
128633
128660
128771
128848
128996
129030
129134
129189
129209
129304
129738
129753
129867
129882
129899
130142
130273
130277
130364
130619
130652
130854
131124
131126
131564
131594
131673
131947
131992
132120
132253
132296
132323
132467
132513
132518
132564
132655
132657
132685
132715
132785
132830
132877
133079
133142
133373
133397
133453
133525
133540
133666
133724
133936
134015
134100
134140
134217
134253
134398
134435
134531
134548
134564
134726
134809
134816
134823
134824
135131
135233
135293
135365
135402
135428
135663
135778
135834
135875
135954
135961
136124
136214
136356
136365
136380
136448
136511
136709
136762
136775
136851
136869
136903
136922
137038
137065
137154
137248
137283
137337
137345
137356
137362
137501
137692
137717
137935
137988
138032
138135
138275
138283
138387
138444
138504
138629
138870
139109
139394
139422
139428
139443
139454
139568
139650
139658
139787
139903
139952
139956
139975
140028
140076
140227
140278
140354
140374
140394
140483
140561
140713
140748
140797
140855
141264
141352
141403
141515
141580
141589
141620
141670
141677
141751
141929
141948
141972
141995
142421
142503
142545
142549
142570
142620
142644
142874
143200
143202
143205
143218
143475
143516
143734
143881
143965
144037
144086
144252
144358
144394
144481
144521
144548
144594
144722
144743
144867
144952
145306
145365
145440
145443
145824
145908
146054
146067
146111
146417
146512
146655
146682
146805
146820
146893
146897
146924
147008
147051
147064
147095
147179
147348
147544
147685
147755
147846
147948
148072
148074
148095
148125
148135
148151
148163
148223
148390
148398
148449
148497
148558
148677
148870
148950
148967
149010
149229
149285
149424
149607
149844
149889
150013
150052
150079
150139
150226
150281
150295
150312
150315
150371
150456
150479
150792
150935
150952
150998
151049
151073
151420
151622
151669
151760
152016
152223
152247
152602
152608
152749
152855
153058
153379
153570
153644
153712
153750
153768
153864
153915
153943
154002
154146
154420
154568
154629
154642
154741
154825
154838
154858
154926
155017
155233
155258
155339
155434
155522
155854
155928
155952
156166
156264
156308
156364
156515
156584
156675
156684
156690
156807
156842
156849
156951
156959
157018
157059
157129
157197
157254
157270
157385
157457
157499
157589
157727
157760
157825
157893
157932
157948
158122
158125
158130
158191
158285
158317
158448
158519
158612
158703
158794
158867
158869
159212
159265
159438
159710
159858
159919
160072
160205
160344
160357
160472
160498
160540
160622
160715
160716
160784
161144
161233
161266
161319
161545
161603
161616
161739
161862
161895
161954
162142
162301
162304
162618
162737
162794
162900
163336
163344
163496
163611
163928
163983
164047
164106
164114
164212
164389
164466
164469
164722
164764
164886
164922
165038
165098
165152
165253
165290
165345
165364
165453
165550
165572
165578
165612
165798
165918
165954
165964
166212
166213
166241
166295
166353
166382
166488
166766
166818
166930
167018
167032
167101
167114
167273
167323
167328
167339
167340
167403
167474
167579
167703
167742
167807
167867
168012
168022
168328
168360
168360
168384
168424
168427
168587
168884
168931
169259
169267
169333
169452
169699
169723
170003
170083
170127
170239
170302
170305
170481
170513
170561
170570
170681
170729
171006
171056
171223
171277
171286
171371
171449
171473
171477
171489
171663
171870
172164
172531
172543
172612
172682
172688
172711
173143
173160
173237
173246
173275
173368
173387
173522
173527
173556
173774
174194
174317
174554
174612
174704
174724
174933
175238
175386
175564
175603
175629
175668
175853
175892
175904
176032
176052
176206
176254
176290
176479
176631
176707
176764
176786
176859
177097
177133
177265
177404
177594
178027
178335
178403
178425
178553
178663
178890
179042
179047
179072
179095
179357
179550
179671
179756
179865
180020
180145
180159
180210
180442
180504
180547
180672
180700
180720
180771
181067
181364
181496
181516
181531
181781
181924
181965
182153
182237
182428
182554
182647
182933
183037
183146
183168
183193
183317
183338
183358
183406
183480
183597
183632
183986
184214
184412
184713
184791
184880
184922
184967
185104
185171
185183
185228
185420
185445
185683
185824
185902
186362
186509
186657
186683
186806
186834
187482
187600
187741
187769
187805
188661
188775
188895
189017
189050
189056
189148
189357
189526
189720
189801
189831
189834
190164
190728
191021
191368
191396
191411
191648
191911
191987
192130
192204
192287
192304
192436
192472
192584
192617
192844
192905
192993
193022
193178
193225
193350
193371
193415
193498
193743
193758
193778
194217
194332
194339
194519
194544
194571
195056
195411
195473
195514
195751
196181
196199
196311
196416
196791
196991
197094
197100
197185
197205
197214
197216
197312
197491
197880
197916
198082
198315
198361
198882
199242
199401
199477
199615
200013
200245
200357
200540
200699
200828
200951
200962
200995
201003
201038
201224
201398
201425
201555
201571
201599
201780
202206
202379
202422
202472
202525
202655
202702
202730
203080
203189
203197
203507
203539
203855
203952
204044
204076
204099
204121
204212
204308
204383
204565
204668
205077
205081
205084
205462
205753
206182
206381
206512
206529
206619
206697
207041
207086
207268
207317
207326
207447
207687
207847
207981
208503
208781
208955
209245
209263
209336
209782
209855
210005
210149
210242
210309
210392
210434
210889
211054
211059
211145
211184
211187
211359
211466
211615
211725
211893
211909
211951
211991
212095
212248
212282
212378
212631
212809
212922
212961
212961
213059
213252
213516
213564
213702
213706
213752
213994
214000
214146
214151
214550
214675
214852
215222
215976
216204
216315
216579
216744
216794
216799
217202
217379
217607
217779
217949
218146
218316
218395
218567
218927
218983
219003
219018
220032
220055
220462
220538
220575
220578
220617
220878
220997
221286
221295
221590
221652
222235
222239
222693
223454
223493
223653
223670
223963
223981
224052
224055
224126
224357
224437
224724
224861
225321
225533
225742
225769
225839
226179
226257
226494
226507
226640
226670
226685
226919
227153
227551
227767
229007
229162
229312
229507
229672
229794
229822
229897
229930
230019
230025
230251
230710
230777
230845
230884
231120
231749
231759
231767
232315
232604
232684
232930
233037
233346
233384
233428
233430
234137
234267
234465
234790
234926
235056
235059
235293
235480
235586
235616
235715
236260
236292
236581
236598
236603
237112
237220
237363
237404
237593
237627
237673
237922
238159
238414
238652
239064
239146
239306
239375
239888
239892
239958
240235
240929
240975
241181
241220
241534
241554
241620
241846
242035
242157
242174
243157
243605
243666
243912
244051
244266
244351
244439
244477
244929
245106
245284
245400
245650
245670
245800
245904
246152
246256
246416
246438
246714
246826
247042
247150
247352
247586
247894
247895
248479
248550
249183
249346
249845
249997
250198
250444
250576
250852
251088
251091
251349
251364
251398
251773
252089
252290
253025
253309
253557
253695
253704
253801
253927
253938
254176
254743
255147
255223
255307
255657
255678
255882
256023
256036
256361
256465
256625
256740
257210
257947
258374
258591
258800
258969
259045
259074
259617
259675
259996
260051
260087
260375
260444
260547
260567
260591
260690
260744
261204
261585
261870
262268
262306
262432
262657
262682
262993
263102
263581
264023
264185
264371
264572
265433
265513
265758
266171
268197
268310
268724
268780
269210
269246
269663
269665
270043
270209
270544
271075
271371
272383
272460
272750
273429
273543
273632
273701
274349
275620
275981
276918
276972
277130
277650
278681
278900
278999
279035
279106
279157
279347
279556
279672
280103
280811
281709
282072
282714
282889
283092
283392
283472
283600
283650
283673
283732
283997
284127
284710
284884
285024
285323
285706
286239
286488
286704
286968
287431
287738
287868
288766
288790
288893
289552
290050
290357
290530
290745
291328
291377
291400
291502
291645
291869
291891
292009
292367
292755
292959
293450
295527
295710
296337
296606
297181
297240
297299
297949
298123
298468
298650
298782
299749
299862
299935
300227
300268
300416
300569
301064
301292
301715
301951
301999
302097
302555
302722
302748
303043
303482
304261
305488
307892
308108
308308
309325
309416
309431
309447
309725
309890
310399
310536
310598
310757
310937
311039
311491
311915
311963
312409
312501
312520
312732
312994
313163
313615
315302
315612
315717
316013
317368
317689
318104
318456
321196
321293
322055
322095
322562
322646
323546
324695
324775
325118
325936
326022
328338
328361
329470
329606
330438
330448
330894
331179
331208
331379
331933
332093
332444
332688
332798
335015
335326
335496
335600
337310
337704
338577
338603
338918
340067
341178
341695
341886
343438
345695
346173
346778
346922
348330
348594
349456
349510
349877
351326
351406
351789
352086
352510
352572
352641
352713
353426
354421
355166
359814
360713
360888
361119
361885
361964
362398
363573
364213
364783
365207
366437
366778
367056
367660
368228
368261
368389
368407
369435
372666
373149
375461
376903
381143
382134
384149
384592
384793
385502
386416
390017
390198
391282
394655
397641
400032
401288
401745
407681
409803
410085
410281
411620
413174
416922
417110
419985
422680
423272
423293
426253
426641
426649
427570
434976
437297
441604
442079
444228
444914
446114
447597
457403
458460
460011
462831
463619
465280
476268
477600
484617
487502
487530
487787
493050
499298
508310
510719
512604
513965
515626
515888
524017
539154
539240
551940
575708
576289
603335
