0
0
40
41
50
76
92
134
140
187
203
435
464
518
539
578
579
603
658
665
667
692
697
699
712
759
765
773
896
916
1101
1105
1112
1137
1149
1168
1187
1252
1270
1272
1287
1324
1335
1374
1403
1433
1449
1483
1499
1579
1600
1621
1663
1676
1681
1692
1699
1701
1739
1758
1802
1806
1814
1820
1857
1894
1986
1988
1991
2009
2012
2063
2067
2136
2232
2247
2288
2290
2334
2359
2382
2498
2513
2550
2821
2940
2966
3013
3033
3036
3054
3173
3175
3200
3238
3319
3376
3421
3428
3447
3464
3467
3470
3486
3514
3550
3660
3666
3743
3817
3832
3885
3894
3898
3925
3949
4057
4141
4182
4193
4206
4254
4268
4282
4284
4320
4413
4443
4480
4516
4521
4577
4584
4593
4599
4609
4663
4674
4692
4704
4970
4974
4983
4994
5003
5035
5051
5093
5102
5169
5275
5319
5345
5359
5375
5397
5475
5476
5563
5580
5617
5656
5681
5749
5786
5829
5857
5906
6043
6057
6180
6182
6214
6269
6371
6409
6431
6500
6596
6776
6844
6860
6867
6874
6888
6909
6911
6922
7039
7094
7109
7120
7154
7164
7286
7334
7341
7451
7488
7502
7527
7690
7696
7749
7754
7771
7795
7799
7802
7806
7827
7946
7993
7996
8061
8068
8090
8137
8144
8188
8212
8266
8273
8297
8324
8338
8351
8384
8455
8516
8624
8624
8739
8799
8841
8875
8878
8928
8976
9036
9076
9125
9208
9312
9312
9316
9339
9347
9388
9449
9471
9508
9655
9670
9680
9709
9724
9751
9758
9772
9785
9836
9900
9912
9916
9987
10026
10049
10095
10117
10137
10188
10272
10389
10407
10428
10568
10572
10632
10638
10720
10738
10801
10806
10843
10949
11020
11059
11084
11103
11105
11123
11138
11148
11166
11174
11261
11287
11293
11371
11377
11392
11428
11467
11489
11490
11494
11537
11572
11572
11610
11654
11670
11711
11799
11861
11875
11890
11936
11942
11949
11965
11978
11980
12000
12163
12208
12260
12274
12282
12302
12305
12320
12372
12414
12421
12469
12553
12561
12608
12660
12713
12810
12954
13040
13141
13252
13306
13307
13369
13382
13419
13477
13596
13603
13617
13629
13677
13760
13867
13891
13920
13922
13932
13959
13973
13990
14048
14075
14078
14089
14125
14145
14226
14230
14299
14319
14320
14323
14342
14443
14465
14502
14520
14534
14648
14682
14732
14754
14800
14809
14894
15093
15116
15178
15210
15253
15293
15353
15408
15497
15545
15580
15607
15613
15645
15674
15700
15728
15760
15812
15814
15828
15831
15908
15915
15960
15974
16152
16222
16288
16326
16339
16383
16398
16439
16459
16493
16564
16581
16634
16675
16694
16718
16719
16815
16838
16869
16915
16927
16956
17067
17071
17084
17140
17213
17224
17310
17391
17395
17414
17446
17455
17498
17524
17541
17550
17606
17624
17627
17665
17705
17831
17877
17974
18009
18034
18064
18078
18090
18095
18109
18122
18123
18138
18189
18231
18245
18263
18293
18305
18349
18371
18405
18436
18450
18461
18501
18508
18527
18655
18726
18755
18775
18799
18840
18850
18860
18878
18886
18897
18961
19041
19063
19074
19161
19172
19183
19281
19313
19351
19386
19458
19501
19531
19539
19543
19554
19571
19577
19639
19723
19735
19756
19792
19823
19896
19923
20002
20007
20076
20103
20188
20194
20211
20216
20290
20416
20450
20501
20558
20747
20826
20837
20886
20951
20963
20975
20989
20997
21007
21072
21074
21097
21112
21114
21139
21146
21168
21174
21176
21209
21235
21252
21324
21343
21401
21432
21448
21506
21528
21534
21540
21549
21589
21746
21778
21833
21903
21925
21953
21994
22000
22030
22044
22110
22112
22120
22194
22284
22290
22313
22342
22347
22461
22478
22489
22591
22613
22633
22648
22648
22795
22813
22833
22919
22934
22967
22980
22997
23200
23223
23386
23442
23462
23516
23549
23593
23658
23707
23749
23908
23953
24002
24092
24103
24110
24144
24186
24200
24245
24311
24332
24350
24381
24393
24448
24495
24516
24545
24667
24709
24740
24744
24836
24881
24892
24898
25016
25060
25082
25092
25097
25110
25138
25344
25348
25361
25361
25383
25420
25480
25491
25504
25514
25527
25605
25608
25690
25699
25705
25725
25764
25790
25886
25928
25938
25955
25972
26006
26013
26062
26237
26246
26359
26393
26400
26463
26476
26483
26539
26543
26579
26839
26937
26997
27016
27036
27057
27113
27157
27215
27217
27236
27238
27284
27350
27360
27376
27409
27412
27522
27544
27595
27648
27653
27685
27696
27747
27839
27843
27845
27879
27890
27908
27921
27937
27938
28053
28059
28073
28078
28087
28115
28129
28190
28207
28239
28242
28243
28328
28470
28490
28496
28540
28575
28644
28669
28673
28687
28775
28811
28860
28884
28886
28914
28981
28988
29005
29053
29135
29159
29183
29197
29205
29330
29372
29376
29387
29405
29416
29428
29439
29499
29552
29563
29603
29654
29657
29752
29865
29986
29995
30069
30159
30198
30253
30269
30273
30283
30330
30358
30388
30508
30533
30534
30563
30580
30636
30697
30707
30738
30757
30758
30760
30831
30858
30896
30911
30924
30940
31005
31011
31030
31037
31046
31092
31176
31195
31277
31389
31398
31434
31590
31601
31724
31737
31767
31824
31825
31887
31957
31963
31990
32005
32040
32065
32083
32087
32094
32108
32149
32151
32323
32359
32398
32486
32539
32560
32578
32595
32700
32703
32729
32783
32789
32807
32810
32856
32886
32893
32951
32980
33005
33043
33121
33193
33221
33246
33293
33327
33377
33399
33404
33436
33487
33499
33552
33588
33598
33636
33739
33849
33890
33917
33945
33946
34009
34114
34114
34175
34225
34263
34307
34341
34409
34523
34651
34762
34771
34846
34857
34877
34939
34947
34963
35002
35058
35097
35145
35152
35157
35181
35233
35238
35241
35410
35453
35454
35509
35584
35636
35773
35779
35801
35826
35888
35904
35960
36026
36128
36141
36238
36411
36530
36570
36624
36626
36671
36744
36769
36804
36827
36841
36873
36880
36890
36896
36978
36998
37009
37023
37051
37079
37177
37244
37273
37284
37304
37424
37424
37466
37475
37509
37549
37549
37601
37603
37651
37674
37678
37703
37737
37750
37794
37814
37821
37970
38041
38088
38089
38150
38225
38257
38285
38478
38657
38663
38768
38809
38882
38962
38991
39034
39075
39101
39203
39218
39222
39376
39393
39425
39479
39492
39539
39623
39693
39740
39759
39778
39815
39815
39913
40039
40058
40064
40088
40098
40100
40268
40279
40309
40326
40339
40365
40466
40470
40489
40521
40524
40611
40673
40694
40706
40721
40736
40811
40868
40974
41042
41054
41094
41136
41184
41195
41219
41242
41384
41405
41436
41437
41447
41497
41502
41530
41539
41560
41565
41643
41810
41819
41828
41894
42021
42043
42071
42085
42187
42238
42290
42308
42331
42334
42424
42432
42444
42449
42471
42481
42491
42528
42529
42544
42704
42722
42724
42765
42795
42822
42850
42879
42885
42885
42951
42984
43030
43049
43124
43130
43271
43275
43435
43449
43560
43561
43575
43583
43682
43726
43744
43746
43760
43766
43817
43821
43851
43892
43913
44033
44045
44150
44226
44234
44310
44360
44451
44573
44581
44622
44655
44668
44720
44810
44861
44934
44949
44955
44972
45032
45044
45105
45140
45230
45284
45320
45340
45416
45510
45649
45665
45704
45719
45752
45817
45881
45887
45898
45916
45988
46010
46169
46206
46227
46227
46311
46375
46400
46412
46535
46549
46591
46815
46820
46825
46841
46850
46919
46922
46947
47011
47062
47081
47104
47124
47127
47131
47194
47255
47302
47383
47448
47472
47520
47522
47537
47560
47578
47578
47581
47588
47609
47693
47750
47776
47789
47969
47989
48029
48112
48279
48346
48372
48374
48509
48559
48582
48601
48624
48676
48699
48737
48980
49020
49045
49091
49224
49228
49280
49310
49343
49351
49397
49418
49466
49478
49591
49645
49647
49679
49684
49902
50053
50067
50187
50202
50286
50289
50333
50381
50421
50486
50523
50571
50618
50628
50667
50708
50755
50756
50887
50904
51027
51029
51108
51121
51124
51168
51171
51200
51237
51244
51259
51308
51348
51362
51469
51473
51655
51733
51755
51784
51884
51945
52054
52056
52135
52204
52235
52309
52335
52471
52540
52637
52740
52750
52841
52891
52915
52954
53183
53197
53302
53302
53348
53374
53459
53505
53725
53795
53831
53836
53839
53858
53973
53994
54006
54041
54122
54141
54146
54170
54182
54185
54213
54299
54320
54351
54355
54369
54441
54451
54493
54652
54675
54747
54758
54788
54813
54832
54838
54857
54872
54960
55010
55047
55191
55267
55274
55403
55472
55487
55498
55536
55542
55549
55624
55636
55837
55882
55945
55952
55988
56085
56086
56113
56132
56168
56223
56242
56307
56352
56356
56442
56447
56559
56673
56702
56731
56747
56991
57013
57023
57027
57042
57108
57111
57116
57116
57200
57228
57284
57351
57377
57411
57443
57447
57459
57463
57521
57534
57535
57595
57603
57679
57687
57687
57735
57933
57995
58007
58010
58036
58039
58082
58120
58218
58273
58322
58394
58411
58448
58480
58485
58548
58629
58774
58903
58959
59104
59144
59179
59268
59289
59329
59367
59424
59426
59458
59507
59523
59596
59646
59665
59722
59739
59789
59884
59895
59909
59938
59954
59998
60166
60216
60245
60279
60325
60387
60510
60520
60534
60541
60553
60555
60610
60621
60680
60715
60736
60773
60818
60851
60873
60943
61024
61056
61102
61118
61146
61171
61223
61245
61314
61375
61475
61505
61543
61603
61606
61705
61760
61765
61775
61798
61810
61822
61823
61827
61874
61918
61946
61964
62029
62048
62094
62109
62196
62249
62311
62341
62361
62366
62374
62428
62430
62436
62452
62466
62508
62601
62602
62606
62657
62786
62810
62820
62905
62950
62996
63119
63142
63170
63185
63191
63374
63409
63514
63516
63595
63600
63632
63736
63752
63753
63786
63808
63877
63892
63953
63962
63992
63997
64033
64195
64203
64315
64321
64336
64340
64366
64386
64438
64571
64585
64599
64628
64630
64632
64666
64673
64776
64808
64846
64882
64883
64938
65065
65078
65118
65130
65142
65159
65167
65284
65304
65318
65338
65357
65428
65458
65493
65508
65545
65551
65569
65589
65610
65709
65751
65754
65757
65767
65827
65843
65856
65904
65941
65986
66009
66021
66041
66109
66143
66240
66286
66290
66291
66299
66300
66312
66314
66360
66420
66494
66506
66521
66556
66672
66723
66781
66847
66866
66872
66879
66903
66917
66988
67014
67026
67053
67119
67177
67198
67211
67238
67346
67355
67407
67444
67468
67542
67553
67554
67583
67596
67640
67706
67782
67798
67826
67958
67989
68041
68046
68147
68154
68164
68212
68252
68254
68272
68301
68384
68423
68425
68433
68483
68491
68510
68525
68648
68663
68671
68746
68949
68950
68968
68989
69000
69055
69071
69105
69141
69175
69254
69264
69268
69268
69363
69376
69387
69450
69470
69562
69585
69592
69639
69648
69670
69672
69713
69759
69849
69959
69966
69974
70007
70047
70082
70103
70117
70153
70187
70188
70193
70218
70282
70300
70319
70336
70356
70357
70579
70640
70666
70837
70924
71002
71039
71054
71080
71204
71251
71340
71371
71400
71403
71481
71535
71561
71666
71670
71725
71749
71775
71821
71987
72067
72093
72131
72166
72189
72195
72212
72308
72389
72425
72427
72457
72558
72655
72678
72685
72704
72728
72740
72757
72775
72790
72792
72860
72976
73010
73027
73111
73122
73158
73172
73185
73217
73282
73352
73419
73441
73504
73522
73527
73556
73563
73570
73623
73638
73655
73695
73750
73757
73770
73960
73992
74019
74060
74064
74129
74255
74429
74446
74462
74507
74510
74602
74646
74682
74731
74756
74898
74899
74983
74986
74987
75118
75199
75213
75218
75316
75362
75407
75415
75465
75482
75553
75739
75798
75814
75828
75836
75843
75872
76164
76244
76429
76452
76508
76555
76611
76631
76634
76656
76677
76699
76784
76794
76836
76870
76972
77035
77159
77218
77260
77323
77330
77346
77468
77489
77519
77582
77627
77735
77789
77824
77872
77985
78028
78106
78123
78126
78132
78139
78194
78249
78250
78316
78332
78440
78448
78453
78491
78529
78564
78652
78654
78833
78873
78902
78947
78983
78998
79021
79125
79210
79284
79303
79330
79336
79419
79438
79450
79540
79550
79590
79612
79676
79718
79742
79773
79780
79787
79818
79848
79946
80000
80019
80031
80043
80079
80133
80138
80163
80220
80234
80249
80287
80304
80321
80341
80439
80458
80472
80546
80575
80782
80848
80933
80980
80998
81053
81069
81109
81128
81151
81186
81370
81379
81382
81416
81439
81475
81510
81540
81616
81704
81819
81834
81854
81892
81963
82008
82065
82106
82169
82205
82313
82326
82344
82368
82375
82437
82507
82513
82540
82555
82556
82627
82633
82687
82737
82773
82777
82854
82871
82898
82959
82972
82981
83129
83247
83278
83317
83380
83390
83551
83586
83588
83608
83620
83634
83646
83668
83735
83769
83790
83801
83814
83977
83992
84056
84181
84220
84223
84428
84429
84518
84547
84587
84647
84685
84697
84732
84747
84813
84855
84860
84895
84943
84963
85095
85172
85311
85347
85363
85396
85468
85599
85599
85601
85679
85728
85765
85767
85789
85840
85855
85887
85913
85957
85964
85981
86045
86079
86153
86202
86234
86302
86339
86436
86479
86527
86677
86748
86749
86783
86789
86873
86894
86901
86942
86954
87030
87045
87048
87099
87210
87267
87289
87311
87384
87421
87470
87479
87486
87549
87614
87616
87686
87700
87733
87808
87837
87848
88036
88162
88191
88220
88231
88285
88297
88305
88315
88328
88418
88447
88480
88491
88508
88561
88710
88767
88803
88819
88821
88865
88943
88947
89011
89046
89057
89079
89108
89170
89217
89237
89273
89307
89481
89532
89554
89572
89621
89629
89681
89749
89802
89811
89863
89906
89929
89947
89954
89961
89964
90004
90020
90023
90056
90091
90185
90271
90318
90543
90557
90656
90763
90798
90936
90940
90954
90998
91086
91094
91280
91362
91445
91461
91562
91648
91707
91760
91761
91878
91898
91954
91974
92073
92102
92160
92240
92318
92466
92536
92716
92767
92860
92948
92972
93018
93040
93042
93215
93235
93286
93395
93433
93503
93584
93632
93694
93704
93726
93753
93799
93823
93885
93913
93919
94025
94107
94239
94252
94257
94342
94566
94611
94644
94649
94654
94673
94692
94718
94728
94747
94896
94939
95009
95032
95045
95064
95066
95163
95169
95221
95224
95242
95267
95340
95359
95378
95383
95423
95437
95443
95449
95490
95535
95605
95772
95798
95822
95926
95969
96003
96021
96172
96341
96362
96368
96379
96415
96439
96473
96481
96630
96654
96722
96749
96814
96829
96836
96886
96891
96926
97040
97061
97136
97269
97459
97887
97889
97985
98089
98125
98148
98158
98200
98277
98326
98361
98412
98445
98459
98494
98507
98540
98562
98563
98658
98702
98767
98812
98828
98835
98849
98854
98911
98986
99072
99073
99144
99167
99276
99289
99298
99339
99444
99455
99503
99528
99569
99598
99677
99756
99794
99829
99892
100003
100006
100215
100239
100294
100343
100349
100353
100363
100449
100519
100522
100528
100578
100592
100657
100664
100715
100769
100770
100771
100851
100869
100884
100887
101003
101017
101023
101096
101188
101239
101267
101270
101284
101328
101489
101502
101538
101615
101641
101683
101757
101764
101766
101813
101939
102138
102185
102188
102246
102291
102327
102329
102358
102372
102390
102663
102785
102851
102873
102890
102903
102909
102931
103013
103045
103069
103085
103121
103136
103189
103265
103376
103397
103500
103576
103637
103686
103745
103914
103994
104005
104124
104178
104187
104196
104225
104234
104344
104380
104487
104616
104629
104688
104734
104754
104769
104805
104932
104947
104951
104964
104971
105014
105077
105169
105179
105198
105200
105241
105257
105342
105423
105431
105441
105491
105492
105507
105551
105579
105767
105812
105888
105892
105992
106023
106046
106094
106131
106457
106461
106502
106589
106628
106628
106681
106743
106780
106801
106829
106875
106924
106932
106967
107022
107082
107154
107163
107184
107259
107278
107403
107460
107480
107589
107610
107635
107638
107740
107760
107779
107794
107810
107885
107906
107946
107989
108113
108125
108188
108189
108204
108208
108209
108334
108354
108385
108427
108489
108638
108648
108740
108746
108758
108810
108810
108855
108878
108904
109007
109021
109031
109086
109097
109112
109115
109156
109266
109314
109417
109554
109605
109636
109679
109681
109743
109758
109807
109812
109812
109830
109831
109849
109928
109972
109993
110054
110203
110216
110257
110360
110421
110510
110568
110580
110615
110617
110722
110753
110778
110905
110910
111044
111078
111105
111143
111158
111214
111217
111345
111371
111445
111524
111596
111656
111814
111834
111886
111942
111963
111985
112089
112107
112113
112294
112318
112402
112487
112517
112530
112593
112603
112649
112694
112711
112728
112754
112894
112894
112916
112966
113055
113084
113089
113169
113243
113276
113297
113352
113467
113499
113625
113638
113754
113911
113934
113949
113977
114065
114143
114157
114165
114239
114332
114349
114372
114375
114403
114435
114563
114707
114712
114730
114746
114753
114800
114826
114846
114907
114995
115012
115060
115241
115263
115292
115302
115418
115435
115440
115504
115579
115609
115680
115705
115732
115748
115805
115981
116056
116094
116234
116242
116263
116293
116382
116394
116485
116524
116535
116563
116595
116718
116758
116877
116894
116916
116960
116994
117076
117109
117136
117174
117184
117359
117393
117424
117538
117547
117581
117585
117595
117607
117655
117667
117723
117764
117766
117795
117802
117808
117857
118058
118244
118361
118410
118460
118509
118772
118785
118922
118944
119086
119138
119224
119298
119382
119421
119456
119515
119527
119537
119546
119559
119596
119599
119660
119699
119719
119839
119872
119875
119922
120063
120096
120133
120134
120174
120198
120240
120357
120525
120526
120574
120658
120678
120723
120767
120768
120796
120827
120978
120987
121051
121056
121105
121177
121206
121209
121508
121565
121671
121690
121739
121848
121910
121946
122114
122125
122138
122247
122384
122454
122531
122547
122622
122638
122642
122710
122745
122842
122855
122972
122984
123086
123124
123181
123190
123281
123304
123411
123442
123466
123540
123552
123580
123700
123700
123721
123753
123768
123789
123831
123894
124175
124192
124227
124401
124429
124714
124743
124769
124800
124828
124898
125008
125069
125111
125225
125282
125300
125361
125532
125548
125579
125581
125628
125709
125741
125768
125829
125864
125921
126037
126102
126142
126190
126208
126223
126354
126468
126478
126488
126490
126504
126616
126729
126903
126944
126988
127143
127187
127205
127279
127299
127395
127453
127473
127503
127552
127577
127766
127809
127814
127875
127934
127951
127973
128110
128237
128240
128283
128382
128441
128479
128518
128587
128622
128641
128781
128793
128828
128833
128901
128959
129217
129302
129369
129434
129483
129550
129558
129667
129823
129832
129842
129899
129912
130006
130084
130322
130331
130764
130835
130856
131116
131179
131189
131257
131301
131465
131600
131677
131747
131814
131843
131868
131914
131954
132034
132037
132072
132112
132146
132205
132425
132490
132502
132545
132635
132652
132657
132736
132956
133067
133172
133222
133267
133360
133393
133406
133428
133430
133444
133489
133505
133652
133741
133809
133835
133840
133938
133964
134102
134127
134139
134215
134264
134383
134409
134453
134521
134587
134647
134685
134702
134709
134719
134751
134768
134853
134953
134955
134962
134993
135019
135020
135191
135198
135241
135308
135415
135472
135701
135729
135892
135909
135976
135983
136032
136075
136106
136156
136377
136400
136681
136792
136846
136856
136888
136915
137242
137282
137403
137492
137499
137837
137852
137890
137945
137960
137997
138013
138040
138159
138308
138324
138385
138483
138527
138542
138647
138655
138705
138715
138730
138901
138977
138999
139020
139098
139259
139311
139339
139356
139407
139453
139516
139600
139635
139674
139722
139783
139789
139848
139975
140015
140017
140035
140383
140398
140456
140537
140596
140674
140680
140815
140834
140849
140939
140953
141122
141151
141159
141174
141350
141598
141645
141716
141723
141800
141820
141875
141997
142018
142080
142132
142147
142196
142228
142245
142247
142325
142334
142355
142432
142457
142485
142541
142595
142600
142630
142660
142669
142677
142814
142862
142867
142890
142892
143074
143269
143269
143357
143404
143497
143523
143643
143693
143704
143876
143952
143968
144007
144058
144087
144087
144113
144258
144299
144360
144383
144486
144781
144804
144859
144921
144925
144931
145026
145119
145231
145316
145668
145690
145859
145911
145991
146057
146085
146115
146263
146267
146275
146357
146406
146419
146450
146512
146852
146913
146948
146995
147010
147020
147043
147097
147217
147218
147261
147288
147342
147439
147487
147553
147626
147800
147921
147947
148033
148121
148366
148392
148450
148480
148609
148663
148721
148788
148844
148933
148960
148997
149113
149220
149321
149351
149740
149780
149792
149919
149964
149997
150006
150140
150146
150236
150236
150480
150480
150518
150579
150623
150627
150644
150654
150685
150948
151045
151244
151264
151388
151565
151601
151635
151837
151883
151933
152005
152025
152397
152616
152704
152715
152797
152856
152899
152944
153243
153244
153351
153374
153384
153545
153556
153701
153780
154192
154264
154350
154389
154405
154597
154600
154602
154670
154714
154724
154759
154805
154866
154932
154948
154952
155105
155148
155175
155225
155340
155465
155509
155515
155651
155926
155931
155988
156021
156022
156040
156089
156154
156259
156361
156474
156591
156799
156820
156885
156961
157027
157081
157173
157257
157403
157485
157507
157572
157723
157840
157867
157869
158013
158101
158117
158141
158434
158482
158491
158535
158574
158586
158612
158682
158760
158793
158821
159044
159201
159320
159336
159458
159537
159559
159717
159719
159972
160180
160218
160414
160418
160498
160499
160531
160576
160652
160668
160765
160826
160843
160865
160931
161037
161056
161129
161255
161457
161525
161593
161640
161858
161863
161946
161948
162024
162114
162420
162426
162615
162626
162763
162851
162895
162950
162987
163031
163210
163313
163537
163625
163678
163709
163761
163791
163793
163905
164052
164133
164151
164187
164234
164353
164367
164395
164396
164481
164490
164534
164581
164736
164765
164815
165099
165104
165109
165116
165412
165513
165610
165627
165669
165716
165727
165931
165989
166087
166130
166135
166141
166155
166157
166428
166571
166700
166790
166801
166810
166813
166831
166851
166977
167014
167099
167220
167245
167341
167466
167469
167538
167570
167794
167833
167841
168120
168211
168277
168315
168389
168651
169244
169278
169292
169372
169399
169458
169553
169602
169673
169797
169900
169935
169959
170297
170396
170451
170503
170696
170722
170753
170762
170811
171050
171119
171259
171367
171391
171501
171649
171697
171759
171803
171915
172236
172269
172576
172649
172703
172742
173180
173517
173577
173623
173736
173777
173796
173838
173887
173987
174148
174169
174353
174402
174408
174530
174544
174729
174819
174887
174979
175138
175220
175249
175569
175661
175852
175877
175901
175928
175944
176132
176604
176620
176635
176771
176809
177018
177030
177161
177168
177237
177291
177350
177360
177375
177421
177569
177674
177682
177770
177850
178185
178316
178352
178502
178969
179000
179123
179133
179174
179293
179374
179388
179858
179885
179901
180219
180232
180240
180283
180416
180473
180503
180513
180523
180529
180569
180759
180903
180903
180993
181007
181178
181218
181316
181402
181587
181768
181780
181805
182024
182157
182230
182304
182481
182500
182580
182604
182653
182756
182775
182875
182958
182988
183143
183256
183524
183531
183607
183615
183642
183796
183851
183855
183905
184010
184136
184295
184302
184336
184365
184506
184542
184629
184698
184765
184816
184844
184883
185045
185153
185256
185281
185377
185444
185664
185734
185801
185853
185976
186193
186243
186290
186519
186603
186671
186729
186733
186929
186994
187015
187057
187088
187274
187280
187304
187317
187398
187485
187510
187629
187657
187824
187979
188074
188110
188200
188286
188355
188830
188876
189003
189058
189293
189341
189421
189544
189600
189657
189799
189924
190006
190140
190178
190379
190489
190774
190827
190946
190993
191067
191319
191410
191511
191681
191761
191877
191939
191974
191993
192051
192470
192588
192627
192716
192738
192771
192900
193000
193174
193189
193479
193615
193621
193658
193753
193790
193847
193847
193982
194138
194558
194574
194626
194704
194896
194980
195363
195385
195409
195628
195643
195649
195655
195801
195842
196101
196437
196478
196526
196534
196810
196836
196916
196932
196961
197019
197088
197090
197230
197498
197499
197596
197629
197787
197897
197954
197976
198032
198033
198208
198425
198518
198535
198571
198574
198933
199018
199023
199198
199203
199280
199281
199347
199396
199463
199517
199673
199814
199897
199953
200048
200221
200269
200341
200395
200444
200493
200624
200639
200699
200903
200965
200990
201066
201173
201195
201198
201577
201642
201684
201840
201965
202209
202331
202365
202420
202427
202529
202581
202862
202893
202982
203143
203152
203178
203489
203674
203759
203782
203863
203922
203942
204135
204152
204156
204244
204248
204425
204605
204644
204935
204940
204984
205004
205034
205134
205534
205657
205678
205700
205786
205890
206046
206192
206327
206388
206607
206672
206725
206758
206792
206805
206913
207002
207190
207527
207661
207691
207729
207879
207887
207905
208003
208037
208064
208392
208469
208641
208759
208813
209055
209399
209530
209629
209873
210121
210308
210341
210369
210382
210481
210497
210527
210572
210700
210736
210807
210956
211123
211299
211526
211559
211630
211977
212060
212109
212129
212154
212287
212895
212963
213433
213445
213940
213947
214042
214046
214388
214485
214497
214608
214837
214923
214944
215027
215182
215573
215675
215716
215990
216088
216095
216549
216827
217054
217085
217241
217455
217550
217611
217704
217750
217779
217894
217931
218017
218198
218289
218323
218329
218489
218606
218715
218881
219084
219189
219249
219444
219531
219708
219727
219971
220694
220756
220971
221072
221152
221199
221230
221579
221621
221778
222153
222243
222247
222443
222766
222874
223005
223280
223431
223611
223693
224140
224230
224266
224455
224540
224562
224670
224686
224800
224926
224993
225014
225265
225266
225475
225536
225635
225654
225703
225764
225901
226034
226119
226188
226196
226285
226383
226430
226463
226621
226641
226725
227066
227229
227257
227350
227722
227976
228135
228368
228452
228807
228851
229116
229142
229155
229406
229556
229582
229593
229831
229833
230095
230314
230424
230897
230900
230902
231223
231236
231295
231434
231599
231661
231787
231825
231971
232278
232305
232403
232508
232514
232818
232850
232875
233071
233084
233152
233304
233592
233803
233869
233916
234348
234487
234565
234775
235046
235057
235091
235193
235257
235268
235382
235468
235707
236081
236176
236394
236425
236448
236566
236642
236740
236844
236968
237046
237060
237321
237452
237470
237688
237827
238243
238305
238367
238399
238607
238659
238744
239079
239213
239281
239527
239927
239979
240117
240754
240780
240846
240883
241059
241311
241342
241442
241478
241515
241643
241745
241840
241965
242213
242301
242461
242791
242881
243096
243103
243112
243273
243296
243463
243610
243655
243690
243913
244096
244169
244357
244538
244730
244864
244887
245245
245485
245495
245594
245655
245667
245871
246061
246271
246363
246529
246776
247000
247544
247837
247871
247974
248454
248456
249110
249132
249921
250288
250353
250699
250702
250722
250785
251400
251414
251505
251545
252335
252357
252590
252702
252788
252998
253013
253064
253405
253464
253611
253916
254030
254122
254141
254281
254362
254670
254750
255109
255134
255332
255396
255447
255658
255980
256331
256670
256959
257159
257233
257243
257261
257415
257423
257494
257506
257512
257531
257636
257814
257851
258490
258591
258739
258759
258803
258842
259029
259123
259264
259266
259331
259494
259544
259703
259710
260175
260215
260299
260374
260596
260622
260718
260768
260839
260919
260940
260977
261522
261746
261783
261962
262158
262390
262436
262617
263171
263583
263825
264059
264083
264219
264420
265012
265144
265822
266331
266362
266421
266448
266694
266822
266991
267367
267391
267639
267888
267920
268073
268732
268874
269200
269759
269853
269908
269986
270218
270250
270401
270458
270599
270670
270721
270969
271294
271724
271843
271871
272137
272162
272408
272519
272804
273009
273205
273306
273347
273448
273454
273566
274351
274478
274804
274888
274961
275092
275131
275554
275665
275764
275880
276043
276163
276327
276409
276490
276838
276888
276954
277062
277177
277271
277295
277513
277589
277923
278502
278506
278899
279079
279092
279208
279691
279797
279827
280059
280224
280378
280465
280536
280943
281150
281306
281508
281589
281688
281826
282258
282917
282989
283082
283307
284475
284775
284800
284806
284951
284990
285286
285440
285716
285744
285781
286145
286212
286219
286270
286354
287009
287425
287614
287630
287672
288134
288152
289053
289910
289984
290183
290233
290554
290598
290691
290823
290996
291060
291212
291219
291447
291773
292096
292359
292478
292745
292786
292826
292979
293141
293171
293379
293702
294366
294445
294703
295010
295311
295537
295637
295762
295788
296078
296358
296506
298054
298774
299380
299505
299511
299692
299902
299983
300235
300502
300657
300888
301996
302037
302109
302398
302402
302641
302849
303331
303438
303497
305286
305373
305427
305684
306158
307000
307147
307303
307308
307609
307617
307764
307954
307959
308230
308254
308280
309046
309510
309881
309986
310177
310218
310456
310991
311357
312064
312086
313444
313469
313521
313575
313860
314877
315445
315670
316194
316419
316577
316624
316726
317056
317137
318119
318560
319156
320095
320120
320125
320217
320796
321064
321283
321878
321946
322612
322637
322661
322758
322761
323579
323814
324532
324897
325092
325207
325450
325501
325520
325529
326306
326344
326390
326788
327075
327152
327225
327499
327667
328041
328067
328327
328379
328427
328470
328478
328559
328697
329855
330161
330242
330883
331486
331538
331695
332206
332253
332577
332705
333191
333683
333777
333816
333832
334009
334339
334449
334680
335214
336227
336638
336914
337375
337496
337735
337985
338357
338582
338930
339034
339102
339789
340309
340713
340803
341842
343181
343384
344122
344245
344894
345134
345159
345844
345866
345987
346025
346159
346275
347294
348007
348068
348315
348320
349170
349547
349718
349862
350730
351196
351958
352095
352599
353157
353435
353714
354067
355037
355839
356212
356287
356401
356837
357651
357964
358010
358505
359327
359763
359779
360939
362116
362255
362747
364707
365593
366835
367009
367659
368053
368253
368439
368665
368724
368857
369161
370384
370437
370601
371971
374118
374167
375250
375878
376328
376746
377640
378852
379427
382434
382446
383456
383540
383721
383795
384238
385046
385292
385686
387775
388858
389406
390409
390929
390937
390974
390986
392049
392765
395129
396117
397277
397578
400104
401006
402362
402644
402674
404031
404116
404625
405068
405807
406569
407102
408468
408526
408593
413386
413558
414703
415076
416692
417201
420098
421128
421298
423835
429741
431854
433591
435930
437266
440209
440899
440940
442332
442512
444128
444351
445053
445407
445460
447673
449431
450574
450982
452657
453629
453745
455011
457318
459060
460812
466988
468092
470118
473548
474438
480515
481913
482490
482695
483410
484077
493933
494900
498276
505266
509284
509691
517298
520657
521178
522949
523805
527633
527674
538293
539459
547409
561566
563625
566322
579804
581468
582978
588481
640585
647421
