0
0
23
47
51
116
142
194
223
230
234
276
320
340
346
380
408
408
458
497
525
534
568
576
625
640
675
698
708
732
799
848
857
867
870
874
886
886
939
957
969
1034
1084
1114
1117
1165
1200
1211
1219
1244
1285
1314
1349
1365
1373
1399
1420
1473
1520
1529
1531
1569
1608
1622
1654
1686
1693
1731
1733
1791
1902
1911
1932
1967
2022
2027
2073
2121
2131
2150
2255
2301
2346
2351
2418
2422
2424
2462
2467
2470
2504
2581
2632
2665
2666
2725
2733
2762
2804
2805
2807
2872
2908
2917
2921
2934
3029
3113
3162
3165
3171
3185
3192
3207
3211
3222
3238
3364
3378
3482
3491
3513
3537
3635
3650
3749
3770
3819
3833
3881
3883
3897
3912
3950
3970
4011
4048
4059
4101
4128
4204
4272
4276
4308
4328
4344
4403
4446
4527
4539
4547
4561
4579
4590
4620
4648
4665
4681
4696
4717
4749
4755
4758
4783
4803
4814
4819
4821
4832
4848
4908
4911
4927
4986
5041
5045
5075
5127
5143
5177
5177
5206
5206
5241
5282
5338
5340
5362
5408
5410
5421
5428
5432
5460
5475
5530
5573
5589
5614
5644
5741
5796
5880
6009
6014
6028
6032
6052
6081
6119
6123
6125
6151
6282
6295
6298
6349
6352
6378
6438
6438
6444
6533
6581
6599
6665
6667
6704
6706
6712
6749
6752
6765
6770
6772
6929
6934
6973
7020
7051
7088
7131
7176
7198
7283
7336
7354
7355
7374
7375
7413
7425
7499
7536
7588
7621
7628
7669
7711
7742
7849
7910
7924
7928
7990
8079
8094
8137
8144
8181
8201
8223
8302
8309
8334
8361
8388
8392
8394
8412
8443
8549
8618
8638
8667
8687
8813
8851
8875
8905
8912
9002
9003
9007
9013
9075
9189
9204
9246
9258
9267
9290
9327
9329
9371
9372
9429
9494
9507
9558
9626
9737
9756
9774
9777
9785
9829
9843
9890
9908
9935
9958
9984
9988
10007
10046
10101
10208
10235
10329
10388
10415
10417
10478
10482
10507
10571
10610
10629
10736
10847
10914
11020
11077
11092
11153
11195
11204
11286
11291
11318
11345
11351
11434
11450
11457
11473
11483
11500
11522
11535
11543
11577
11601
11716
11844
11852
11891
11910
11934
11977
11979
11982
12050
12107
12141
12176
12238
12284
12314
12320
12346
12362
12390
12422
12437
12467
12520
12666
12691
12788
12812
12826
12880
12889
12907
12988
13002
13004
13014
13053
13085
13107
13174
13212
13277
13347
13351
13445
13538
13566
13598
13629
13658
13686
13715
13731
13757
13791
13824
13830
13866
13869
13878
13919
13920
13922
13965
14023
14080
14119
14156
14162
14233
14277
14294
14314
14358
14374
14431
14446
14461
14478
14506
14514
14558
14606
14624
14765
14829
14839
14860
14946
14965
15015
15117
15228
15288
15337
15366
15370
15384
15447
15485
15519
15535
15553
15582
15618
15638
15643
15685
15702
15713
15734
15795
15893
15938
15994
16014
16027
16058
16089
16123
16185
16223
16236
16259
16260
16267
16283
16291
16292
16391
16423
16435
16482
16490
16491
16516
16528
16611
16641
16688
16706
16724
16729
16755
16762
16786
16793
16804
16862
16905
16923
16970
16979
16994
17019
17041
17075
17149
17165
17199
17249
17250
17254
17296
17296
17341
17382
17463
17506
17571
17615
17625
17674
17676
17733
17787
17790
17811
17838
17841
17861
17878
17887
17890
17894
18075
18075
18083
18141
18151
18204
18207
18213
18220
18244
18244
18267
18411
18430
18443
18495
18501
18533
18542
18553
18559
18571
18590
18769
18851
18950
18971
19000
19059
19075
19094
19154
19196
19286
19307
19374
19444
19490
19491
19495
19515
19581
19619
19687
19741
19757
19901
19935
19949
19956
20006
20026
20035
20051
20064
20084
20183
20205
20238
20262
20287
20310
20408
20453
20603
20619
20651
20720
20731
20736
20742
20817
20894
20898
20985
20998
21078
21087
21138
21181
21208
21215
21238
21302
21376
21415
21442
21450
21474
21498
21522
21526
21561
21579
21593
21655
21732
21792
21803
21859
21904
21905
21998
22083
22088
22107
22213
22224
22258
22293
22328
22493
22504
22530
22582
22652
22691
22709
22743
22754
22785
22875
22899
22933
22944
22977
23019
23071
23081
23090
23130
23168
23183
23229
23320
23326
23361
23391
23402
23413
23485
23489
23503
23613
23615
23686
23698
23703
23709
23796
23845
23868
23869
23873
23903
23914
23936
23965
23982
23997
23999
24013
24115
24132
24140
24145
24162
24190
24205
24236
24240
24245
24248
24348
24416
24454
24459
24471
24498
24545
24582
24596
24698
24704
24725
24761
24764
24765
24816
24860
25019
25062
25082
25104
25147
25165
25180
25233
25249
25332
25359
25370
25386
25391
25394
25449
25468
25579
25647
25649
25650
25711
25728
25818
25827
25837
25857
25861
25865
25914
25925
26051
26064
26093
26127
26127
26140
26142
26146
26154
26212
26215
26228
26230
26241
26266
26274
26307
26404
26408
26454
26480
26618
26682
26717
26819
26830
26879
26958
26959
26963
26987
27116
27320
27334
27385
27415
27428
27432
27523
27600
27677
27686
27696
27697
27712
27754
27793
27801
27853
27856
27879
27918
27940
27954
28194
28244
28259
28362
28400
28568
28675
28704
28862
28937
28982
29001
29149
29201
29241
29286
29332
29455
29516
29604
29642
29654
29661
29720
29776
29813
29832
29867
29891
29953
29983
29987
30086
30094
30191
30203
30212
30212
30231
30261
30337
30355
30356
30362
30506
30550
30693
30699
30757
30821
30821
30895
30938
31004
31028
31044
31067
31137
31149
31198
31250
31278
31282
31301
31328
31355
31376
31537
31551
31567
31577
31589
31617
31632
31675
31761
31766
31785
31790
31807
31847
31864
31898
31974
32017
32023
32050
32185
32197
32323
32348
32375
32379
32524
32577
32705
32718
32719
32736
32814
32826
32843
32846
32908
32988
32990
33043
33169
33172
33244
33284
33289
33301
33311
33378
33395
33406
33446
33544
33580
33615
33697
33727
33732
33819
33847
33867
33952
33969
34013
34039
34137
34154
34184
34187
34224
34321
34323
34350
34386
34426
34465
34466
34471
34476
34553
34584
34675
34723
34747
34760
34851
35018
35100
35112
35116
35148
35178
35179
35189
35258
35285
35354
35383
35398
35521
35605
35724
35745
35779
35801
35848
35852
35890
35936
35992
36020
36029
36069
36129
36137
36170
36175
36238
36273
36276
36339
36350
36375
36449
36472
36478
36480
36487
36506
36675
36682
36740
36782
36783
36832
36893
36917
36961
36979
36979
36986
37023
37170
37171
37178
37204
37210
37212
37235
37280
37313
37323
37363
37367
37373
37442
37576
37667
37675
37725
37734
37762
37772
37778
37807
37812
37824
37895
38011
38016
38054
38057
38102
38119
38129
38144
38165
38198
38216
38219
38271
38283
38371
38382
38390
38460
38467
38481
38499
38512
38515
38517
38541
38550
38597
38613
38697
38713
38751
38829
38847
38864
38904
38939
38946
38952
38958
38961
39002
39008
39039
39071
39129
39249
39262
39276
39279
39289
39308
39371
39376
39396
39404
39453
39515
39545
39571
39572
39577
39586
39600
39605
39606
39638
39683
39740
39815
39827
39858
39888
39912
39927
39934
40009
40009
40014
40072
40096
40101
40143
40159
40186
40241
40289
40362
40441
40441
40462
40486
40501
40576
40600
40612
40635
40675
40760
40788
40835
40871
40923
40984
40996
41016
41016
41020
41071
41125
41230
41253
41402
41515
41584
41670
41717
41749
41753
41771
41775
41831
41842
41865
41870
41886
41930
41956
42024
42046
42064
42113
42211
42232
42338
42352
42387
42402
42466
42500
42680
42727
42729
42751
42756
42798
42843
42845
42851
42868
42893
42902
42917
42950
42981
43068
43108
43212
43222
43224
43230
43297
43312
43326
43383
43390
43449
43468
43482
43486
43515
43557
43624
43636
43662
43688
43729
43766
43771
43789
43833
43842
43950
43951
43951
44064
44066
44075
44084
44097
44152
44191
44204
44238
44375
44376
44621
44636
44747
44779
44879
44905
44958
44977
45048
45060
45106
45106
45197
45243
45271
45295
45343
45363
45379
45407
45444
45466
45515
45536
45614
45648
45780
45837
45892
45902
45908
45928
46069
46103
46110
46157
46160
46233
46279
46304
46334
46414
46439
46457
46463
46467
46490
46512
46518
46545
46639
46644
46657
46676
46777
46878
46895
46903
46965
47019
47071
47137
47154
47211
47231
47265
47265
47311
47373
47432
47450
47495
47500
47504
47530
47537
47573
47589
47593
47700
47748
47751
47762
47802
47806
47886
47915
47986
48006
48031
48038
48068
48079
48094
48185
48240
48292
48354
48408
48520
48634
48774
48786
48873
48897
48909
48968
48993
49009
49012
49030
49068
49275
49315
49315
49445
49490
49510
49537
49574
49625
49655
49661
49674
49686
49745
49747
49770
49803
49854
49866
49867
49906
49908
49987
49997
50011
50012
50039
50087
50100
50139
50342
50429
50438
50474
50488
50579
50626
50675
50701
50731
50774
50901
50941
50952
50955
50956
50959
50986
51039
51057
51098
51153
51240
51400
51419
51520
51564
51586
51594
51604
51715
51734
51798
51825
51844
51849
51915
51948
51985
52075
52085
52172
52244
52292
52344
52433
52434
52483
52603
52796
52798
52847
52995
53098
53114
53134
53155
53274
53341
53372
53391
53477
53522
53752
53796
53832
53856
53880
53894
53951
53996
54023
54035
54087
54089
54096
54232
54264
54448
54467
54482
54484
54516
54518
54564
54575
54576
54698
54699
54706
54772
54800
54824
54856
54865
54970
55061
55103
55110
55331
55350
55375
55387
55491
55525
55535
55544
55566
55583
55622
55641
55675
55732
55747
55804
55831
55889
55938
55946
56000
56017
56059
56071
56084
56088
56090
56158
56190
56371
56403
56437
56522
56596
56831
56842
56852
56890
56936
56937
56950
56971
57108
57129
57312
57341
57385
57402
57462
57544
57563
57660
57720
57728
57792
57825
57920
58012
58031
58051
58052
58059
58125
58185
58255
58271
58301
58303
58343
58356
58380
58403
58463
58539
58628
58722
58734
58800
58915
58927
58948
58966
59037
59054
59064
59130
59159
59201
59214
59300
59306
59321
59347
59408
59432
59536
59553
59583
59750
59786
59809
59845
59851
59934
60048
60064
60101
60285
60290
60350
60357
60465
60474
60566
60583
60595
60766
60776
60839
60875
60883
60961
60998
60999
61046
61056
61086
61105
61118
61207
61264
61298
61308
61469
61550
61566
61680
61727
61728
61782
61829
61849
61932
61974
62012
62105
62119
62141
62147
62257
62294
62309
62349
62362
62420
62439
62456
62491
62576
62686
62687
62742
62749
62761
62781
62816
62823
62883
63024
63072
63120
63133
63207
63217
63261
63292
63335
63414
63433
63530
63596
63597
63628
63633
63648
63662
63812
63844
63857
63898
63922
63965
63995
64084
64129
64173
64299
64337
64400
64503
64599
64629
64697
64849
64879
64945
65010
65094
65199
65234
65246
65283
65321
65330
65356
65456
65512
65551
65552
65574
65576
65644
65687
65707
65720
65736
65787
65872
65896
66045
66117
66127
66140
66178
66221
66230
66270
66407
66414
66427
66491
66544
66563
66602
66704
66720
66803
66861
66898
66918
66955
66975
67029
67078
67166
67183
67231
67382
67426
67486
67494
67559
67567
67605
67607
67627
67628
67664
67710
67729
67738
67749
67797
67965
67985
68072
68193
68261
68274
68325
68478
68541
68549
68557
68577
68616
68671
68709
68754
68775
68782
68897
68899
68937
68946
68953
68958
69179
69192
69210
69297
69365
69370
69407
69412
69462
69482
69577
69579
69684
69711
69736
69759
69780
69789
69846
69880
69894
69993
70004
70012
70023
70040
70047
70062
70062
70062
70074
70086
70132
70155
70245
70255
70276
70284
70309
70337
70360
70371
70379
70405
70443
70466
70512
70525
70769
70777
70806
70838
70872
70906
70966
71028
71112
71156
71243
71312
71353
71381
71448
71457
71824
71830
71858
71871
71897
71928
72082
72102
72123
72149
72160
72206
72234
72313
72361
72363
72393
72402
72433
72531
72616
72784
72800
72825
72869
72951
72968
72981
73024
73038
73086
73096
73099
73100
73234
73235
73251
73289
73334
73391
73479
73542
73547
73561
73580
73606
73653
73718
73793
73803
73853
73987
74000
74017
74056
74174
74177
74204
74204
74229
74244
74251
74256
74279
74297
74298
74341
74374
74465
74467
74511
74588
74657
74688
74737
74789
74901
74933
74991
75031
75082
75086
75174
75210
75228
75241
75313
75409
75497
75679
75764
75817
75871
75948
75951
75962
76081
76093
76125
76283
76349
76441
76482
76570
76607
76642
76642
76809
76831
76897
76933
76951
76996
77007
77019
77122
77133
77167
77173
77192
77205
77262
77345
77372
77417
77464
77488
77494
77496
77545
77553
77563
77624
77642
77643
77699
77841
77865
78005
78050
78053
78056
78148
78154
78186
78188
78201
78271
78378
78397
78436
78483
78498
78570
78592
78619
78621
78794
78813
78886
78952
78964
79024
79132
79208
79268
79393
79408
79480
79494
79551
79561
79798
79979
79981
80029
80071
80081
80145
80374
80418
80486
80567
80607
80620
80760
80769
80897
80920
80940
80954
80977
81026
81126
81141
81151
81175
81190
81481
81541
81548
81579
81588
81611
81651
81675
81681
81764
81818
81879
81884
81907
81977
82003
82040
82078
82198
82229
82330
82415
82549
82632
82638
82697
82735
82736
82770
82774
82837
82847
82863
82866
82894
83026
83054
83093
83129
83153
83186
83315
83344
83404
83419
83520
83521
83523
83578
83626
83686
83692
83746
83747
83808
83815
83970
83982
83995
84008
84011
84099
84117
84150
84158
84195
84299
84352
84355
84372
84409
84530
84594
84652
84710
84731
84758
84809
84859
84863
84877
84916
84951
84978
85034
85035
85061
85078
85087
85140
85212
85309
85331
85369
85398
85471
85561
85656
85702
85949
85962
86010
86034
86036
86054
86194
86246
86287
86307
86367
86409
86430
86432
86461
86466
86488
86589
86599
86631
86649
86694
86701
86716
86774
86830
86833
86833
86856
87134
87241
87275
87278
87333
87336
87430
87516
87529
87657
87729
87737
87834
87847
87861
87869
87886
87890
87918
88107
88277
88284
88292
88350
88391
88396
88433
88453
88463
88579
88591
88607
88622
88638
88639
88659
88690
88758
88765
88766
88943
88946
89043
89084
89127
89195
89197
89369
89376
89400
89424
89490
89585
89616
89622
89663
89709
89739
89768
89793
89831
89854
89901
89904
89916
89958
90026
90055
90079
90093
90138
90176
90253
90301
90308
90314
90383
90421
90496
90677
90746
90768
90781
90783
90836
90867
90904
90962
90962
90987
90992
91042
91079
91080
91124
91169
91176
91212
91236
91273
91360
91505
91505
91525
91689
91710
91742
91789
91869
91880
92007
92016
92119
92154
92168
92177
92261
92263
92290
92321
92380
92386
92412
92434
92460
92490
92503
92608
92678
92783
92817
92842
93008
93019
93112
93120
93141
93167
93214
93271
93376
93397
93405
93433
93464
93499
93526
93528
93890
93923
93938
94001
94117
94174
94187
94243
94248
94263
94309
94419
94459
94526
94618
94654
94664
94693
94705
94766
94813
94931
94946
94949
94972
94990
94997
95031
95059
95124
95197
95217
95228
95233
95258
95273
95294
95337
95376
95397
95531
95703
95724
95734
95780
95812
95934
95964
96000
96001
96028
96058
96065
96150
96180
96197
96262
96310
96383
96414
96431
96442
96446
96458
96483
96515
96543
96559
96595
96634
96647
96702
96722
96780
96795
96842
96945
96953
96985
97016
97031
97061
97131
97151
97153
97190
97224
97237
97317
97451
97476
97683
97734
97834
97842
97952
97991
98129
98144
98253
98268
98270
98384
98400
98408
98430
98451
98496
98522
98522
98575
98588
98669
98705
98739
98747
98751
98778
98837
98869
98888
99096
99120
99223
99278
99298
99396
99432
99439
99688
99778
99853
99857
99926
99994
100012
100019
100031
100035
100060
100097
100166
100198
100253
100364
100407
100620
100794
100795
100814
100866
100886
100905
100981
101188
101208
101242
101242
101243
101280
101326
101333
101372
101424
101476
101514
101594
101638
101691
101739
101778
101826
101843
102020
102041
102070
102253
102383
102540
102546
102557
102586
102594
102620
102655
102725
102753
102858
102896
102910
103020
103041
103064
103114
103130
103134
103158
103202
103257
103362
103471
103490
103517
103524
103561
103565
103648
103678
103689
103745
103748
103774
103820
103844
103852
103869
103888
103923
103937
103962
104101
104166
104248
104299
104363
104378
104478
104505
104645
104798
104807
104849
104889
104938
105010
105081
105100
105144
105146
105222
105224
105248
105322
105582
105632
105736
105781
105786
105787
105911
105919
105944
106134
106158
106262
106270
106327
106457
106466
106586
106645
106706
106808
106880
106938
107020
107143
107177
107296
107343
107451
107457
107479
107561
107592
107596
107815
107831
107852
107903
107960
108044
108116
108270
108315
108357
108385
108418
108442
108453
108543
108572
108603
108636
108664
108697
108703
108724
109154
109161
109212
109268
109286
109288
109361
109524
109760
109766
109847
109909
109957
109979
110038
110055
110118
110142
110162
110176
110183
110216
110276
110279
110286
110439
110536
110557
110595
110663
110710
110711
110770
110771
110776
110944
110949
110952
111004
111045
111214
111229
111269
111277
111286
111291
111325
111393
111401
111439
111476
111499
111663
111678
111711
111812
111899
111900
111980
112001
112028
112046
112112
112203
112216
112281
112347
112348
112379
112382
112418
112442
112528
112547
112568
112592
112647
112656
112693
112732
112757
112767
112797
112817
112958
112988
113065
113083
113088
113224
113321
113342
113362
113398
113486
113642
113657
113671
113716
113736
113739
113770
113823
113832
113870
113873
113909
114011
114122
114122
114219
114263
114374
114399
114456
114470
114508
114519
114544
114545
114643
114670
114693
114718
114763
114821
114930
114942
115035
115043
115195
115205
115206
115243
115362
115387
115393
115431
115496
115534
115588
115645
115677
115799
115809
115844
116019
116020
116037
116083
116097
116192
116197
116327
116330
116442
116509
116549
116564
116571
116595
116652
116690
116718
116719
116787
116842
116852
116951
116994
117014
117077
117167
117178
117210
117267
117331
117337
117349
117384
117428
117440
117507
117546
117563
117600
117691
117701
117727
117785
117789
117811
117818
117837
117868
118032
118040
118046
118059
118075
118111
118146
118229
118262
118315
118329
118468
118472
118525
118626
118660
118693
118715
118722
118772
118808
118908
118974
118995
119019
119163
119261
119277
119314
119378
119401
119428
119454
119576
119635
119642
119648
119649
119746
119766
119799
120017
120035
120048
120266
120306
120462
120482
120498
120544
120547
120568
120627
120668
120753
120765
120804
120907
120997
121026
121026
121036
121061
121062
121101
121119
121213
121221
121227
121236
121237
121253
121301
121382
121501
121542
121617
121652
121675
121730
121775
121779
121799
121824
122165
122229
122235
122312
122326
122354
122407
122488
122528
122561
122567
122610
122729
122839
123054
123062
123110
123219
123289
123374
123376
123447
123483
123593
123614
123715
123720
123730
123740
123747
123810
123883
123924
124040
124060
124114
124123
124260
124270
124285
124294
124348
124463
124618
124723
124839
124942
124961
125024
125024
125043
125079
125127
125186
125205
125274
125306
125380
125455
125499
125518
125526
125545
125661
125667
125831
125895
125911
126033
126049
126088
126104
126150
126169
126221
126277
126296
126471
126646
126689
126746
126790
126790
126861
126863
127018
127039
127216
127250
127272
127280
127282
127390
127457
127533
127793
127801
127825
127844
127931
127984
128006
128064
128131
128342
128375
128414
128420
128442
128506
128563
128642
128675
128740
128758
128771
128786
128831
128971
129041
129050
129050
129111
129186
129228
129309
129319
129331
129437
129475
129580
129637
129671
129700
129712
129731
129822
129834
129915
129942
129944
129952
130029
130044
130056
130064
130086
130207
130211
130214
130270
130325
130354
130376
130386
130437
130442
130490
130552
130562
130567
130600
130662
130681
130715
130743
130872
130903
131091
131101
131122
131145
131288
131363
131488
131494
131541
131544
131618
131665
131676
131873
131905
132019
132151
132223
132294
132392
132657
132669
132773
133019
133112
133320
133369
133383
133433
133580
133704
133821
133830
133837
133878
133916
133991
134013
134037
134039
134140
134160
134160
134175
134203
134204
134309
134414
134425
134427
134435
134458
134480
134547
134695
134823
134861
134883
135013
135043
135087
135131
135272
135290
135726
135847
135915
136032
136037
136115
136214
136481
136592
136741
136857
136869
136891
136974
137001
137064
137141
137194
137212
137290
137329
137380
137429
137433
137595
137724
137743
137768
137898
137936
138082
138119
138218
138379
138422
138435
138483
138514
138561
138588
138710
138855
138957
138985
139009
139014
139082
139166
139199
139271
139384
139427
139467
139550
139594
139723
139926
139960
140105
140142
140180
140193
140197
140313
140435
140505
140630
140714
140825
140882
140929
140949
140956
141008
141013
141037
141050
141072
141077
141095
141119
141156
141178
141195
141210
141243
141266
141296
141367
141369
141419
141464
141497
141533
141575
141596
141670
141694
141718
141935
141937
141939
142001
142143
142156
142268
142370
142521
142573
142580
142624
142735
142779
142784
142922
142959
143013
143014
143151
143167
143230
143350
143497
143568
143575
143629
143769
143872
143948
143996
144016
144021
144100
144239
144244
144339
144349
144359
144403
144511
144576
144653
144709
144741
144788
144937
144955
144984
144998
145003
145034
145062
145090
145207
145207
145289
145357
145457
145477
145554
145607
145673
145704
145890
145918
146029
146047
146170
146188
146196
146389
146473
146483
146489
146538
146556
146569
146641
146743
146809
147030
147038
147219
147406
147857
147876
147902
147996
148009
148082
148085
148102
148210
148239
148317
148321
148437
148492
148544
148737
148753
148821
148993
149161
149211
149292
149355
149362
149488
149501
149543
149721
149851
149932
150015
150021
150153
150170
150249
150446
150447
150447
150449
150515
150604
150657
150678
150695
150696
150724
150753
150774
150889
151013
151070
151144
151219
151309
151333
151429
151480
151506
151807
151859
151991
152077
152101
152190
152220
152230
152329
152360
152439
152546
152589
152593
152654
152725
152839
152940
153114
153244
153423
153462
153548
153652
153770
153880
154010
154096
154118
154256
154257
154278
154293
154350
154430
154458
154468
154547
154605
154641
154748
154773
154807
154933
155008
155037
155073
155096
155179
155215
155299
155439
155477
155547
155778
155988
156001
156009
156052
156060
156110
156264
156354
156380
156424
156464
156619
156663
156833
156884
156942
157038
157230
157301
157368
157588
157655
157663
157715
157833
157833
157861
157906
157907
157955
158022
158128
158222
158316
158394
158397
158405
158434
158534
158600
158697
158961
159022
159099
159116
159255
159287
159292
159413
159544
159544
159697
159763
159764
160022
160174
160310
160325
160430
160502
160525
160535
160596
160675
160764
160781
160808
160844
160853
160867
160889
160906
160930
160953
160989
161054
161071
161085
161106
161205
161287
161336
161535
161604
161614
161665
161766
161826
161990
162006
162042
162159
162208
162366
162405
162460
162695
162700
162717
162728
162762
162871
162916
162946
163058
163100
163138
163349
163361
163366
163497
163515
163546
163551
163553
163606
163780
163904
163917
163935
163946
164024
164037
164061
164093
164096
164287
164337
164385
164542
164559
164641
164683
164683
164704
164808
164998
165035
165247
165320
165333
165348
165356
165578
165648
165732
165803
165967
165989
166260
166381
166420
166421
166497
166600
166702
166744
166986
167048
167202
167315
167415
167426
167428
167488
167556
167578
167602
167813
167819
167835
167846
168041
168197
168204
168392
168405
168428
168507
168539
168562
168618
168634
168714
168855
168908
168958
168997
169131
169224
169408
169547
169556
169582
169687
169726
169786
169797
169804
169953
170071
170098
170166
170346
170367
170368
170382
170389
170400
170533
170620
170657
170714
170777
170826
170853
170919
170970
170982
171186
171208
171354
171527
171650
171670
171715
171796
171820
171823
171848
171888
171902
172094
172206
172260
172334
172702
172750
172852
172893
172909
173069
173274
173300
173418
173445
173452
173558
173566
173623
173636
173733
173782
173881
173977
174040
174136
174161
174226
174255
174271
174297
174484
174596
174638
174671
175008
175108
175336
175406
175632
175867
175924
175970
176152
176178
176274
176381
176430
176520
176559
176598
176624
176794
176874
177008
177088
177174
177242
177329
177331
177405
177460
177548
177757
177800
177841
177859
177887
177910
177955
178059
178080
178107
178171
178219
178246
178318
178362
178536
178540
179081
179177
179179
179231
179293
179298
179313
179338
179513
179538
179567
179576
179652
179863
180237
180300
180318
180437
180615
180634
180636
180714
180776
180900
180948
181317
181525
181593
181612
181666
181735
181809
181809
181932
181946
182286
182476
182509
182550
182555
182739
182828
182872
182887
183278
183402
183468
183519
183635
183797
183803
183854
183854
183929
183993
184040
184155
184266
184389
184569
184779
184793
184893
185072
185106
185334
185494
185608
185613
185707
185713
186224
186248
186346
186392
186472
186487
186545
186599
186712
187142
187195
187201
187345
187427
187433
187451
187576
187584
187922
187959
188006
188137
188217
188453
188501
188550
188573
188624
188631
188820
188918
189102
189171
189261
189363
189460
189625
189641
189741
189762
189830
189891
190294
190326
190416
190435
190513
190578
190597
190609
190635
190638
190655
190659
190669
190806
190914
190930
190950
191110
191112
191120
191155
191203
191212
191295
191327
191367
191707
191715
191736
191749
192005
192016
192036
192094
192234
192277
192332
192395
192572
192608
192764
192992
193060
193121
193136
193231
193286
193293
193323
193389
193529
193561
193742
193924
194067
194313
194333
194341
194420
194453
194499
194526
194647
194810
194918
194926
194988
195120
195187
195532
195538
195623
195674
195803
195885
195903
196016
196085
196212
196264
196503
196511
196674
196678
196695
196755
196798
196889
196918
196984
197013
197039
197121
197224
197371
197374
197413
197503
197519
197640
197662
197934
198073
198118
198158
198280
198399
198498
198535
198618
198634
198747
198798
199046
199171
199362
199431
199501
199615
199780
199788
199816
199870
200017
200075
200145
200212
200298
200301
200407
200560
200860
201079
201106
201167
201268
201317
201510
201747
201835
201963
201999
202027
202090
202277
202309
202341
202343
202415
202469
202517
202783
202829
203120
203137
203351
203366
203425
203487
203495
203553
203677
203728
203856
203874
203976
203978
204000
204022
204086
204116
204316
204485
204571
204596
204910
205016
205202
205429
205493
205493
205757
205982
206166
206224
206253
206259
206340
206438
206511
206525
206569
206725
206796
206800
206921
207241
207248
207292
207381
207502
207524
207572
207727
207753
207835
207922
208051
208184
208249
208402
208479
208490
208490
208537
208781
208847
208918
209145
209148
209163
209187
209203
209240
209653
209800
209932
209944
210009
210073
210216
210331
210348
210468
210477
210606
210646
210763
210823
210847
210897
210967
211057
211105
211133
211256
211268
211270
211516
211517
211554
211646
211804
211815
211959
211994
212234
212297
212324
212354
212437
212466
212606
212677
212741
212799
212906
213038
213089
213241
213345
213594
213598
213658
213786
213790
213796
213818
213864
213878
213921
213965
214219
214336
214387
214393
214565
214688
214763
214766
215110
215119
215447
216130
216163
216350
216394
216471
216763
216919
216948
216958
217085
217186
217198
217303
217346
217484
217561
217659
217708
217973
218217
218384
218751
219015
219232
219325
219329
219629
219636
219706
220067
220118
220132
220135
220158
220282
220454
220685
220884
221178
221200
221215
221332
221379
221445
221558
221682
221699
221755
221873
221881
221924
222306
222341
222348
222415
222486
222658
222780
223105
223107
223205
223284
223452
223533
223680
223701
223824
223826
223886
223955
224353
224412
224470
224522
224677
224737
224851
224891
225057
225255
225280
225533
225575
225745
225946
225951
226065
226087
226103
226274
226353
226376
226387
226529
226644
226739
226768
226875
226892
226929
226943
227010
227133
227202
227440
227488
227686
227791
227876
227884
227912
228032
228366
228429
228601
228767
229037
229040
229095
229144
229653
229663
229779
229904
229941
229946
230080
230308
230463
230555
230763
230996
231062
231089
231392
232063
232206
232257
232444
232468
232486
232816
232817
232826
233192
233295
233368
233476
234036
234037
234065
234070
234111
234135
234180
234246
234298
234372
234419
234644
234683
234730
234753
234896
235055
235059
235158
235293
235679
235688
235793
235956
235997
236181
236406
236649
236746
236802
236913
237097
237248
237458
237478
237529
237560
237689
237732
237816
237900
238002
238353
238833
238913
239031
239107
239194
239243
239325
239359
239520
239752
239815
239893
239969
240128
240130
240312
240377
240469
240474
240518
240958
241085
241286
241560
241620
241625
241662
241746
241771
241954
242111
242111
242178
242244
242344
242385
242480
242494
242548
243218
243294
243503
243627
243637
243645
243731
244013
244152
244281
244306
244662
244807
244969
245415
245428
245562
245597
245889
245916
246046
246195
246411
246457
246686
246717
246765
247057
247221
247567
247583
247656
247665
247800
248329
248401
248410
248539
248602
248921
249003
249127
249480
249675
249910
249932
250322
250393
250466
250785
251000
251034
251116
251414
251435
251813
252116
252234
252473
252731
252838
253165
253185
253636
253661
253701
253776
253787
253842
253961
254054
254094
254104
254295
254313
254625
254720
255273
255496
255698
255792
255948
256031
256158
256211
256216
256950
256989
257031
257058
257286
257491
257494
257517
257535
257709
257727
258132
258410
258451
258526
258550
258786
259019
259052
259058
259305
259364
259930
259956
260104
260149
260451
260463
260778
261085
261486
261572
261836
261911
262055
262305
262385
262459
262657
262696
263100
263252
263306
263349
263646
263793
264009
264012
264079
264127
264624
264733
265021
265215
265219
265450
265463
266188
266288
266478
266479
266495
266540
266647
266811
267265
267291
267353
267415
267513
267827
267959
268001
268069
268127
268187
268737
268834
268869
268959
269054
269097
269329
269411
269593
270028
270581
270806
270962
271443
271762
271818
271868
272205
272469
272553
272640
272647
272830
273099
273211
273435
273477
273563
273933
274007
274244
274315
274399
274445
274677
274776
274784
274859
275065
275243
275790
276024
276243
276327
276858
276916
277036
277217
277374
277418
278336
278436
278441
278567
278639
278663
278720
278764
279007
279035
279065
279196
279583
279757
280288
280351
280776
280776
280864
281582
281694
281828
282394
283140
283446
283503
283515
283534
283577
283701
283949
284124
284361
284634
284700
285174
285261
285357
285754
285784
286146
286635
287210
287352
287366
287482
287604
287760
287829
287834
287982
288078
288422
288607
289186
289472
290421
290460
291012
291012
291293
291368
292440
292588
293294
293576
293610
294120
294646
294646
294727
295014
295082
295346
295551
296210
296578
296766
296816
296934
297658
297834
298034
298572
299084
299222
299277
299425
299825
300110
300514
300737
301199
302198
302286
302556
302901
303055
303452
303722
304356
304723
304797
305432
305593
306455
307271
307315
307415
308301
308492
308854
308960
309086
309124
309291
309296
309329
309337
309412
310164
310172
310312
310574
311036
311076
311151
311199
311683
311850
312129
312391
312460
312469
312770
313323
313379
313415
313531
313720
314564
314719
315278
315292
315524
315824
315951
316381
317798
318203
318539
319180
319411
320021
320561
320793
320897
321096
321823
322319
322350
322570
322616
322940
323071
323087
323441
323605
324519
324730
324952
325481
325676
325993
326787
326876
327314
327735
327785
328099
328101
328905
328928
329061
329179
330622
332716
332824
333306
333789
334009
334590
334812
335092
335659
335834
336083
336225
336239
336300
336781
336905
337761
337988
338946
339128
339289
339594
339725
340231
341436
341466
341564
341575
342045
343189
344030
344175
344284
344471
346004
346248
346545
346729
347695
347708
347866
347892
348700
348754
349615
349734
350109
350327
350506
350825
351142
351671
351689
351874
352043
352307
352339
352487
352551
354338
354388
354589
354731
355106
355382
356351
356763
357171
358166
358436
359316
360806
360856
360995
361170
361190
361915
362740
362831
363860
363904
364531
364845
364878
365002
365008
367089
369127
369253
370119
371322
371404
371620
371855
372336
372351
372609
374160
374301
375339
375413
375709
375925
376572
377410
377720
377757
377926
379203
379417
379788
379903
380640
380670
380688
380820
381615
382101
383162
383241
383401
385410
386101
386598
386709
387369
387721
388923
389314
389463
390367
390528
391966
394083
394180
394478
395744
396793
397331
397698
399058
400152
400629
400685
401560
402620
403737
407406
409542
410385
411655
412220
412281
412962
413178
413283
413437
416163
417738
418403
420118
421781
421955
422017
422425
424131
424167
426196
427653
427914
429147
429807
430745
430819
431267
431752
432114
432259
432322
434510
435440
436232
437079
437444
438463
438526
438693
439077
439729
440135
440593
441200
443588
444341
444593
444890
446325
446618
448281
448332
449012
449841
450981
454215
455782
457213
460195
460231
463341
465238
472477
472503
477540
477963
481136
483984
490304
490618
497977
498033
499981
502268
503013
507851
512598
522357
526021
533051
548597
550118
550767
556413
567377
576170
583382
622688
668526
