0
0
115
173
176
244
289
512
522
539
578
618
706
911
938
985
1014
1172
1201
1310
1323
1420
1530
1571
1726
1776
1886
2095
2108
2147
2179
2270
2418
2463
2477
2495
2682
2715
2721
2749
2865
3031
3188
3191
3218
3293
3343
3395
3441
3469
3656
3658
3707
3833
3894
3896
3992
4005
4051
4057
4062
4095
4236
4267
4520
4528
4602
4747
4832
4848
5033
5099
5230
5295
5336
5366
5395
5481
5760
5770
5870
5907
5985
6147
6482
6561
6693
6730
6795
6841
6877
6951
7086
7259
7357
7402
7445
7446
7458
7519
7615
7616
7642
7672
7709
7714
7725
7740
7801
7854
7921
7931
7990
8123
8124
8153
8155
8304
8423
8531
8549
8707
8829
8863
8880
8965
8966
9150
9158
9253
9303
9379
9427
9552
9672
9732
9739
9847
9903
9931
10032
10045
10049
10175
10186
10425
10498
10527
10554
10583
10601
10689
10738
10747
10808
10833
10863
10864
11150
11170
11243
11274
11298
11302
11426
11478
11674
11682
11741
11744
11775
11810
11863
11881
11911
11916
11940
11950
12060
12148
12150
12193
12284
12356
12373
12451
12533
12535
12661
12689
12704
12710
12727
12736
12799
12880
12892
13042
13109
13128
13265
13474
13578
13611
13671
13708
13841
13904
14076
14118
14148
14160
14183
14201
14213
14288
14514
14546
14588
14611
14780
14795
14832
14882
14975
15032
15058
15154
15174
15187
15197
15200
15235
15406
15473
15548
15594
15686
15854
15859
16157
16162
16202
16229
16234
16435
16510
16554
16585
16595
16680
16715
16808
16846
16918
17091
17159
17189
17434
17501
17537
17557
17581
17597
17608
17795
17804
18034
18097
18141
18237
18255
18391
18458
18494
18501
18532
18554
18584
18587
18623
18652
18652
18663
18698
18710
18766
18806
18823
18869
19045
19202
19235
19240
19331
19433
19473
19576
19642
19900
19993
20114
20158
20189
20210
20289
20390
20554
20648
20801
20996
21072
21096
21124
21282
21287
21334
21369
21386
21468
21534
21579
21692
21747
21847
21855
21987
22039
22125
22150
22162
22196
22215
22372
22397
22623
22637
22681
22733
22735
22751
22862
22933
23049
23050
23123
23192
23309
23366
23525
23753
23757
23760
23775
23822
23831
23836
23857
23859
23929
23974
24017
24043
24137
24163
24289
24316
24354
24435
24441
24563
24766
24811
24835
24868
25049
25089
25093
25137
25187
25203
25221
25253
25321
25397
25591
25602
25658
25726
25936
25936
26010
26043
26096
26126
26172
26257
26264
26383
26384
26482
26511
26526
26594
26783
26885
26939
26972
27008
27030
27063
27259
27361
27426
27592
27655
27761
27851
27915
27967
27976
27999
28014
28151
28182
28197
28230
28277
28354
28377
28641
28805
28824
28838
28988
29083
29101
29121
29158
29174
29224
29300
29474
29551
29658
29931
29932
30005
30039
30095
30099
30130
30171
30303
30336
30374
30456
30482
30591
30603
30609
30616
30830
30924
30981
31280
31339
31355
31396
31666
31715
31744
31760
31888
31899
32074
32136
32182
32229
32294
32317
32325
32394
32416
32532
32639
32641
32696
32726
32778
32812
32860
32961
33058
33103
33140
33177
33434
33485
33580
33596
33599
33605
33629
33673
33697
33740
33815
33844
33962
34008
34042
34049
34055
34107
34247
34849
34891
34909
35027
35031
35200
35309
35353
35413
35595
35627
35641
35743
35918
35937
35977
36006
36011
36061
36083
36123
36253
36339
36371
36492
36607
36693
36736
36788
36831
36858
36900
36954
36994
37088
37217
37283
37307
37310
37425
37462
37483
37503
37525
37556
37610
37642
37686
37692
37707
37848
37850
37872
38093
38135
38153
38158
38161
38231
38231
38279
38597
38785
38806
38831
38899
38904
38952
39018
39284
39658
39729
39730
39787
39895
39939
40046
40224
40247
40258
40269
40421
40516
40553
40696
40700
40778
40789
40840
40861
41280
41300
41322
41466
41662
41872
41878
41963
42186
42245
42264
42332
42415
42430
42493
42703
42715
42719
42752
42820
42916
42946
42950
43081
43282
43351
43367
43425
43446
43481
43523
43650
43670
44258
44275
44493
44604
44639
44895
44946
44962
45115
45125
45186
45188
45307
45362
45466
45557
45574
45717
45825
45923
45929
45970
46024
46101
46327
46448
46550
46615
46698
46745
46763
46777
46785
46807
46855
46895
46971
47167
47168
47177
47302
47426
47537
47540
47607
47610
47623
47689
47699
47734
47755
47806
47813
47960
48012
48094
48105
48166
48336
48383
48419
48441
48636
48950
48985
48997
49067
49089
49124
49173
49294
49634
49677
49694
49764
49781
49868
49979
50236
50313
50438
50492
50523
50597
50695
50766
50820
50874
50892
50932
51028
51167
51322
51414
51440
51573
51697
51703
51739
51816
51817
51979
52052
52127
52146
52175
52177
52227
52227
52348
52384
52668
52782
52802
52813
52837
52895
53108
53149
53173
53175
53224
53379
53428
53430
53430
53481
53559
53561
53571
53582
53642
53694
53740
53825
53853
53893
53918
53935
54024
54073
54087
54219
54303
54379
54496
54621
54671
54686
54774
54778
54885
54886
55025
55025
55035
55053
55190
55308
55315
55337
55385
55426
55526
55536
55536
55560
55639
55661
55682
55783
55853
55873
55901
56026
56037
56107
56308
56309
56375
56377
56478
56502
56565
56590
56764
57008
57119
57199
57261
57269
57326
57381
57422
57473
57516
57753
57783
57956
57977
58010
58099
58110
58121
58150
58250
58351
58401
58470
58480
58548
58555
58563
58678
58712
58895
58915
58976
59148
59353
59391
59414
59649
59717
59797
59830
59855
60006
60012
60066
60165
60276
60382
60579
60751
60800
60816
60889
61011
61034
61038
61053
61192
61216
61278
61344
61345
61390
61419
61448
61477
61802
61975
62015
62042
62088
62103
62199
62207
62421
62629
62669
62774
63015
63069
63273
63286
63377
63391
63515
63560
63673
63802
63813
63874
63995
64178
64184
64242
64284
64328
64676
64744
64824
64845
64853
64981
64990
65013
65073
65095
65288
65359
65379
65420
65470
65480
65482
65572
65629
65706
65725
65729
65770
65845
66086
66336
66387
66460
66551
66785
66941
67023
67074
67101
67170
67211
67269
67348
67367
67403
67581
67705
67780
67800
67871
67874
67950
68172
68236
68240
68243
68249
68409
68412
68504
68526
68666
68757
68873
68918
69081
69197
69229
69383
69386
69452
69652
69668
69811
69997
70164
70167
70193
70211
70248
70272
70275
70328
70440
70467
70477
70493
70531
70555
70555
70559
70602
70731
70751
70944
70979
70986
71040
71099
71126
71355
71411
71492
71556
71630
71694
71776
71918
71957
72021
72132
72272
72306
72879
72929
73117
73222
73247
73283
73318
73489
73497
73513
73655
73707
73731
73856
73914
73922
73950
74122
74245
74308
74413
74477
74603
74611
74666
74783
74956
74966
75252
75309
75329
75428
75699
75774
75779
75826
75830
75851
76033
76062
76107
76135
76200
76273
76732
76830
76899
76944
76975
77204
77357
77408
77456
77532
77549
77609
77699
77974
78159
78369
78592
78601
78633
78697
78712
78767
78858
78886
78989
78992
79072
79197
79214
79215
79456
79592
79738
79894
79907
79964
80244
80400
80415
80533
80570
80598
80724
80839
81124
81197
81270
81322
81429
81434
81450
81467
81526
81558
81637
81647
81660
81675
81801
81828
81854
81955
81973
82001
82163
82176
82377
82390
82412
82542
82581
82630
82650
82822
82905
82910
82914
83096
83110
83171
83283
83425
83495
83650
83745
83790
83791
83842
84052
84054
84076
84354
84416
84466
84550
84658
84664
84685
84695
84798
84801
84818
85051
85208
85305
85409
85595
85707
85761
85953
85986
85994
86039
86102
86103
86136
86275
86312
86418
86580
86599
86638
86651
86698
86767
86858
87051
87088
87121
87246
87355
87448
87550
87567
87658
87659
87676
87691
87958
88109
88142
88173
88186
88222
88331
88355
88511
88602
88604
88816
88867
88928
88944
89176
89207
89459
89582
89686
89743
89996
90042
90045
90075
90161
90256
90258
90327
90332
90338
90391
90436
90526
90539
90581
90750
90831
90990
91014
91241
91262
91364
91594
91628
91663
91795
91974
92019
92038
92140
92148
92296
92373
92417
92444
92531
92580
92981
93149
93381
93604
93663
93730
93736
93736
93755
93788
93803
93811
93817
94008
94079
94279
94330
94374
94400
94438
94552
94681
94782
94901
94993
95099
95178
95399
95625
95701
95839
95899
95965
96056
96118
96137
96165
96199
96202
96247
96456
96546
96870
96884
97014
97063
97417
97452
97614
97746
97751
98169
98169
98363
98455
98467
98502
98564
98581
98713
98749
98818
98904
98924
99074
99259
99291
99340
99420
99559
99660
99683
99728
100019
100152
100175
100261
100374
100547
100644
100737
100903
100908
100979
101012
101057
101206
101219
101286
101435
101477
101558
101672
101713
101823
101871
101873
101934
102135
102137
102282
102341
102375
102383
102436
102566
102710
102738
102738
102808
102814
103089
103143
103169
103289
103345
103441
103454
103819
103953
103962
104238
104247
104465
104549
104599
104601
104613
104699
104916
104921
105117
105125
105168
105338
105414
105460
105581
105811
106275
106380
106406
106498
106611
106825
106875
107208
107377
107490
107599
107661
107800
107816
107823
107830
107947
108007
108343
108355
108373
108397
108549
108575
108577
108582
108649
108781
108950
109115
109270
109524
109677
109751
110034
110179
110407
110538
110561
110581
110619
110627
110643
110690
110809
111001
111145
111369
111380
111535
111776
111836
111848
111848
112027
112094
112200
112353
112923
113019
113049
113189
113422
113610
113698
113905
114043
114151
114176
114261
114350
114535
114568
114747
114757
114801
114872
114983
114986
115055
115110
115201
115388
115559
115715
115801
115915
115964
116001
116147
116216
116347
116565
116794
116802
116809
116821
116841
116845
116940
117065
117131
117457
117473
117550
117587
117596
117946
118099
118360
118470
118507
118601
118676
118773
118784
118970
119413
119437
120033
120049
120081
120176
120220
120246
120262
120305
120350
120403
120578
120602
120615
120833
120888
120995
121064
121108
121168
121198
121315
121677
121780
121857
121962
122023
122085
122112
122175
122242
122278
122306
122324
122376
122402
122413
122434
122578
122597
122634
122679
122730
122759
122785
123111
123121
123162
123213
123281
123337
123709
123764
123835
123993
124072
124091
124219
124240
124367
124394
124500
124656
124659
124868
125084
125292
125406
125983
126021
126042
126151
126240
126439
126501
126517
126657
126692
126987
126993
127077
127262
127264
127324
127501
127543
127615
127675
127852
128071
128206
128222
128516
128651
128839
128844
129216
129251
129275
129424
129512
129959
130137
130217
130257
130361
130393
130400
130679
130690
130745
130805
130931
130957
131023
131094
131116
131191
131203
131295
131412
131490
131531
131604
131657
131920
132266
132270
132621
132656
132956
133268
133961
134071
134085
134097
134102
134298
134645
134668
134983
135112
135347
135418
135433
135573
135588
135661
135939
135957
136095
136226
136417
136519
136601
136716
136717
137344
137356
137604
137613
137700
137803
137937
137958
138002
138265
138290
138329
138364
138375
138558
138636
138841
138862
139008
139030
139063
139346
139972
140006
140076
140615
140640
140827
140843
140849
141090
141154
141154
141299
141351
141377
141393
141423
141440
141465
141578
141624
141629
141657
141768
141769
141798
141858
142311
142334
142385
142649
142766
142807
142823
143036
143160
143297
143326
143388
143474
143690
143835
144158
144185
144229
144244
144338
144521
144663
144703
144811
145088
145251
145499
145633
145704
145847
146370
146439
146504
146544
146625
146728
146781
146839
146935
147059
147098
147213
147299
147320
147370
147822
147838
148196
148204
148344
148407
148457
148569
148629
148662
148733
148888
148934
149193
149481
150002
150004
150089
150176
150197
150217
150483
150495
150541
150592
150601
150659
150987
151019
151265
151441
151546
151572
151599
151838
151844
152128
152415
152419
152684
152787
153237
153474
153480
153613
153726
153931
154207
154218
154281
154326
154485
154629
154640
154733
154751
154841
154968
154999
155255
155588
156007
156048
156057
156149
156548
156937
157088
157568
158045
158121
158377
158394
158405
158643
159123
159577
160123
160127
160327
160362
160831
161199
161231
161306
161819
161830
161858
161975
162238
162268
162271
162358
162390
162683
162875
162886
162907
162988
162999
163010
163099
163524
163647
163715
163866
163947
164007
164033
164134
164523
164526
164536
164553
164592
164681
164718
165147
165373
165457
165900
166077
166269
166368
166386
166457
166988
167014
167161
167204
167392
168074
168124
168129
168171
168214
168334
168891
169239
169303
169539
169725
170006
170106
170136
170175
170428
170690
170817
171073
171300
171643
171904
171928
172297
172642
172660
172692
172735
172760
173042
173068
173590
173862
173897
173989
174066
174158
174277
174307
174441
174632
174755
174875
174928
174929
174956
175003
175193
175602
175643
175657
175720
176020
176132
176190
176235
176265
176413
176457
176488
176492
176663
176836
176847
177110
177191
177257
177406
177505
177520
177575
178007
178042
178606
178836
178863
179284
179719
179829
179970
180200
180287
180294
180416
180439
180466
180627
180836
181113
181133
181589
181636
181689
181793
181905
181955
181996
182081
182173
182198
182319
182512
182528
182664
182724
182775
183781
183797
183818
183855
183886
184047
184420
184506
184798
185070
185171
185231
185314
185477
185876
185944
186026
186182
186931
186994
187047
187203
187544
187634
187741
188185
188315
188376
188840
188916
188966
189376
189451
189455
189499
189817
189864
190191
190243
190294
190734
191007
191193
191344
191586
191642
191714
191840
191921
191928
191976
192280
192367
192516
192561
192775
193037
193879
193929
194043
194188
194533
194576
194743
194871
194983
195182
195654
195712
195845
196059
196311
196313
196388
196692
196729
196985
197235
197264
197332
197333
197420
197819
197875
197890
198197
198244
198461
198590
198662
198792
198804
198832
199178
199385
199389
199465
199589
199954
200120
200363
200481
200682
201046
201175
201242
201377
201427
201464
201635
202159
202284
202641
202772
202946
203234
203407
203706
204194
204314
204322
204607
204802
204930
204972
205037
205055
205768
205777
205927
206143
206492
206851
206955
206958
206992
207041
207413
207820
208143
208321
208427
208567
208669
208730
208787
209144
209200
209239
209437
209456
209800
209838
209975
210347
210392
210622
211196
211744
212161
212172
212337
212495
212696
212760
212796
213741
214286
214373
215058
216045
216074
216201
216291
216377
216405
216674
216692
216839
216875
216988
217103
217303
217306
217410
217706
217849
218320
218785
218855
219038
219275
219311
219384
219585
219849
220386
220903
220998
221278
221338
221737
221790
221811
221866
222005
222754
222850
223080
223147
223158
223222
223316
223455
223661
223688
224065
224243
224371
224398
225221
225549
225750
226034
226150
226187
226339
226342
226414
226721
226865
227073
227384
227909
228206
228371
228820
229123
229548
229601
229851
229951
229971
230148
230187
230696
231578
231624
231668
231888
232022
232562
232834
232922
232972
233170
234239
234949
235007
235017
235473
236009
236283
236695
236783
236957
237075
237376
237460
237763
238112
238368
238522
238704
239896
240050
240405
240435
240592
240834
240881
241095
241749
241793
242053
242196
243680
243747
243787
243814
244022
244134
244172
244643
244871
245733
245881
246343
246440
246576
247126
247544
247820
248087
248263
248796
248896
249038
249078
249546
249802
249888
250039
250663
251187
251367
251685
252651
254080
254385
254701
255064
255082
255419
255697
256331
256538
256607
256784
257359
258042
258801
259147
260138
260214
260681
263938
263983
264191
264667
264882
265052
265060
265533
266105
266507
266778
266900
266917
267100
267359
267634
267771
268644
268865
268878
269544
269725
269850
269910
270099
270708
270755
270782
270913
271467
271620
271963
271992
273117
273267
273370
273413
274022
274640
274809
275558
275755
276095
276304
276883
277471
277731
278221
278645
279190
279408
279603
279699
280292
280593
280600
281116
282180
282836
283343
283852
283957
284776
285011
285039
285330
286075
286464
287322
287478
289516
290879
291312
292375
292759
293118
293152
293963
294310
294656
294692
295759
296316
296650
296801
296967
297526
297572
297813
297869
297917
298633
300574
300628
300661
301020
301699
301894
301942
302646
303931
304007
304113
304701
304787
304884
304945
305337
306856
307231
307236
307489
308189
308470
308552
308809
308852
309048
310069
310888
310921
311793
311834
311880
312118
312262
312790
313039
313966
314352
314353
315862
316078
316233
316542
316930
317348
318159
319035
319863
320865
321060
324114
324937
325325
326220
327353
328037
328911
329479
329492
329834
330929
331172
331974
332461
333280
333517
333858
334330
335421
335758
338290
338849
341106
341836
343322
344157
345324
346835
347406
348109
348502
349292
351651
351782
353082
353699
354177
356766
356941
358411
358660
359111
361001
362944
363483
364726
365360
365437
366821
367712
367917
367922
368275
368818
369630
370603
371230
373160
373871
378076
378369
381380
381790
382755
383139
383613
384013
384148
384424
384933
385139
387109
387219
388716
389324
390481
391365
391381
392809
392852
398696
399769
400114
401323
401341
401573
401620
401806
404442
405030
411465
412783
413294
414467
415300
416764
419307
421473
421667
423303
424816
425294
432446
434699
436748
438187
441449
444069
446201
447590
449041
450453
452991
456715
456783
457162
457311
461354
465934
466420
470198
471788
474165
478331
481558
482028
488085
488135
490127
490754
491373
505042
528486
569096
572825
