0
0
28
77
240
268
321
365
372
418
490
504
613
788
909
914
953
999
1067
1092
1134
1170
1204
1212
1301
1411
1439
1494
1520
1527
1558
1564
1635
1687
1777
1901
1914
1949
1966
2144
2146
2220
2298
2498
2585
2592
2618
2621
2709
2718
2913
2932
2934
2982
3013
3082
3146
3159
3198
3321
3419
3428
3481
3543
3564
3743
3767
3768
3877
4059
4068
4137
4155
4188
4216
4236
4345
4467
4505
4508
4606
4617
4637
4964
4994
5071
5166
5408
5423
5431
5475
5494
5499
5523
5535
5598
5619
5660
5746
5753
5758
5865
5895
5972
6011
6102
6126
6189
6245
6309
6416
6584
6621
6690
6836
6879
7018
7051
7077
7090
7096
7097
7300
7346
7410
7473
7477
7487
7583
7702
7809
7844
7893
7955
8106
8208
8217
8222
8242
8298
8306
8321
8330
8363
8430
8464
8595
8716
8720
8741
8819
8826
8902
8920
8945
8974
9025
9172
9232
9261
9308
9369
9454
9527
9536
9595
9787
9836
9917
10040
10093
10148
10463
10713
10754
10815
10863
10896
10904
10987
11009
11010
11176
11185
11209
11303
11482
11504
11601
11650
11681
11685
11743
11773
11776
11817
11942
11996
12157
12189
12191
12221
12342
12353
12405
12446
12475
12519
12521
12587
12600
12649
12685
12768
12786
12907
12918
13041
13149
13234
13253
13276
13484
13490
13521
13538
13605
13683
13779
13877
13884
14020
14096
14186
14329
14455
14569
14595
14833
15002
15027
15084
15121
15125
15151
15183
15233
15272
15292
15330
15412
15448
15694
15867
15982
16053
16059
16073
16136
16144
16170
16263
16275
16312
16459
16465
16583
16615
16629
16666
16709
16791
17028
17137
17202
17219
17262
17404
17431
17463
17570
17633
17637
17679
17831
17947
17949
17950
17971
18035
18036
18133
18233
18283
18533
18545
18557
18565
18581
18659
18694
18708
18816
18899
18906
19062
19084
19124
19212
19394
19505
19511
19535
19594
19609
19632
19647
19691
19730
19777
19809
19857
19967
20222
20243
20316
20316
20443
20486
20492
20520
20691
20920
21010
21138
21168
21335
21341
21345
21450
21463
21543
21607
21616
21638
21677
22059
22066
22072
22078
22178
22218
22228
22286
22343
22352
22409
22434
22493
22609
22694
22697
22736
22739
22774
22808
22848
22877
23039
23137
23190
23219
23304
23323
23358
23486
23544
23595
23763
23791
23962
24131
24193
24216
24341
24457
24506
24629
24694
24719
24780
24793
24838
25122
25185
25190
25214
25369
25554
25680
25814
25851
25883
25916
26028
26144
26169
26170
26218
26287
26410
26475
26498
26580
26624
26678
26778
26798
26870
26917
27006
27066
27148
27151
27191
27196
27261
27438
27506
27573
27639
27725
27734
27738
27812
27844
28081
28177
28211
28221
28233
28328
28331
28343
28364
28496
28523
28554
28562
28609
28768
28781
28786
28910
28967
29220
29236
29297
29307
29371
29388
29517
29527
29949
29967
30152
30180
30202
30216
30223
30281
30339
30340
30356
30361
30385
30424
30502
30541
30571
30640
30659
30686
30832
30842
30976
31014
31016
31041
31046
31325
31486
31607
31647
31834
31888
31932
31989
31993
31999
32070
32083
32207
32240
32339
32546
32625
32721
32736
32736
32859
32871
32911
32913
33080
33081
33180
33241
33435
33453
33465
33513
33627
33915
34026
34027
34135
34150
34171
34205
34272
34322
34369
34513
34585
34684
34706
34729
34800
34934
34972
35112
35134
35177
35368
35645
35767
35829
35839
35886
36030
36042
36090
36140
36471
36538
36642
36719
36792
36867
36911
36936
37057
37346
37574
37602
37685
37744
37829
37853
37862
37878
37888
37890
37921
38175
38286
38399
38580
38586
38624
38841
38857
38878
38900
38929
38968
39045
39265
39291
39368
39379
39437
39562
39639
39744
39759
39838
39875
39880
39909
39931
39943
39950
39972
40052
40083
40097
40107
40195
40206
40216
40255
40261
40340
40361
40384
40468
40471
40500
40588
40592
40720
40745
40761
40787
40805
40882
40927
41050
41179
41270
41328
41486
41489
41592
41601
41649
41659
41816
42053
42105
42128
42142
42169
42190
42201
42270
42284
42515
42609
42692
42717
42722
42763
42840
42940
43191
43255
43358
43359
43418
43453
43480
43501
43587
43603
43686
43706
43809
43962
44094
44157
44163
44190
44191
44209
44219
44271
44469
44532
44669
44725
44829
44837
44898
44970
45000
45012
45030
45135
45158
45174
45242
45336
45350
45422
45425
45455
45484
45554
45561
45643
45647
46058
46088
46140
46327
46527
46542
46623
46770
46771
46777
46800
46877
46881
46995
47099
47247
47315
47333
47352
47527
47576
47628
47775
47866
47964
47979
48219
48247
48268
48337
48471
48473
48511
48558
48590
48611
48684
48694
48740
48848
48899
48908
49071
49236
49252
49449
49489
49525
49651
49696
49782
49810
49857
49875
49996
50007
50090
50091
50160
50431
50557
50836
50888
51262
51350
51479
51549
51638
51718
51828
51860
52053
52280
52308
52330
52340
52462
52491
52544
52639
52793
52807
52817
52864
52889
52942
53098
53155
53163
53178
53190
53227
53278
53592
53741
53748
53825
53915
53945
53970
54014
54037
54098
54112
54181
54216
54253
54293
54330
54393
54422
54428
54553
54558
54573
54739
54762
54798
54865
54880
54891
54928
54994
55008
55122
55125
55474
55535
55587
55591
55613
55636
55705
55724
55951
55974
56025
56060
56128
56231
56234
56561
56561
56568
56994
57081
57160
57284
57315
57330
57429
57483
57534
57730
57755
57901
57946
57988
58066
58223
58259
58314
58383
58486
58583
58643
58662
58745
58831
58834
58891
59091
59120
59172
59402
59425
59428
59509
59588
59812
59895
59943
60009
60196
60298
60300
60305
60348
60448
60505
60517
60826
60854
60899
60912
60956
60983
60988
61015
61172
61196
61228
61232
61277
61366
61390
61489
61540
61571
61714
61825
61860
61933
62111
62126
62242
62647
62680
62763
62770
62788
62933
63179
63285
63393
63467
63483
63487
63495
63534
63631
63637
63659
63692
63726
63840
63944
64034
64172
64207
64233
64258
64356
64402
64573
64593
64664
64843
64950
64961
64999
65075
65217
65255
65393
65410
65478
65493
65626
65709
65747
65753
65827
65976
66025
66025
66096
66097
66107
66337
66368
66375
66414
66473
66537
66575
66709
66713
66782
66785
66893
66909
67065
67110
67175
67428
67475
67489
67521
67544
67557
67605
67662
67671
67993
68154
68312
68431
68458
68478
68544
68577
68618
68623
68816
69037
69119
69152
69345
69387
69420
69430
69521
69610
69716
70183
70232
70246
70273
70275
70404
70424
70443
70455
70698
70716
70777
70815
70879
70884
71005
71011
71029
71168
71272
71367
71386
71475
71578
71767
71847
72028
72069
72133
72249
72329
72347
72642
72691
72725
72728
72749
72786
72856
72874
72877
72904
72985
73018
73132
73501
73588
73591
73598
73651
73674
73747
74053
74067
74072
74134
74183
74192
74210
74349
74353
74455
74490
74495
74507
74798
74950
75067
75235
75295
75299
75651
75919
76003
76035
76045
76158
76268
76511
76529
76591
76611
76755
76761
76905
76911
76950
77088
77093
77323
77463
77631
77816
77837
77975
78046
78171
78180
78447
78536
78644
78664
78892
79285
79313
79337
79643
79825
79910
79917
79930
79976
79993
80006
80046
80160
80201
80281
80455
80770
80908
81010
81085
81132
81367
81457
81501
81544
81554
81662
81874
81897
81907
82057
82389
82578
82612
82614
82831
83107
83133
83190
83347
83452
83561
83566
83712
83716
83735
83821
83936
83940
84145
84594
84598
84605
84620
84642
84645
84708
84780
84852
84950
84993
85063
85156
85243
85315
85439
85459
85501
85510
85534
85592
85654
85760
85781
85891
85992
86069
86141
86260
86518
86620
86769
86931
86937
86940
87119
87158
87230
87298
87317
87324
87358
87369
87442
87569
87774
87867
88058
88074
88098
88131
88157
88347
88372
88399
88548
88686
89049
89066
89248
89337
89341
89392
89694
89886
89963
89971
90024
90183
90194
90456
90466
90534
90776
90968
90975
91035
91341
91353
91373
91419
91443
91566
91567
91573
91600
91666
91894
91926
92008
92014
92020
92089
92139
92155
92282
92361
92449
92500
92540
92701
92729
92766
92803
93038
93124
93282
93362
93404
93520
93668
93727
93760
93833
93960
94036
94129
94552
94663
95268
95330
95373
95607
95660
95750
95781
95946
96099
96460
96712
96719
96903
96981
97021
97022
97143
97198
97284
97499
97587
97599
97611
97647
97704
97849
97875
98119
98322
98325
98382
98524
98574
98592
98608
98629
98798
99098
99124
99155
99223
99400
99434
99531
99676
99699
99759
99834
100049
100130
100146
100178
100234
100482
100571
100754
100868
100892
101092
101126
101148
101182
101295
101673
101702
101752
101798
101845
101848
101855
101996
102071
102099
102222
102511
102611
102672
102693
102744
103109
103168
103216
103388
103532
103554
103876
103919
104114
104136
104169
104324
104585
104969
105042
105090
105179
105262
105332
105520
105521
105606
105631
105746
105895
105899
106046
106062
106363
106369
106586
106686
106753
106864
107109
107182
107204
107278
107314
107436
107645
107659
107686
107785
107793
107834
107900
107973
107995
108029
108038
108071
108090
108161
108239
108249
108467
108526
108698
108705
108970
108994
109231
109282
109344
109355
109580
109631
109687
109774
109856
109967
110021
110341
110411
110559
110627
110686
110859
110894
110991
111189
111222
111367
111464
111472
111474
111485
111620
111704
111783
111968
112118
112128
112134
112148
112195
112256
112292
112310
112326
112437
112543
112659
112722
112915
112933
112981
113281
113325
113345
113405
113532
113751
113810
113819
113906
113908
114060
114077
114080
114107
114268
114272
114329
114423
114431
114581
114642
114953
115059
115102
115109
115194
115342
115412
115610
115719
115844
115884
116123
116172
116269
116322
116361
116497
116519
116579
117008
117042
117269
117270
117317
117360
117437
117511
117609
117730
117941
118020
118038
118066
118137
118565
118669
118907
119007
119016
119057
119101
119200
119301
119567
119602
119788
119792
119982
120060
120136
120251
120333
120333
120363
120535
120563
120601
120742
120892
120949
121251
121282
121426
121570
121595
121799
121926
122095
122234
122276
122361
122407
122433
122489
122757
122766
122772
122973
122992
123095
123096
123274
123400
123642
123743
123814
123821
123980
124212
124294
124436
124502
124597
124600
124727
124929
124984
125225
125248
125567
125583
125617
125637
125886
125957
126083
126279
126312
126420
126489
126632
126669
126861
127064
127068
127109
127226
127318
127325
127495
127561
127585
127683
127771
127893
127905
128031
128042
128219
128314
128462
128522
128551
128611
128740
128759
128816
128923
129131
129144
129160
129442
129546
129748
129785
129969
130041
130076
130127
130401
130894
131083
131249
131418
131490
131650
131712
131751
131801
131916
131959
132006
132185
132274
132281
132325
132406
132536
132550
132786
132806
132863
133183
133237
133438
133788
133800
133977
134056
134111
134196
134406
134598
134663
134689
134697
134807
134879
134986
135008
135105
135404
135972
135985
136099
136215
136218
136468
136554
136566
136635
136638
136691
136710
136799
136805
136817
136838
137046
137049
137153
137212
137363
137491
137596
137847
137938
137951
138016
138025
138041
138146
138231
138250
138507
138524
138563
138586
138652
138691
138865
138953
139001
139052
139056
139100
139108
139214
139525
139755
139871
140027
140324
140366
140441
140472
140629
140837
140948
140950
141015
141031
141032
141077
141170
141194
141268
141397
141420
141424
141451
141659
141689
141703
141776
141831
141902
141936
141974
141992
142119
142227
142274
142371
142417
142568
142931
142955
143036
143041
143057
143139
143444
143806
143932
143940
144064
144428
144498
144566
144642
144902
145001
145058
145082
145093
145109
145115
145142
145452
145494
145524
145880
146116
146141
146252
146355
146667
146789
146834
146923
146932
147154
147213
147260
147472
147919
148226
148424
148485
148486
148744
148763
148807
148811
149045
149184
149330
149370
149905
150040
150356
150550
150742
150808
150812
150911
150961
150967
150978
151061
151107
151414
151462
151474
151537
151558
151615
151650
152041
152133
152164
152362
152363
152486
152505
152944
153145
153266
153664
153906
153976
154112
154242
154244
154259
154358
154381
154559
154562
154956
155013
155029
155140
155183
155334
155552
155756
155829
155844
156013
156064
156205
156208
156322
156504
156509
156584
156596
156720
156787
157103
157111
157197
157406
157451
157585
157903
158151
158345
158515
158531
158984
159191
159573
159594
159680
159840
160018
160118
160380
160414
160427
160442
160751
160801
160863
160943
161561
162072
162205
162231
162342
162462
162547
162616
162695
162754
163092
163241
163245
163394
163447
163482
163552
163558
163636
163981
163997
164008
164077
164133
164189
164230
164424
164666
165041
165116
165252
165280
165291
165317
165535
165608
165771
166008
166275
166449
166451
166505
166569
167128
167197
167418
167705
167754
167763
167833
167885
167889
168307
168375
168457
168596
168631
168687
168934
169016
169231
169435
169596
169638
169823
169870
169922
169977
170063
170359
170487
170557
170594
170829
171026
171133
171359
171637
171718
171729
171791
171846
171886
172022
172240
172274
172364
172533
172610
172686
172716
173022
173103
173442
173744
173811
173915
174034
174501
174582
174783
174807
174859
175020
175058
175375
175425
175537
175573
175677
175867
175983
176050
176059
176071
176587
176833
177046
177047
177193
177550
177752
177952
178043
178065
178078
178215
178279
178309
178436
178532
178843
179118
179189
179195
179406
179742
179779
179783
179838
180049
180110
180117
180596
180858
181109
181212
181373
181459
181580
181595
181791
181800
181808
182255
182262
182359
182460
182513
182595
182669
182772
183060
183305
183361
183581
183743
183781
184091
184101
184242
184541
184660
184784
184812
184861
184989
185432
185468
185474
185747
185835
185845
186059
186298
186332
186337
186435
186463
186531
186626
186691
186796
186833
187147
187239
187384
187397
187451
187474
187720
187948
188099
188105
188145
188289
188328
188550
188902
188952
189069
189076
189115
189131
189222
189272
189483
189959
190022
190061
190269
190347
190476
190511
190599
190630
190715
191318
191386
191542
191756
191770
191929
191958
192072
192341
192354
192399
192724
193036
193680
193685
193757
193791
193801
194352
194403
194484
194490
194552
194613
194651
195252
195292
195401
195639
195645
195807
195875
196420
196465
196547
196708
196908
197027
197088
197184
197282
197431
197662
197679
197866
198110
198145
198330
199068
199169
199172
199500
199825
200254
200531
200634
200688
200902
200999
201003
201118
201273
201743
201754
201883
201970
202056
202257
202342
202506
202562
202617
202825
202957
203647
203989
204446
204546
204556
204599
205304
205456
206258
206305
206891
206902
207048
207065
207229
207275
207325
207445
207619
207652
207701
207748
207749
207824
207879
208098
208169
208202
208306
208401
208443
208500
208553
208954
208957
209789
210069
210124
210124
210290
210463
210514
210853
210875
210959
211054
211094
211222
211358
211440
211499
211642
211761
211817
211888
212643
212766
212808
213156
213709
213909
213928
214118
214307
214385
214610
214890
214903
215272
215494
215536
215599
215704
215840
215888
216458
216645
216646
217011
217410
217681
217808
217901
218016
218201
218323
218516
218783
218822
218863
218886
218955
218982
219373
219429
219634
219850
220183
220400
220557
220681
221038
221498
221526
221584
221675
222238
222662
222711
222753
223182
223254
223455
223515
223640
224922
225293
225420
225524
225721
226144
226419
226595
226891
226993
227130
227217
227464
227738
228156
228198
228322
229003
229200
229408
229413
229517
229922
230171
230510
230724
231060
232173
232295
232309
232538
232541
232767
232845
233392
233471
233480
233736
233844
234187
234197
234438
234744
235973
236279
236336
236539
236575
237080
237248
237282
237322
237872
237912
238208
238339
238991
239041
239742
239778
239983
240288
241552
241843
242012
242329
242418
242763
242765
242985
243225
243440
243450
243674
243864
244497
244855
244971
245245
245959
246168
246277
246872
247178
247519
247819
247897
248412
248440
248467
248680
249105
249127
249134
250019
250413
250426
250569
250690
250700
250755
251115
251120
251135
251200
251359
251374
251401
251813
252085
252399
252635
252779
252783
252903
253125
253678
253739
253829
253830
253852
254212
254505
254720
254763
255083
255294
255328
255440
255676
256118
256184
256433
256443
256496
256652
256749
257486
257499
258064
258234
258413
258950
259267
259319
259912
259967
260823
261127
261342
261413
261418
261757
262324
262876
262880
262926
263314
263544
263631
263660
263964
264021
264090
264656
265198
265577
265732
266174
266424
266642
267057
268121
269032
269502
269800
269980
270220
270368
270544
270738
271046
271087
271259
271360
271454
272141
272145
272229
272364
272387
272677
272772
272817
273022
273275
273333
273425
273503
273540
273735
273950
274044
274294
274635
275002
275673
276248
276548
276983
277389
277813
277931
277983
278097
278425
278900
278971
279230
279370
279419
279443
279574
279790
280027
281584
281900
282414
282791
282841
282895
283033
283359
283380
283822
284315
284589
284722
284967
285126
285844
286059
286070
286686
287179
287230
287439
287546
288053
288659
289305
289578
289875
289972
290151
290790
291920
292558
293166
293316
293568
293660
293786
294520
295295
295919
297043
297528
297578
297654
298369
298511
298576
298807
299131
299140
299207
299365
299766
299902
300097
300711
300787
300809
301370
301528
301730
301791
301799
302462
302815
303344
303534
303623
303749
303769
304146
304154
304509
305276
305336
305589
306962
307385
308212
308251
308656
309028
309263
309738
310064
310363
310623
310832
311117
311490
311992
312906
313135
313545
314629
314806
315763
316028
316040
316419
317188
317224
317974
318319
318715
320576
320627
320827
320995
321372
321410
321671
321925
322343
322528
322613
322839
323006
323231
323340
323843
324284
324328
324559
325052
325975
327642
328342
329361
329368
329622
330223
332451
332479
332628
333128
334122
334550
334626
334684
334801
335515
336810
338100
341776
342027
342869
343757
344299
345102
345268
346463
347955
348519
348672
349003
349776
349830
350387
352674
355210
357460
357857
358042
358347
358363
359264
360121
360326
361707
361761
361812
363159
363541
364663
365149
367444
368545
369634
371817
373520
373705
374281
375582
376378
376901
377662
380594
381025
381900
382708
382758
383074
383403
384111
384200
384711
385502
386475
386634
388654
389172
389345
391286
391499
391658
394762
395502
396511
396996
397739
400718
405249
405809
406954
411661
413091
417700
419998
422209
423316
423450
423803
426856
428579
430328
437219
438567
442049
444864
448253
452254
454335
455798
461575
463070
465563
467829
468294
475249
475462
483505
501558
503551
506526
512779
515864
518509
519636
521589
522577
559760
