0
0
25
112
127
353
443
445
546
648
674
690
705
746
774
817
839
939
1057
1080
1089
1145
1166
1194
1202
1202
1274
1311
1315
1396
1407
1483
1559
1569
1646
1689
1690
1692
1767
1808
1848
1915
1936
2120
2128
2206
2224
2226
2421
2448
2516
2523
2558
2571
2574
2592
2660
2790
2796
2829
2853
2870
2995
3067
3080
3099
3108
3201
3256
3259
3308
3405
3529
3588
3646
3654
3675
3694
3735
3740
3774
3862
3914
4019
4059
4071
4081
4090
4111
4182
4224
4297
4470
4483
4500
4544
4586
4609
4612
4638
4642
4645
4731
4846
4855
4895
4904
4927
5021
5043
5238
5266
5330
5339
5349
5522
5524
5597
5598
5607
5639
5652
5680
5760
5832
5928
6007
6043
6119
6154
6224
6235
6431
6468
6518
6529
6555
6579
6702
6729
6780
6832
6842
7057
7108
7115
7158
7203
7255
7280
7367
7368
7368
7393
7394
7407
7417
7433
7436
7452
7529
7552
7559
7567
7690
7715
7775
7808
7811
7831
7833
7846
7850
7861
7947
7953
7969
8012
8034
8048
8103
8116
8181
8207
8231
8282
8295
8302
8336
8450
8461
8589
8739
8741
8793
8821
8859
8894
8898
9015
9028
9050
9061
9080
9113
9176
9194
9208
9284
9353
9438
9488
9509
9526
9546
9574
9587
9745
9972
10010
10049
10120
10171
10190
10315
10327
10414
10417
10474
10602
10625
10627
10678
10697
10871
10927
10969
10994
10996
10997
11180
11195
11202
11209
11265
11295
11354
11401
11422
11442
11533
11549
11608
11625
11648
11691
11763
11809
11912
11928
12010
12034
12046
12062
12274
12295
12302
12412
12419
12455
12557
12674
12691
12735
12747
12944
13005
13022
13225
13293
13305
13403
13428
13456
13475
13524
13614
13623
13664
13681
13831
13850
13871
13877
13938
13969
13980
13994
14018
14125
14136
14185
14194
14253
14332
14349
14383
14435
14439
14461
14472
14540
14574
14619
14690
14707
14720
14727
14741
14794
14861
14891
14942
14954
15124
15194
15266
15326
15401
15428
15449
15543
15677
15709
15726
15750
15929
16079
16101
16127
16145
16204
16267
16405
16436
16485
16505
16554
16634
16646
16671
16693
16742
16961
16967
17002
17002
17033
17046
17055
17068
17116
17243
17335
17344
17464
17516
17573
17693
17711
17711
17851
17857
17946
17977
17981
18104
18108
18252
18626
18779
18906
18963
19080
19087
19130
19133
19142
19144
19201
19242
19256
19258
19418
19471
19490
19521
19606
19613
19634
19665
19743
19820
19959
20026
20035
20056
20058
20074
20232
20313
20315
20432
20464
20484
20584
20619
20620
20663
20690
20761
20782
20784
21005
21052
21056
21108
21173
21190
21218
21266
21360
21545
21587
21621
21671
21702
21713
21766
21792
21877
21913
21921
22020
22091
22110
22116
22133
22210
22285
22318
22330
22331
22366
22443
22483
22526
22547
22552
22560
22603
22739
22750
22758
22781
22807
22808
22865
22874
22952
23032
23069
23122
23137
23140
23143
23144
23190
23207
23319
23333
23400
23409
23454
23622
23790
23794
23873
23950
24029
24069
24075
24087
24114
24123
24145
24252
24262
24268
24345
24564
24784
24813
24814
24937
24976
25087
25143
25168
25210
25303
25317
25455
25534
25653
25681
25712
25756
25763
25776
25853
25889
25912
25997
26006
26058
26076
26106
26118
26189
26205
26212
26278
26306
26324
26349
26421
26568
26667
26705
26756
26806
26894
26930
26936
27014
27104
27114
27157
27175
27186
27239
27249
27269
27321
27325
27445
27452
27744
27775
27791
27864
27899
27958
27973
28118
28150
28215
28272
28332
28346
28435
28445
28447
28476
28528
28555
28563
28621
28686
28725
28750
28790
28896
28962
29000
29029
29114
29261
29324
29362
29399
29406
29539
29595
29652
29714
29743
29904
29955
29968
30025
30088
30114
30151
30209
30217
30285
30332
30338
30363
30450
30490
30522
30524
30529
30565
30612
30613
30620
30708
30846
30902
30976
31000
31003
31006
31087
31206
31285
31338
31380
31454
31554
31697
31700
31715
31747
31791
31816
31828
31852
31856
31931
31947
31949
32083
32103
32183
32237
32325
32371
32413
32439
32588
32600
32618
32654
32771
32876
32896
32958
32997
33008
33036
33156
33206
33266
33309
33384
33398
33469
33472
33477
33496
33626
33669
33679
33722
33729
33748
33753
33863
33948
34100
34165
34187
34187
34210
34223
34237
34258
34259
34381
34461
34477
34515
34543
34584
34613
34614
34664
34692
34695
34801
34896
34898
34949
35005
35033
35107
35114
35186
35196
35308
35369
35461
35529
35597
35705
35747
35789
35790
35913
35997
36000
36050
36083
36116
36276
36312
36364
36388
36416
36452
36652
36709
37008
37030
37103
37168
37251
37296
37337
37347
37445
37487
37490
37513
37522
37582
37595
37602
37644
37670
37703
37811
37887
37921
37935
37946
37976
38017
38047
38180
38244
38264
38306
38341
38445
38460
38548
38603
38631
38672
38727
38735
38769
38777
38803
38847
38918
38947
38949
39094
39145
39180
39284
39565
39615
39687
39730
39745
39968
39993
40022
40066
40186
40203
40207
40247
40265
40300
40318
40341
40377
40432
40459
40460
40557
40646
40689
40748
40801
40805
40822
40829
40839
40843
40896
40911
40911
40927
40936
40969
40977
41006
41025
41059
41069
41070
41103
41368
41418
41537
41586
41653
41722
41762
41942
41957
41998
42018
42058
42168
42202
42204
42222
42239
42244
42255
42274
42364
42369
42384
42452
42474
42484
42498
42515
42560
42567
42737
42799
42832
42907
43232
43295
43346
43420
43455
43464
43546
43631
43682
43826
43897
43981
44013
44018
44037
44071
44106
44114
44129
44298
44357
44497
44499
44538
44678
44706
44725
44988
45023
45135
45137
45148
45453
45492
45520
45520
45593
45646
45839
45856
46106
46131
46156
46181
46195
46218
46313
46384
46394
46408
46516
46522
46537
46548
46574
46578
46617
46656
46664
46701
46710
46718
46823
46868
46900
46921
46928
46974
46983
46985
46985
47072
47122
47150
47217
47234
47248
47266
47399
47414
47446
47500
47542
47576
47642
47713
47746
47773
47775
47820
47898
47928
48052
48060
48162
48225
48286
48288
48394
48398
48511
48577
48592
48756
48781
48794
48843
48989
49024
49120
49132
49190
49224
49236
49340
49474
49508
49511
49530
49667
49754
49907
49931
49975
49986
49990
50080
50161
50205
50229
50233
50395
50412
50496
50534
50540
50591
50617
50646
50682
50704
50728
50863
50876
50887
50916
50935
50969
50988
51051
51064
51070
51076
51108
51114
51124
51141
51163
51164
51173
51186
51195
51242
51250
51328
51350
51454
51463
51474
51491
51502
51607
51711
51784
51809
51850
51865
51952
51990
52028
52066
52117
52148
52349
52384
52385
52386
52482
52557
52572
52589
52705
52710
52870
52900
52968
52971
53005
53035
53071
53095
53138
53190
53226
53458
53523
53539
53619
53768
53877
54030
54048
54059
54084
54157
54159
54186
54415
54454
54644
54664
54667
54768
54817
54850
54860
54877
54880
55078
55082
55087
55144
55186
55237
55241
55321
55331
55406
55471
55530
55533
55547
55589
55603
55663
55690
55760
55812
55857
55880
55931
55939
55978
55986
56047
56059
56106
56233
56260
56266
56324
56423
56445
56589
56597
56629
56866
56879
56910
57039
57462
57495
57568
57606
57664
57727
57728
57787
57787
57898
57944
57981
58019
58152
58226
58231
58345
58355
58481
58501
58518
58527
58527
58559
58622
58709
58720
58805
58808
58884
58951
58956
59026
59031
59037
59124
59125
59256
59361
59378
59434
59435
59456
59480
59723
59854
59877
59989
60000
60043
60052
60085
60181
60221
60262
60359
60369
60371
60421
60525
60585
60617
60620
60651
60703
60747
60780
60854
60890
60901
61050
61157
61251
61286
61395
61493
61540
61607
61641
61647
61713
61727
61824
61939
61943
61955
62005
62013
62015
62041
62241
62264
62447
62529
62552
62561
62577
62607
62616
62627
62655
62716
62787
62793
62975
63004
63024
63030
63131
63257
63280
63297
63332
63364
63414
63508
63539
63855
63862
63938
63990
63990
64040
64060
64071
64152
64210
64310
64371
64420
64459
64512
64567
64575
64579
64663
64676
64738
64789
64830
64860
64887
64888
64930
64997
65013
65337
65376
65394
65442
65455
65515
65633
65668
65710
65802
65838
65847
65997
66140
66142
66217
66272
66275
66344
66354
66549
66582
66592
66599
66646
66726
66780
66849
66886
66888
66997
67039
67121
67352
67359
67404
67543
67618
67630
67796
67804
67817
67821
67896
67900
67914
67950
67965
68136
68151
68164
68203
68319
68325
68331
68487
68505
68551
68569
68586
68597
68672
68788
68871
68992
69017
69064
69253
69464
69491
69543
69557
69607
69757
69811
69872
69987
70014
70036
70076
70085
70142
70147
70332
70341
70343
70531
70532
70537
70625
70718
70723
70775
70904
70946
70961
71046
71046
71055
71065
71150
71206
71218
71221
71272
71325
71360
71362
71377
71392
71434
71467
71539
71588
71593
71652
71661
71708
71785
71791
71859
71893
71960
71968
71979
71980
72007
72008
72040
72171
72186
72213
72229
72301
72310
72347
72413
72459
72512
72597
72659
72683
72692
72705
72861
72921
72997
73054
73067
73092
73096
73112
73137
73166
73176
73184
73228
73240
73272
73283
73289
73335
73471
73557
73563
73627
73640
73640
73696
73814
73999
74178
74194
74228
74297
74302
74393
74508
74583
74620
74645
74678
74741
74778
74795
74890
74905
75113
75117
75155
75212
75312
75327
75342
75353
75355
75407
75485
75523
75596
75597
75638
75682
75776
75785
75789
75850
75894
75915
75982
75990
75996
76027
76095
76102
76443
76487
76502
76573
76603
76617
76664
76752
76801
76818
76862
76871
77046
77137
77218
77260
77270
77286
77375
77383
77390
77554
77600
77630
77650
77659
77732
77734
77800
77815
77843
77854
77887
78000
78050
78137
78156
78159
78201
78249
78253
78278
78356
78389
78492
78777
78905
78912
79082
79181
79201
79243
79322
79328
79664
79668
79676
79882
79884
79904
79938
80011
80022
80134
80227
80244
80274
80401
80434
80497
80518
80520
80729
80784
80868
80881
80896
80930
81134
81227
81312
81337
81359
81374
81451
81494
81572
81601
81775
81805
81867
81886
81929
81967
81983
82103
82154
82304
82356
82516
82559
82809
82847
82857
82899
82906
82955
82967
83241
83287
83341
83468
83542
83635
83693
83718
83761
83763
83779
83804
83810
83823
83865
83873
84012
84048
84092
84140
84165
84181
84190
84240
84262
84263
84266
84309
84446
84491
84550
84556
84570
84581
84592
84605
84628
84741
84748
84757
84790
84930
84985
85005
85116
85197
85325
85329
85378
85462
85483
85492
85558
85567
85611
85627
85697
85699
85733
85746
85750
85761
86111
86241
86321
86433
86582
86614
86806
86922
86927
86982
87001
87072
87079
87103
87195
87290
87388
87423
87483
87543
87562
87565
87653
87840
87911
87976
87989
88146
88230
88253
88259
88266
88332
88351
88396
88548
88553
88563
88577
88594
88602
88610
88643
88709
88714
88733
88744
88829
88840
88917
88937
88946
88984
88990
89035
89149
89156
89240
89416
89519
89521
89575
89863
89885
89915
89921
90074
90089
90116
90257
90268
90371
90566
90672
90801
90864
90939
90986
91022
91054
91061
91086
91137
91415
91442
91576
91650
91666
91715
91745
91842
91855
91865
91922
91937
91962
92001
92194
92218
92417
92422
92446
92462
92472
92544
92584
92618
92640
92710
92778
92883
92935
92940
92957
93068
93121
93162
93208
93373
93402
93455
93507
93569
93652
93658
93709
93776
93958
94005
94046
94105
94148
94185
94387
94388
94497
94532
94599
94786
95130
95161
95164
95185
95232
95254
95318
95447
95479
95692
95839
95926
95964
95971
95977
95990
96054
96055
96058
96266
96324
96327
96330
96336
96363
96420
96541
96548
96572
96624
96637
96718
96734
96841
96864
96984
96998
97234
97252
97258
97282
97349
97360
97495
97514
97520
97537
97560
97577
97624
97705
97716
97747
97753
97847
97886
98021
98071
98235
98258
98324
98348
98377
98416
98446
98473
98493
98512
98539
98634
98730
98890
99034
99053
99086
99176
99329
99404
99494
99539
99685
99744
99753
99990
100095
100334
100393
100393
100424
100523
100538
100616
100690
100691
100699
100742
100772
100841
100904
100939
100969
101098
101099
101200
101262
101270
101388
101449
101517
101592
101641
101695
101697
101753
101789
101845
101870
101913
101991
101999
102017
102153
102227
102274
102315
102622
102670
102690
102816
102831
102841
102858
103000
103017
103078
103199
103235
103363
103375
103452
103472
103496
103529
103590
103612
103747
103800
103821
103843
103867
103904
104032
104062
104318
104340
104506
104673
104736
104830
104891
104908
105144
105150
105261
105266
105321
105331
105518
105582
105591
105640
105686
105738
105763
105833
105855
105918
105961
106008
106082
106121
106141
106146
106153
106170
106184
106195
106235
106278
106288
106314
106328
106356
106363
106371
106407
106502
106552
106667
106673
106853
106967
107120
107222
107286
107300
107340
107349
107379
107409
107543
107592
107617
107652
107664
107700
107723
107758
107788
107860
107889
107964
107971
108009
108267
108282
108319
108329
108422
108427
108483
108607
108842
108894
108915
108929
109313
109332
109345
109370
109375
109404
109608
109760
109860
109861
109986
110141
110350
110355
110423
110445
110461
110472
110539
110588
110619
110625
110706
110741
110763
110787
110800
110808
110906
110907
110977
110984
111041
111088
111170
111260
111271
111323
111324
111406
111451
111495
111510
111516
111675
111807
111848
111860
111961
112142
112215
112356
112445
112566
112619
112651
112698
112698
112708
112741
112780
112885
112913
113098
113313
113314
113360
113409
113437
113455
113499
113589
113609
113613
113696
113852
113962
114355
114372
114455
114457
114466
114476
114550
114552
114625
114723
114907
115049
115123
115141
115146
115152
115166
115310
115313
115403
115410
115423
115506
115576
115716
115746
115782
115792
115949
115951
116030
116072
116122
116242
116248
116303
116339
116365
116611
116671
116741
116748
116773
116906
117257
117322
117323
117406
117469
117514
117518
117540
117634
117697
117794
117917
117945
117978
118063
118070
118105
118160
118463
118572
118643
118760
118968
119106
119110
119126
119522
119644
119703
119717
119803
119812
119891
119978
120045
120090
120121
120147
120196
120228
120288
120544
120572
120670
120687
120773
120774
120778
120826
120837
120902
120974
120998
121112
121126
121227
121245
121286
121321
121570
121576
121601
121640
121719
121964
121996
122017
122048
122051
122087
122142
122373
122393
122578
122587
122671
122925
122976
123238
123331
123396
123511
123570
123610
123624
123711
123759
123987
124010
124034
124081
124081
124257
124276
124315
124367
124431
124509
124529
124596
124738
124820
124932
124957
124974
125131
125204
125228
125281
125307
125309
125398
125455
125611
125693
125729
125764
125887
125916
125977
125983
125986
126080
126096
126183
126420
126540
126689
126768
126789
126875
127278
127323
127353
127543
127564
127606
127692
127794
127831
128059
128117
128124
128146
128168
128209
128238
128249
128313
128597
128680
128694
128733
128766
128929
128937
128976
129018
129021
129196
129281
129360
129362
129414
129531
129594
129677
129802
129810
129916
129936
130073
130082
130118
130205
130250
130358
130412
130532
130593
130620
130668
130671
130687
130756
130933
131008
131117
131241
131283
131361
131404
131418
131431
131456
131633
131773
131802
131874
131920
131990
132164
132167
132206
132242
132305
132335
132345
132353
132369
132525
132565
132635
132656
132674
132735
132922
132946
133334
133370
133558
133807
133862
133882
133906
133923
133997
134052
134083
134132
134142
134201
134416
134525
134662
134668
134736
134753
135002
135101
135147
135151
135160
135197
135225
135245
135308
135420
135775
135816
135963
136050
136071
136180
136192
136295
136435
136482
136522
136604
136624
136754
136755
136824
136836
137112
137204
137360
137375
137450
137621
137637
137645
137682
137703
137711
137850
137856
137991
138035
138128
138142
138147
138421
138454
138499
138690
138721
138780
138930
139113
139630
139724
139785
140069
140086
140124
140221
140232
140412
140527
140645
140678
140684
140919
141003
141046
141123
141158
141256
141297
141337
141339
141373
141431
141533
141564
141668
141676
141788
141860
141974
141986
142107
142123
142123
142200
142203
142224
142291
142419
142482
142567
142745
142839
142928
142947
142994
143034
143038
143224
143227
143294
143471
143540
143806
143818
143882
144191
144341
144448
144472
144479
144514
144560
144609
144646
144673
144733
144823
144912
144964
145000
145196
145240
145255
145267
145382
145382
145508
145734
145797
145886
146095
146113
146142
146201
146412
146533
146569
146583
146622
146755
146860
146933
146973
147055
147114
147121
147363
147435
147485
147688
147716
147755
148009
148141
148285
148287
148291
148330
148392
148443
148470
148612
148742
148829
148974
149001
149136
149170
149264
149417
149459
149466
149637
149715
149922
149993
149997
150021
150261
150264
150348
150388
150400
150401
150421
150459
150509
150620
150720
150877
151039
151095
151108
151237
151453
151519
151538
151649
151901
152140
152185
152187
152582
152662
152672
152721
152761
152762
152788
152934
152981
153024
153045
153046
153077
153088
153300
153301
153342
153437
153540
153559
153632
153781
153994
154044
154074
154102
154211
154328
154467
154584
154723
154864
155042
155247
155248
155266
155384
155388
155536
155673
155698
155844
155880
156229
156283
156560
156682
156786
156804
156845
156901
156952
157197
157258
157300
157360
157391
157583
157681
157715
157716
157774
157840
157947
158007
158036
158040
158060
158080
158176
158330
158370
158469
158477
158484
158567
158607
158722
159075
159183
159550
159608
159619
159757
159787
159843
160032
160173
160217
160235
160361
160382
160418
160429
160436
160469
160663
160952
160979
161069
161118
161259
161306
161344
161563
161771
161835
161840
161903
161977
162009
162022
162024
162077
162097
162111
162368
162435
162609
162782
162876
162933
163001
163009
163068
163525
163547
163622
163629
163736
163746
163848
163880
163883
163907
163956
163974
164108
164430
164443
164471
164509
164712
164743
164790
164805
164855
164896
164979
164989
165048
165098
165164
165196
165267
165489
165596
165603
165689
165700
165762
165890
165994
166079
166141
166172
166213
166269
166340
166378
166510
166571
166691
166854
167072
167229
167235
167255
167264
167490
167692
168111
168227
168264
168467
168532
168544
168551
168670
168793
169169
169190
169354
169399
169566
169632
169659
169775
169790
169857
169902
170038
170147
170187
170265
170273
170320
170361
170421
170755
170768
170770
170801
171023
171051
171247
171261
171296
171339
171369
171388
171552
171695
171752
171778
171887
172343
172604
172829
172965
173278
173391
173408
173451
173492
173681
173782
173786
173807
173888
173939
173991
173995
174282
174333
174337
174386
174653
174991
175122
175197
175256
175277
175346
175407
175511
175512
175583
175746
175749
175892
175979
175996
176041
176215
176252
176298
176345
176356
176382
176408
176444
176596
176611
176630
176721
176790
176903
177000
177038
177040
177059
177243
177323
177326
177399
177538
177656
177779
177869
177941
177988
178095
178159
178169
178190
178253
178760
178779
178856
178923
179009
179095
179140
179173
179478
179645
179722
179736
179918
180008
180036
180099
180142
180170
180300
180368
180519
180641
180824
180850
180908
181007
181043
181053
181102
181125
181165
181219
181323
181417
181854
181891
181934
181938
181957
182189
182628
182633
182642
182804
183011
183070
183181
183210
183237
183328
183549
183580
183617
183644
183690
183966
184004
184006
184022
184082
184120
184295
184339
184818
185207
185252
185315
185373
185391
185396
185576
185935
186144
186165
186195
186249
186252
186269
186333
186701
186807
187103
187121
187130
187334
187341
187367
187430
187472
187671
187723
187731
187733
187788
188342
188355
188380
188399
188581
188620
188730
188785
189052
189061
189104
189110
189187
189250
189601
189943
189973
190079
190173
190185
190201
190269
190495
190515
190675
190684
190714
191152
191171
191292
191292
191435
191558
191620
191711
191890
191953
192020
192036
192214
192495
192724
192892
193047
193200
193276
193296
193298
193333
193723
193726
193758
193773
193804
193853
193858
193864
194044
194107
194328
194529
194570
194651
194713
195126
195167
195239
195282
195309
195332
195437
195467
196061
196190
196418
196740
197020
197098
197125
197212
197420
197500
197599
197801
197924
198096
198192
198462
198585
198750
198811
198832
199036
199104
199364
199365
199372
199514
199638
199643
199653
199741
199743
199859
200213
200253
200281
200393
200547
200672
200681
200700
200751
201270
201309
201491
201863
201975
202095
202271
202488
202701
202886
202965
203250
203368
203384
203468
203503
203575
203652
203776
203796
203842
203885
203901
204097
204108
204391
204683
204686
204704
204746
204794
204882
205223
205297
205564
205732
206243
206251
206289
206341
206449
206553
206818
206946
206987
207054
207089
207161
207367
207507
207888
208123
208147
208149
208157
208181
208404
208612
208711
208711
208804
209020
209263
209329
209508
209544
209565
209586
209834
210024
210176
210264
210461
210480
210535
210642
210696
210889
210913
210999
211085
211110
211165
211191
211320
211335
211400
211473
211500
211912
212031
212051
212142
212294
212374
212410
212462
212605
212645
212767
212827
213049
213200
213504
213577
213874
213884
213935
214234
214324
214511
214525
214773
214966
214990
215408
215463
215587
215608
215975
215979
216259
216360
216366
216386
216639
216712
216840
217185
217495
217556
217561
217612
217679
217702
218136
218166
218577
218662
218860
218899
219154
219258
219320
219669
219856
219912
220208
220278
220357
220373
220443
220468
220500
220545
220615
220738
220852
220895
220914
220984
221112
221166
221441
221466
221982
222110
222276
222496
222681
223042
223091
223377
223628
223669
223703
223878
224042
224149
224186
224227
224399
224585
224728
224838
225032
225112
225184
225209
225754
225843
225920
226015
226508
226781
226895
226936
226971
227043
227075
227131
227320
227347
227378
227978
228080
228121
228492
228738
228754
229055
229196
229196
229376
229405
229475
229765
229858
229899
229995
230118
230559
230670
230791
230945
231056
231207
231436
231689
231932
232108
232734
232809
233385
233463
233559
233685
233708
234113
234187
234590
235036
235037
235119
235292
235692
235842
236106
236196
236205
236310
236442
236495
236553
236763
236843
237107
237351
237550
237631
237738
237841
238103
238616
238741
238864
239018
239137
239277
239522
239726
239736
239879
239882
239975
240103
240114
240295
240421
240576
240599
241146
241211
241312
241336
241959
242000
242017
242129
242404
242432
242596
242918
242952
243045
243048
243386
243596
243628
243682
243948
244037
244316
244655
244778
244954
245057
245386
245402
246171
246383
246431
246622
246701
246755
246930
247038
247103
247634
247746
247925
248016
248041
248136
248286
248645
248658
248753
249090
249560
249698
249991
250131
250304
250409
250566
250845
250869
250888
251053
251101
251219
251414
252369
252516
252560
252876
253153
253172
253554
253621
253863
254151
254637
254829
254880
255482
255541
255709
256229
256379
256401
257731
258178
258854
259832
259850
259886
259923
259990
260138
260459
260765
261066
261099
261439
261579
261851
261890
261953
262264
263189
263482
263671
264008
264811
266623
266801
267218
267527
267792
267873
267883
268093
268363
268502
268512
268807
268836
268916
269038
269045
269439
269853
270170
270212
270242
270431
270472
270570
270585
270630
270691
270737
270985
271042
271143
271144
271157
271480
271558
271585
271722
272319
272711
272745
272839
273676
273704
273818
274355
274361
274748
274771
275385
275679
275709
275793
276509
276924
276933
277445
277916
277926
278038
278439
278532
278552
278693
279565
279950
280123
280137
280428
280661
281461
281668
281712
282065
282689
283155
283584
283637
283951
284260
284551
284745
285059
285094
285108
285331
286414
287536
287641
287783
288006
288140
288365
288372
288635
288969
289113
289680
289751
289771
289836
290195
290491
290601
290711
290727
290923
290961
290983
291361
291579
291649
292075
292360
292614
292642
292653
292705
292748
293640
293956
294027
294167
294262
294351
294756
294795
295677
295744
295787
295858
296725
296760
297033
297128
297184
297212
297241
297260
297414
298114
298556
299973
300399
300486
300943
301316
301317
301697
301936
302101
302215
302228
303023
303374
303612
303631
303866
303997
304013
304417
304633
305244
305253
305583
305744
306226
306378
306683
306743
306839
306873
307242
307799
307963
308221
308845
309077
309098
309871
309960
310233
311002
311189
311409
312276
312796
312831
312867
312924
312977
313002
313099
313583
314474
314551
314646
315918
316018
316537
316569
316584
316676
317063
318194
318306
318570
318856
319391
319470
319553
319939
320077
320164
320529
320543
320684
321359
321480
321867
322554
322576
322897
323162
323184
325754
325773
326318
326494
326853
327261
327448
327609
327976
328054
328779
329901
330436
332086
332276
332301
332423
332721
333323
333387
333435
333686
333972
334153
334271
334379
334380
334889
335115
335145
335402
335593
335994
336064
336124
336995
337474
337780
338168
338870
339470
339820
340111
340164
340192
341121
343432
343874
344501
344751
344835
344948
345446
346973
348042
348135
348396
348401
348850
348856
348874
350700
350798
351102
351378
351742
352127
352307
353732
354556
354616
354622
354893
354914
355544
356016
356614
356673
357342
357723
357933
358173
358349
358568
358827
359333
360191
360281
360289
360606
360614
360639
360641
360714
360812
360972
361390
362756
362764
363416
363446
363945
364400
364601
365715
365778
367271
368257
368810
369198
369526
369756
370906
371126
371319
371547
372202
372317
372350
373032
373183
373229
373403
373753
373803
375209
375310
375710
376013
376725
377638
378367
379139
380131
380359
381067
381847
382656
382708
383918
385435
386684
386789
386898
386922
390177
390439
391926
393981
395727
395963
397353
397605
398159
398292
398598
398811
400525
400595
401227
401767
401774
401811
401917
402599
403764
404887
405031
407232
407508
408392
411513
413393
413588
415289
415444
417808
418522
418765
420520
424224
424312
425254
431630
432280
434610
437843
440608
440646
441297
444156
448025
449130
449276
454769
459435
464195
464416
465235
466735
467586
467685
468860
470071
470450
473832
474942
480501
482117
482213
491613
493448
496807
500542
503362
504562
511435
515306
520213
522034
526041
538671
561716
609045
612949
649697
694116
