0
0
2
6
46
230
377
407
417
476
512
593
609
699
707
736
779
798
817
825
915
937
942
978
1016
1026
1060
1066
1086
1181
1242
1290
1293
1313
1349
1349
1388
1427
1430
1452
1458
1501
1555
1564
1870
1872
1886
1888
1899
1915
1955
1961
2021
2037
2056
2081
2139
2149
2237
2248
2296
2302
2361
2420
2431
2556
2561
2591
2626
2627
2707
2825
2892
2910
2974
3022
3045
3069
3086
3205
3247
3270
3274
3385
3407
3427
3429
3494
3500
3508
3510
3558
3579
3594
3756
3772
3780
3813
3933
3953
4035
4041
4079
4111
4115
4202
4260
4333
4333
4358
4399
4408
4456
4468
4539
4631
4638
4649
4659
4750
4770
4809
4822
4845
4857
4938
5013
5030
5046
5049
5060
5078
5131
5144
5287
5294
5391
5395
5450
5461
5536
5584
5678
5725
5836
5958
5983
6065
6073
6103
6108
6175
6212
6273
6297
6516
6521
6592
6621
6669
6709
6723
6784
6826
6856
6889
6912
6926
6999
7009
7034
7046
7074
7084
7149
7171
7220
7291
7406
7423
7541
7565
7570
7574
7634
7658
7697
7718
7880
7882
8023
8027
8093
8122
8152
8179
8208
8249
8319
8345
8347
8382
8548
8583
8643
8692
8831
8878
9033
9041
9067
9083
9095
9096
9149
9176
9253
9304
9331
9332
9350
9431
9441
9547
9547
9555
9690
9701
9715
9736
9778
9858
9914
9924
9946
10040
10053
10055
10089
10179
10186
10236
10298
10316
10388
10405
10419
10504
10566
10615
10626
10639
10654
10657
10663
10721
10864
10932
10989
11007
11010
11017
11046
11115
11154
11166
11167
11170
11192
11211
11223
11246
11350
11527
11556
11591
11619
11621
11719
11815
11871
11902
11908
11939
11961
12027
12032
12050
12054
12083
12140
12154
12226
12254
12262
12277
12292
12303
12331
12355
12431
12450
12458
12562
12580
12629
12648
12698
12699
12718
12775
12816
12856
12921
12937
13061
13070
13136
13136
13148
13212
13214
13242
13262
13285
13316
13338
13400
13411
13416
13425
13466
13486
13505
13509
13606
13611
13710
13806
13912
13995
14009
14108
14143
14207
14247
14255
14374
14377
14413
14418
14460
14507
14520
14521
14550
14633
14699
14709
14723
14818
14820
14850
14867
14885
14922
15065
15087
15087
15091
15137
15159
15160
15271
15361
15387
15418
15447
15479
15504
15549
15631
15683
15698
15744
15779
15818
15860
15866
15869
15876
15910
15918
15939
15954
16007
16067
16110
16294
16341
16352
16589
16647
16739
16761
16771
16784
16882
16928
16935
16974
17055
17078
17092
17094
17337
17359
17388
17424
17523
17612
17612
17678
17698
17714
17735
17764
17823
17836
17937
17968
18058
18076
18077
18108
18220
18247
18281
18693
18743
18946
18952
19048
19054
19148
19214
19214
19220
19230
19231
19286
19288
19320
19335
19375
19423
19427
19435
19515
19522
19615
19636
19643
19654
19687
19700
19708
19778
19789
19791
19818
19831
19837
19870
19877
19879
19982
20045
20073
20167
20173
20221
20246
20311
20320
20354
20388
20449
20656
20661
20788
20871
20895
20926
20929
20950
20957
21015
21034
21051
21112
21247
21403
21486
21587
21592
21615
21626
21668
21676
21782
21784
21800
21847
21852
21902
21947
21993
22050
22062
22112
22146
22197
22208
22240
22247
22272
22305
22382
22475
22626
22796
22840
22914
22937
22970
23001
23041
23152
23155
23166
23190
23221
23296
23360
23370
23391
23481
23489
23513
23527
23618
23620
23685
23731
23767
23783
23813
23953
24012
24012
24024
24034
24094
24158
24187
24208
24236
24250
24262
24352
24505
24513
24583
24586
24614
24619
24625
24663
24704
24726
24768
24805
24819
24868
24893
24914
24953
25040
25105
25128
25210
25348
25356
25381
25390
25491
25613
25685
25688
25696
25722
25764
25776
25841
25868
25874
25876
25880
25955
25986
25997
26001
26084
26135
26191
26219
26246
26301
26331
26439
26441
26463
26501
26511
26519
26527
26617
26651
26666
26699
26759
26774
26859
26892
26926
26931
26950
26975
27012
27020
27098
27163
27177
27188
27200
27234
27253
27258
27334
27422
27441
27631
27677
27700
27787
27937
28009
28103
28107
28491
28650
28749
28787
28900
28998
29066
29067
29082
29091
29189
29228
29247
29451
29509
29532
29642
29658
29764
29768
30056
30183
30268
30296
30323
30337
30354
30357
30359
30374
30385
30413
30436
30472
30503
30531
30566
30577
30588
30852
30917
30979
31088
31102
31192
31271
31275
31277
31290
31347
31505
31520
31575
31636
31687
31721
31810
31812
31840
31861
31948
31974
31978
32031
32052
32066
32079
32097
32104
32262
32302
32381
32421
32523
32525
32538
32542
32572
32666
32678
32732
32785
32847
32899
32945
32957
32995
33014
33032
33057
33090
33124
33127
33185
33196
33253
33256
33269
33353
33367
33421
33450
33474
33610
33638
33643
33712
33718
33739
33756
33758
33784
33887
33899
33900
33917
33936
33953
33959
34007
34156
34228
34345
34353
34383
34426
34494
34498
34517
34534
34588
34594
34627
34636
34640
34856
34869
34936
34980
35013
35069
35100
35127
35206
35261
35305
35364
35451
35453
35466
35510
35541
35694
35724
35728
35739
35787
35857
35870
35971
35983
36008
36034
36048
36153
36205
36270
36278
36456
36460
36496
36516
36638
36662
36782
36855
36862
36867
36896
36964
37001
37014
37020
37048
37067
37149
37169
37321
37350
37589
37594
37635
37736
37824
37829
37829
37921
37995
38022
38052
38072
38167
38176
38249
38419
38461
38479
38530
38589
38628
38745
38780
39048
39162
39341
39343
39366
39400
39401
39402
39439
39446
39456
39525
39534
39580
39606
39619
39653
39673
39743
39866
39874
39901
39945
39972
40009
40017
40136
40185
40206
40244
40244
40260
40294
40342
40346
40388
40465
40614
40692
40695
40732
40793
40820
40846
40959
41008
41054
41092
41106
41112
41120
41163
41335
41446
41497
41522
41522
41569
41747
41774
41789
41815
41835
41866
41887
41901
41959
42029
42081
42116
42138
42148
42149
42220
42229
42288
42302
42313
42326
42347
42386
42394
42464
42506
42593
42606
42707
42782
42861
42871
43054
43114
43193
43368
43383
43415
43476
43747
43779
43800
43825
43829
43891
43985
44038
44102
44170
44197
44302
44310
44397
44489
44534
44605
44641
44695
44897
44938
44944
44948
44964
44967
45064
45086
45110
45230
45231
45257
45264
45346
45428
45456
45481
45517
45551
45606
45706
45809
45888
45898
45969
45979
45987
45989
46122
46131
46137
46187
46210
46291
46313
46396
46501
46553
46570
46595
46610
46617
46674
46689
46748
46861
46910
46989
46993
47082
47117
47120
47132
47147
47156
47178
47222
47235
47259
47269
47275
47289
47320
47341
47406
47414
47425
47427
47457
47529
47535
47542
47613
47621
47642
47647
47668
47684
47721
47728
47833
47859
47902
47915
48003
48077
48117
48146
48169
48245
48257
48266
48285
48288
48394
48566
48612
48778
48872
48910
48926
49031
49066
49091
49234
49239
49334
49540
49556
49558
49858
49867
49972
50016
50069
50071
50077
50100
50158
50170
50222
50230
50336
50339
50372
50484
50522
50626
50675
50729
50865
50902
50911
50969
51021
51111
51135
51136
51153
51356
51409
51431
51435
51451
51462
51519
51525
51536
51594
51641
51765
51801
51858
51874
51908
51909
51940
52074
52100
52103
52136
52176
52206
52282
52299
52330
52443
52476
52484
52505
52528
52546
52617
52625
52716
52764
52774
52825
52852
53002
53074
53148
53169
53254
53269
53311
53343
53351
53368
53380
53440
53446
53468
53565
53584
53612
53615
53653
53761
53814
53877
53990
54028
54052
54083
54087
54099
54111
54132
54202
54228
54451
54560
54572
54577
54596
54697
54752
54767
54896
54957
54958
54986
54997
55010
55011
55105
55177
55310
55315
55335
55348
55378
55427
55473
55485
55578
55642
55692
55794
55835
55849
55942
55943
55963
56026
56061
56068
56087
56117
56222
56241
56268
56381
56505
56516
56534
56603
56645
56648
56732
56750
56778
56803
56934
57071
57076
57140
57208
57281
57291
57323
57324
57643
57693
58005
58019
58063
58179
58203
58232
58320
58322
58416
58510
58623
58654
58692
58774
58800
58811
58813
58836
58987
59047
59317
59359
59387
59447
59524
59544
59549
59553
59690
59711
59759
59805
59860
59864
59964
60035
60044
60064
60089
60120
60188
60189
60208
60284
60340
60341
60380
60459
60487
60544
60599
60606
60688
60771
60940
60974
61049
61089
61142
61145
61175
61195
61239
61292
61341
61367
61420
61426
61428
61438
61445
61455
61477
61503
61519
61530
61626
61640
61698
61931
61936
61938
61973
62049
62062
62067
62133
62136
62224
62355
62404
62435
62443
62503
62552
62631
62634
62646
62786
62796
62825
63008
63103
63196
63257
63283
63299
63351
63379
63421
63431
63486
63545
63583
63584
63636
63704
63721
63758
63800
63802
63904
63990
64047
64104
64129
64180
64319
64411
64443
64485
64505
64505
64512
64551
64589
64590
64676
64722
64729
64736
64751
64785
64799
64848
64866
64928
64964
64966
65078
65107
65118
65390
65459
65483
65516
65547
65572
65725
65790
65791
65796
65883
65947
66114
66156
66238
66287
66294
66349
66479
66508
66539
66541
66557
66621
66659
66716
66804
66870
66929
66939
67055
67099
67114
67292
67295
67337
67407
67416
67671
67790
67807
67879
67923
67964
68050
68114
68164
68188
68196
68207
68268
68356
68407
68453
68515
68517
68533
68569
68635
68802
68824
68828
68890
68895
68937
68948
68975
68981
69038
69068
69196
69292
69481
69553
69628
69702
69748
69749
69764
69810
69837
69874
69950
69959
69998
70018
70074
70109
70181
70220
70397
70402
70413
70422
70525
70602
70610
70692
70751
70834
70885
70936
70953
70996
71018
71022
71095
71193
71208
71380
71475
71555
71567
71653
71699
71736
71835
71919
72023
72112
72269
72316
72321
72561
72573
72580
72584
72640
72675
72682
72712
72726
72757
72798
72807
72808
72907
72977
73046
73062
73091
73570
73584
73638
73741
73772
73789
73899
73902
73950
73958
73999
74054
74134
74204
74212
74252
74287
74323
74384
74404
74506
74533
74637
74706
74865
74877
74961
74985
75051
75085
75091
75201
75228
75318
75332
75385
75412
75431
75460
75522
75579
75660
75733
75769
75813
75846
75911
75963
75966
76117
76132
76143
76181
76240
76291
76360
76441
76464
76474
76520
76532
76675
76784
76799
76828
76854
76856
76901
76920
76927
77248
77347
77413
77490
77578
77592
77877
77958
77971
78088
78093
78128
78138
78161
78188
78323
78327
78331
78340
78521
78553
78566
78570
78629
78697
78710
78713
78879
78961
78967
79003
79076
79124
79204
79276
79320
79373
79503
79556
79662
79708
79768
79822
79827
79839
79875
79886
79891
80041
80128
80136
80224
80263
80351
80366
80453
80466
80556
80571
80594
80634
80699
80740
80762
80787
80790
80801
80853
80971
81020
81037
81044
81065
81113
81187
81229
81371
81627
81635
81709
81808
81863
81876
81945
81992
82071
82094
82163
82202
82246
82354
82419
82422
82545
82591
82624
82698
82707
82717
82721
82757
82768
82841
82979
82993
83082
83124
83164
83184
83265
83328
83358
83388
83401
83462
83468
83478
83548
83579
83594
83606
83634
83647
83676
83683
83777
83898
83930
83936
84011
84024
84036
84061
84065
84072
84105
84114
84142
84156
84165
84207
84335
84351
84418
84529
84589
84649
84732
84823
84873
84893
84959
84962
84988
84992
85183
85226
85231
85250
85255
85330
85370
85416
85477
85497
85499
85522
85534
85546
85552
85602
85692
85805
85848
86071
86123
86131
86181
86299
86398
86416
86417
86431
86435
86444
86467
86482
86542
86698
86731
86768
86770
86815
86858
86974
86975
86999
87087
87110
87150
87159
87239
87316
87373
87483
87532
87563
87588
87633
87647
87721
87966
88107
88196
88197
88200
88209
88325
88435
88571
88722
88953
88995
89015
89074
89081
89141
89171
89215
89278
89371
89471
89551
89594
89610
89641
89716
89787
89798
89936
89994
90106
90188
90235
90269
90329
90410
90427
90517
90537
90589
90784
90799
90814
90972
90987
91010
91021
91055
91088
91107
91263
91287
91287
91351
91420
91476
91492
91584
91611
91646
91647
91708
91873
91934
91997
92000
92035
92087
92105
92131
92155
92214
92224
92259
92327
92344
92375
92404
92420
92559
92588
92633
92688
92720
92817
92888
92968
92973
92973
92983
93009
93029
93034
93058
93078
93130
93131
93348
93355
93374
93472
93646
93775
93806
93832
93839
93935
94039
94041
94132
94142
94247
94325
94401
94492
94497
94503
94589
94687
94712
94733
94754
94764
94794
94798
94809
94956
94972
94989
95090
95147
95217
95228
95231
95232
95234
95260
95324
95335
95560
95599
95661
95695
95723
95860
95911
95921
96045
96087
96277
96299
96339
96408
96495
96496
96547
96549
96690
96692
96728
96729
96762
96786
96867
96931
97001
97050
97091
97145
97160
97298
97319
97342
97466
97471
97493
97558
97573
97590
97596
97701
97726
97730
97760
97776
97820
98026
98102
98177
98207
98318
98352
98364
98385
98441
98456
98564
98591
98647
98675
98796
98849
98862
98878
98961
98993
99019
99066
99086
99128
99186
99347
99456
99490
99714
99850
99944
99951
100008
100033
100087
100128
100138
100159
100184
100219
100233
100368
100468
100477
100502
100516
100589
100602
100648
100685
100749
100762
101045
101102
101185
101278
101355
101434
101438
101439
101540
101566
101638
101839
101877
102007
102113
102113
102152
102225
102243
102283
102309
102314
102402
102404
102474
102479
102851
102872
102915
102924
103228
103244
103257
103412
103490
103786
103832
103931
103939
103979
104104
104117
104133
104171
104255
104268
104447
104483
104483
104502
104605
104665
104770
104799
104822
104824
104886
104910
104930
105010
105053
105158
105162
105219
105244
105279
105321
105330
105375
105420
105511
105536
105596
105599
105657
105969
106106
106352
106575
106577
106679
106694
106983
106986
106995
107048
107087
107204
107273
107368
107455
107562
107575
107582
107686
107887
107895
108038
108108
108211
108211
108344
108348
108377
108422
108492
108653
108960
109162
109331
109403
109652
109699
109737
109759
109792
109796
109809
109833
109834
109845
109892
110080
110092
110143
110147
110393
110393
110447
110518
110526
110610
110700
110795
110923
110969
111000
111025
111062
111148
111165
111173
111312
111340
111392
111427
111489
111512
111534
111555
111601
111628
111648
111661
111672
111764
111844
112071
112096
112110
112183
112276
112330
112432
112446
112463
112648
112655
112750
112759
112935
112986
113067
113168
113390
113456
113491
113569
113741
113749
113765
113837
113867
113872
113963
114093
114098
114098
114138
114280
114345
114410
114441
114456
114483
114546
114576
114713
114776
114835
114932
114941
114948
114977
115036
115178
115198
115246
115460
115556
115836
115941
115969
116198
116266
116317
116327
116393
116613
116669
116700
116731
116785
116903
116931
116980
116981
117096
117126
117131
117136
117143
117192
117258
117299
117310
117316
117337
117365
117460
117537
117565
117568
117586
117669
117746
117977
118014
118041
118122
118159
118228
118287
118347
118373
118551
118577
118650
118672
118750
118768
118790
118793
118806
118898
118903
118991
119150
119192
119317
119468
119496
119520
119623
119830
119903
119927
119970
120001
120264
120519
120575
120630
120696
120814
120851
120886
120962
120992
121055
121173
121211
121222
121295
121301
121371
121392
121517
121679
121848
121857
121940
121958
122003
122017
122030
122069
122100
122461
122531
122639
122783
122831
122919
123054
123070
123257
123278
123285
123296
123529
123568
123600
123625
123625
123684
123699
123709
123743
123939
123944
123958
123985
124042
124115
124302
124321
124344
124371
124393
124522
124522
124528
124556
124565
124684
124764
124795
124851
125020
125050
125073
125179
125360
125437
125657
125661
125719
125820
125824
125870
126016
126084
126180
126251
126412
126455
126649
126695
126893
126968
127077
127089
127203
127212
127509
127643
127668
127740
127753
127769
127851
127868
127960
127985
128141
128202
128388
128420
128440
128476
128503
128567
128760
128931
129184
129188
129199
129199
129316
129339
129432
129479
129501
129763
129769
129817
129901
130049
130051
130058
130061
130062
130190
130294
130347
130487
130488
130492
130532
130612
130621
130692
130741
130886
131062
131101
131222
131287
131313
131371
131392
131395
131402
131419
131458
131526
131535
131609
131636
131689
131701
131859
131874
131981
132102
132243
132253
132423
132456
132469
132558
132569
132589
132654
132746
132842
132842
132847
132920
133115
133134
133171
133177
133230
133337
133389
133411
133431
133534
133540
133560
133611
133614
133842
133855
133924
133938
133968
134004
134066
134115
134385
134396
134562
134582
134620
134625
134634
134700
134727
134753
134788
134813
134826
134840
135012
135059
135073
135217
135433
135433
135463
135571
135612
135615
135621
135661
135694
135776
135806
135996
136025
136057
136130
136224
136251
136262
136330
136394
136420
136423
136425
136446
136460
136688
136857
136983
137073
137111
137222
137271
137303
137420
137429
137432
137449
137512
137518
137733
137805
137806
137979
138089
138213
138216
138296
138326
138329
138427
138434
138439
138541
138557
138564
138591
138622
138760
138803
138890
138894
138960
139014
139061
139070
139191
139193
139508
139648
139713
139727
139741
140048
140298
140454
140470
140535
140552
140697
140746
140791
140830
140845
140929
140941
140945
140956
141068
141163
141167
141185
141316
141340
141353
141424
141523
141542
141574
141643
142009
142133
142201
142367
142527
142555
142685
142694
142702
142767
142845
142940
143020
143311
143505
143507
143628
143643
143698
143701
143752
143759
143765
143775
143791
143791
144009
144029
144073
144239
144472
144474
144543
144799
144815
144824
144940
144954
144968
145201
145294
145328
145365
145426
145429
145445
145492
145686
145694
145757
145759
145870
146081
146174
146253
146257
146259
146324
146354
146431
146452
146488
146581
146641
146695
146803
146896
146953
147083
147150
147203
147342
147345
147361
147394
147446
147625
147658
147783
147822
147917
147945
148191
148197
148385
148387
148392
148434
148451
148787
148814
149084
149123
149171
149183
149225
149412
149488
149613
149695
149800
149906
149975
150405
150408
150422
150455
150528
150771
150798
150865
151040
151050
151123
151157
151162
151224
151242
151364
151548
151550
151585
151586
151627
151850
151872
152114
152364
152446
152450
152461
152463
152565
152585
152706
152707
152793
152817
152976
152977
152982
152998
153175
153197
153212
153298
153306
153387
153417
153553
153620
153970
154008
154182
154770
154789
154824
154842
154910
154914
154927
154957
155119
155127
155213
155277
155334
155379
155404
155461
155521
155529
155558
155600
156042
156065
156215
156294
156559
156615
156755
156850
156959
157001
157066
157097
157170
157347
157571
157596
158018
158146
158157
158236
158318
158355
158376
158465
158598
158768
158829
158836
158965
159022
159087
159208
159354
159404
159527
159618
159678
159698
159706
159859
160067
160151
160440
160447
160554
160660
160725
160752
160770
161241
161273
161323
161384
161388
161411
161495
161611
161805
161964
162177
162191
162201
162313
162425
162589
162697
162706
162742
162789
162830
162919
163021
163030
163370
163542
163727
163841
163934
163968
163978
164010
164033
164071
164084
164096
164200
164367
164483
164549
164549
164605
164809
164825
164945
164949
165094
165129
165208
165386
165521
165539
165594
165765
166095
166163
166168
166292
166301
166322
166362
166371
166435
166444
166589
166790
166846
166889
167132
167136
167154
167176
167313
167548
167590
167609
167647
167735
167897
167924
168037
168074
168162
168295
168383
168519
168680
168766
168812
168818
168923
168998
169146
169540
169553
169808
169838
170060
170083
170093
170166
170201
170456
170490
170507
170609
170669
170672
170819
170912
171071
171101
171128
171151
171288
171487
171534
171582
171792
171807
171845
171863
171928
172136
172163
172344
172569
172586
172738
172744
172787
172854
173003
173017
173271
173555
173646
173672
173757
173821
173865
173921
173977
174072
174133
174386
174396
174531
174584
174703
174824
174853
174955
175040
175135
175191
175235
175502
175527
175673
175715
175733
175843
175862
175931
176666
176668
176983
177014
177149
177185
177286
177350
177521
177599
177652
177691
177950
178008
178061
178108
178194
178218
178325
178551
178612
178614
178717
178718
178828
178863
178902
178930
178933
179086
179126
179309
179432
179455
179460
179511
179877
179967
179979
180037
180085
180109
180207
180367
180384
180698
180736
180744
180849
180994
181114
181195
181276
181288
181366
181833
181963
181984
182014
182324
182414
182471
182490
182607
182644
182723
182925
182981
182986
183212
183427
183558
183646
183708
183735
183796
183813
183832
183881
183912
184137
184139
184266
184312
184313
184377
184379
184404
184486
184787
184858
184894
184965
185361
185465
185534
185578
186154
186322
186373
186537
186582
186588
186635
186645
186671
186796
186845
186875
186971
187114
187173
187188
187227
187280
187291
187341
187362
187459
187461
187469
187489
187705
187750
187877
187899
187975
188113
188205
188208
188215
188229
188384
188631
188731
188799
188890
188906
188923
189133
189589
189716
189771
189906
190002
190019
190024
190028
190042
190149
190186
190443
190478
191118
191140
191183
191265
191283
191711
191831
192011
192297
192314
192545
192702
192720
192746
192978
193007
193036
193240
193322
193362
193431
193458
193538
193578
193732
193885
193999
194040
194203
194247
194309
194445
194948
194992
195092
195118
195245
195253
195417
195612
195694
195865
195912
195969
196053
196173
196176
196241
196690
196772
196863
197218
197367
197413
197433
197534
197558
197686
197987
198102
198215
198308
198369
198374
198521
198751
198794
198980
199028
199244
199264
199516
199557
199894
199905
199958
199971
200064
200142
200286
200393
200458
200466
200471
200488
200544
200564
200653
200701
200730
200921
201032
201182
201279
201403
201511
201616
201787
201936
201954
201954
202123
202148
202269
202650
202723
202908
202947
202983
203023
203134
203263
203443
203451
203648
203691
203881
203922
204228
204324
204338
204362
204417
204522
204625
204780
204795
204949
205181
205215
205236
205347
205429
205439
205511
205854
206021
206257
206266
206332
206408
206605
206640
207074
207097
207720
208099
208170
208244
208428
208509
208571
208607
208615
208644
209112
209160
209727
209869
209961
210100
210265
210301
210424
210535
210607
210698
210743
210854
210861
211140
211154
211166
211341
211469
211583
211707
211822
211875
211936
212101
212384
212387
212537
212617
212887
212949
213197
213596
213724
213750
213756
214200
214516
214543
214671
214768
214947
215124
215277
215299
215549
215611
215617
215731
215770
216022
216315
216459
217028
217074
217111
217175
217301
217345
217423
217460
217489
217503
217594
217935
217952
217990
218228
218447
218653
218746
218792
218799
218967
219556
219713
219733
219768
220124
220276
220279
220423
220521
220599
220724
220770
220809
220859
220977
221085
221132
221298
221695
221884
222248
222303
222498
222673
222994
223209
223346
223408
223437
223578
223635
223657
223850
223867
224073
224120
224159
224263
224513
224711
224982
225171
225405
225821
226016
226043
226274
226312
226401
226417
226549
226615
226797
226929
226951
227063
227694
227824
228078
228320
228645
228842
228852
228891
228989
229061
229083
229138
229303
229354
229417
229509
229539
229612
229665
229910
230005
230213
230224
230307
230563
230577
230772
231009
231014
231073
231199
231410
231487
231530
231818
231908
232146
232267
232271
232273
232280
232405
232814
232819
232932
233251
233718
233886
234333
234651
234879
234900
235330
235476
235517
235568
235620
235733
235893
235940
236329
236412
236495
236606
236639
236726
236972
237028
237115
237186
237229
237543
237703
237901
237984
238084
238222
238517
238607
238919
239000
239511
239715
240022
240071
240124
240257
240269
240332
240599
240916
241316
241349
241382
241536
241690
241712
241775
241849
242179
242374
242477
242550
242649
242791
243393
243527
243544
243592
243609
243810
244002
244278
244354
244486
244530
244621
244626
245294
245609
245643
245644
246508
246610
246961
246994
247116
247468
247831
247838
248236
248439
248639
248821
248926
249427
249523
249713
249858
249881
249950
250125
250125
250160
250298
250365
250449
250522
250677
250754
250891
251097
251123
251427
251659
252702
253066
253236
253288
253528
253602
253743
253858
253928
254088
254130
254258
254671
254749
254876
255242
255323
255707
255908
256529
256751
256751
256764
256941
257104
257388
257813
258266
258415
258493
258575
259714
259832
259915
260433
260766
260781
260841
260921
261037
261270
261366
261639
261787
261856
262693
262831
262842
262946
262971
262982
263048
263176
263680
263740
263820
264343
264519
264580
264669
265540
265836
266014
266070
266127
266284
266695
266895
267283
267555
267744
267757
268035
268187
268300
268402
268413
268810
268958
269019
269446
269471
269644
269742
269772
270035
270120
270233
270316
270509
271135
271660
272145
272620
272750
272752
272889
273007
273010
273161
273616
273826
274060
274446
274574
274669
275328
275373
275559
275687
275880
276437
276689
276885
277339
277514
277750
277881
278481
278594
278612
278626
279025
279390
279420
279455
279925
280138
280278
280336
280415
280456
280504
280527
280590
280664
280701
280722
281169
281403
281609
282076
282287
282328
282411
282714
283416
283484
283523
283649
283747
283893
284048
284058
284397
284549
284900
285659
285909
286115
286665
286982
287219
287834
288121
288326
288751
289593
289667
289675
289742
289756
290647
290862
291110
291452
291961
292112
292157
292227
292321
293235
293268
293632
293908
294357
294784
294797
295548
295782
296622
297113
297290
297831
298379
298754
298759
299174
299215
299470
299783
299971
300063
300709
300810
300824
301149
301194
301696
302047
302145
302369
302511
302720
303031
303389
303870
304019
304210
304383
304710
305476
306080
306297
306547
306553
307046
307488
307592
307876
308010
308676
308760
308842
308925
309034
310279
310843
311029
311089
311169
311256
311450
311457
312274
312636
312670
312904
313487
313617
313647
313666
314367
314612
314658
314704
315158
316726
317089
317237
317766
317791
318158
318204
318469
318941
319175
320027
320176
320203
320448
320931
321317
321403
321417
321555
321866
322038
322044
322164
322457
322534
322685
323049
323142
323364
323596
323837
324344
324728
324853
324895
325946
326054
326097
326286
326344
326805
326879
327725
328767
328840
329798
329850
330011
330440
330533
330941
331224
331362
331466
331497
331870
332632
334459
334500
334611
334855
335917
336868
337168
337951
338119
338124
339345
339704
339878
340090
340205
340335
340376
340978
341332
341433
341886
341998
342563
343031
343746
343775
343828
343858
344401
344761
344838
344845
347482
347971
348494
349072
349164
352015
352254
352701
353402
353605
353958
354202
355264
355294
355883
358237
359462
360035
360242
360754
361628
361635
361718
362185
365144
366843
367296
367988
368314
369280
369772
370372
370564
370638
371471
371777
372129
372725
376061
382961
383255
383982
383994
384007
384119
384649
385684
386049
388116
388223
388270
388510
388751
389315
389646
390621
390981
392161
393367
393449
393852
395522
396255
397730
399299
399430
400100
400787
401750
401871
402774
404078
404566
405035
405486
406740
409577
411398
411545
411835
413558
415655
419630
421305
421370
421866
423061
423204
424635
425624
426837
427653
428653
428799
429267
430755
431331
432312
432881
433187
434469
444981
450444
455471
455908
456250
458833
459064
459513
459928
460889
462876
466220
470279
471767
472109
477472
478369
479773
480306
480655
482023
486706
488035
490576
490758
491473
494969
500641
501663
507125
507529
509693
512281
527074
529314
538940
543675
544088
547055
554219
582883
593392
619759
688773
