0
0
166
181
200
204
317
332
343
366
385
385
402
415
442
487
488
514
515
604
613
669
864
881
945
992
1026
1095
1192
1192
1201
1262
1347
1398
1421
1435
1474
1476
1523
1558
1589
1626
1693
1705
1715
1746
1754
1766
1801
1827
1858
1871
1924
1937
1941
1951
2045
2156
2170
2409
2477
2503
2551
2639
2684
2804
2959
3146
3233
3299
3313
3339
3357
3403
3524
3560
3753
3759
3789
3811
3828
3854
3887
3922
3943
4039
4067
4248
4303
4309
4327
4438
4447
4456
4511
4511
4546
4571
4704
4706
4773
5034
5035
5102
5142
5157
5207
5239
5271
5320
5385
5392
5537
5537
5545
5704
5824
5946
6032
6047
6134
6162
6193
6208
6334
6446
6480
6491
6790
6826
6885
6977
6982
7011
7027
7037
7097
7104
7188
7223
7345
7351
7369
7392
7579
7597
7613
7685
7749
7754
7794
7820
7861
7956
8026
8115
8138
8144
8177
8200
8201
8353
8361
8389
8500
8634
8762
8886
8900
8940
8944
9023
9023
9158
9186
9236
9310
9320
9325
9386
9411
9412
9470
9479
9489
9590
9669
9782
9796
9809
9848
9886
9931
9944
9967
10001
10076
10106
10196
10220
10260
10281
10347
10379
10421
10506
10523
10633
10652
11090
11199
11296
11561
11601
11660
11750
11770
11855
11876
12191
12268
12300
12337
12475
12492
12745
12863
12916
12929
13034
13048
13115
13380
13389
13424
13438
13520
13908
13918
13953
13974
14242
14292
14457
14528
14622
14666
14674
14695
14725
14749
14750
14776
14965
14998
15090
15098
15185
15201
15270
15396
15440
15455
15469
15501
15694
15713
15809
15821
15823
15864
15874
15961
16050
16087
16144
16282
16439
16468
16475
16552
16574
16672
16859
16905
16918
16950
17013
17038
17142
17654
17718
17737
17753
17755
17840
17854
17882
17922
17947
17969
18062
18084
18085
18136
18138
18246
18287
18372
18567
18573
18765
18787
18830
18855
18938
18953
18965
19101
19125
19139
19152
19175
19256
19265
19283
19291
19327
19454
19845
19850
19919
20089
20119
20130
20138
20205
20362
20412
20555
20652
20654
20771
21293
21349
21423
21429
21442
21514
21604
21640
21671
21695
21757
21764
22016
22018
22102
22137
22159
22344
22350
22363
22392
22478
22521
22584
22617
22627
22665
22677
22743
22769
22806
22814
22833
22889
22916
22959
23011
23067
23263
23395
23420
23502
23518
23531
23594
23672
23757
23854
23862
24102
24490
24514
24523
24538
24540
24576
24849
24859
24879
24885
24921
24981
24989
25008
25060
25120
25165
25171
25217
25326
25350
25486
25489
25516
25525
25542
25590
25737
25777
25825
25915
25920
25954
25980
25983
26012
26055
26062
26140
26145
26170
26177
26241
26345
26557
26606
26639
26837
26849
26874
26914
26956
26959
27035
27063
27083
27219
27427
27448
27508
27579
27823
27885
27955
27986
28064
28083
28113
28214
28343
28354
28520
28542
28835
28864
28903
28927
28940
28957
28972
28978
28987
28993
29083
29118
29131
29198
29212
29260
29276
29279
29499
29570
29829
29865
29894
30083
30147
30181
30203
30235
30266
30317
30436
30597
30650
30673
30677
30680
30795
30872
30903
30983
31130
31142
31235
31239
31290
31328
31395
31436
31465
31510
31646
31749
31754
31801
31825
31900
31952
31991
32018
32045
32151
32182
32252
32354
32485
32556
32568
32648
32804
32915
33091
33099
33160
33344
33489
33498
33514
33596
33621
33645
33741
33829
33859
34033
34089
34090
34095
34162
34211
34226
34352
34430
34595
34617
34630
34839
34900
34925
35027
35174
35257
35337
35398
35507
35523
35637
35638
35645
35649
35790
35887
35961
35980
36090
36165
36274
36306
36341
36402
36459
36487
36487
36505
36580
36659
36745
36876
36899
36934
36983
37098
37144
37242
37333
37425
37434
37450
37485
37621
37695
37701
37721
37751
37917
37997
38088
38123
38156
38183
38246
38405
38474
38588
38614
38666
38771
38835
38840
38912
38937
39047
39052
39073
39174
39199
39251
39325
39470
39595
39747
40049
40187
40266
40299
40362
40437
40452
40484
40553
40569
40683
40707
40780
40821
40870
40912
40994
40997
41186
41233
41310
41350
41381
41402
41486
41570
41603
41620
41806
41839
41925
42026
42202
42252
42278
42309
42428
42448
42499
42511
42549
42558
42601
42705
42739
42786
42812
42824
42965
43125
43131
43150
43235
43285
43351
43372
43386
43419
43440
43519
43549
43549
43583
43684
43708
43716
43738
43760
44080
44084
44106
44174
44220
44360
44440
44474
44489
44517
44599
44769
44799
44808
44832
44891
44953
44967
44981
45084
45206
45235
45431
45546
45591
45593
45608
45658
45700
45754
45849
46101
46126
46191
46192
46201
46212
46287
46422
46526
46531
46730
46753
46902
46937
46970
46977
47038
47108
47111
47117
47312
47389
47398
47437
47585
47660
47675
47737
47796
47797
47810
47870
47894
47924
47977
48006
48030
48065
48098
48131
48149
48273
48334
48348
48366
48383
48415
48515
48604
48671
48742
48905
49054
49238
49286
49296
49371
49468
49734
49804
49818
49842
49854
49902
49905
50115
50204
50361
50406
50641
50691
50735
50782
50811
50841
50958
50996
51043
51158
51240
51331
51334
51558
51654
51867
51875
51960
51999
52017
52020
52114
52120
52184
52196
52308
52320
52363
52529
52611
52618
52637
52669
52710
52723
52835
52872
52872
52884
53045
53272
53337
53423
53424
53431
53466
53543
53583
53587
53700
53751
53794
53796
53862
53897
53955
54135
54183
54248
54292
54337
54398
54405
54476
54484
54512
54545
54583
54600
54602
54799
54808
54829
54889
55085
55215
55276
55355
55456
55478
55517
55580
55596
55632
55635
55679
55704
55733
55775
55940
55972
55983
56029
56174
56251
56257
56270
56458
56480
56501
56546
56600
56749
56803
56822
56831
56897
56904
56956
57037
57256
57274
57278
57291
57375
57393
57413
57488
57536
57595
57774
58182
58202
58212
58225
58231
58425
58459
58461
58547
58553
58721
58740
58791
58896
58902
58915
58968
59047
59052
59053
59094
59121
59135
59408
59413
59459
59623
59757
59887
59892
59903
59948
60287
60293
60340
60351
60366
60387
60430
60566
60628
60651
60655
60679
60781
60812
60870
60960
61004
61021
61058
61167
61238
61247
61324
61360
61513
61521
61553
61600
61698
61713
61885
62026
62112
62250
62385
62406
62563
62588
62646
62654
62823
62853
62954
62960
62969
63037
63051
63056
63066
63150
63203
63236
63239
63246
63271
63371
63427
63528
63553
63685
63718
63737
63866
63897
64022
64077
64137
64191
64356
64489
64517
64523
64538
64733
64767
64781
64849
64869
64978
65030
65062
65097
65131
65517
65629
65679
65901
65977
65978
66732
66752
66766
66799
66833
66871
66905
66931
67082
67257
67284
67346
67456
67488
67507
67803
68057
68090
68153
68243
68249
68289
68332
68387
68506
68543
68630
68707
68792
68846
68896
68971
69003
69175
69279
69329
69338
69378
69539
69547
69766
69767
69801
69821
69916
69948
69977
70056
70268
70314
70339
70400
70475
70546
70616
70622
70623
70638
70934
70973
71054
71074
71183
71189
71203
71206
71231
71264
71274
71351
71442
71497
71668
71691
71707
71909
72038
72068
72079
72098
72111
72153
72209
72251
72284
72335
72423
72578
72589
72609
72626
72664
72727
72795
72897
73105
73125
73131
73177
73236
73248
73315
73337
73344
73455
73632
73689
73724
73761
73847
73935
74152
74226
74269
74281
74313
74341
74343
74365
74437
74512
74564
74598
74662
74721
74823
74911
75022
75028
75031
75046
75087
75099
75158
75380
75424
75505
75614
75633
75754
75806
76096
76152
76363
76403
76522
76583
76718
76822
76921
77043
77104
77114
77130
77157
77446
77450
77458
77475
77542
77649
77664
77735
77891
77902
78337
78346
78387
78719
78760
78770
78817
78819
78969
78997
79000
79155
79336
79345
79371
79491
79550
79588
79629
79675
79709
79733
79954
80128
80132
80311
80316
80352
80392
80412
80504
80544
80812
80823
80976
81087
81397
81451
81535
81641
81683
81693
81721
81821
81859
81935
82059
82082
82368
82419
82767
82787
82893
82899
82914
82918
82983
83348
83472
83501
83643
83653
83753
83941
84011
84026
84483
84559
84618
84626
84751
84760
84872
84875
84894
84990
85416
85430
85446
85518
85555
85568
85680
85764
85783
85791
86334
86371
86510
86583
86620
86806
86898
86915
87047
87053
87153
87322
87379
87479
87570
87592
87709
87847
87891
87981
87984
88008
88050
88151
88197
88268
88317
88340
88446
88506
88609
88662
88735
88742
88813
88831
88921
89209
89276
89343
89355
89573
89675
89786
89818
89928
90097
90140
90226
90232
90235
90311
90342
90379
90589
90590
90604
90645
90647
90715
90724
90778
90853
90880
90899
90952
91011
91144
91455
91486
91538
91551
91579
91628
91677
91751
91773
91885
91984
92059
92174
92280
92344
92419
92450
92598
92668
92689
92779
92883
92995
93213
93224
93319
93330
93361
93407
93527
93538
93596
93599
93669
93728
93891
94036
94068
94264
94378
94718
94757
94899
94923
94950
94999
95047
95094
95147
95217
95523
95535
95540
95545
95560
95618
95699
95859
95865
95945
96267
96293
96353
96377
96534
96565
96589
96599
96740
96798
96813
96918
97018
97128
97130
97242
97391
97499
97599
97706
97780
97794
98025
98123
98207
98555
98598
98748
98751
98788
98855
98903
99260
99335
99511
99740
99755
99813
99837
99869
99871
99904
99923
99935
100025
100272
100277
100359
100379
100392
100400
100402
100432
100435
100533
100572
100575
100584
100608
100700
100754
100780
100823
100952
101106
101162
101194
101202
101250
101258
101916
101948
101959
102288
102337
102354
102402
102454
102464
102564
102633
102685
103035
103055
103204
103215
103297
103328
103339
103384
103389
103445
103830
103932
103952
103966
104024
104030
104076
104274
104346
104363
104543
104687
104753
105004
105045
105272
105400
105426
105448
105490
105579
105598
105602
105728
105857
105873
105904
105973
106101
106121
106133
106193
106324
106432
106605
106654
106879
106908
106945
106952
106997
107001
107119
107169
107197
107252
107337
107381
107489
107659
107733
107839
107853
107931
108239
108373
108374
108401
108443
108463
108493
108669
108720
108961
108973
109116
109199
109211
109302
109307
109317
109364
109428
109550
109787
109809
109870
110192
110241
110337
110349
110351
110500
110506
110542
110571
110756
110795
110842
110846
110972
111108
111109
111285
111295
111590
111647
111781
111891
112065
112290
112371
112397
112447
112655
112713
112729
112766
112773
112823
112839
112982
113164
113291
113420
113422
113467
113506
113511
114009
114056
114111
114207
114208
114410
114480
114541
114582
114592
114623
114708
114714
114765
114870
114978
115023
115131
115306
115340
115434
115487
115504
115660
115670
115709
115831
116063
116369
116598
116877
116901
116986
117029
117042
117073
117077
117112
117352
117441
117479
117717
117732
117748
117858
117876
117925
118027
118060
118156
118253
118262
118367
118398
118410
118472
118621
118787
118813
118928
119021
119129
119139
119200
119218
119281
119314
119326
119451
119572
119583
119587
119758
119781
119785
119807
119829
119939
120000
120255
120266
120291
120429
120647
120776
120801
120828
120842
120893
120941
120947
120949
120966
121048
121095
121142
121164
121270
121300
121302
121399
121616
121660
121668
121679
121889
121935
122088
122112
122134
122135
122268
122277
122309
122657
122665
122723
122838
122913
123039
123043
123091
123125
123147
123222
123273
123373
123442
123529
123671
123879
124039
124049
124104
124194
124234
124294
124333
124404
124419
124426
124506
124558
124636
124645
124663
124744
124829
124989
124994
125043
125045
125294
125311
125334
125355
125357
125448
125459
125704
125791
125804
125844
125865
125865
125873
125875
125914
125982
126164
126218
126373
126402
126552
126739
126930
127011
127089
127127
127151
127193
127316
127397
127538
127542
127616
127706
127824
127825
128033
128371
128413
128442
128533
128631
128952
128968
128977
129030
129149
129164
129178
129182
129309
129471
129571
129753
129765
129792
130078
130211
130331
130367
130553
130644
130715
130732
130763
130834
130845
130938
131036
131140
131284
131368
131409
131435
131463
131595
131606
131678
131690
131830
131860
131892
132212
132220
132221
132226
132411
132574
132614
132922
133028
133173
133250
133304
133310
133399
133434
133550
133734
133845
133945
133978
134020
134093
134339
134372
134460
134506
134594
134638
134759
134832
134893
134973
135196
135592
135640
135737
135772
135786
135834
135838
135851
135976
136151
136260
136299
136343
136421
136591
136836
136970
137111
137150
137203
137223
137494
137536
137540
137640
137934
138003
138253
138274
138468
138683
138747
138787
138802
138942
139205
139275
139366
139462
139586
139679
139799
139839
139968
139970
140058
140184
140215
140233
140250
140279
140294
140346
140384
140437
140614
140753
140822
140881
141083
141294
141463
141587
141619
141631
141918
141955
142039
142116
142146
142410
142527
142532
142599
142644
142695
142780
142901
142930
142965
143024
143040
143339
143349
143457
143479
143497
143537
143565
143578
143678
143702
143752
143821
144142
144185
144290
144335
144426
144564
144620
144690
144746
144823
144981
145013
145153
145423
145439
145517
145681
145751
145781
146108
146134
146453
146474
146647
146667
146714
146767
146789
146811
146978
147058
147168
147183
147292
147450
147952
148122
148154
148189
148262
148274
148404
148458
148475
148535
148673
149036
149197
149262
149384
149434
149544
149607
149608
149621
149766
149924
149958
149991
150008
150173
150254
150302
150395
150422
150604
150674
150997
151116
151190
151305
151408
151567
151613
151707
151786
151998
152147
152356
152559
152825
152850
152939
152939
152942
152969
153053
153406
153605
153617
153630
153719
153991
154157
154206
154560
154568
154672
154756
154912
155008
155381
155553
155805
156130
156166
156206
156347
156443
156477
156490
156559
156674
156678
156710
156838
156880
157249
157285
157312
157387
157413
157422
157605
157702
157715
157763
157998
158138
158175
158338
158388
158400
158414
158564
158675
158728
158906
158994
159186
159266
159316
159420
159524
159629
159652
159776
159787
159994
160015
160037
160066
160279
160414
160438
160453
160489
160519
160550
160762
160824
160831
160937
161133
161177
161269
161405
161652
161812
161863
162012
162115
162151
162205
162236
162405
162501
162519
162606
162623
162692
162776
162781
162823
162891
163010
163096
163491
163540
163606
163622
163665
163895
163996
164072
164135
164201
164205
164342
164385
164561
164802
164914
164924
165108
165148
165207
165280
165846
166011
166136
166198
166323
166469
166515
166656
166667
166693
166866
166952
167076
167212
167336
167420
167446
167561
167645
167909
167922
167935
168025
168412
168591
168681
168702
169081
169092
169225
169602
169682
169959
169966
170171
170307
170610
170918
171049
171563
171570
171630
171661
171709
171736
171807
171869
171886
172163
172309
172390
172399
172683
172694
172787
172797
172877
173012
173087
173162
173319
173549
173604
173612
173720
173754
173817
173849
173873
173986
174112
174134
174269
174411
174429
174511
174739
174859
174861
174882
174900
175210
175269
175287
175796
175894
175897
176122
176124
176143
176267
176311
176332
176340
176517
176601
176605
176714
176869
176903
176962
177185
177204
177230
177322
177324
177328
177352
177702
177737
177774
178221
178512
178768
179836
179946
180091
180396
180400
180551
180728
180956
181172
181216
181351
181355
181403
181440
181480
181823
181903
182006
182083
182119
182141
182309
182643
183245
183323
183499
183731
183953
184182
184637
184763
184764
184984
185134
185571
185612
185760
185885
186009
186014
186397
186500
186729
186898
186918
187302
187532
187622
187765
187798
188052
188053
188111
188132
188217
188551
188640
189057
189116
189130
189378
189710
189880
189908
190016
190019
190137
190274
190635
190774
190805
190875
190893
190914
190960
190973
190992
191155
191180
191216
191269
191306
191462
191547
191625
191648
191669
191815
192194
192195
192242
192356
192502
192702
192825
192954
192959
193118
193125
193188
193191
193355
193390
193479
193672
193929
193953
194132
194169
194201
194230
194415
194426
194473
194545
194566
194740
195026
195293
195298
195427
195451
195873
196223
196753
196941
197034
197119
197257
197564
198131
198460
198609
198716
198780
199076
199186
199220
199425
199530
199569
199609
199616
199684
199738
199749
199974
200600
200668
200795
200798
200802
200809
200872
201025
201273
201318
201500
201599
202517
202558
202713
202768
203004
203107
203313
203488
203759
204297
204464
204465
204688
204849
204908
205162
205201
205400
205531
205887
205922
205940
205952
206544
206894
207271
208026
208087
208249
208276
208297
208476
208597
208853
208865
208891
208995
209002
209895
210084
210200
210517
210859
211175
211198
211485
211537
211540
211655
211685
211688
211758
211885
212012
212155
212473
212665
212672
212691
212722
212792
212856
213096
213158
213849
213874
214833
215571
215873
215915
216053
216376
216418
216594
216602
216870
217175
217533
217540
217798
217957
218114
218268
218460
218468
218643
218741
218832
218900
219064
219209
219425
220057
220178
220286
220547
220620
220706
220775
220860
220930
221063
221183
221233
221579
221698
221803
221858
222104
222390
222594
222626
222821
223004
223148
223164
223447
223568
223910
223918
224130
224141
224227
224428
224852
225363
225366
225720
225802
225903
226066
226898
227251
227636
227734
228474
228508
229171
229648
229840
230110
230351
230496
230675
231101
231394
231459
231807
231907
232068
232224
232824
233154
233210
233218
233469
233703
233875
234050
234164
234223
234248
234466
234569
234957
234962
235545
235920
235931
236071
236181
236213
236431
236865
237244
237273
237358
237468
237592
237985
238107
238592
238842
239160
239322
239509
239774
240019
240279
240375
240393
240557
240851
241223
241584
241601
241723
241810
242405
242433
242490
243059
243593
243627
244314
244624
244789
245210
245368
245439
245608
246407
246569
246679
246735
246801
247443
247534
247685
247908
248000
248001
248030
248275
248302
248514
248517
249423
249550
249560
249924
250092
250237
250621
250893
251295
251512
251542
252020
252198
252217
252370
252398
252523
252533
252564
252823
253026
253267
253326
253366
253578
253830
254007
254126
254164
254331
254382
254747
254765
256020
256378
256946
256956
257055
257315
257696
257787
258334
258539
258808
258885
259046
259093
259534
259957
259970
260382
260385
260418
260978
261161
261276
261461
261700
262158
262209
262286
262708
262860
262879
263138
263145
263205
263342
263480
264171
264197
264297
264301
264777
264922
265069
265421
265964
266138
266142
266421
266430
266521
266720
266881
267378
267471
267771
268380
268424
268445
268703
269097
269156
269524
270521
271366
271626
271784
272037
272072
272508
272607
272657
272957
273310
273463
273949
274345
274357
274398
274427
274512
274866
274871
275170
275477
275490
276500
276798
277081
277238
277319
277355
277687
278088
278099
278584
278703
278797
278914
278931
279650
280449
281423
281437
281510
281935
282450
282766
282925
283189
283222
283355
283709
283790
283924
283975
284173
284483
284777
285429
286738
286775
286836
287114
287354
287428
287677
287866
288149
288348
288440
289138
289140
289158
289438
289738
290355
290813
291842
292105
293439
293805
294359
294422
294497
294674
295873
296322
296553
297115
297324
299118
300417
301619
301883
302144
302468
302931
303176
303779
303836
303975
304111
304433
305359
305742
306326
306435
306968
307096
307379
307594
307630
307671
308638
308696
308849
309183
309808
309942
310187
310223
310237
310536
310851
311431
311439
312165
312428
312566
313036
313387
314376
315325
315529
315935
316255
316623
316721
317053
317204
317789
318016
318231
318615
318634
319054
319129
319164
319399
319412
319808
319818
321390
321893
322472
323416
323513
323944
324277
327296
327682
328142
329727
329965
330934
331722
332457
332722
332778
333339
333669
334446
335028
335548
336077
337213
338493
338748
339597
339967
340658
341802
342074
342275
343097
344150
344237
344660
344877
344918
345203
345502
346136
347915
348102
348204
348286
349655
350482
350785
350816
351291
352253
352666
352861
353056
355484
356996
357651
357947
357962
358318
358390
359860
360454
362263
362319
362324
362938
362985
363201
364617
370680
375351
375380
377338
377615
377759
377874
378567
379846
381085
382561
383137
383537
384504
384810
385811
385897
386195
392542
393410
393806
393933
394584
394784
395281
395669
396114
396776
397144
397190
400719
401236
401749
403517
407332
414294
414796
415058
418215
419203
425590
428361
428568
428803
429013
430092
430436
430701
431873
435303
435335
441013
450627
454249
461360
461987
465805
467983
468431
468718
475077
477885
484160
488135
490689
493770
504700
511767
516685
518506
529507
546968
548009
567139
639875
