0
0
37
152
181
334
432
493
540
644
758
1076
1333
1408
1660
1702
1767
1783
1790
1857
1907
1915
1982
2150
2335
2363
2382
2538
2777
2793
2906
2974
3063
3090
3107
3112
3146
3371
3535
3777
3851
4022
4065
4493
4577
4623
4717
4760
4870
5006
5350
5458
5853
5881
6321
6433
6682
6920
7094
7105
7149
7251
7434
7483
7631
7841
7895
7951
8010
8114
8246
8268
8513
8832
8879
8902
9082
9083
9217
9419
9490
9661
9695
9936
9974
10082
10237
10848
11027
11080
11179
11188
11381
11393
11528
12015
12199
12655
12820
13023
13430
13431
13472
13579
13793
13927
13955
14003
14248
14546
14605
15074
15260
15328
16095
16161
16365
16430
16725
17007
17084
17128
17741
17982
18010
18142
18234
18900
18935
19145
19153
19187
19197
19281
19797
20139
20333
20959
21647
21667
21681
22392
22411
22436
22517
22552
22775
22791
23004
23008
23402
23460
23528
23748
23985
24223
24593
24705
24732
24820
25182
25291
25409
25631
25690
25692
25843
25953
26113
26368
26454
26505
26871
27190
27360
27448
28075
28155
28338
28484
28873
28968
29250
29254
29270
29379
29852
30273
30430
30453
30467
30709
31230
31388
31587
31836
32029
32314
32338
32341
32616
33049
33324
33419
33520
34166
34221
34239
34510
34547
34643
34768
34873
35075
35152
35324
35384
35412
35443
35627
35650
35679
36056
36143
36376
36432
36552
36730
36797
36847
36939
36968
36971
37490
37514
37576
37708
38244
38269
38504
38577
38736
39163
39234
39430
39675
39895
40269
40354
40583
40702
40749
40811
40973
41005
41332
41393
41641
41647
41667
41686
41755
41856
41898
42053
42138
42169
42458
42583
42794
42912
42930
43179
43185
43387
43560
43707
44020
44031
44158
44431
44557
44724
44771
45093
45281
45319
45359
45643
45814
45853
45968
46026
46070
46113
46223
46299
46330
46462
47052
47197
47203
47239
47259
47600
47697
47787
48135
48210
48212
48311
48589
48906
48942
49101
49244
49341
49459
49529
49672
49737
49960
50228
50264
50480
50485
50579
50860
50982
51019
51368
51567
51989
52000
52051
52251
52317
52734
52862
52880
52928
53004
53193
53493
53524
53723
54336
54375
54395
55206
55310
55364
55392
55500
55543
55733
55753
55798
55854
55997
56050
56223
56393
56552
56634
56732
56881
57232
57770
57863
58181
58256
58563
58587
58606
58651
59065
59475
59508
59700
60001
60035
60154
60342
60490
60760
61030
61215
61220
61302
61632
61635
62071
62250
62451
62861
62990
63012
63164
63296
63555
63791
63825
63915
63980
64043
64154
64162
64214
64240
64271
64344
64984
65875
65876
66099
66218
66226
66265
66352
66710
66740
66934
67233
67410
67691
67720
67898
67985
68825
69332
69371
69498
69542
69871
69947
70172
70938
71099
71197
71204
71289
71455
71528
71738
71932
72427
72541
72692
72783
72923
73127
73265
73431
73439
73450
73610
73714
74127
74241
75200
75694
75737
75744
75926
76189
76291
76519
76531
76565
76834
77124
77212
77361
77438
77685
77786
78094
78291
78512
78852
79005
79242
79287
79291
80261
80366
80717
80812
81193
81272
81278
81991
82037
82449
82527
83088
83204
83238
83718
83761
83834
83909
84005
84015
84644
84902
85180
86795
86889
87442
87790
87851
87891
87976
88086
88543
89048
89110
89620
89630
90082
90182
90321
90476
90482
90601
90908
91207
91868
91935
92152
92255
92302
92500
92541
92686
92778
92976
93277
93454
93799
93918
94206
94311
94465
94527
94877
94923
94937
95048
95152
95383
95495
96188
96745
96816
97085
97529
97739
97763
97913
97986
98213
98229
98301
98528
98556
98993
99952
100074
100310
100452
100526
100719
100912
101139
101403
101550
102251
102975
103205
103264
103359
103723
103729
103831
103948
103950
104037
104097
104165
104199
104813
105710
106122
106257
106301
106308
106577
106656
106659
107190
107562
107638
107763
107980
108659
108788
109038
109351
109780
110181
110352
110582
111016
111176
111289
111293
111923
111952
112044
112703
113459
113665
113807
114240
114417
114717
114927
115503
115771
115798
116230
116482
116655
116811
116876
116943
117077
117295
117427
117553
118074
118231
119142
119234
119644
119849
120160
120178
120297
120311
120318
120484
120564
120611
120665
120820
121038
121100
121341
121625
121749
121933
122017
122022
122083
122282
122308
122319
122903
123138
123228
123469
123513
123771
124166
124667
124715
124782
124979
125138
125788
125961
125998
126095
126106
126719
127082
127215
127381
127725
128136
128143
128299
128449
128468
128758
129091
129316
129403
129753
129834
129995
130018
130966
131036
131560
131769
131992
132013
132132
132311
132909
133183
133285
133433
133761
133957
134057
134642
134788
134883
134930
134956
135094
135425
135649
135826
135894
135931
136151
136271
136371
136710
136803
136860
137108
137129
137528
138166
138249
138534
139451
139753
139793
141333
141714
141911
142996
143349
143493
143525
143533
144506
144578
144633
144648
144849
145036
145092
146331
146388
147024
147253
147302
147305
147798
147832
147861
148101
148176
148259
148293
148315
148753
148796
148836
149564
149631
149764
150394
150536
150650
150829
150913
151148
151264
151751
151821
151980
152151
152263
152513
152635
152736
152841
153684
154295
154808
154922
154995
156213
156306
156734
156829
157431
157970
158030
158783
159241
159522
159603
159965
160155
160202
160392
160564
160726
161822
162211
162637
162913
163025
163144
163512
163596
163673
163859
163988
164175
164194
164621
164731
164896
165753
166220
166498
166653
166742
166771
166825
166939
167276
167496
167500
167674
167687
167813
168214
168221
168642
168701
169108
169171
170549
170688
170910
170979
171011
171315
171543
172438
173007
173192
173512
173542
174217
174240
174556
174761
174897
174987
176327
177185
177332
177361
177556
177749
177870
178134
178670
178855
179102
179354
179664
180125
180538
180566
181280
181437
182912
183023
183032
183599
183622
184131
184165
184462
184551
184783
186278
186454
186477
186501
187237
187971
188322
188328
189250
189730
189738
190187
190496
190920
191809
192246
192347
192431
192621
193426
193531
193565
193903
194160
194203
194442
194901
194989
195255
195305
195369
195608
196726
196764
197444
197579
197596
197634
198144
198295
199491
200418
200433
200482
200586
200645
200960
201070
201113
202763
202982
203041
203084
203135
203536
203759
204221
204373
204568
204576
204597
205437
205792
206282
206563
206970
207247
207477
207590
208943
209568
209597
209782
209991
210787
211277
211692
212156
212802
213175
213948
214555
216415
216972
217155
218538
219511
220788
221616
222030
222414
223183
223980
224571
224647
225263
225618
225793
226208
226590
227860
228246
228287
228786
230290
230302
230569
231092
231590
231743
231776
231815
231856
232204
233787
234570
234685
235603
236420
236717
236960
237112
237225
237529
238160
239568
240029
240381
240880
241268
241310
241839
242668
243982
243988
244845
245878
246375
246649
246840
247767
247941
248216
248364
250388
251055
251266
251530
252380
252696
252979
253130
253464
254048
254061
254109
254210
255126
258051
258924
259176
260266
262802
262853
262982
263114
263399
263422
263683
264347
264862
266932
267304
267363
267396
267547
268532
271066
271110
271129
271281
271388
273052
273516
275183
275935
276058
276103
277143
277720
277985
278729
278797
279312
280759
280905
281807
282369
283248
284565
285827
286834
287779
288732
290106
291020
291102
292911
293383
296179
296457
298992
299829
300811
300980
301814
302545
302714
302721
303103
305310
305404
306283
308389
308519
309172
309286
309882
311195
311218
311734
313411
314128
315137
315785
319195
320104
320841
321436
321816
322843
323251
324726
325680
328810
332364
332695
335177
336392
336557
336860
336971
337512
338193
338909
340676
341785
341841
342775
342823
345637
349042
349570
350346
350624
353798
356961
357971
359580
359652
359683
360848
361774
362060
364886
367006
368267
368805
369472
372225
373465
379105
381613
382025
383514
388922
389463
392720
396933
404505
419578
424162
425696
426818
427068
433090
444407
454369
457139
465207
470735
472599
480685
528866
539542
546897
