0
0
55
56
71
74
124
262
290
351
549
589
622
738
745
785
819
864
1027
1111
1112
1126
1137
1148
1156
1395
1406
1492
1502
1502
1680
1969
2072
2077
2109
2202
2221
2230
2245
2279
2298
2301
2441
2480
2578
2628
2630
2632
2645
2667
2745
2771
2906
2915
2980
3018
3161
3165
3188
3270
3334
3388
3393
3430
3454
3612
3636
3669
3765
3844
3924
3932
3961
4013
4035
4141
4221
4266
4456
4466
4478
4669
4780
4842
4856
4886
4993
5052
5080
5112
5161
5239
5251
5270
5272
5285
5291
5304
5332
5413
5423
5539
5662
5702
5941
5954
6155
6245
6259
6308
6412
6506
6569
6901
6987
7019
7023
7064
7185
7254
7348
7650
7915
7946
7999
8001
8022
8048
8051
8086
8127
8129
8184
8226
8254
8264
8266
8268
8274
8474
8638
8720
8731
8815
8882
8916
9088
9171
9814
9821
9824
9889
9908
9953
10040
10060
10097
10121
10156
10204
10266
10284
10399
10475
10682
10961
10984
11210
11279
11421
11504
11559
11638
11695
11715
11752
11904
11950
11965
11974
12230
12273
12319
12569
12598
12615
12617
12635
12809
12828
12865
12966
13268
13305
13338
13401
13448
13626
13667
13769
13782
13836
13860
13922
13955
14054
14069
14125
14185
14239
14298
14354
14356
14558
14667
14722
14732
14734
14747
14761
14793
14794
15037
15111
15167
15190
15247
15330
15593
15594
15594
15594
15741
15920
16060
16133
16199
16298
16392
16393
16440
16506
16538
16574
16608
16655
16826
16882
16906
16946
16992
17062
17095
17131
17153
17312
17368
17448
17547
17635
17640
17649
17692
17877
17881
17886
18081
18142
18149
18155
18381
18408
18421
18591
18764
18777
19014
19030
19166
19182
19303
19305
19363
19385
19504
19572
19575
19600
19601
19610
19632
19691
19695
19722
19871
19944
19972
20072
20109
20172
20229
20243
20290
20292
20342
20404
20608
20752
20866
20958
21019
21175
21311
21419
21447
21470
21495
21661
21735
21795
21925
21952
21966
22061
22067
22073
22245
22297
22336
22380
22392
22444
22671
22733
22796
22820
22875
22906
22969
23039
23045
23063
23094
23177
23211
23214
23235
23417
23499
23512
23709
23720
23740
23851
24008
24024
24032
24086
24187
24192
24214
24236
24249
24359
24421
24523
24538
24664
24709
24734
24736
24758
24791
24805
24810
24824
24945
25054
25174
25190
25369
25635
25891
26049
26132
26180
26357
26449
26487
26603
26652
26653
26656
26948
27003
27024
27118
27213
27361
27377
27488
27753
27758
27862
27896
27904
27994
28003
28062
28063
28120
28161
28304
28308
28349
28437
28556
28571
28631
28666
28739
28757
28832
28884
28898
28933
28935
29110
29198
29260
29291
29361
29372
29502
29515
29519
29530
29534
29541
29546
29670
29723
29848
29862
29981
30130
30130
30277
30309
30452
30452
30470
30498
30506
30620
30807
30834
30843
30881
30955
30958
30981
30987
31075
31214
31250
31278
31305
31336
31366
31433
31528
31584
31642
31682
31686
31815
31854
31925
31929
31983
32199
32211
32266
32275
32323
32396
32554
32797
33069
33218
33367
33401
33440
33469
33533
33719
33761
33772
33817
33951
33968
33973
34007
34010
34080
34161
34178
34315
34321
34364
34490
34625
34922
34925
35002
35047
35144
35265
35311
35340
35341
35438
35545
35609
35646
35860
35954
35973
35975
36009
36013
36043
36045
36103
36327
36758
36786
36900
36920
36941
37014
37040
37236
37273
37297
37359
37416
37442
37443
37477
37501
37620
37630
37697
37792
37800
37833
37863
37888
37909
38019
38151
38187
38318
38449
38465
38533
38625
38835
38890
39016
39153
39222
39287
39332
39578
39641
39663
39666
39673
39744
39895
39909
39953
40053
40102
40173
40227
40446
40691
40734
40845
40948
40977
41091
41139
41157
41163
41281
41297
41457
41528
41572
41627
41690
41714
41768
41805
41858
41887
41909
41941
42056
42071
42170
42378
42540
42821
42907
42969
42984
43030
43094
43331
43366
43632
43725
43769
43913
43918
43949
44066
44272
44343
44352
44356
44379
44436
44566
44671
44798
44966
45116
45228
45257
45347
45446
45513
45574
45749
45780
45843
45875
46004
46344
46418
46465
46484
46559
46644
46681
46839
46845
46854
46903
47055
47254
47348
47475
47489
47490
47546
47547
47756
48021
48101
48363
48462
48585
48710
48812
48902
48930
49052
49111
49152
49167
49286
49420
49469
49741
49809
49829
49895
50005
50047
50304
50374
50396
50524
50530
50576
50616
50644
50687
50713
50742
50795
50865
50892
50943
51045
51051
51115
51152
51157
51257
51294
51339
51370
51507
51553
51595
51697
51778
51793
51800
51927
52012
52025
52089
52142
52162
52277
52351
52534
52544
52552
52587
52648
52654
52670
52704
52728
52801
52811
52833
53064
53139
53155
53204
53237
53242
53341
53344
53369
53391
53429
53466
53571
53602
53678
53725
53785
53876
54065
54072
54220
54227
54238
54284
54318
54326
54378
54521
54551
54604
54622
54623
54635
54686
54733
55046
55107
55252
55297
55311
55364
55404
55415
55422
55452
55523
55622
55663
55677
55782
55845
55974
56274
56528
56542
56594
56690
56761
56814
56873
56915
57025
57029
57056
57142
57240
57346
57392
57468
57508
57619
57635
57644
57652
57799
57810
58185
58204
58223
58287
58323
58455
58461
58475
58716
58776
58876
58896
58980
58982
59038
59064
59081
59125
59162
59302
59311
59328
59330
59383
59446
59464
59719
59808
59867
60143
60155
60188
60424
60443
60467
60511
60526
60599
60646
60706
60770
60819
60863
60872
60921
60924
60939
61107
61123
61248
61394
61450
61549
61684
61744
61779
61821
61834
61842
61847
61852
61960
61964
61987
62017
62106
62220
62380
62428
62546
62572
62619
62680
62699
62843
62860
62897
62967
62992
63249
63300
63307
63454
63515
63615
63632
63729
63847
63914
63971
63992
64138
64345
64610
64621
64673
64849
64879
64890
64987
65011
65092
65166
65204
65309
65390
65475
65531
65652
65768
65808
65827
65834
65994
66013
66059
66137
66196
66219
66404
66565
66595
66705
66820
67037
67061
67143
67274
67290
67354
67438
67482
67499
67505
67629
67779
67836
67851
67870
67877
67886
67933
67962
68000
68122
68357
68370
68402
68428
68442
68568
68580
68645
68690
68716
68764
69055
69271
69440
69442
69461
69469
69495
69565
69644
69674
69787
70021
70042
70107
70415
70443
70498
70676
70686
70698
70699
70750
71208
71235
71330
71410
71515
71555
71613
71634
71698
71729
71733
71753
71807
71829
71924
71930
72066
72146
72148
72306
72447
72575
72582
72587
72633
72709
73128
73190
73242
73296
73334
73362
73408
73588
73642
73701
73875
74334
74376
74459
74465
74839
74843
74855
74930
74937
74948
75163
75287
75410
75460
75667
75673
75747
75800
75902
75919
75968
75974
75997
76124
76183
76202
76308
76397
76636
76659
76695
76732
76754
76762
76793
76982
77057
77162
77352
77385
77417
77479
77507
77555
77600
77679
77684
77771
77850
77965
78039
78056
78091
78290
78301
78452
78634
78689
78711
78765
78828
78902
78993
79012
79098
79133
79163
79217
79274
79337
79353
79442
79451
79671
79769
79852
79857
79923
79965
79989
80007
80103
80144
80156
80190
80240
80248
80282
80295
80429
80492
80567
80651
80668
80819
80860
80879
80953
81039
81092
81128
81210
81233
81510
81594
81687
81688
81688
81706
81793
81808
81926
81964
82162
82190
82217
82267
82304
82430
82636
82701
82714
82788
82849
82872
83280
83308
83387
83442
83609
83666
83715
83833
83878
84149
84265
84291
84300
84345
84458
84516
84575
84650
84705
84722
84851
84864
84956
84999
85016
85079
85137
85171
85265
85286
85493
85520
85521
85565
85571
85648
85796
85849
85909
85966
86216
86420
86552
86553
86595
86599
86940
87145
87215
87265
87306
87336
87342
87369
87389
87508
87576
87592
87676
87700
87719
87816
87863
88051
88124
88185
88209
88331
88357
88402
88574
88785
88862
88902
88939
89022
89059
89191
89201
89286
89325
89584
89627
89733
89886
89899
89903
89938
89983
90156
90190
90344
90477
90518
90594
90599
90645
90823
90828
90850
90940
91005
91009
91030
91094
91271
91368
91460
91777
91826
91897
92127
92366
92379
92451
92562
92650
92654
92670
92779
92840
92974
92992
93083
93103
93303
93384
93395
93411
93465
93653
93784
93823
94196
94205
94587
94730
94781
95011
95109
95126
95159
95183
95184
95282
95289
95326
95488
95601
95663
95766
95778
95975
96321
96364
96425
96454
96508
96580
96674
96675
96733
96851
96967
97042
97096
97211
97282
97471
97475
97531
97565
97734
97869
97920
97983
98053
98058
98143
98367
98548
98647
98683
98890
99070
99170
99449
99675
99691
99769
99851
99854
99949
100103
100185
100309
100336
100500
100621
100626
100705
100739
100813
100816
100873
100924
100986
100988
101048
101311
101320
101414
101498
101522
101575
101590
101606
101647
101748
101748
101989
102073
102084
102285
102324
102339
102429
102456
102509
102547
102801
102873
102959
103116
103195
103209
103320
103349
103633
103702
103707
103837
103900
103923
103993
104133
104186
104281
104286
104412
104584
104726
104788
105008
105039
105122
105148
105179
105653
106084
106164
106177
106185
106223
106235
106331
106346
106585
106603
106795
106863
106894
106914
107025
107056
107146
107170
107322
107332
107477
107595
107811
107827
108090
108100
108193
108210
108370
108507
108508
108543
108543
108618
108739
108775
108952
109026
109055
109092
109157
109196
109214
109473
109563
109609
109799
109931
109981
110023
110264
110289
110329
110347
110378
110402
110491
110522
110633
111294
111390
111452
111503
111536
111564
111572
111601
111662
111841
111935
112101
112126
112367
112923
113035
113084
113158
113242
113277
113293
113598
113663
113739
113747
113797
113809
113819
113949
114065
114079
114886
114999
115140
115142
115166
115183
115195
115206
115286
115395
115448
115452
115566
115605
115765
115925
116042
116172
116345
116422
116440
116675
116714
116862
116952
117140
117150
117243
117261
117382
117413
117613
117618
117796
117868
117895
117923
118087
118164
118293
118396
118448
118521
118600
118703
118708
118739
118752
118796
118799
118831
119061
119118
119140
119219
119277
119319
119346
119533
119701
119702
119774
119901
119962
119990
120170
120363
120419
120772
120777
120796
120804
120950
120992
121192
121199
121264
121334
121421
121508
121560
121657
121785
121877
121885
121988
122020
122097
122258
122299
122342
122544
122555
122585
123045
123113
123397
123407
123471
123497
123512
123529
123556
123727
123863
123871
123936
123964
124111
124273
124311
124534
124567
124776
124804
124890
124915
125010
125017
125043
125216
125284
125318
125450
125497
125539
125629
125637
125670
125875
126130
126533
126618
126741
126782
127030
127188
127299
127335
127409
127447
127473
127573
127859
127940
127967
128044
128071
128098
128228
128260
128313
128315
128335
128350
128473
128689
128735
129072
129114
129309
129407
129434
129445
129687
129714
129761
129900
130035
130086
130172
130226
130271
130436
130592
130702
130775
130843
130878
130961
131116
131210
131337
131414
131428
131478
131548
131573
131650
131717
131889
132049
132196
132308
132367
132405
132599
132809
132929
133335
133385
133591
133807
134066
134089
134172
134258
134412
134460
134939
134948
135150
135344
135350
135722
135786
136229
136322
136354
136429
136460
136713
136724
136738
137156
137222
137363
137427
137443
137443
137491
137501
137627
137651
137651
137698
137704
137741
137776
137810
137823
137853
137862
137961
137970
138135
138305
138433
138689
138711
138766
138799
138815
139621
139698
139832
139840
139996
140051
140328
140503
140531
140810
140815
140901
140952
140959
141075
141127
141582
141605
141776
141848
141857
141877
142009
142027
142028
142145
142663
142797
143002
143004
143184
143199
143517
143762
143868
144010
144167
144229
144652
144746
144805
144942
144995
145071
145171
145434
145508
145581
145586
145633
145795
145954
145960
145971
145977
145982
146158
146259
146355
146434
146479
146595
146821
146912
147069
147568
147660
147666
148093
148279
148382
148510
148511
148540
148734
148739
148803
148849
148886
148925
149074
149454
149592
149646
149738
149738
149759
149838
149945
150016
150058
150229
150484
150567
151077
151156
151193
151201
151260
151530
151609
152023
152121
152286
152452
152562
152803
152859
153027
153064
153259
153470
153618
153729
153752
153866
153877
154021
154104
154114
154527
154594
154848
155001
155022
155031
155038
155292
155416
155453
155600
155641
156089
156260
156354
156583
156822
156932
157069
157251
157314
157400
157414
157425
157497
157704
157875
157888
158184
158279
158330
158550
158761
158987
158991
159292
159440
159485
159571
159776
159947
159998
160225
160559
160559
160588
160601
160661
160862
160929
160938
161057
161324
161429
161779
161954
162208
162272
162406
162472
162669
163098
163174
163228
163359
163532
163638
163747
163927
164366
164389
164442
164536
165000
165092
165150
165393
165413
165608
165682
165881
165930
166032
166042
166166
166292
166298
166337
166522
166523
166578
166644
166705
166790
166934
167094
167128
167212
167237
167432
167542
167900
167991
168107
168373
168426
168911
169001
169215
169247
169283
169350
169412
169632
169987
169990
170124
170188
170444
170464
170489
170607
170732
170816
170948
171053
171067
171210
171334
171380
171724
171725
171808
171851
172169
172177
172423
172434
172452
172559
172987
173249
173313
173652
173847
174652
174709
174838
175035
175153
175240
175270
175323
175343
175462
175630
175686
176034
176170
176173
176240
176568
176595
176637
176653
176749
176806
176881
177017
177048
177251
177329
177481
177503
177550
177601
177619
177629
177845
177878
178188
178340
178649
178736
178791
178806
179009
179050
179951
180106
180174
180227
180321
180718
180847
181511
181670
181844
182082
182272
182288
182615
182957
183027
183091
183111
183334
183521
184292
184560
184653
184659
184754
184794
184841
184861
185134
185592
185829
186574
186768
186881
186975
187208
187373
187409
187429
187434
187557
187642
188075
188164
188247
188249
188856
189160
189428
189455
189733
189812
189974
190093
190114
190213
190245
190410
190609
190702
190736
190771
190917
190956
191202
191437
191602
191834
191909
191926
192039
192224
192394
192444
193132
193183
193377
193471
193617
193900
194039
194040
194228
194319
194459
194644
194701
194855
194911
195066
195117
195280
195332
195393
195778
195821
196161
196381
196438
196454
196862
197143
197183
197399
197584
197609
197652
197734
197882
198075
198278
198399
198410
198566
198581
199057
199122
199127
199349
199354
199406
199424
199557
199602
199683
200064
200290
200298
200609
200889
201198
201322
201440
201465
201798
202073
202693
202913
203175
203358
203438
203453
203610
203982
204000
204094
204145
204175
204449
204510
204558
204602
204606
204818
205089
205107
205247
205501
205597
205612
205622
205772
205826
206033
206383
206586
206613
206613
206879
207078
207092
207358
207396
207476
207588
207635
207735
208110
208114
208274
208445
209118
209424
209508
209707
209875
209932
210217
210325
210541
210653
210737
210738
210762
210783
210844
210909
211342
211454
211656
212454
212566
212664
212997
213174
213564
213823
213904
214035
214070
214323
214376
214775
214813
214830
214910
215505
215521
215721
216126
216285
216340
216656
216788
217046
217085
217094
217209
217273
217306
217369
217414
217468
217637
217655
217745
217831
218120
218206
218687
218894
219008
219118
219947
220592
221365
221456
222001
222125
222257
222944
223131
223177
223501
223524
223598
223685
223766
223829
223919
224108
224278
224647
226359
226563
226703
227039
227324
227714
227728
227788
228368
228624
228942
228946
229299
229716
229924
230234
230327
230471
230830
230861
230878
231363
231371
231471
231821
231976
232049
232728
232871
232963
233001
233089
233118
233528
233705
234242
234440
234610
234717
234914
235323
235707
236124
236697
236755
237498
237543
237548
237617
237619
237794
237932
238020
239312
239488
239697
239697
239768
239884
240146
240442
240709
241098
241402
241572
241680
241753
242992
243027
243128
243262
244198
244576
244750
244788
245232
245492
245500
246065
246911
247629
247752
247877
247895
248298
248347
248700
249245
249385
249398
249603
249977
250494
250710
250795
251049
251142
251155
251659
252022
252430
252961
253479
253635
253676
253808
254005
254224
254774
255866
256538
256611
256931
257407
258093
258184
258453
258544
258848
258900
259360
259373
259466
260105
260138
260288
260299
260611
260647
260752
260773
260810
260903
261527
261686
262393
262588
262932
264704
264911
265592
265943
265966
265996
266196
266786
267202
267306
267744
267755
268005
268805
268899
268937
270107
270270
270935
270938
271843
271860
272705
273006
273116
273207
273318
273615
273738
274381
276060
276291
276411
276733
276983
277057
278545
278743
279061
279373
279834
280151
280325
280578
280587
281375
281405
282349
282359
282483
283199
283591
283670
284950
286029
286182
286546
286697
286777
286845
286905
286981
287190
287247
287369
287706
287951
288073
288262
288644
288732
288779
289020
289710
290314
290374
290439
291029
291803
292013
292313
292568
293389
294010
294107
294147
295106
296277
296651
297751
298400
298404
298604
298622
298704
299016
299742
300067
300116
300317
300939
302551
302782
303579
304069
304200
305258
306090
306386
306626
307263
307456
307517
307601
307637
307809
308350
308516
308725
308796
310069
310559
310653
310993
311221
311279
311858
311883
312032
312553
312707
312770
312879
313352
313629
314326
314445
314495
317375
318013
318048
318635
318851
319416
319578
319759
320011
320250
320384
320400
320652
320786
322070
322457
323054
323889
323921
324138
325239
325886
327575
327730
327908
328081
328485
328740
329560
330242
330551
330580
330813
331237
331859
332208
332973
334015
334030
334844
335540
335898
336534
336950
337007
338319
338908
339375
339756
340443
340499
340983
341194
341234
341570
341812
342013
342841
347190
349350
350588
351261
351455
351516
351600
352365
353016
353043
353462
353697
354260
355402
355502
357145
357227
357279
357492
358134
358235
359560
360526
360612
362222
362757
363989
364214
364540
364804
365699
365985
366390
367093
368391
368657
369301
369574
369953
370789
372239
372615
374813
376359
378294
380769
381651
382640
384208
385715
386364
386866
388293
389251
391185
391260
391780
391832
393351
394777
394840
395317
397864
398421
398943
400220
400496
400958
402598
403563
403622
406051
406764
409511
410043
410843
411920
413764
416024
417146
417238
419383
421881
423605
425645
426944
426979
427571
427674
429993
433137
433461
436876
442418
443147
445033
445329
448287
451184
452519
453409
454013
459665
460800
464487
472466
476532
481846
490109
499534
500227
501005
511359
511439
527101
533738
542198
559910
564223
569592
581209
597524
622666
