0
0
12
14
45
93
142
209
223
225
225
292
329
366
397
438
475
499
508
609
634
645
647
667
737
764
792
807
826
829
840
901
917
939
988
995
1037
1048
1185
1212
1258
1338
1412
1452
1491
1637
1682
1760
1786
1836
1957
1986
2033
2034
2052
2131
2218
2248
2317
2380
2461
2482
2495
2569
2570
2647
2653
2671
2741
2763
2781
2860
2873
2888
2915
2942
2959
2964
2966
2976
2977
3022
3205
3210
3220
3308
3354
3363
3441
3586
3677
3712
3759
3769
3769
3796
3809
3823
4017
4032
4060
4120
4212
4222
4287
4292
4292
4292
4325
4369
4375
4393
4394
4431
4476
4503
4609
4611
4618
4718
4763
4764
4765
4793
4823
4861
4897
4902
4954
5080
5131
5280
5308
5436
5479
5485
5508
5522
5561
5581
5588
5600
5631
5645
5659
5661
5756
5764
5769
5791
5947
5954
5970
6047
6083
6089
6119
6197
6235
6238
6349
6355
6397
6426
6443
6453
6477
6501
6502
6505
6521
6526
6528
6613
6694
6729
6759
6762
6797
6797
6834
6894
7066
7068
7086
7105
7119
7120
7147
7181
7210
7217
7224
7244
7263
7282
7296
7345
7410
7457
7505
7570
7599
7609
7649
7674
7677
7711
7735
7799
7807
7818
7955
8032
8051
8146
8191
8203
8246
8272
8284
8366
8393
8438
8496
8530
8577
8611
8624
8630
8754
8776
8893
8906
8907
8972
8995
9042
9045
9047
9050
9076
9101
9108
9159
9211
9290
9290
9329
9349
9445
9520
9562
9588
9642
9718
9721
9788
9874
9887
9890
9952
10007
10021
10074
10080
10119
10133
10181
10191
10220
10288
10320
10414
10452
10490
10501
10525
10544
10549
10767
10777
10796
10796
10832
10833
10848
10861
10930
10990
10994
11034
11054
11074
11103
11120
11154
11162
11166
11259
11278
11338
11341
11362
11484
11536
11549
11576
11598
11618
11664
11666
11767
11865
11870
11871
12064
12150
12282
12358
12450
12505
12513
12534
12632
12701
12747
12767
12901
12916
13139
13165
13216
13224
13227
13236
13236
13276
13328
13328
13441
13461
13515
13540
13616
13634
13684
13691
13720
13762
13832
13894
14018
14025
14051
14307
14333
14339
14370
14409
14419
14467
14542
14582
14608
14645
14852
14855
14937
14949
14958
14962
14993
15043
15071
15187
15206
15428
15430
15448
15513
15523
15609
15649
15710
15850
15906
15915
15947
15960
16043
16173
16180
16189
16244
16352
16391
16402
16427
16442
16544
16580
16623
16633
16644
16692
16776
16801
16892
16899
16987
17053
17053
17073
17082
17092
17106
17162
17163
17209
17269
17278
17295
17338
17339
17427
17434
17436
17443
17546
17608
17630
17650
17668
17702
17743
17844
17919
18037
18059
18084
18093
18123
18271
18280
18290
18302
18334
18335
18422
18471
18498
18512
18552
18561
18628
18638
18733
18739
18747
18753
18800
18806
18815
18855
18983
19062
19077
19097
19101
19108
19118
19130
19164
19187
19205
19273
19290
19348
19395
19412
19418
19539
19576
19608
19725
19779
19786
19799
19813
19838
19850
19850
19854
19857
20000
20023
20040
20064
20088
20192
20213
20221
20279
20325
20506
20509
20515
20522
20566
20574
20602
20696
20706
20743
20876
20931
20968
20999
21103
21135
21173
21193
21279
21279
21395
21402
21413
21432
21441
21472
21483
21486
21554
21566
21579
21685
21720
21768
21859
21862
21877
21877
22032
22037
22045
22062
22067
22088
22202
22231
22308
22337
22341
22414
22493
22584
22599
22655
22664
22704
22715
22724
22778
22780
22820
22903
22948
22976
22994
23011
23024
23039
23049
23167
23238
23272
23293
23295
23363
23364
23377
23558
23580
23620
23654
23689
23692
23708
23756
23892
23969
24004
24054
24104
24119
24154
24171
24177
24194
24222
24227
24243
24282
24302
24372
24590
24605
24648
24672
24750
24785
24835
24933
24953
25205
25304
25325
25334
25445
25564
25567
25634
25656
25668
25679
25686
25694
25765
25782
25792
25798
25816
25824
25825
25854
25860
25903
25915
25938
26027
26109
26145
26206
26268
26323
26342
26351
26369
26377
26409
26430
26449
26469
26479
26485
26497
26523
26572
26600
26663
26665
26688
26693
26722
26755
26840
26946
27063
27073
27091
27104
27110
27148
27154
27203
27260
27275
27332
27332
27363
27370
27382
27506
27527
27548
27588
27609
27613
27623
27807
27901
27907
27975
27984
28034
28060
28064
28099
28104
28256
28361
28442
28446
28452
28473
28539
28707
28814
28816
28909
28936
28975
28997
29011
29023
29096
29126
29144
29164
29321
29332
29349
29364
29378
29388
29412
29424
29445
29577
29656
29796
29802
30025
30114
30164
30183
30242
30308
30338
30353
30381
30398
30518
30552
30575
30576
30663
30742
30757
30759
30771
30787
30796
30882
31366
31562
31609
31688
31712
31736
31752
31771
31787
31815
31835
31869
31882
31899
31911
31940
31986
31997
32122
32154
32196
32222
32258
32317
32376
32405
32423
32532
32580
32707
32710
32715
32875
32939
32948
33050
33113
33129
33139
33226
33294
33356
33490
33497
33521
33527
33572
33578
33631
33637
33639
33648
33651
33659
33672
33693
33703
33753
33775
33796
33836
33859
33898
34076
34100
34138
34298
34312
34341
34343
34393
34394
34422
34439
34525
34528
34533
34539
34647
34655
34797
34803
34818
34868
34873
34942
34946
34955
34965
34994
35062
35081
35127
35173
35277
35278
35336
35380
35473
35484
35501
35508
35536
35544
35553
35554
35579
35614
35616
35655
35753
35807
35831
35859
35873
35880
35892
35909
35958
35985
36033
36121
36135
36181
36248
36389
36417
36443
36485
36546
36586
36624
36758
36858
36897
36923
36949
36963
36999
37057
37086
37172
37239
37305
37311
37346
37350
37398
37444
37471
37629
37668
37679
37763
37765
37952
37981
38097
38118
38128
38156
38229
38265
38322
38367
38392
38429
38435
38446
38482
38485
38641
38684
38736
38744
38827
38865
38868
38900
38981
38996
38998
39047
39118
39127
39182
39299
39321
39372
39414
39463
39545
39595
39599
39683
39693
39695
39729
39802
39895
39928
39939
39945
40106
40117
40259
40266
40270
40328
40512
40641
40844
40915
40921
40982
41061
41109
41146
41300
41351
41407
41416
41444
41695
41721
41723
41807
41880
41984
42006
42010
42036
42246
42348
42366
42375
42377
42442
42449
42476
42540
42599
42658
42684
42687
42803
42833
42834
42873
42935
42942
42974
43018
43092
43101
43166
43171
43185
43192
43237
43432
43506
43532
43564
43614
43633
43765
43790
43803
43825
43842
44009
44089
44359
44394
44395
44408
44485
44608
44621
44709
44778
44795
44801
44890
44911
44959
44993
45069
45384
45439
45550
45605
45782
45912
45917
45925
45969
45995
46033
46059
46165
46203
46214
46329
46349
46375
46504
46586
46647
46670
46748
46804
46871
46949
46952
46953
47034
47081
47102
47135
47160
47227
47258
47299
47341
47410
47430
47490
47490
47585
47620
47646
47736
47806
47865
47898
47958
48026
48174
48174
48244
48318
48439
48467
48637
48655
48702
48706
48884
48899
48909
48943
48961
49035
49066
49129
49155
49158
49195
49241
49271
49289
49314
49315
49356
49361
49364
49556
49601
49602
49617
49697
49710
49766
49801
49932
49963
49990
50017
50040
50082
50098
50099
50126
50171
50186
50189
50211
50253
50280
50358
50382
50421
50433
50463
50503
50554
50580
50658
50659
50660
50663
50668
50678
50687
50732
50802
50809
50860
50862
50879
50955
50976
50982
51020
51023
51027
51110
51148
51279
51363
51395
51416
51424
51425
51501
51516
51558
51594
51602
51661
51683
51778
51875
51905
51908
51909
51965
51997
52020
52091
52099
52199
52234
52301
52303
52344
52358
52411
52411
52505
52511
52520
52583
52621
52773
52804
52815
52854
52892
52940
52973
53013
53092
53122
53178
53204
53248
53249
53339
53430
53439
53470
53484
53603
53609
53693
53696
53740
53771
53778
53788
53888
53927
54059
54080
54096
54104
54125
54140
54148
54165
54202
54229
54282
54317
54355
54364
54368
54530
54542
54577
54620
54672
54711
54713
54775
54885
54890
54914
54963
54994
55002
55022
55025
55053
55107
55112
55112
55114
55176
55188
55204
55270
55296
55384
55385
55390
55395
55560
55628
55655
55687
55716
55753
55757
55838
55848
55876
55877
55892
55938
56023
56033
56165
56233
56249
56257
56294
56330
56356
56358
56413
56419
56431
56442
56503
56532
56537
56607
56720
56766
56779
56863
56887
56944
57048
57068
57146
57210
57458
57542
57576
57619
57697
57728
57831
57851
57957
57957
58005
58005
58034
58128
58172
58201
58349
58469
58508
58523
58584
58592
58599
58626
58720
58770
58799
58880
58881
59002
59030
59102
59193
59261
59484
59488
59717
59791
59829
59860
59903
59912
59921
59951
60047
60086
60105
60171
60205
60321
60368
60384
60397
60476
60596
60732
60737
60750
60786
60802
60893
61003
61088
61088
61164
61242
61382
61660
61683
61717
61725
61792
61833
61906
61911
61916
62030
62042
62064
62103
62143
62196
62249
62260
62278
62292
62359
62373
62382
62390
62413
62463
62504
62514
62519
62578
62631
62653
62655
62720
62737
62744
62803
62825
62892
62966
63012
63085
63261
63337
63345
63386
63457
63543
63561
63591
63644
63650
63716
63739
63777
63793
63822
63869
63878
63959
64189
64196
64198
64212
64234
64238
64248
64335
64437
64534
64624
64669
64825
64895
64896
64951
64955
64967
64982
65042
65051
65056
65071
65083
65085
65124
65139
65180
65216
65351
65485
65518
65529
65594
65597
65642
65662
65760
65770
65781
65796
65923
65930
65956
66141
66292
66313
66411
66440
66488
66529
66651
66690
66695
66728
66745
66747
66768
66829
66841
66863
66897
66906
66966
66978
67010
67035
67064
67078
67110
67137
67156
67167
67185
67228
67301
67309
67429
67538
67590
67594
67606
67613
67619
67643
67667
67689
67725
67744
67752
67825
67920
67942
68126
68174
68236
68322
68356
68565
68626
68755
68763
68766
68800
68839
68841
68882
68937
68961
69035
69111
69124
69193
69420
69475
69541
69607
69612
69859
69968
69976
70001
70104
70398
70410
70418
70454
70465
70493
70518
70521
70548
70617
70673
70727
70762
70779
70789
70886
70899
70954
70975
70993
71010
71025
71079
71113
71119
71131
71213
71272
71280
71307
71403
71539
71539
71551
71609
71680
71699
71846
71869
72134
72223
72263
72279
72362
72385
72427
72454
72515
72521
72627
72758
72827
72905
72914
72972
73023
73108
73140
73182
73239
73246
73350
73398
73415
73453
73461
73465
73569
73574
73606
73836
73859
73942
73973
74078
74233
74325
74354
74358
74377
74470
74540
74616
74654
74882
74912
74915
75094
75126
75239
75242
75361
75396
75412
75463
75478
75562
75700
75712
75738
75779
75799
75834
75841
75921
75952
76097
76118
76170
76170
76189
76217
76230
76256
76312
76364
76554
76670
76727
76812
76845
76858
76867
76888
76895
76925
76977
77033
77055
77143
77145
77216
77295
77316
77439
77454
77460
77462
77552
77554
77624
77691
77720
77747
77749
77814
77826
77830
77839
77882
77897
77919
77920
77926
77951
77969
77981
77989
78057
78076
78125
78131
78135
78180
78271
78274
78285
78354
78357
78368
78380
78455
78457
78482
78553
78672
78702
78777
78823
78996
79115
79156
79166
79432
79451
79493
79495
79532
79588
79716
79752
79902
79930
79940
80171
80236
80255
80287
80295
80326
80332
80431
80504
80521
80525
80525
80593
80599
80601
80610
80625
80690
80709
80938
80953
80962
80971
80979
81065
81166
81191
81214
81243
81365
81375
81454
81554
81561
81601
81621
81679
81808
81812
81829
81890
81918
81957
81995
82108
82134
82182
82214
82304
82321
82322
82364
82510
82608
82615
82641
82766
83011
83096
83220
83346
83347
83431
83433
83517
83591
83610
83682
83692
83733
83870
83915
83916
83974
84039
84102
84115
84198
84241
84243
84280
84303
84324
84328
84348
84390
84398
84422
84437
84508
84623
84681
84692
84693
84903
84912
84948
85142
85149
85244
85335
85378
85384
85546
85572
85574
85595
85668
85724
85815
85818
85905
85937
85987
86014
86029
86060
86121
86148
86174
86233
86268
86285
86287
86374
86382
86403
86406
86524
86566
86645
86772
86860
86877
86881
86921
87022
87035
87068
87150
87180
87214
87258
87303
87321
87391
87393
87545
87671
87707
87856
87862
87913
87938
87960
88032
88086
88134
88174
88258
88286
88388
88389
88392
88394
88500
88512
88535
88537
88582
88597
88613
88714
88760
88781
89008
89085
89128
89145
89192
89247
89265
89306
89455
89491
89522
89664
89665
89702
89713
89726
89762
89917
89999
90020
90035
90039
90043
90100
90114
90319
90336
90338
90346
90362
90389
90411
90422
90434
90465
90472
90535
90563
90613
90671
90740
90750
90776
90835
90853
91008
91268
91280
91312
91313
91389
91441
91491
91600
91613
91631
91632
91736
91788
91808
91815
92007
92033
92038
92095
92149
92325
92417
92561
92589
92631
92637
92679
92878
92899
92942
92978
92986
93087
93146
93350
93494
93497
93508
93670
93749
93771
94072
94153
94191
94192
94220
94332
94356
94459
94462
94531
94570
94684
94751
94761
94837
94947
95040
95090
95295
95313
95407
95456
95520
95675
95702
95703
95740
95745
95751
95931
96325
96390
96485
96553
96747
96778
96965
97128
97190
97381
97435
97477
97478
97521
97524
97552
97631
97691
97704
97744
97750
97756
97761
97812
97833
98041
98072
98103
98124
98139
98154
98167
98167
98295
98334
98342
98346
98481
98519
98587
98591
98635
98751
98797
98996
99029
99095
99136
99173
99192
99207
99296
99436
99440
99557
99593
99706
99721
99724
99729
99838
99853
99862
99906
100139
100154
100240
100271
100275
100475
100536
100577
100585
100596
100634
100635
100636
100648
100759
100766
100790
100813
100868
100879
100927
101054
101091
101124
101138
101144
101160
101310
101320
101342
101383
101526
101612
101636
101637
101767
101856
101925
102015
102036
102045
102047
102067
102114
102115
102161
102196
102289
102366
102470
102511
102522
102532
102554
102583
102677
102693
102821
102957
102994
103089
103103
103182
103202
103225
103322
103375
103384
103403
103436
103436
103456
103565
103629
103666
103681
103711
103719
103730
103832
103854
103988
104019
104020
104023
104027
104063
104174
104255
104339
104349
104369
104373
104455
104457
104526
104662
104796
104805
104828
104835
104892
104959
104980
105034
105219
105249
105371
105436
105444
105534
105650
105692
105794
105937
106187
106274
106284
106363
106402
106415
106467
106501
106741
106851
106879
106950
107049
107095
107115
107228
107253
107276
107284
107291
107307
107385
107418
107439
107453
107472
107840
107927
108061
108112
108137
108191
108341
108401
108406
108455
108496
108500
108518
108530
108581
108620
108630
108661
108754
108759
108768
108931
108954
108998
109086
109230
109333
109354
109360
109507
109524
109574
109728
109907
109993
110087
110145
110195
110263
110265
110270
110399
110435
110461
110515
110530
110538
110540
110553
110575
110607
110659
110757
110827
110888
110968
111014
111058
111149
111228
111257
111303
111371
111460
111464
111558
111562
111579
111603
111661
111815
111858
111858
111923
111969
112007
112062
112116
112137
112161
112231
112401
112608
112675
112784
112811
112849
112874
112987
113024
113059
113069
113134
113211
113318
113476
113476
113490
113495
113600
113602
113619
113636
113690
113773
113775
113979
114017
114130
114137
114143
114235
114255
114358
114387
114426
114459
114495
114499
114525
114541
114750
114795
114852
114954
114972
114980
114996
114998
115056
115088
115168
115172
115279
115292
115389
115418
115508
115537
115541
115642
115947
115990
116067
116185
116238
116250
116262
116558
116574
116608
116703
116705
116761
116784
116802
116822
116937
116990
116991
117016
117129
117189
117218
117277
117423
117473
117490
117595
117599
117641
117668
117729
117730
117781
117783
117861
117918
118045
118116
118133
118138
118155
118168
118313
118328
118422
118429
118490
118515
118676
118785
118797
118830
118858
118910
119046
119073
119106
119113
119272
119326
119362
119386
119647
119658
119671
119855
119863
119941
119985
119988
120021
120027
120119
120133
120291
120296
120357
120484
120490
120517
120593
120825
120874
120883
120967
121138
121326
121380
121393
121431
121646
121656
121692
121693
121698
121720
121726
121811
121823
121871
121896
121924
121927
121965
121972
122027
122178
122182
122301
122332
122481
122503
122631
122678
122700
122748
122768
122830
122930
122946
122993
123145
123299
123359
123463
123475
123525
123534
123555
123567
123599
123692
123765
123816
123930
123932
124009
124025
124113
124232
124426
124533
124542
124623
124813
124924
124929
125031
125207
125217
125229
125261
125275
125302
125312
125369
125475
125499
125595
125613
125653
125815
125827
125853
125939
125959
125988
125994
126075
126107
126404
126546
126583
126656
126794
126870
126959
127036
127125
127176
127491
127526
127559
127602
127622
127654
127702
127767
127799
127918
127947
127991
128052
128334
128433
128436
128471
128604
128737
128799
128846
128856
129003
129066
129181
129228
129412
129424
129778
129931
130016
130148
130389
130415
130425
130681
130726
130794
130871
130892
130932
130982
131249
131298
131320
131330
131365
131495
131513
131636
131751
131811
131845
131929
131972
132021
132078
132147
132172
132213
132399
132559
132594
132747
132784
132888
132965
133037
133149
133192
133317
133360
133501
133713
133760
133763
133819
133931
134060
134064
134101
134118
134139
134150
134193
134194
134212
134247
134263
134310
134328
134372
134427
134523
134537
134558
134691
134695
134759
134818
134872
134991
135013
135029
135078
135527
135650
135655
135688
135811
135813
135943
136006
136016
136129
136146
136274
136365
136454
136550
136641
136756
136775
136776
136854
137050
137074
137195
137245
137257
137272
137310
137438
137516
137537
137560
137581
137645
137660
138057
138139
138168
138180
138312
138366
138380
138445
138505
138542
138580
138609
138682
138694
138704
138965
139027
139037
139215
139310
139314
139411
139495
139556
139671
139755
139886
139962
140008
140112
140169
140175
140243
140273
140354
140434
140475
140724
140729
140836
140942
140971
141014
141070
141109
141126
141266
141320
141349
141351
141413
141480
141588
141705
141709
141794
141818
141843
141925
142011
142042
142150
142263
142295
142315
142335
142416
142493
142689
142829
142917
142932
142966
143018
143093
143170
143186
143229
143254
143308
143626
143772
143860
143993
144065
144142
144165
144216
144254
144274
144388
144393
144424
144441
144445
144555
144557
144609
144664
144669
144732
144767
144962
144989
145096
145186
145206
145207
145325
145420
145698
145740
145748
145883
146003
146055
146177
146217
146294
146324
146343
146411
146415
146861
146920
146965
147004
147010
147016
147027
147143
147211
147307
147371
147398
147472
147488
147603
147687
147770
147781
147839
147930
147971
148040
148108
148173
148386
148419
148512
148534
148631
148721
148861
148915
149013
149065
149146
149292
149314
149450
149673
149698
149853
149942
149960
150022
150034
150103
150107
150112
150115
150169
150250
150285
150292
150377
150446
150525
150647
150783
150854
151273
151414
151481
151539
151571
151670
151706
151761
151773
151843
151862
151963
152066
152107
152164
152184
152225
152444
152488
152563
152678
152794
152802
152853
152909
153001
153045
153176
153221
153232
153337
153388
153398
153500
153612
153616
153659
153687
153693
153838
153885
153953
154068
154181
154211
154303
154320
154433
154551
154553
154563
154675
154799
155009
155038
155139
155149
155213
155262
155450
155484
155487
155490
155538
155575
155581
155687
155895
155947
155974
156089
156166
156442
156495
156512
156624
156643
156664
156692
156902
156957
156983
157068
157197
157260
157376
157414
157510
157519
157526
157602
157689
157850
157886
157886
157970
157997
158019
158327
158532
158685
158879
158881
159058
159108
159203
159282
159338
159386
159482
159489
159569
159631
159710
159751
159757
160004
160044
160201
160210
160215
160253
160265
160265
160692
160694
160763
161028
161159
161258
161449
161550
161691
161701
161747
161801
162025
162093
162105
162171
162217
162377
162397
162448
162519
162697
162719
162822
162907
162916
163034
163097
163140
163225
163349
163534
163551
163648
163725
163749
163777
163786
163834
164282
164328
164460
164463
164626
164823
164826
164827
164831
165044
165239
165307
165363
165369
165414
165964
166004
166106
166131
166247
166255
166336
166359
166664
166799
166877
166944
167051
167122
167171
167230
167338
167402
167477
167512
167550
167601
167705
167831
167838
167875
167979
167985
168466
168519
168542
168799
169046
169051
169083
169112
169186
169396
169441
169469
169644
169682
169711
169764
169815
169839
169876
169983
170074
170155
170211
170239
170358
170459
170637
170724
170737
170832
170868
170872
170955
171011
171041
171193
171343
171402
171410
171414
171592
172063
172178
172191
172192
172195
172210
172290
172303
172303
172408
173014
173084
173129
173129
173162
173256
173365
173367
173385
173431
173607
173693
173730
173751
173769
173774
173908
173915
173974
174037
174044
174049
174110
174299
174303
174435
174439
174452
174460
174546
174583
174640
174718
174979
175254
175290
175329
175489
175616
175626
175638
176182
176227
176444
176469
176582
176742
177012
177091
177250
177310
177363
177421
177617
177625
177824
177914
178023
178028
178040
178080
178103
178337
178483
178567
178573
178603
178710
179129
179315
179368
179395
179590
179601
179661
179750
179844
179858
179913
179929
179952
180022
180203
180223
180388
180513
180663
180726
180916
180983
181017
181090
181101
181190
181217
181508
181567
181679
181812
182008
182040
182106
182161
182376
182470
182534
182685
182745
182870
182956
182988
183073
183434
183471
183556
183567
183802
183835
183918
183951
183993
184074
184236
184243
184310
184324
184422
184556
184584
184591
184614
184652
184856
184900
185501
185829
185878
185982
186064
186361
186572
186650
186725
187036
187241
187275
187424
187464
187688
187748
187759
187978
188088
188161
188163
188335
188399
188524
188644
188644
188842
189180
189249
189276
189377
189479
189656
189706
189872
190024
190087
190297
190368
190413
190431
190670
190906
190926
191050
191201
191260
191310
191337
191424
191481
191573
191712
192056
192181
192607
192712
192745
192831
192963
192994
192995
193051
193148
193355
193358
193560
193583
194001
194093
194107
194121
194400
194568
194599
194629
194714
194723
194725
194771
194802
194819
194950
195041
195044
195095
195436
195459
195487
195720
195813
195887
196068
196089
196093
196211
196428
196507
196772
196940
197214
197353
197548
197565
197734
197743
198083
198112
198399
198507
198539
198623
198659
198728
198790
198973
199468
199547
199560
199802
199898
200020
200152
200180
200220
200226
200531
200816
200958
201114
201420
201444
201508
201706
201834
201851
201864
201881
201887
202067
202080
202102
202123
202155
202197
202279
202290
202517
202550
202560
202596
202793
202797
202871
202899
203068
203151
203160
203187
203475
203508
203510
203584
203670
203685
203785
204092
204499
205142
205192
205279
205359
205423
205662
205716
205803
205819
205865
206064
206174
206529
206558
206913
207011
207025
207240
207273
207311
207480
207518
207519
207535
207588
207984
208107
208288
208567
208604
209414
209548
209939
209945
210037
210106
210203
210264
210343
210421
210463
210466
210491
210555
210622
210679
210833
211057
211107
211140
211310
211427
211590
211706
211773
211791
211972
212031
212035
212039
212313
212546
212609
212691
212724
212767
212785
212932
213102
213531
213751
213863
213892
214127
214131
214148
214188
214375
214577
214683
214789
215103
215154
215167
215360
215511
215524
215709
216083
216126
216261
216543
216586
216894
216994
217080
217278
217308
217490
217580
217701
217956
218260
218363
218519
218556
218763
218836
218938
219270
219541
219811
219826
219891
220057
220127
220164
220209
220243
220467
220545
220659
220911
221027
221070
221078
221554
221696
221839
221879
221989
222264
222266
222315
222530
222658
222763
222896
222931
222952
222993
223083
223157
223255
223341
223367
223661
223752
224072
224083
224186
224264
224504
224905
225163
225299
225394
225451
225641
225694
225848
225965
226078
226323
226434
226651
226678
226740
226901
227600
227968
228312
228554
228585
228700
228825
229110
229115
229143
229243
229457
229755
229807
230021
230220
230287
230324
230534
230747
231024
231051
231140
231170
231398
231531
232172
232190
232330
232425
232593
232993
233192
233332
234222
234340
234455
234827
235051
235151
235387
235486
235934
236066
236499
236512
236786
236791
236846
236878
237073
237542
237750
238053
238192
238489
238567
238810
238980
239485
239488
239578
239732
239739
240288
240425
240458
240515
240583
240695
240934
241593
241684
241862
241890
242166
242277
242476
242539
242722
242872
242976
243204
243593
243854
243922
243935
244149
244421
244902
245051
245139
245167
245344
245574
245693
245836
245891
246079
246272
246290
246491
246703
246859
246923
247056
247386
247863
247945
248339
249593
249685
249923
250008
250149
250247
250421
250576
250630
250680
250757
250951
250972
251089
251268
251363
251473
251811
251893
252414
252516
252699
252839
252848
252918
253323
253342
253446
253917
253930
253940
254161
254214
254403
254568
254570
254631
254832
255244
255851
256027
256197
256236
256520
256604
256712
256833
256983
257150
258236
258556
259100
259186
259474
259477
259556
260325
260334
260437
260529
260533
260559
260696
260874
261403
261525
261855
261908
262060
262175
262298
262308
262813
262950
263364
263578
263679
263795
263877
264023
264109
264357
264603
264788
264969
265215
265332
265368
265510
265645
265882
265987
265996
266077
266763
266970
267241
267313
267340
267381
267817
267840
268030
268717
268966
269260
269507
269613
269768
269908
270029
270482
270498
270574
270667
270849
270868
271555
271644
271973
272063
272102
272315
272495
272550
272560
272568
272644
273006
273020
273110
273125
273225
273368
273444
273729
274024
274145
274166
274525
274903
274905
275462
275814
275833
276032
276143
276443
276575
276692
277098
277489
277837
278198
278405
279580
279582
279746
280340
280349
281205
281896
282610
282839
283477
283782
283945
285316
286108
286175
286201
286362
286365
286400
286624
286724
286923
286969
287302
287499
288190
289115
289762
290040
290161
290374
290685
291282
291446
291705
291917
292163
292194
292267
292769
293009
293490
293875
294811
294822
296146
296392
296920
297140
297225
297508
297600
297885
298043
298223
299082
299210
299632
300407
300659
300887
301382
301783
302366
302445
302909
302926
303497
303771
304150
304353
304464
305545
306079
306084
306396
307107
307506
307716
307900
308049
308222
308810
308941
309485
309815
309846
309920
310466
310673
310974
311027
311242
311792
311862
311989
312068
312352
312439
313271
313409
313752
313951
314664
314829
315133
315172
315342
315561
315629
315693
315900
316082
316358
316948
317102
317290
317780
318136
319202
319358
320856
321009
321251
321749
322519
322754
323381
323604
323613
323696
324654
324985
326102
326180
326226
326923
327066
327998
330017
330129
331184
331651
332783
333669
333747
333967
333985
334222
334254
334455
335170
335212
335220
335243
335861
337313
337610
337694
337934
338053
338518
339627
339758
339826
340125
340394
340568
340838
340982
341081
341448
341695
341794
341948
342688
342739
343030
343361
344328
345151
345559
345765
346026
348013
349656
350058
350179
350669
351548
351961
352620
353499
353672
353800
354174
354356
354493
355812
356022
357137
358623
358773
359683
359736
360278
360764
360871
362642
362655
362693
363261
363698
364212
364270
364391
365771
365789
366263
367638
367935
369874
371440
371985
372253
372534
373218
373819
374556
375798
376849
376865
377347
377560
377904
378024
378126
379121
379432
381085
381133
381351
381972
382656
383206
383549
384534
385600
385636
386635
386828
387675
387790
388858
390430
391239
391599
393166
393371
394491
394904
395877
396277
396405
396677
397594
397659
398804
400319
400483
401007
401782
402249
408664
409395
413368
413503
413590
414511
415551
415833
416678
416779
417120
419169
420686
424156
430092
432202
435571
439584
439707
442067
444586
445173
447324
447537
448271
453889
456342
457413
458440
459742
460669
461492
462926
473224
473908
476525
486233
487535
492878
497894
500788
511878
525937
535842
538890
540204
548834
575175
